#Task    Step    numberOfAcceptedPeleSteps    currentEnergy    BindingEnergy    sasaLig    distance_A35SG_L1S1    
1    0    0    -6281.5    -1.67373    0.571238    6.92234    
1    1    1    -6475.07    -12.3594    0.563265    6.91811    
1    2    2    -6479.48    -12.5891    0.557966    6.8981    
1    3    3    -6484.26    -13.5017    0.556587    6.91062    
1    5    4    -6481.15    -16.1664    0.524895    6.91035    
1    9    5    -6483.5    -18.7319    0.526083    6.84755    
1    10    6    -6487.4    -19.7784    0.523575    6.65803    
1    11    7    -6490.3    -18.829    0.522907    6.82417    
1    12    8    -6492.43    -18.5147    0.524771    6.80105    
1    13    9    -6485.98    -15.9469    0.527933    6.99696    
1    14    10    -6489.07    -16.0292    0.527888    6.96834    
1    15    11    -6491.91    -16.436    0.528618    6.97053    
1    16    12    -6491.09    -17.1035    0.526046    6.91487    
1    17    13    -6492.08    -19.3383    0.529382    6.82022    
1    21    14    -6493.56    -20.0896    0.531092    6.73878    
1    25    15    -6492.99    -18.9241    0.530334    6.75151    
1    29    16    -6492.47    -19.0702    0.531849    6.72707    
1    31    17    -6488.7    -12.9893    0.531532    7.0027    
1    33    18    -6493.72    -18.1837    0.533223    6.88137    
1    35    19    -6492.47    -15.8713    0.533695    7.04342    
1    36    20    -6495.34    -16.8751    0.529632    6.92845    
1    43    21    -6494.24    -18.7403    0.527964    6.85733    
1    48    22    -6493.93    -18.5346    0.530268    6.86317    
1    52    23    -6493.13    -17.5737    0.52811    6.7586    
1    53    24    -6494.5    -18.4696    0.53008    6.73184    
1    54    25    -6495.65    -17.8419    0.529491    6.75819    
1    56    26    -6496.49    -19.432    0.529875    6.78076    
1    59    27    -6495.39    -19.2519    0.530122    6.7947    
1    64    28    -6496.38    -19.0257    0.529393    6.7894    
1    66    29    -6492.65    -19.7207    0.528145    6.78031    
1    67    30    -6494.85    -19.0422    0.530833    6.80117    
1    68    31    -6496.21    -18.8434    0.531013    6.81609    
1    74    32    -6495.83    -18.8039    0.528022    6.76736    
1    77    33    -6492.14    -19.3348    0.525779    6.76237    
1    79    34    -6491.15    -13.5064    0.530528    6.9295    
1    81    35    -6493.35    -20.5417    0.530686    6.80609    
1    84    36    -6494.17    -19.3981    0.529735    6.79614    
1    87    37    -6493.11    -19.4249    0.527334    6.78022    
1    88    38    -6493.25    -19.05    0.526981    6.7149    
1    93    39    -6491.94    -18.225    0.527735    6.76087    
1    94    40    -6491.48    -18.914    0.526781    6.75541    
1    95    41    -6491.88    -19.4106    0.525158    6.75424    
1    96    42    -6494.61    -16.4485    0.533944    6.91942    
1    97    43    -6492.79    -19.1699    0.530222    6.83857    
1    99    44    -6491.91    -16.0885    0.540385    6.97308    
