#Task    Step    numberOfAcceptedPeleSteps    currentEnergy    BindingEnergy    sasaLig    distance_A35SG_L1S1    
1    0    0    -6281.5    -1.67373    0.571238    6.92234    
1    1    1    -6460.23    -10.1742    0.560739    6.95149    
1    2    2    -6476.16    -11.1455    0.540823    6.92324    
1    5    3    -6483.91    -13.5415    0.539881    6.95538    
1    6    4    -6476.61    -13.1577    0.539068    6.57675    
1    9    5    -6481.71    -14.0074    0.537927    6.78139    
1    10    6    -6483.71    -12.2494    0.521861    6.82403    
1    11    7    -6486.56    -11.8631    0.531872    6.89248    
1    12    8    -6486.54    -13.0991    0.521849    6.92759    
1    13    9    -6484.53    -12.4587    0.511025    6.90265    
1    14    10    -6485.98    -12.7807    0.51422    6.9128    
1    15    11    -6488.75    -12.0245    0.515226    6.98124    
1    18    12    -6487.07    -12.935    0.514211    6.88753    
1    20    13    -6486.43    -13.8733    0.506354    6.87938    
1    21    14    -6489.57    -12.1301    0.513037    6.92113    
1    26    15    -6489.14    -12.8187    0.511758    6.93052    
1    27    16    -6489.69    -12.007    0.515148    6.91841    
1    35    17    -6489.72    -13.2296    0.515594    6.92831    
1    36    18    -6489    -12.7109    0.516502    6.9341    
1    37    19    -6486.99    -13.1874    0.514224    6.89301    
1    39    20    -6488.55    -12.8095    0.514574    6.92503    
1    42    21    -6488.25    -13.835    0.512283    6.9614    
1    43    22    -6489.7    -19.3526    0.501878    6.90985    
1    44    23    -6488.65    -19.5027    0.499118    6.6443    
1    45    24    -6492.61    -20.9835    0.501354    6.80597    
1    47    25    -6493.38    -20.1442    0.501152    6.8594    
1    50    26    -6493.09    -20.2106    0.50225    6.87765    
1    53    27    -6491.2    -20.1434    0.499517    6.90323    
1    54    28    -6492.63    -21.4481    0.502994    6.92106    
1    57    29    -6486.98    -20.0411    0.503209    7.01491    
1    58    30    -6495.39    -20.4104    0.503895    6.89562    
1    59    31    -6495.13    -22.7732    0.503252    6.75587    
1    60    32    -6495.2    -22.7259    0.50797    6.75107    
1    64    33    -6489.59    -21.7884    0.506339    6.70708    
1    65    34    -6494.71    -21.8968    0.508213    6.73875    
1    66    35    -6498.47    -20.7215    0.511442    6.75995    
1    67    36    -6499.95    -20.3074    0.509165    6.88149    
1    72    37    -6500.27    -19.8717    0.508384    6.89664    
1    74    38    -6498.06    -21.1153    0.503125    6.90013    
1    76    39    -6501.98    -20.9408    0.505562    6.92575    
1    79    40    -6496.34    -12.9857    0.511499    6.89211    
1    80    41    -6493.53    -9.27516    0.515462    6.7504    
1    81    42    -6494.11    -13.4575    0.519375    6.88043    
1    82    43    -6495.41    -13.7732    0.521003    6.90747    
1    83    44    -6497.24    -13.3451    0.521997    6.9024    
1    84    45    -6496.9    -12.8338    0.517592    6.85813    
1    86    46    -6497.61    -18.3031    0.51042    6.87667    
1    88    47    -6499.64    -19.4425    0.510522    6.78622    
1    91    48    -6493.18    -10.1429    0.521189    6.90111    
1    92    49    -6495.46    -10.1437    0.518733    6.90286    
1    95    50    -6496.21    -11.7492    0.519102    6.88647    
1    100    51    -6496.29    -12.2209    0.515985    6.9385    
