#Task    Step    numberOfAcceptedPeleSteps    currentEnergy    BindingEnergy    sasaLig    distance_A35SG_L1S1    
1    0    0    -6281.5    -1.67373    0.571238    6.92234    
1    1    1    -6458.74    -12.329    0.5397    6.95415    
1    2    2    -6464.4    -11.2915    0.535875    6.99617    
1    3    3    -6472.92    -18.0522    0.526334    6.74591    
1    4    4    -6482.07    -16.0672    0.528505    6.4272    
1    5    5    -6487.35    -14.9256    0.556071    6.89244    
1    6    6    -6489.55    -14.3338    0.556981    6.97502    
1    7    7    -6494.16    -15.4825    0.558231    6.97092    
1    8    8    -6493.08    -15.3261    0.556859    6.92175    
1    9    9    -6491.95    -19.2591    0.533351    6.7162    
1    10    10    -6493.62    -19.0787    0.534907    6.74162    
1    14    11    -6493.28    -18.2939    0.53317    6.75288    
1    16    12    -6493.52    -18.7345    0.53299    6.73553    
1    18    13    -6494.27    -19.2263    0.53367    6.76453    
1    20    14    -6494.24    -19.3744    0.534968    6.77776    
1    22    15    -6494.86    -18.6954    0.533607    6.84665    
1    23    16    -6493.93    -16.9568    0.529091    6.93571    
1    24    17    -6488.66    -15.8066    0.533231    7.14475    
1    25    18    -6494.18    -17.7681    0.532553    7.04665    
1    28    19    -6494.49    -18.9687    0.534024    6.9264    
1    29    20    -6491.75    -19.5828    0.529851    6.8198    
1    30    21    -6493.67    -18.8807    0.531589    6.8153    
1    31    22    -6491.98    -19.4879    0.528238    6.78864    
1    32    23    -6495.49    -18.2483    0.532814    6.938    
1    34    24    -6491.98    -17.5882    0.530341    6.72959    
1    35    25    -6497.44    -18.3953    0.532015    6.83457    
1    37    26    -6495.24    -16.8821    0.533405    6.89972    
1    38    27    -6497.08    -17.7561    0.532597    6.84573    
1    39    28    -6498.1    -18.6897    0.531714    6.82833    
1    40    29    -6495.49    -17.9397    0.527818    6.63795    
1    41    30    -6497.22    -17.725    0.528109    6.77196    
1    42    31    -6497.16    -17.4693    0.528777    6.79812    
1    47    32    -6497.28    -18.1062    0.529066    6.79131    
1    49    33    -6493.25    -18.4506    0.529288    6.79916    
1    50    34    -6492.09    -19.1448    0.529592    6.76423    
1    52    35    -6495.75    -18.26    0.527412    6.76588    
1    53    36    -6493.55    -17.7838    0.52839    6.78412    
1    55    37    -6495.08    -18.5914    0.529743    6.82576    
1    56    38    -6495.52    -17.9171    0.528573    6.82264    
1    59    39    -6495.45    -18.766    0.527969    6.8233    
1    62    40    -6493.96    -18.6487    0.528239    6.79987    
1    64    41    -6496.71    -18.6357    0.530344    6.80576    
1    65    42    -6494.69    -16.2279    0.526538    7.05473    
1    67    43    -6496.31    -15.9269    0.527635    7.04976    
1    71    44    -6496.55    -15.8637    0.528189    7.05818    
1    72    45    -6496.25    -15.6438    0.528787    7.06044    
1    73    46    -6495.3    -15.5109    0.531914    7.01433    
1    76    47    -6496.05    -15.4265    0.529975    7.01868    
1    83    48    -6486.48    -15.7302    0.527324    6.98133    
1    84    49    -6496.64    -15.9433    0.532639    7.01419    
1    85    50    -6494.81    -15.6907    0.530041    7.01632    
1    87    51    -6495.08    -15.6745    0.525202    7.01896    
1    88    52    -6492.44    -16.1867    0.529012    7.00627    
1    89    53    -6496.78    -15.3033    0.535306    7.02571    
1    90    54    -6498.51    -16.0487    0.53295    7.01686    
1    91    55    -6499.4    -14.6108    0.533208    7.0837    
1    94    56    -6500.11    -15.8476    0.534276    7.11192    
1    95    57    -6500.9    -16.2722    0.536124    7.07913    
1    96    58    -6496.82    -15.2217    0.529777    7.04245    
1    97    59    -6498.01    -14.9417    0.530754    7.04785    
1    98    60    -6497.81    -15.5161    0.532826    6.95504    
1    99    61    -6498.98    -15.4066    0.533254    7.0118    
1    100    62    -6498.61    -13.8188    0.53101    6.91536    
