#Task    Step    numberOfAcceptedPeleSteps    currentEnergy    BindingEnergy    sasaLig    distance_A35SG_L1S1    
1    0    0    -6281.5    -1.67373    0.571238    6.92234    
1    1    1    -6456.16    -9.67639    0.543372    6.9541    
1    2    2    -6451.81    -2.02683    0.546075    6.9657    
1    3    3    -6466.86    -13.619    0.528166    6.98544    
1    4    4    -6478.48    -15.5823    0.525782    6.93946    
1    5    5    -6478.3    -16.3914    0.53472    6.86926    
1    6    6    -6480.36    -16.5943    0.532569    6.84953    
1    7    7    -6480.76    -14.6165    0.535485    6.8637    
1    9    8    -6478.49    -17.1161    0.538165    6.82357    
1    11    9    -6477.26    -17.8993    0.531092    6.79372    
1    13    10    -6479.13    -17.3875    0.538311    6.81954    
1    14    11    -6482.5    -17.6522    0.536389    6.83248    
1    15    12    -6484.71    -16.0831    0.53191    6.89873    
1    17    13    -6486.76    -16.4066    0.532393    6.84188    
1    18    14    -6491.81    -16.1988    0.529674    6.93491    
1    19    15    -6491.28    -17.2729    0.531776    6.83236    
1    22    16    -6491.18    -15.8167    0.529943    6.83636    
1    24    17    -6486.2    -18.2678    0.519577    6.75544    
1    25    18    -6487.24    -15.2761    0.526994    6.93529    
1    26    19    -6486.9    -18.8077    0.524553    6.78905    
1    27    20    -6490.1    -17.6581    0.526882    6.78103    
1    32    21    -6490.28    -16.7124    0.526537    6.75768    
1    35    22    -6494.25    -14.131    0.522513    6.86187    
1    36    23    -6498.74    -15.8238    0.523599    6.83269    
1    38    24    -6497.61    -16.4871    0.523653    6.77748    
1    43    25    -6497.7    -23.3028    0.514088    6.73064    
1    44    26    -6498.25    -23.2226    0.514168    6.63068    
1    45    27    -6499.9    -23.1907    0.513487    6.64075    
1    46    28    -6493.54    -15.5128    0.520721    6.64541    
1    47    29    -6497.73    -16.9161    0.514712    6.59481    
1    48    30    -6497.22    -16.3158    0.521314    6.69215    
1    49    31    -6499.59    -17.8846    0.525068    6.64265    
1    50    32    -6499.51    -17.5416    0.529388    6.67812    
1    51    33    -6503.14    -25.2194    0.51854    6.74195    
1    53    34    -6501.95    -24.7113    0.515951    6.68809    
1    55    35    -6497.97    -25.6441    0.518604    6.69242    
1    56    36    -6503.63    -24.4052    0.51558    6.54225    
1    57    37    -6504.29    -24.462    0.517609    6.60805    
1    60    38    -6504    -24.7003    0.516027    6.61929    
1    61    39    -6497.71    -23.3965    0.51307    6.55472    
1    63    40    -6494.25    -14.6283    0.523813    6.66363    
1    65    41    -6496.99    -16.1325    0.526118    6.68997    
1    66    42    -6499.37    -16.2002    0.530728    6.89244    
1    69    43    -6499.02    -15.8448    0.5269    6.838    
1    72    44    -6500.14    -16.687    0.52788    6.79252    
1    73    45    -6499.95    -16.9697    0.525934    6.76987    
1    75    46    -6499.9    -16.4146    0.529077    6.85619    
1    76    47    -6498.69    -16.5807    0.533596    6.76421    
1    77    48    -6498.69    -16.8582    0.526382    6.76238    
1    78    49    -6499.87    -15.9643    0.55995    6.85936    
1    79    50    -6498.2    -14.5608    0.557695    6.90477    
1    81    51    -6500.15    -16.4397    0.526109    6.8318    
1    82    52    -6497.95    -16.94    0.524912    6.72867    
1    83    53    -6498.77    -16.5349    0.524594    6.80507    
1    86    54    -6503.42    -16.5718    0.528907    6.82108    
1    88    55    -6502.99    -17.1566    0.527784    6.81297    
1    89    56    -6505.1    -25.307    0.515428    6.75677    
1    91    57    -6505.19    -24.7684    0.51387    6.72747    
1    98    58    -6508.79    -26.6755    0.513972    6.73347    
