#Task    Step    numberOfAcceptedPeleSteps    currentEnergy    BindingEnergy    sasaLig    distance_A35SG_L1S1    
1    0    0    -6281.5    -1.67373    0.571238    6.92234    
1    1    1    -6459.67    -9.81779    0.558541    6.97854    
1    2    2    -6475.87    -12.2718    0.554174    6.95784    
1    5    3    -6485.84    -12.298    0.55192    6.97399    
1    7    4    -6489.16    -13.3026    0.55158    6.94923    
1    9    5    -6489.3    -13.2714    0.550051    6.9296    
1    10    6    -6489.82    -12.7331    0.548505    6.89621    
1    11    7    -6488.32    -9.9843    0.553378    6.85757    
1    12    8    -6491.05    -12.0877    0.55265    6.8773    
1    16    9    -6491.3    -13.8659    0.552384    6.81542    
1    17    10    -6492.51    -13.9651    0.55148    6.84121    
1    18    11    -6489.54    -12.3295    0.549657    6.83668    
1    19    12    -6492.88    -13.2523    0.555284    6.88547    
1    20    13    -6489.9    -13.1916    0.519272    6.85286    
1    21    14    -6490.14    -11.6236    0.520388    6.83275    
1    26    15    -6491    -11.967    0.519426    6.83878    
1    29    16    -6486.81    -14.5169    0.516957    6.75027    
1    33    17    -6487.7    -13.5833    0.516179    6.67591    
1    35    18    -6490.76    -13.9521    0.514686    6.67167    
1    36    19    -6488.4    -12.3106    0.511068    6.66898    
1    37    20    -6487    -13.1344    0.511478    6.65925    
1    38    21    -6487.89    -12.701    0.506273    6.64856    
1    39    22    -6487.22    -13.5709    0.512921    6.62689    
1    40    23    -6484.9    -18.001    0.557145    6.61025    
1    41    24    -6493.19    -11.1976    0.55206    6.83487    
1    43    25    -6495.68    -13.2973    0.554308    6.88902    
1    46    26    -6495.66    -13.8806    0.553144    6.85459    
1    48    27    -6496.59    -15.0667    0.55345    6.78969    
1    49    28    -6494.96    -16.6984    0.530567    6.74224    
1    50    29    -6495.03    -17.0086    0.527788    6.75572    
1    51    30    -6496.36    -16.4335    0.527221    6.77988    
1    53    31    -6495.2    -17.0456    0.529804    6.71462    
1    54    32    -6490.36    -17.4434    0.527282    6.65873    
1    55    33    -6491.6    -10.4208    0.530704    6.962    
1    56    34    -6487.32    -11.0806    0.532015    6.88769    
1    57    35    -6494.67    -14.3862    0.532893    6.87454    
1    59    36    -6495.02    -17.4873    0.532205    6.77413    
1    61    37    -6492.51    -17.8012    0.532318    6.70703    
1    63    38    -6496.97    -17.5585    0.535762    6.83719    
1    65    39    -6493.06    -16.7256    0.528403    6.75844    
1    68    40    -6493.23    -16.4948    0.529553    6.74892    
1    70    41    -6493.99    -17.5358    0.528833    6.77225    
1    71    42    -6492.63    -16.0462    0.527479    6.71667    
1    72    43    -6494.66    -17.1676    0.527825    6.71482    
1    76    44    -6491.74    -17.3139    0.527134    6.68344    
1    77    45    -6491.2    -15.9779    0.52522    6.74302    
1    79    46    -6495.15    -15.9972    0.528463    6.84324    
1    80    47    -6491.05    -17.111    0.522682    6.69826    
1    81    48    -6493.83    -16.8395    0.523692    6.72461    
1    84    49    -6491.49    -17.5642    0.525676    6.69172    
1    85    50    -6493.61    -16.4489    0.525177    6.72362    
1    86    51    -6491.87    -15.9698    0.522515    6.58377    
1    87    52    -6494.27    -15.7205    0.549012    6.64521    
1    89    53    -6491.17    -16.2091    0.523203    6.66504    
1    90    54    -6490.02    -14.7254    0.52774    6.66417    
1    91    55    -6492.11    -16.725    0.523708    6.69243    
1    93    56    -6489.62    -15.9326    0.523326    6.7079    
1    94    57    -6492.85    -16.4785    0.525276    6.71827    
1    97    58    -6496.14    -17.3385    0.523511    6.72116    
1    98    59    -6491.1    -17.4421    0.526746    6.705    
1    99    60    -6497.58    -16.5338    0.528101    6.7161    
