#Task    Step    numberOfAcceptedPeleSteps    currentEnergy    BindingEnergy    sasaLig    distance_A35SG_L1S1    
1    0    0    -6281.5    -1.67373    0.571238    6.92234    
1    1    1    -6471.58    -12.5931    0.561235    6.92304    
1    2    2    -6474.36    -11.6123    0.556464    6.78557    
1    3    3    -6486.36    -21.9187    0.541786    6.87316    
1    4    4    -6488.46    -22.1749    0.539528    6.92412    
1    5    5    -6489.29    -22.012    0.539744    6.85306    
1    6    6    -6493.82    -21.123    0.540173    6.86056    
1    8    7    -6493.93    -20.9771    0.540966    6.88109    
1    9    8    -6493.89    -21.3989    0.543429    6.8482    
1    10    9    -6494.66    -22.1159    0.539961    6.85746    
1    12    10    -6495.65    -21.4123    0.540659    6.84705    
1    14    11    -6496.67    -21.8545    0.540682    6.86008    
1    15    12    -6495.95    -18.1939    0.544613    6.80551    
1    16    13    -6495.81    -22.6754    0.537814    6.61014    
1    17    14    -6496.22    -21.7188    0.518414    6.62093    
1    18    15    -6501.48    -22.4809    0.518846    6.60277    
1    19    16    -6502.36    -21.7687    0.528942    6.69076    
1    20    17    -6500.3    -21.7977    0.526407    6.62203    
1    21    18    -6501.35    -22.1746    0.517327    6.61565    
1    24    19    -6501.15    -21.2939    0.516122    6.63177    
1    25    20    -6497.59    -21.6732    0.511138    6.63715    
1    26    21    -6501.12    -21.6401    0.514987    6.66255    
1    27    22    -6495.04    -9.00808    0.529446    6.81346    
1    28    23    -6497.87    -11.0693    0.527867    6.81492    
1    30    24    -6497.85    -10.2895    0.523899    6.81785    
1    31    25    -6497.52    -10.6147    0.529875    6.87782    
1    32    26    -6497.61    -11.0877    0.527653    6.87819    
1    35    27    -6497.48    -11.6792    0.533433    6.80403    
1    37    28    -6497.17    -12.4087    0.526536    6.77462    
1    38    29    -6497.67    -11.8488    0.527224    6.79593    
1    39    30    -6497.69    -11.9323    0.523254    6.80286    
1    43    31    -6498.02    -12.477    0.528065    6.78793    
1    47    32    -6498.15    -12.0212    0.525618    6.79989    
1    48    33    -6499.05    -12.84    0.52558    6.85674    
1    49    34    -6499.13    -12.9163    0.523416    6.84619    
1    50    35    -6497.93    -11.9079    0.520707    6.77199    
1    51    36    -6498.07    -12.1948    0.521822    6.79817    
1    53    37    -6494.24    -11.1803    0.519683    6.82453    
1    55    38    -6497.11    -11.3163    0.521102    6.85922    
1    56    39    -6495.56    -12.5102    0.51441    6.86956    
1    57    40    -6494.97    -10.9848    0.517572    6.86348    
1    58    41    -6494.79    -13.0013    0.518648    6.81443    
1    60    42    -6497.57    -12.4589    0.514659    6.80522    
1    61    43    -6498.11    -12.3547    0.518993    6.84897    
1    62    44    -6495.59    -11.2603    0.514386    6.86029    
1    63    45    -6497.79    -10.8489    0.518126    6.86211    
1    64    46    -6497.97    -11.7716    0.517585    6.83854    
1    65    47    -6497.01    -13.1231    0.518228    6.86663    
1    68    48    -6492.55    -12.7765    0.516374    6.82191    
1    69    49    -6495.68    -12.1435    0.519318    6.8698    
1    70    50    -6495.43    -12.2942    0.515308    6.89191    
1    71    51    -6496.6    -12.2564    0.51695    6.8769    
1    72    52    -6490.58    -9.4804    0.507946    6.79045    
1    73    53    -6496.01    -12.4961    0.516993    6.87652    
1    74    54    -6495.09    -12.994    0.517251    6.87104    
1    77    55    -6492.14    -11.2446    0.516256    6.87435    
1    78    56    -6495.8    -13.2895    0.51728    6.71806    
1    80    57    -6497.03    -12.5171    0.518156    6.77027    
1    81    58    -6496.39    -11.787    0.518473    6.80228    
1    83    59    -6493.87    -18.0406    0.505213    6.80448    
1    84    60    -6495.83    -18.6396    0.507379    6.85065    
1    85    61    -6498.46    -19.1703    0.507886    6.84563    
1    86    62    -6500    -18.8866    0.511135    6.85092    
1    87    63    -6500.57    -18.0506    0.5121    6.85685    
1    100    64    -6497.77    -18.2524    0.508063    6.84779    
