#Task    Step    numberOfAcceptedPeleSteps    currentEnergy    BindingEnergy    sasaLig    distance_A35SG_L1S1    
1    0    0    -6281.5    -1.67373    0.571238    6.92234    
1    1    1    -6458.04    -13.3002    0.556393    7.00095    
1    2    2    -6476.36    -13.6234    0.553522    6.92938    
1    3    3    -6480.92    -19.7289    0.538246    6.85449    
1    4    4    -6490.88    -21.6826    0.539324    6.91456    
1    6    5    -6492    -22.2011    0.538154    6.89315    
1    9    6    -6492.41    -20.9508    0.54132    6.88394    
1    11    7    -6489.85    -18.8967    0.538207    6.83082    
1    12    8    -6486.85    -17.5934    0.542245    6.89807    
1    13    9    -6492.3    -22.8798    0.518026    6.84978    
1    14    10    -6493.05    -22.0571    0.51729    6.81547    
1    15    11    -6496.48    -24.1167    0.5155    6.84837    
1    16    12    -6498.22    -22.9386    0.517962    6.80804    
1    18    13    -6496.76    -25.0199    0.510071    6.86889    
1    20    14    -6497.64    -24.0157    0.513585    6.89622    
1    21    15    -6499.64    -24.4848    0.516214    6.79911    
1    24    16    -6498.99    -23.3202    0.514981    6.77268    
1    27    17    -6496.67    -22.5888    0.512607    6.81032    
1    29    18    -6496.71    -24.7376    0.516335    6.83168    
1    33    19    -6496.53    -26.8897    0.520817    6.78617    
1    40    20    -6498.24    -28.4963    0.516088    6.65288    
1    41    21    -6497.77    -26.2421    0.522146    6.68519    
1    42    22    -6499.4    -25.7562    0.520809    6.72856    
1    47    23    -6494.88    -26.0869    0.522963    6.53145    
1    50    24    -6495.82    -17.3282    0.527971    6.51973    
1    53    25    -6494.32    -17.5829    0.531622    6.49291    
1    54    26    -6493.67    -17.9895    0.528384    6.50967    
1    56    27    -6495.86    -18.7373    0.529093    6.49013    
1    57    28    -6496.08    -17.2271    0.526042    6.48654    
1    58    29    -6496.46    -17.8304    0.527348    6.51214    
1    59    30    -6496.63    -16.4565    0.521722    6.6139    
1    62    31    -6496.38    -17.913    0.524745    6.54466    
1    64    32    -6497.67    -18.4825    0.524777    6.52818    
1    68    33    -6495.5    -18.0454    0.521949    6.43215    
1    73    34    -6496.36    -16.8041    0.525061    6.5695    
1    74    35    -6493.07    -17.4765    0.523449    6.50231    
1    76    36    -6496.32    -23.2896    0.536191    6.54685    
1    80    37    -6497.55    -22.9241    0.535659    6.5505    
1    83    38    -6499.65    -23.813    0.52417    6.58276    
1    85    39    -6496.6    -23.2217    0.524663    6.55408    
1    88    40    -6497.66    -20.2195    0.537517    6.53479    
1    89    41    -6499.18    -22.2051    0.524177    6.52905    
1    91    42    -6496.48    -15.0456    0.527561    6.79331    
1    99    43    -6499.9    -21.1886    0.521569    6.60583    
