#Task    Step    numberOfAcceptedPeleSteps    currentEnergy    BindingEnergy    sasaLig    distance_A35SG_L1S1    
1    0    0    -6281.5    -1.67373    0.571238    6.92234    
1    1    1    -6448.95    -9.64139    0.540775    6.91592    
1    2    2    -6468.17    -14.2829    0.527089    6.90158    
1    3    3    -6481.74    -14.1804    0.531241    6.9206    
1    4    4    -6488.08    -13.3791    0.53318    6.93794    
1    5    5    -6489.49    -14.2273    0.531379    6.90118    
1    6    6    -6489.56    -13.4777    0.530357    6.92169    
1    7    7    -6493.45    -13.8012    0.531196    6.91564    
1    8    8    -6491.72    -13.3878    0.525789    6.86449    
1    9    9    -6493.96    -15.3083    0.527031    6.84745    
1    12    10    -6492.89    -15.5228    0.525381    6.85178    
1    14    11    -6492.64    -19.9914    0.519703    6.83748    
1    15    12    -6495.16    -20.1613    0.520659    6.8586    
1    16    13    -6495.22    -20.0209    0.520407    6.87531    
1    21    14    -6491.61    -20.0982    0.520142    6.86603    
1    23    15    -6495.21    -20.1439    0.542845    6.87072    
1    24    16    -6495.75    -20.3206    0.54296    6.84594    
1    26    17    -6496.73    -20.4633    0.542461    6.85787    
1    27    18    -6496.49    -19.974    0.541356    6.86335    
1    31    19    -6489.34    -9.42982    0.552319    6.84418    
1    32    20    -6491.29    -11.3086    0.553748    6.96427    
1    33    21    -6490.54    -11.4316    0.554035    7.02062    
1    34    22    -6491.91    -12.8588    0.553287    6.96252    
1    36    23    -6490.39    -14.5652    0.547952    6.83256    
1    37    24    -6489.62    -15.5806    0.525334    6.78735    
1    39    25    -6487.58    -15.8264    0.5258    6.79295    
1    40    26    -6488.02    -16.4404    0.521668    6.78449    
1    41    27    -6486.75    -16.0772    0.526317    6.80333    
1    42    28    -6487.46    -16.0936    0.527205    6.78455    
1    43    29    -6485.24    -15.3676    0.526593    6.73453    
1    44    30    -6482.25    -15.4747    0.523234    6.70118    
1    45    31    -6485.79    -15.263    0.527244    6.68856    
1    47    32    -6486.35    -15.3339    0.527336    6.70388    
1    53    33    -6483.34    -15.188    0.524441    6.69117    
1    56    34    -6483.38    -15.1921    0.525245    6.69171    
1    57    35    -6479.15    -15.8619    0.524445    6.69843    
1    60    36    -6479.76    -10.6358    0.539344    7.29572    
1    61    37    -6479.23    -11.0248    0.535602    7.30985    
1    62    38    -6481.71    -10.4221    0.538096    7.36031    
1    63    39    -6482.21    -11.1479    0.538058    7.36692    
1    65    40    -6484.51    -11.0126    0.53694    7.37781    
1    66    41    -6483.45    -11.8712    0.537958    7.39397    
1    67    42    -6483.86    -11.1604    0.537755    7.39238    
1    68    43    -6482.71    -11.8636    0.538367    7.29603    
1    71    44    -6484.81    -12.3135    0.539212    7.36771    
1    75    45    -6485.61    -15.6084    0.531945    7.3646    
1    76    46    -6484.53    -14.0627    0.53013    7.35457    
1    78    47    -6485.6    -15.915    0.531503    7.37323    
1    80    48    -6486.34    -16.1893    0.532233    7.37559    
1    82    49    -6483.68    -17.5578    0.527063    7.27917    
1    83    50    -6485.56    -16.6471    0.528228    7.31161    
1    84    51    -6485.9    -16.2895    0.530079    7.33586    
1    85    52    -6485.16    -17.506    0.529474    7.34288    
1    86    53    -6486.68    -17.9917    0.531629    7.2853    
1    87    54    -6486.55    -17.0324    0.530951    7.33495    
1    90    55    -6488.02    -17.1364    0.531574    7.34725    
1    91    56    -6486.2    -11.7498    0.537079    7.35624    
1    94    57    -6485.82    -11.6111    0.540732    7.3462    
1    96    58    -6485.38    -11.6164    0.540787    7.34948    
1    97    59    -6484.69    -10.8949    0.540728    7.37292    
1    100    60    -6485.13    -11.6601    0.540018    7.4044    
