#Task    Step    numberOfAcceptedPeleSteps    currentEnergy    BindingEnergy    sasaLig    distance_A35SG_L1S1    
1    0    0    -6281.5    -1.67373    0.571238    6.92234    
1    1    1    -6450.15    -12.1603    0.539429    6.88272    
1    2    2    -6468.29    -14.2836    0.526706    6.7366    
1    3    3    -6476.54    -9.66438    0.53186    6.9259    
1    5    4    -6481.11    -15.3569    0.53027    6.7925    
1    6    5    -6483.62    -16.5066    0.530782    6.73148    
1    7    6    -6486.74    -23.3681    0.514992    6.715    
1    8    7    -6487.73    -23.3338    0.515653    6.61352    
1    9    8    -6487.83    -24.2121    0.521872    6.71053    
1    11    9    -6488.32    -16.9257    0.522625    6.90342    
1    13    10    -6485.71    -22.0885    0.549624    6.77862    
1    14    11    -6485.3    -22.2713    0.554906    6.76212    
1    15    12    -6491.82    -14.4201    0.561097    6.67255    
1    17    13    -6491.07    -14.1246    0.559238    6.68138    
1    18    14    -6493.55    -14.5939    0.556113    6.63255    
1    19    15    -6496.43    -13.9099    0.55879    6.66952    
1    22    16    -6493.26    -14.9169    0.555303    6.73001    
1    23    17    -6496.1    -13.8562    0.555576    6.72837    
1    24    18    -6496.99    -13.5394    0.56034    6.72104    
1    25    19    -6496.28    -9.81913    0.565553    6.99288    
1    27    20    -6500.02    -13.7092    0.56601    6.8392    
1    28    21    -6500.26    -14.3534    0.566209    6.80395    
1    35    22    -6500.5    -14.5312    0.561867    6.80418    
1    36    23    -6499.28    -13.8216    0.565172    6.97883    
1    41    24    -6493.64    -14.7463    0.564102    6.81378    
1    43    25    -6497.37    -14.2214    0.563597    6.75421    
1    46    26    -6497.48    -14.3875    0.560958    6.73044    
1    47    27    -6499.86    -14.5851    0.56524    6.7336    
1    48    28    -6500.12    -14.6874    0.563639    6.70875    
1    55    29    -6498.3    -14.9577    0.562834    6.68191    
1    56    30    -6496.26    -14.2491    0.560598    6.68806    
1    57    31    -6496.5    -13.5822    0.558773    6.69466    
1    58    32    -6499.62    -14.4147    0.560006    6.73147    
1    59    33    -6501.83    -14.6529    0.562549    6.71573    
1    63    34    -6502.06    -14.7366    0.565029    6.7692    
1    65    35    -6495.87    -13.4614    0.559013    6.68356    
1    66    36    -6498.14    -13.0724    0.554881    6.68052    
1    67    37    -6495.7    -14.3168    0.559812    6.69607    
1    68    38    -6499.94    -13.898    0.561675    6.67456    
1    70    39    -6500.55    -14.2741    0.562401    6.67579    
1    73    40    -6500.64    -13.5309    0.559055    6.69284    
1    77    41    -6501.18    -15.0084    0.56311    6.67336    
1    78    42    -6502.05    -14.6414    0.560106    6.69338    
1    79    43    -6501.13    -13.8942    0.564106    6.72603    
1    81    44    -6500.28    -14.4512    0.56225    6.73556    
1    82    45    -6500.41    -14.0072    0.565892    6.74689    
1    83    46    -6500.71    -13.1551    0.56247    6.89338    
1    85    47    -6499.25    -14.9983    0.559714    6.72603    
1    86    48    -6502.88    -14.9432    0.563217    6.74596    
1    90    49    -6503.81    -15.306    0.562901    6.74091    
1    97    50    -6499    -13.6771    0.559085    6.72228    
1    98    51    -6502.43    -14.4065    0.560254    6.73665    
