#Task    Step    numberOfAcceptedPeleSteps    currentEnergy    BindingEnergy    sasaLig    distance_A35SG_L1S1    
1    0    0    -6281.5    -1.67373    0.571238    6.92234    
1    1    1    -6455.54    -11.2078    0.564783    6.98757    
1    2    2    -6463.57    -12.2075    0.564285    6.97793    
1    3    3    -6467.16    -13.6607    0.562722    6.94412    
1    4    4    -6469.11    -12.5543    0.557743    6.99391    
1    5    5    -6479.95    -12.4485    0.561503    6.97265    
1    6    6    -6480.85    -11.0299    0.550829    6.93804    
1    7    7    -6483.09    -11.6068    0.556884    6.91369    
1    8    8    -6483.44    -11.9641    0.55191    6.89075    
1    9    9    -6486.97    -13.7903    0.556343    6.9006    
1    10    10    -6487.91    -13.7174    0.557612    6.89201    
1    11    11    -6488.47    -14.513    0.560011    6.82769    
1    12    12    -6492.64    -14.3241    0.561143    6.85502    
1    15    13    -6493.86    -13.0406    0.566259    6.93322    
1    16    14    -6493.46    -15.5604    0.560139    6.88807    
1    17    15    -6494.17    -17.2143    0.56026    6.80963    
1    18    16    -6494.14    -15.6399    0.557637    6.67577    
1    19    17    -6495.47    -19.2244    0.531817    6.73438    
1    21    18    -6496.74    -18.6143    0.531987    6.72487    
1    24    19    -6500.26    -18.293    0.534821    6.73814    
1    27    20    -6502.24    -25.9883    0.522358    6.75508    
1    29    21    -6500.43    -25.4262    0.519467    6.73898    
1    32    22    -6499.92    -24.6223    0.521246    6.76103    
1    34    23    -6500.5    -23.8235    0.518789    6.72886    
1    39    24    -6497.05    -15.6545    0.525852    6.69959    
1    40    25    -6495.69    -15.8632    0.52913    6.70446    
1    41    26    -6495.7    -17.2266    0.528675    6.7021    
1    43    27    -6497.06    -17.7709    0.533022    6.73921    
1    44    28    -6497.48    -17.2349    0.533641    6.75131    
1    49    29    -6495.9    -16.8769    0.532254    6.74151    
1    53    30    -6496.68    -17.3694    0.532533    6.75974    
1    54    31    -6496.68    -17.8532    0.533216    6.76875    
1    55    32    -6495.45    -17.0381    0.532644    6.77654    
1    56    33    -6491.35    -18.2637    0.529205    6.7346    
1    57    34    -6491.53    -18.2606    0.529511    6.76368    
1    59    35    -6495.05    -18.3182    0.53089    6.78413    
1    65    36    -6491.26    -18.7769    0.530354    6.76635    
1    70    37    -6493    -17.6153    0.529646    6.79349    
1    71    38    -6494.19    -18.0203    0.530615    6.78194    
1    82    39    -6480.8    -18.5045    0.527682    6.70491    
1    83    40    -6494.91    -17.2781    0.531166    6.74873    
1    84    41    -6495.17    -18.8701    0.532576    6.6058    
1    85    42    -6494.92    -18.9536    0.533206    6.74794    
1    87    43    -6494.21    -18.4096    0.53271    6.794    
1    88    44    -6496.18    -18.4446    0.530157    6.73836    
1    91    45    -6493.54    -18.3745    0.530996    6.75078    
1    93    46    -6493.33    -14.0248    0.534975    6.8395    
1    94    47    -6490.76    -13.501    0.536287    6.89131    
1    95    48    -6494.92    -13.1309    0.537308    6.95774    
1    98    49    -6495.76    -14.6084    0.537352    6.93088    
