#Task    Step    numberOfAcceptedPeleSteps    currentEnergy    BindingEnergy    sasaLig    distance_A35SG_L1S1    
1    0    0    -6281.5    -1.67373    0.571238    6.92234    
1    1    1    -6450.41    -9.96852    0.566736    6.94551    
1    3    2    -6463.02    -11.0335    0.563275    6.97533    
1    4    3    -6475.84    -12.5802    0.53811    6.8504    
1    5    4    -6486.89    -12.8999    0.538837    6.84789    
1    6    5    -6489.3    -13.8502    0.540138    6.85347    
1    7    6    -6490.47    -13.5911    0.528163    6.85846    
1    8    7    -6487.55    -12.8691    0.520072    6.84341    
1    9    8    -6490.98    -13.6649    0.523381    6.86282    
1    12    9    -6490.39    -13.2427    0.508671    6.8534    
1    13    10    -6492.88    -18.9352    0.509789    6.86903    
1    14    11    -6496.43    -17.7731    0.51477    6.79897    
1    15    12    -6497.29    -17.8444    0.513705    6.83062    
1    16    13    -6498.92    -18.2785    0.510218    6.85821    
1    17    14    -6502.8    -17.9599    0.509357    6.89    
1    21    15    -6503.23    -18.6852    0.507778    6.88518    
1    25    16    -6502.29    -18.6984    0.505405    6.89308    
1    26    17    -6505.25    -18.1958    0.507321    6.90665    
1    27    18    -6503.24    -11.8716    0.515501    6.90055    
1    33    19    -6504.45    -12.1189    0.5187    6.90009    
1    34    20    -6503.93    -11.0869    0.524365    6.90676    
1    35    21    -6500.08    -12.7636    0.473893    6.929    
1    36    22    -6500.07    -14.4967    0.465888    6.93611    
1    37    23    -6501.27    -11.7785    0.518838    6.87843    
1    38    24    -6503.96    -12.6613    0.521783    6.89434    
1    42    25    -6504.51    -12.3908    0.521463    6.86653    
1    45    26    -6503.7    -12.3752    0.524997    6.86514    
1    46    27    -6504.02    -11.7233    0.524976    6.82436    
1    49    28    -6505.41    -13.4316    0.525204    6.8516    
1    50    29    -6504.8    -13.2534    0.525537    6.91691    
1    51    30    -6504.74    -10.869    0.530748    6.77858    
1    54    31    -6506.28    -10.7835    0.533072    6.78031    
1    55    32    -6505.15    -11.5306    0.534657    6.72137    
1    56    33    -6505.7    -12.4296    0.532852    6.71092    
1    57    34    -6503.63    -11.9295    0.527033    6.77298    
1    58    35    -6505    -12.935    0.524765    6.78695    
1    60    36    -6504.24    -11.9381    0.526522    6.85545    
1    61    37    -6502.9    -12.0238    0.523636    6.86235    
1    64    38    -6503.9    -11.5551    0.523614    6.8648    
1    67    39    -6502.3    -11.7435    0.521888    6.86707    
1    76    40    -6504.08    -11.6849    0.524492    6.86858    
1    78    41    -6503.5    -11.9853    0.522053    6.85003    
1    80    42    -6504.37    -11.7623    0.520893    6.8521    
1    81    43    -6503.85    -11.8707    0.525087    6.85352    
1    83    44    -6503.31    -12.6088    0.525004    6.93872    
1    85    45    -6498.14    -11.8348    0.523801    6.81357    
1    86    46    -6504.89    -11.8192    0.527023    6.83595    
1    92    47    -6505.73    -12.7385    0.526379    6.83022    
1    93    48    -6503.14    -13.0242    0.527128    6.84952    
1    96    49    -6504.71    -13.6769    0.526512    6.81886    
1    97    50    -6506.04    -13.5914    0.528313    6.8461    
1    98    51    -6504.38    -12.2939    0.526813    6.81889    
1    99    52    -6494.73    -13.9446    0.521321    6.83581    
1    100    53    -6505.76    -13.7344    0.52541    6.89499    
