#Task    Step    numberOfAcceptedPeleSteps    currentEnergy    BindingEnergy    sasaLig    distance_A35SG_L1S1    
1    0    0    -6281.5    -1.67373    0.571238    6.92234    
1    1    1    -6443.35    -9.6184    0.538698    6.91757    
1    2    2    -6463.84    -12.6973    0.526688    6.45061    
1    4    3    -6468.16    -12.7189    0.528371    6.54357    
1    5    4    -6482.13    -14.194    0.531477    6.60898    
1    6    5    -6485.68    -15.5097    0.535701    6.53269    
1    7    6    -6487.94    -11.945    0.554847    6.49315    
1    9    7    -6491.88    -13.5163    0.554197    6.71308    
1    11    8    -6492.2    -15.3227    0.553657    6.6303    
1    13    9    -6493.7    -16.9918    0.551248    6.60064    
1    14    10    -6488.91    -16.7396    0.550727    6.58305    
1    16    11    -6495.53    -15.4003    0.551182    6.40668    
1    20    12    -6499.89    -16.2246    0.551649    6.48644    
1    21    13    -6499.03    -13.9651    0.553312    6.58045    
1    24    14    -6500.99    -15.1156    0.553643    6.55642    
1    27    15    -6501.75    -15.089    0.554471    6.62324    
1    29    16    -6501.63    -13.3885    0.556777    6.70886    
1    31    17    -6501.77    -13.9254    0.555636    6.71348    
1    33    18    -6501.07    -15.0601    0.55553    6.6832    
1    34    19    -6501.01    -21.7357    0.541345    6.56997    
1    36    20    -6501.49    -18.9577    0.543277    6.5726    
1    37    21    -6497.43    -21.2282    0.538509    6.53945    
1    38    22    -6499.26    -21.1647    0.534323    6.48064    
1    39    23    -6500.46    -22.0031    0.509147    6.92329    
1    41    24    -6500.22    -18.8886    0.547137    6.85306    
1    42    25    -6501.21    -20.7458    0.543318    6.75293    
1    43    26    -6497.95    -12.1778    0.552286    6.73476    
1    44    27    -6498.45    -13.3965    0.552885    6.82172    
1    45    28    -6499.4    -18.8961    0.544789    6.80694    
1    47    29    -6496.55    -18.8912    0.541082    6.81099    
1    53    30    -6496.91    -18.1592    0.54614    6.91365    
1    56    31    -6494.87    -19.1388    0.538879    6.83719    
1    57    32    -6497.73    -19.3266    0.54028    6.85174    
1    63    33    -6498.2    -18.4727    0.53878    6.90496    
1    64    34    -6498.39    -18.6664    0.53756    6.79682    
1    67    35    -6499.03    -19.4818    0.538519    6.79764    
1    68    36    -6499.23    -18.1302    0.541167    6.75196    
1    70    37    -6500.34    -19.4593    0.538147    6.78476    
1    71    38    -6503.22    -21.0847    0.547409    6.85499    
1    72    39    -6502.53    -20.8781    0.544677    6.81476    
1    77    40    -6499.14    -24.7181    0.519791    6.68572    
1    78    41    -6500.44    -25.6498    0.516218    6.71817    
1    79    42    -6500.26    -25.5171    0.517019    6.68743    
1    81    43    -6500.93    -25.3955    0.517657    6.70221    
1    82    44    -6501.73    -25.1965    0.519566    6.70057    
1    93    45    -6499.71    -25.648    0.518995    6.69244    
1    97    46    -6496.87    -22.4373    0.523529    6.90395    
