#Task    Step    numberOfAcceptedPeleSteps    currentEnergy    BindingEnergy    sasaLig    distance_A35SG_L1S1    
1    0    0    -6281.5    -1.67373    0.571238    6.92234    
1    1    1    -6449.54    -11.761    0.535824    6.94289    
1    2    2    -6461.93    -12.2062    0.532455    6.89371    
1    3    3    -6468.54    -18.6031    0.526392    6.9187    
1    4    4    -6478.72    -13.6706    0.526502    6.92289    
1    6    5    -6476.81    -11.5976    0.526451    6.5332    
1    7    6    -6468.15    2.71974    0.560834    6.64979    
1    8    7    -6474.9    0.921334    0.557433    6.63765    
1    9    8    -6489.23    -15.5359    0.553184    6.62784    
1    10    9    -6489.87    -14.9059    0.553687    6.61971    
1    12    10    -6490.49    -13.644    0.553779    6.77452    
1    13    11    -6495.76    -12.1467    0.554594    6.72778    
1    17    12    -6496.26    -14.7709    0.555154    6.76924    
1    18    13    -6497.3    -14.4145    0.553576    6.75423    
1    20    14    -6497.48    -13.9774    0.550505    6.7328    
1    21    15    -6495.18    -14.598    0.553105    6.69597    
1    23    16    -6497.05    -14.5711    0.538159    6.69806    
1    24    17    -6497.54    -14.2602    0.538259    6.66165    
1    26    18    -6503.02    -15.386    0.536243    6.66781    
1    28    19    -6502.84    -15.2936    0.536917    6.67639    
1    31    20    -6501.34    -12.0521    0.537457    6.72023    
1    33    21    -6501.4    -12.7927    0.538413    6.75123    
1    34    22    -6503.84    -15.1151    0.534057    6.67467    
1    37    23    -6502.12    -14.2159    0.535582    6.67289    
1    39    24    -6500.44    -12.2229    0.546716    6.83442    
1    40    25    -6501.75    -13.5843    0.542795    6.85591    
1    43    26    -6502.35    -14.3244    0.549356    6.73169    
1    44    27    -6500.1    -14.7955    0.545707    6.49924    
1    45    28    -6498.35    -14.5718    0.536271    6.5666    
1    47    29    -6498.4    -11.5838    0.533981    6.63747    
1    49    30    -6497.71    -12.6626    0.543836    6.7475    
1    51    31    -6499.42    -13.9802    0.532555    6.76662    
1    52    32    -6499.77    -13.9947    0.532692    6.73866    
1    54    33    -6498.02    -12.6478    0.529799    6.73837    
1    56    34    -6498.86    -11.9649    0.528008    6.75122    
1    59    35    -6498.76    -12.27    0.526835    6.74116    
1    60    36    -6498.45    -11.9366    0.526222    6.79588    
1    61    37    -6497.15    -13.051    0.527027    6.77613    
1    62    38    -6495.19    -15.7299    0.522966    6.6657    
1    64    39    -6496.47    -14.8096    0.52304    6.56852    
1    66    40    -6490.97    -16.386    0.521179    6.62528    
1    69    41    -6496.6    -14.5651    0.521613    6.61503    
1    70    42    -6495.8    -14.0756    0.521843    6.61905    
1    71    43    -6497.13    -14.9434    0.524313    6.65186    
1    72    44    -6495.44    -11.8758    0.527856    6.86533    
1    73    45    -6494.59    -11.8426    0.52367    6.83344    
1    78    46    -6494.42    -12.8334    0.519125    6.8557    
1    80    47    -6494.33    -11.3991    0.525276    6.77928    
1    81    48    -6495.24    -11.4798    0.523597    6.79971    
1    84    49    -6494.18    -11.4896    0.524728    6.75411    
1    85    50    -6494.18    -11.4965    0.522705    6.83847    
1    86    51    -6491.29    -12.3468    0.521055    6.81667    
1    87    52    -6498.79    -11.8197    0.527609    6.85689    
1    88    53    -6500.64    -12.9755    0.52717    6.84074    
1    90    54    -6494.24    -11.2586    0.52302    6.69564    
1    91    55    -6497.78    -10.4265    0.527799    6.76638    
1    96    56    -6500.96    -11.3523    0.525273    6.80299    
1    97    57    -6500.54    -11.8742    0.525063    6.87039    
1    99    58    -6497.73    -11.6508    0.522876    6.85171    
