#Task    Step    numberOfAcceptedPeleSteps    currentEnergy    BindingEnergy    sasaLig    distance_A35SG_L1S1    
1    0    0    -6281.5    -1.67373    0.571238    6.92234    
1    1    1    -6464.75    -12.813    0.536028    6.98179    
1    2    2    -6471.32    -13.7013    0.53501    6.99703    
1    4    3    -6478.25    -13.7082    0.53243    6.96578    
1    5    4    -6480.12    -12.6586    0.532385    6.81204    
1    6    5    -6479.48    -15.013    0.525076    6.5435    
1    7    6    -6483.6    -15.5107    0.530249    6.58284    
1    9    7    -6484.12    -15.1913    0.529196    6.64763    
1    10    8    -6488.09    -15.5798    0.52942    6.67903    
1    11    9    -6490.9    -13.6482    0.532085    6.84714    
1    14    10    -6491.55    -13.2966    0.532197    6.86862    
1    16    11    -6491.98    -12.8149    0.532892    6.88275    
1    17    12    -6491.75    -13.2203    0.535191    6.88768    
1    20    13    -6490.51    -12.8476    0.535521    6.89899    
1    21    14    -6490.91    -13.8386    0.534695    6.88813    
1    25    15    -6491.99    -13.5021    0.535104    6.89334    
1    28    16    -6491.02    -12.9273    0.533545    6.93476    
1    29    17    -6491.36    -15.133    0.534956    6.97716    
1    30    18    -6492.96    -15.0025    0.534562    6.95469    
1    33    19    -6492.56    -18.2032    0.534922    6.79497    
1    34    20    -6490.75    -17.9324    0.531663    6.77019    
1    35    21    -6495.45    -18.2752    0.53296    6.77896    
1    37    22    -6495.78    -18.31    0.532534    6.77075    
1    39    23    -6494.39    -17.3426    0.52878    6.74821    
1    40    24    -6492.8    -16.6742    0.524497    6.64586    
1    41    25    -6488.79    -11.0391    0.529208    6.97544    
1    43    26    -6490.83    -17.4743    0.531698    6.88402    
1    44    27    -6491.5    -17.0717    0.52944    6.71663    
1    47    28    -6492.59    -18.055    0.528665    6.74945    
1    48    29    -6493.49    -18.2704    0.530305    6.75516    
1    49    30    -6489.67    -17.9105    0.529241    6.74457    
1    50    31    -6491.36    -16.6709    0.532102    6.69188    
1    53    32    -6494.42    -18.1782    0.532869    6.7513    
1    54    33    -6496.06    -17.8758    0.534375    6.76588    
1    58    34    -6488.49    -18.4475    0.527033    6.71633    
1    59    35    -6491.14    -16.3515    0.52717    6.703    
1    61    36    -6488.58    -17.4583    0.528224    6.71766    
1    64    37    -6496.6    -17.582    0.533493    6.72651    
1    65    38    -6492.02    -17.0809    0.532831    6.6949    
1    67    39    -6496.78    -16.7056    0.538487    6.7219    
1    68    40    -6497.09    -17.445    0.536274    6.73599    
1    70    41    -6495    -16.8763    0.533275    6.70528    
1    72    42    -6495.95    -16.6028    0.534238    6.68582    
1    73    43    -6492.39    -17.4503    0.538738    6.74175    
1    74    44    -6482.31    -16.7674    0.530768    6.64711    
1    75    45    -6490.27    -16.9574    0.531805    6.67949    
1    77    46    -6490.85    -17.4222    0.536593    6.68999    
1    78    47    -6495.78    -17.0256    0.540859    6.70747    
1    79    48    -6496.02    -17.9166    0.538068    6.7246    
1    80    49    -6494.95    -16.4281    0.539088    6.69842    
1    81    50    -6492.01    -16.7854    0.53684    6.66567    
1    82    51    -6496.99    -16.3504    0.537727    6.63781    
1    87    52    -6498.27    -16.6704    0.537082    6.64546    
1    95    53    -6498.3    -16.5653    0.538282    6.65624    
