#Task    Step    numberOfAcceptedPeleSteps    currentEnergy    BindingEnergy    sasaLig    distance_A35SG_L1S1    
1    0    0    -6281.5    -1.67373    0.571238    6.92234    
1    1    1    -6446.62    -9.87099    0.565488    6.96201    
1    2    2    -6473.68    -11.6196    0.564957    6.88507    
1    3    3    -6480.09    -13.521    0.550014    6.83317    
1    4    4    -6491.89    -13.1987    0.553383    6.86787    
1    7    5    -6491.35    -13.0096    0.547455    6.86707    
1    9    6    -6490.68    -12.8418    0.54225    6.86628    
1    10    7    -6491.2    -13.1308    0.536149    6.84764    
1    11    8    -6490.84    -12.0511    0.522673    6.88015    
1    12    9    -6491.77    -14.0415    0.517423    6.87023    
1    13    10    -6491.92    -13.8511    0.525809    6.81691    
1    16    11    -6493.1    -13.078    0.52438    6.8536    
1    17    12    -6490.7    -13.7326    0.521513    6.88542    
1    18    13    -6495.75    -13.5433    0.522754    6.90946    
1    19    14    -6495.26    -12.1364    0.524815    6.92095    
1    20    15    -6496.48    -12.6107    0.521273    6.90637    
1    21    16    -6497    -13.3441    0.524889    6.90387    
1    22    17    -6497.87    -13.625    0.52452    6.87883    
1    25    18    -6496.61    -12.7266    0.523668    6.87296    
1    26    19    -6498.56    -13.2234    0.523698    6.87859    
1    27    20    -6498.19    -12.6609    0.526459    6.89269    
1    30    21    -6497.37    -12.9225    0.524855    6.8372    
1    31    22    -6498.35    -13.1187    0.523981    6.90284    
1    33    23    -6497.27    -13.1181    0.524551    6.87131    
1    35    24    -6498.1    -13.0807    0.525425    6.87823    
1    38    25    -6495.31    -13.1592    0.519676    6.8116    
1    40    26    -6493.78    -13.8958    0.522459    6.51587    
1    41    27    -6496.59    -13.352    0.52739    6.72377    
1    45    28    -6496.05    -13.2844    0.52848    6.77806    
1    48    29    -6496.51    -12.726    0.528694    6.79397    
1    52    30    -6493.78    -13.2148    0.534636    6.66861    
1    53    31    -6496.95    -13.3384    0.532221    6.77691    
1    55    32    -6494.08    -13.3214    0.526256    6.81028    
1    57    33    -6495.33    -13.0095    0.527666    6.83661    
1    59    34    -6495.15    -11.9009    0.525004    6.8333    
1    65    35    -6494.18    -13.1354    0.529832    6.78379    
1    66    36    -6493.19    -11.4237    0.529102    6.77554    
1    67    37    -6494.41    -12.3945    0.528729    6.79358    
1    72    38    -6491.8    -12.8382    0.525746    6.70834    
1    73    39    -6493.5    -13.2756    0.532329    6.74233    
1    74    40    -6493.26    -12.7146    0.5293    6.77274    
1    75    41    -6495.45    -12.6484    0.531314    6.75404    
1    77    42    -6494.95    -13.1409    0.532273    6.80731    
1    81    43    -6495.68    -11.7334    0.526781    6.86014    
1    82    44    -6498.13    -12.1334    0.527509    6.89489    
1    84    45    -6500.56    -10.5677    0.526104    6.8512    
1    86    46    -6497.02    -11.4414    0.520485    6.82174    
1    87    47    -6501.23    -11.9713    0.525774    6.85198    
1    89    48    -6500.74    -12.3386    0.52192    6.89359    
1    91    49    -6500.41    -12.2184    0.524381    6.86382    
1    93    50    -6498.33    -11.3132    0.52111    6.88513    
1    98    51    -6496.95    -12.1335    0.520277    6.84724    
1    100    52    -6499.6    -11.7765    0.521531    6.87091    
