#Task    Step    numberOfAcceptedPeleSteps    currentEnergy    BindingEnergy    sasaLig    distance_A35SG_L1S1    
1    0    0    -6281.5    -1.67373    0.571238    6.92234    
1    1    1    -6453.13    -12.4028    0.535842    6.96846    
1    2    2    -6462.19    -13.2254    0.531918    6.97758    
1    3    3    -6474.19    -12.9405    0.536958    6.89288    
1    4    4    -6481.76    -14.7002    0.538472    6.92469    
1    5    5    -6485.4    -11.1869    0.527247    6.90491    
1    6    6    -6487.26    -11.3306    0.526015    6.91501    
1    7    7    -6487.23    -11.6709    0.517702    6.91349    
1    8    8    -6481.98    -9.12209    0.506    6.91369    
1    10    9    -6488.28    -10.8451    0.513965    6.90159    
1    13    10    -6485    -13.4165    0.510809    6.76574    
1    14    11    -6482.96    -17.9932    0.510213    6.7102    
1    15    12    -6492.12    -18.788    0.511528    6.91246    
1    16    13    -6491.61    -21.6151    0.507271    6.81113    
1    17    14    -6493.14    -20.3091    0.508555    6.74433    
1    18    15    -6494.51    -20.9844    0.507831    6.7471    
1    22    16    -6494.48    -20.1828    0.508524    6.72797    
1    28    17    -6495.52    -20.6926    0.508119    6.72317    
1    29    18    -6492.35    -21.1724    0.503091    6.72203    
1    30    19    -6491.6    -24.1302    0.501954    6.8191    
1    31    20    -6492.9    -20.1582    0.522849    6.80321    
1    32    21    -6493.69    -20.0382    0.525168    6.81822    
1    34    22    -6493.24    -20.0235    0.523637    6.81192    
1    37    23    -6493.41    -21.7459    0.511265    6.7643    
1    38    24    -6496.07    -23.455    0.511005    6.79117    
1    42    25    -6496.49    -24.1035    0.511513    6.82931    
1    46    26    -6492.82    -21.9502    0.509743    6.74916    
1    47    27    -6495.12    -21.7191    0.509189    6.73    
1    48    28    -6496.12    -21.7806    0.51097    6.72653    
1    49    29    -6495.57    -22.5734    0.513031    6.72748    
1    53    30    -6491.19    -22.7391    0.51059    6.71797    
1    54    31    -6496.78    -22.9913    0.512939    6.72191    
1    61    32    -6495.39    -21.9805    0.512514    6.83937    
1    63    33    -6499.08    -21.0325    0.539578    6.80518    
1    64    34    -6495.09    -17.6312    0.548629    6.94751    
1    66    35    -6498.06    -20.2042    0.541345    6.83167    
1    68    36    -6500    -20.0137    0.541638    6.84801    
1    72    37    -6496.34    -17.3137    0.543423    6.96869    
1    73    38    -6502.82    -21.7997    0.517802    6.91595    
1    75    39    -6503.04    -24.5226    0.51785    6.74467    
1    77    40    -6500.24    -24.1512    0.504979    6.6309    
1    80    41    -6500.36    -22.7092    0.501636    6.63289    
1    82    42    -6502.92    -23.3322    0.505185    6.63697    
1    86    43    -6503.06    -23.5696    0.506766    6.62911    
1    88    44    -6503.46    -22.5082    0.508438    6.74167    
1    90    45    -6504.7    -23.7273    0.508112    6.63419    
1    98    46    -6503.55    -24.0159    0.51224    6.66547    
1    99    47    -6501.31    -22.5492    0.544628    6.88639    
1    100    48    -6499.34    -24.9954    0.537853    6.44027    
