#Task    Step    numberOfAcceptedPeleSteps    currentEnergy    BindingEnergy    sasaLig    distance_A35SG_L1S1    
1    0    0    -6281.5    -1.67373    0.571238    6.92234    
1    1    1    -6450.07    -9.95512    0.538165    6.91456    
1    2    2    -6465.03    -11.469    0.538367    6.94498    
1    3    3    -6476.75    -14.2694    0.536494    6.94743    
1    4    4    -6478.92    -13.4011    0.532346    6.88314    
1    5    5    -6487.54    -14.0574    0.535365    6.8466    
1    7    6    -6488.7    -15.4416    0.532369    6.86758    
1    8    7    -6497.09    -15.5273    0.537702    6.87458    
1    9    8    -6494.22    -15.4057    0.534503    6.86002    
1    15    9    -6493.28    -15.1294    0.5362    6.86635    
1    16    10    -6492.66    -15.3067    0.53464    6.86313    
1    18    11    -6492.13    -14.0824    0.530428    6.87394    
1    19    12    -6498.28    -14.1111    0.535623    6.88412    
1    20    13    -6496.95    -14.6612    0.532967    6.85441    
1    21    14    -6497.64    -13.813    0.536943    6.85623    
1    25    15    -6496.87    -16.316    0.535302    6.73339    
1    27    16    -6498.31    -16.6649    0.535964    6.68051    
1    31    17    -6496.81    -17.0522    0.534329    6.64221    
1    32    18    -6496.8    -17.0161    0.534467    6.63178    
1    34    19    -6497.01    -16.199    0.531326    6.65815    
1    35    20    -6493.77    -17    0.533438    6.61928    
1    37    21    -6498.89    -15.1165    0.533391    6.66182    
1    41    22    -6499.59    -13.3034    0.533907    6.83439    
1    42    23    -6499.21    -12.8471    0.533626    6.8508    
1    43    24    -6498.25    -13.4323    0.534756    6.82111    
1    47    25    -6499.73    -12.8964    0.53482    6.85248    
1    49    26    -6495.4    -13.8284    0.53145    6.8615    
1    51    27    -6497.21    -13.5028    0.534193    6.86197    
1    52    28    -6497.37    -12.9161    0.535251    6.85701    
1    53    29    -6494.01    -13.5275    0.535404    6.88958    
1    55    30    -6497.12    -13.6652    0.536945    6.9249    
1    56    31    -6497.97    -14.4823    0.535957    6.91702    
1    57    32    -6497.57    -14.7523    0.53698    6.91792    
1    58    33    -6498.23    -14.3335    0.539065    6.78238    
1    59    34    -6498.34    -14.5158    0.53972    6.79731    
1    60    35    -6498.81    -14.9819    0.537399    6.80661    
1    61    36    -6498.99    -14.1024    0.537966    6.82707    
1    62    37    -6494.21    -15.3373    0.534857    6.87061    
1    65    38    -6497.41    -14.4738    0.53471    6.88393    
1    67    39    -6497.12    -14.4944    0.533541    6.8997    
1    69    40    -6494.91    -14.4338    0.534645    6.91056    
1    70    41    -6495.33    -13.6648    0.534128    6.91037    
1    71    42    -6495.34    -13.9154    0.532299    6.89952    
1    73    43    -6496.52    -14.2341    0.534501    6.90772    
1    76    44    -6497.19    -14.4781    0.532993    6.92389    
1    78    45    -6496.81    -13.5856    0.531831    6.90396    
1    80    46    -6497.19    -13.879    0.532096    6.90371    
1    81    47    -6495.67    -14.2217    0.532958    6.90879    
1    82    48    -6494.97    -14.2779    0.530594    7.06025    
1    83    49    -6496.32    -14.684    0.533024    6.97129    
1    84    50    -6493.88    -13.9581    0.527464    6.93939    
1    85    51    -6494.18    -13.866    0.53294    6.9236    
1    87    52    -6494.59    -14.0316    0.533781    6.87122    
1    88    53    -6490.94    -14.0306    0.534275    6.85587    
1    90    54    -6495.73    -14.3385    0.533075    6.886    
1    92    55    -6495.78    -13.5168    0.532352    6.87963    
1    93    56    -6496.23    -13.8731    0.534503    6.88277    
1    94    57    -6494.7    -14.242    0.535666    6.87276    
1    95    58    -6497.15    -14.1024    0.534195    6.90222    
1    96    59    -6494.62    -15.3936    0.533511    6.64631    
1    97    60    -6498.01    -17.234    0.53652    6.61136    
1    98    61    -6496.2    -16.7343    0.542242    6.5703    
1    99    62    -6498.97    -16.6639    0.541735    6.60242    
