#Task    Step    numberOfAcceptedPeleSteps    currentEnergy    BindingEnergy    sasaLig    distance_A35SG_L1S1    
1    0    0    -6281.5    -1.67373    0.571238    6.92234    
1    1    1    -6444.31    -9.99122    0.53711    6.93944    
1    2    2    -6468.89    -13.0198    0.522748    6.88238    
1    3    3    -6482.3    -13.8609    0.528466    6.90803    
1    4    4    -6486.78    -13.2005    0.527683    6.9741    
1    5    5    -6490.18    -12.412    0.53082    6.97093    
1    6    6    -6489.68    -12.6718    0.531425    6.96123    
1    8    7    -6492.19    -12.532    0.530644    6.88404    
1    9    8    -6489.68    -12.4759    0.529796    6.91545    
1    10    9    -6490.84    -12.1811    0.529407    6.88337    
1    11    10    -6491.16    -12.6526    0.534589    6.86427    
1    12    11    -6491.7    -13.1297    0.533433    6.81666    
1    13    12    -6489.9    -10.881    0.537298    6.91291    
1    14    13    -6489.46    -12.9888    0.536454    6.75969    
1    15    14    -6490.26    -13.6355    0.535413    6.83907    
1    21    15    -6489.4    -12.4217    0.555931    6.88414    
1    23    16    -6491.19    -13.3078    0.535236    6.83162    
1    27    17    -6490.5    -12.9346    0.535757    6.81725    
1    28    18    -6491    -12.9478    0.534126    6.78797    
1    29    19    -6488.98    -13.0085    0.532476    6.82085    
1    36    20    -6488.07    -13.8274    0.533557    6.81765    
1    37    21    -6485.56    -19.4316    0.519983    6.86689    
1    39    22    -6489.78    -20.9491    0.521968    6.83467    
1    40    23    -6487.17    -20.4666    0.519595    6.5866    
1    41    24    -6490.67    -22.8011    0.520189    6.60404    
1    45    25    -6485.83    -20.3536    0.520498    6.63082    
1    46    26    -6483.28    -21.0663    0.522519    6.63408    
1    47    27    -6481.67    -21.7687    0.516099    6.77306    
1    48    28    -6493.32    -23.6796    0.521213    6.71119    
1    49    29    -6492.06    -21.3904    0.52244    6.86574    
1    52    30    -6491.8    -22.3511    0.524785    6.81144    
1    56    31    -6492.93    -21.4918    0.523661    6.82876    
1    59    32    -6489.88    -22.2861    0.523335    6.82681    
1    61    33    -6486.94    -23.0337    0.520151    6.70882    
1    63    34    -6491.08    -22.5693    0.52088    6.87448    
1    65    35    -6490.68    -23.5762    0.520937    6.7241    
1    66    36    -6491.49    -22.4746    0.521718    6.72891    
1    74    37    -6491.61    -22.9115    0.523489    6.76274    
1    75    38    -6492.12    -22.8771    0.52138    6.77464    
1    79    39    -6488.92    -22.0103    0.521071    6.84167    
1    80    40    -6488.45    -23.9357    0.518531    6.76143    
1    82    41    -6479.73    -16.6213    0.527612    6.7141    
1    83    42    -6488.48    -18.0865    0.534341    6.69218    
1    84    43    -6489.18    -16.3809    0.534264    6.70927    
1    85    44    -6489.7    -18.0943    0.53564    6.67721    
1    88    45    -6490.9    -17.8193    0.534778    6.5737    
1    89    46    -6488.36    -10.889    0.537874    6.83398    
1    91    47    -6490.25    -17.0256    0.538647    6.86626    
1    95    48    -6489.69    -17.8078    0.537411    6.81632    
1    96    49    -6492.04    -17.7076    0.536611    6.75297    
1    97    50    -6493.11    -18.1544    0.534883    6.73781    
