#Task    Step    numberOfAcceptedPeleSteps    currentEnergy    BindingEnergy    sasaLig    distance_A35SG_L1S1    
1    0    0    -6281.5    -1.67373    0.571238    6.92234    
1    1    1    -6444.4    -8.51701    0.538454    6.89196    
1    2    2    -6472.53    -13.8932    0.53099    6.94463    
1    3    3    -6478.06    -13.6462    0.533351    6.96859    
1    4    4    -6482.2    -12.8401    0.528209    6.93212    
1    5    5    -6492.09    -13.1672    0.529876    6.93263    
1    6    6    -6495.65    -13.1661    0.530025    6.92764    
1    8    7    -6495.55    -12.802    0.529815    6.90665    
1    9    8    -6489.73    -14.5582    0.531179    6.83559    
1    11    9    -6495.59    -14.3482    0.532871    6.81899    
1    12    10    -6498.14    -13.6723    0.532346    6.88158    
1    13    11    -6494.6    -13.3274    0.53042    6.89859    
1    15    12    -6497.47    -13.5678    0.532591    6.90909    
1    16    13    -6496.35    -12.4549    0.530144    6.91384    
1    17    14    -6494.78    -12.8387    0.530513    6.90703    
1    18    15    -6494.77    -13.1468    0.530451    6.91538    
1    20    16    -6494.33    -13.704    0.528473    6.84998    
1    21    17    -6494.48    -12.8116    0.53395    6.87434    
1    22    18    -6494.25    -13.9515    0.531506    6.65833    
1    24    19    -6496.51    -13.7306    0.532706    6.73983    
1    26    20    -6497.2    -14.3274    0.530166    6.81871    
1    27    21    -6498    -13.7123    0.532174    6.84957    
1    28    22    -6498.88    -13.6607    0.532503    6.86582    
1    29    23    -6497.71    -13.3303    0.531725    6.89335    
1    30    24    -6498.5    -14.0917    0.531714    6.92582    
1    32    25    -6500.57    -14.8693    0.532572    6.90996    
1    35    26    -6500.69    -14.8291    0.532482    6.90473    
1    36    27    -6501.8    -16.3459    0.532329    6.88469    
1    37    28    -6500.01    -17.2903    0.529961    6.82121    
1    43    29    -6497.79    -17.4747    0.528769    6.76096    
1    44    30    -6496.98    -16.3585    0.529558    6.74352    
1    45    31    -6495.71    -14.8676    0.528337    6.71171    
1    48    32    -6497.65    -15.6451    0.529593    6.73563    
1    49    33    -6497.41    -16.525    0.531382    6.71685    
1    52    34    -6498.7    -16.7482    0.531374    6.71379    
1    55    35    -6500.34    -17.0051    0.532471    6.74048    
1    56    36    -6500.7    -17.4284    0.530054    6.73803    
1    57    37    -6496.71    -14.243    0.529951    6.886    
1    58    38    -6495.45    -13.5282    0.524354    6.85147    
1    60    39    -6497.09    -15.5134    0.523208    6.7393    
1    61    40    -6496.42    -17.7688    0.526419    6.73031    
1    62    41    -6499.14    -17.1604    0.529211    6.76156    
1    63    42    -6501.96    -17.7991    0.531534    6.75637    
1    65    43    -6500.92    -14.7701    0.533563    6.85222    
1    67    44    -6498.79    -18.5593    0.534068    6.68125    
1    69    45    -6500.65    -19.0374    0.535474    6.69463    
1    71    46    -6502.73    -18.6823    0.535049    6.69396    
1    74    47    -6496.96    -17.9421    0.527722    6.62277    
1    81    48    -6499.84    -16.4191    0.531656    6.64169    
1    83    49    -6503.13    -24.8262    0.519475    6.65807    
1    86    50    -6498.43    -23.8101    0.514221    6.55437    
1    88    51    -6502    -23.4703    0.516937    6.58476    
1    92    52    -6502.8    -23.5702    0.516784    6.61387    
1    94    53    -6502.67    -23.6026    0.517829    6.61932    
1    95    54    -6502.73    -23.2677    0.518524    6.63132    
1    100    55    -6503.52    -23.7337    0.518939    6.65332    
