#Task    Step    numberOfAcceptedPeleSteps    currentEnergy    BindingEnergy    sasaLig    distance_A35SG_L1S1    
1    0    0    -6281.5    -1.67373    0.571238    6.92234    
1    1    1    -6462.29    -11.3402    0.56374    6.98676    
1    2    2    -6478.1    -12.8788    0.553042    6.8982    
1    3    3    -6487.45    -14.0275    0.554344    6.92165    
1    4    4    -6489.05    -13.7768    0.553681    6.93326    
1    6    5    -6489.88    -12.7601    0.55635    6.90337    
1    7    6    -6490.76    -12.2558    0.553927    6.89621    
1    8    7    -6491.4    -12.9059    0.549176    6.91692    
1    10    8    -6489.34    -12.3055    0.545877    6.92077    
1    11    9    -6487.5    -14.7054    0.54604    6.80472    
1    12    10    -6489.19    -14.3929    0.539205    6.75139    
1    13    11    -6494.07    -12.7911    0.550479    6.86729    
1    14    12    -6492.85    -12.8746    0.553528    6.87816    
1    15    13    -6494.16    -13.8619    0.554553    6.83857    
1    17    14    -6492.57    -14.5302    0.555696    6.82838    
1    18    15    -6492.21    -13.0966    0.551984    6.76493    
1    19    16    -6492.75    -11.3556    0.559723    6.77844    
1    20    17    -6493.98    -12.6984    0.556562    6.79807    
1    21    18    -6493.64    -16.1045    0.55354    6.61391    
1    22    19    -6496.74    -15.3286    0.546892    6.63524    
1    23    20    -6498.41    -14.9842    0.534323    6.66382    
1    25    21    -6496.29    -11.5889    0.547478    6.81998    
1    31    22    -6497.82    -13.9409    0.537613    6.719    
1    34    23    -6497.42    -14.2347    0.53514    6.68111    
1    35    24    -6499.18    -19.9528    0.521693    6.87844    
1    37    25    -6501.88    -21.8068    0.51969    6.71128    
1    38    26    -6500.3    -20.3666    0.519294    6.66375    
1    44    27    -6495.76    -19.397    0.513471    6.80158    
1    45    28    -6494.41    -20.3315    0.506349    6.84561    
1    47    29    -6496.09    -18.05    0.507073    6.86415    
1    49    30    -6496.52    -18.2412    0.508237    6.88824    
1    50    31    -6497.12    -17.6671    0.509227    6.88333    
1    52    32    -6495.03    -18.6048    0.505457    6.88853    
1    54    33    -6495.01    -18.1507    0.502689    6.93207    
1    55    34    -6495.9    -17.6729    0.506912    6.9029    
1    56    35    -6488.44    -9.89261    0.509816    6.83131    
1    57    36    -6490.43    -17.5237    0.509501    6.80142    
1    61    37    -6492.22    -18.5532    0.505703    6.8723    
1    63    38    -6494.13    -20.5354    0.506402    6.75977    
1    65    39    -6489.53    -20.9868    0.504686    6.72201    
1    66    40    -6491.2    -21.5302    0.506382    6.69893    
1    67    41    -6489.39    -20.8258    0.504405    6.83785    
1    68    42    -6490.19    -20.2101    0.505534    6.76095    
1    69    43    -6490.27    -21.4101    0.505579    6.61988    
1    71    44    -6491.35    -21.0598    0.504283    6.62929    
1    72    45    -6491.49    -20.6631    0.505839    6.67533    
1    74    46    -6488.62    -20.4195    0.500837    6.5793    
1    77    47    -6487.33    -19.3698    0.507081    6.60313    
1    78    48    -6481.71    -18.5259    0.502995    6.60423    
1    79    49    -6488.03    -17.9222    0.502152    6.61331    
1    80    50    -6487.31    -18.6797    0.501782    6.593    
1    83    51    -6487.98    -10.0975    0.512973    6.63258    
1    84    52    -6487.28    -10.3242    0.512032    6.63551    
1    85    53    -6488.66    -12.0177    0.513667    6.62589    
1    89    54    -6490.59    -11.9784    0.514984    6.63573    
1    90    55    -6491.11    -11.6183    0.515712    6.66019    
1    91    56    -6491.93    -11.8777    0.514354    6.67305    
1    92    57    -6492.02    -12.3116    0.51285    6.65988    
1    100    58    -6488.65    -9.65946    0.514212    6.7289    
