#Task    Step    numberOfAcceptedPeleSteps    currentEnergy    BindingEnergy    sasaLig    distance_A35SG_L1S1    
1    0    0    -6281.5    -1.67373    0.571238    6.92234    
1    1    1    -6459.89    -10.2206    0.561168    7.00094    
1    2    2    -6468.09    -11.973    0.559416    6.98636    
1    3    3    -6481.51    -13.4621    0.555041    6.96264    
1    5    4    -6485.31    -12.5356    0.551656    6.95685    
1    6    5    -6487.86    -12.6966    0.552766    6.95694    
1    7    6    -6490.59    -12.8555    0.553827    6.94375    
1    11    7    -6490.63    -12.995    0.554458    6.95848    
1    14    8    -6489.76    -13.1105    0.545593    6.94069    
1    16    9    -6493.52    -12.7391    0.545543    6.94592    
1    17    10    -6493.61    -12.7977    0.541675    6.92962    
1    18    11    -6494.05    -11.8128    0.540949    6.93083    
1    19    12    -6493.81    -12.449    0.536867    6.91042    
1    20    13    -6496.89    -12.1194    0.537963    6.8788    
1    22    14    -6498    -12.2948    0.538351    6.91061    
1    23    15    -6496.91    -11.6362    0.52824    6.87159    
1    24    16    -6497.9    -12.1299    0.528043    6.88921    
1    27    17    -6496.83    -12.2594    0.520054    6.9081    
1    30    18    -6496.1    -11.8532    0.519311    6.93951    
1    33    19    -6495.14    -12.6789    0.516551    6.89457    
1    35    20    -6495.71    -12.4217    0.52039    6.88501    
1    36    21    -6496.29    -12.2292    0.517551    6.85472    
1    42    22    -6497.19    -11.9003    0.517792    6.85591    
1    43    23    -6497.28    -12.0153    0.518755    6.87087    
1    44    24    -6494.23    -12.6123    0.514373    6.89401    
1    45    25    -6494.45    -11.4402    0.516404    6.95222    
1    48    26    -6493.38    -11.1003    0.515018    6.96245    
1    50    27    -6495.59    -11.7758    0.518142    6.91107    
1    51    28    -6496.54    -11.8411    0.516715    6.91645    
1    54    29    -6496.7    -11.54    0.516501    6.9086    
1    56    30    -6496.3    -18.1698    0.504627    6.89539    
1    57    31    -6494.73    -18.603    0.502703    6.9134    
1    58    32    -6498.42    -18.0704    0.509011    6.94652    
1    70    33    -6496.98    -18.7697    0.504832    6.93492    
1    75    34    -6492.55    -9.86844    0.521975    6.8615    
1    76    35    -6492    -10.7606    0.517744    6.88188    
1    77    36    -6493.59    -11.8224    0.518663    6.91873    
1    78    37    -6496.13    -11.708    0.517712    6.93405    
1    81    38    -6493.17    -10.9399    0.515036    6.94915    
1    83    39    -6494.97    -11.5706    0.513489    6.94176    
1    86    40    -6496.65    -12.4112    0.513019    6.95774    
1    88    41    -6497.2    -11.7647    0.51345    6.94538    
1    92    42    -6487.48    -8.75776    0.56285    6.93906    
1    93    43    -6498    -15.0723    0.528736    6.88661    
1    95    44    -6499.59    -14.0421    0.555491    6.85676    
1    96    45    -6501.53    -15.0563    0.55346    6.84981    
1    97    46    -6496.98    -16.013    0.527016    6.76374    
1    99    47    -6497.02    -18.9368    0.511054    6.89697    
1    100    48    -6496.64    -18.9756    0.505705    6.90052    
