#Task    Step    numberOfAcceptedPeleSteps    currentEnergy    BindingEnergy    sasaLig    distance_A35SG_L1S1    
1    0    0    -6281.5    -1.67373    0.571238    6.92234    
1    1    1    -6455.6    -9.69845    0.563943    6.97516    
1    2    2    -6479.38    -13.4536    0.552764    6.82866    
1    3    3    -6480.02    -13.335    0.54575    6.69133    
1    4    4    -6476.71    -15.146    0.543305    6.70359    
1    5    5    -6497.65    -17.5796    0.526455    6.78103    
1    7    6    -6498.56    -16.7546    0.526314    6.83881    
1    8    7    -6499.2    -17.7745    0.526242    6.87277    
1    9    8    -6495.16    -17.5978    0.526785    6.81597    
1    10    9    -6495.93    -18.1307    0.52591    6.80654    
1    11    10    -6496.3    -17.8975    0.529418    6.89239    
1    13    11    -6491.67    -18.5066    0.530193    6.8141    
1    16    12    -6496.17    -18.6675    0.530192    6.84087    
1    19    13    -6492.14    -11.8161    0.535816    7.03204    
1    21    14    -6493.45    -16.4776    0.529633    6.95569    
1    25    15    -6481.84    -19.76    0.520709    6.74506    
1    26    16    -6487.85    -18.8276    0.521925    6.7123    
1    27    17    -6495.48    -11.7818    0.531479    6.98028    
1    33    18    -6497.73    -16.5121    0.525179    6.9181    
1    38    19    -6495.01    -15.4129    0.527952    6.87231    
1    40    20    -6497.07    -17.8266    0.525592    6.81615    
1    41    21    -6495.93    -18.2799    0.523383    6.76343    
1    42    22    -6496.24    -18.2152    0.52382    6.7647    
1    44    23    -6496.3    -17.7042    0.524972    6.76297    
1    48    24    -6496.54    -18.6837    0.525454    6.79822    
1    51    25    -6493.71    -18.4595    0.524198    6.74725    
1    53    26    -6496.11    -17.3895    0.528813    6.87311    
1    54    27    -6496.3    -17.9712    0.528072    6.86784    
1    55    28    -6493.62    -18.9223    0.519688    6.8483    
1    57    29    -6495.66    -19.2351    0.524866    6.75746    
1    59    30    -6494.86    -18.6971    0.523652    6.73889    
1    60    31    -6495.89    -18.3711    0.523817    6.71472    
1    61    32    -6495.97    -18.1236    0.525878    6.70125    
1    65    33    -6495.29    -18.1169    0.526182    6.69771    
1    70    34    -6496.18    -18.8412    0.524016    6.7402    
1    71    35    -6496    -18.0092    0.52625    6.72161    
1    73    36    -6493.02    -19.4318    0.52509    6.72716    
1    76    37    -6495.92    -18.0979    0.528402    6.74376    
1    77    38    -6495.52    -18.5474    0.527429    6.75197    
1    81    39    -6493.77    -15.5809    0.526314    6.88289    
1    82    40    -6495.8    -17.3876    0.527807    6.8698    
1    83    41    -6496.48    -17.4045    0.528135    6.91009    
1    85    42    -6495.41    -18.6537    0.525893    6.80906    
1    86    43    -6494.57    -18.9712    0.522339    6.81076    
1    89    44    -6493.8    -19.1395    0.521073    6.76429    
1    90    45    -6495.88    -18.1932    0.527753    6.80525    
1    91    46    -6495.03    -18.2543    0.523557    6.80311    
1    96    47    -6496.66    -18.7787    0.526095    6.82814    
1    97    48    -6496.69    -20.3067    0.527466    6.77951    
1    98    49    -6497.35    -17.221    0.533267    6.82718    
1    100    50    -6495.55    -18.1057    0.529235    6.79908    
