#Task    Step    numberOfAcceptedPeleSteps    currentEnergy    BindingEnergy    sasaLig    distance_A35SG_L1S1    
1    0    0    -6281.5    -1.67373    0.571238    6.92234    
1    1    1    -6449.93    -10.2588    0.561161    6.97345    
1    2    2    -6467.58    -12.7736    0.549108    6.67328    
1    3    3    -6482.17    -13.5541    0.543104    6.82991    
1    5    4    -6484.27    -12.8813    0.518792    6.79172    
1    6    5    -6485.79    -12.8827    0.51926    6.79045    
1    8    6    -6486.27    -12.4754    0.520049    6.8371    
1    10    7    -6487.48    -12.9788    0.517626    6.872    
1    11    8    -6489.16    -13.5468    0.517537    6.88414    
1    14    9    -6489.97    -13.163    0.516035    6.89661    
1    15    10    -6490.59    -12.6513    0.523106    6.85158    
1    16    11    -6492.28    -12.3111    0.521882    6.83547    
1    19    12    -6491.81    -18.42    0.499465    6.91865    
1    20    13    -6499.1    -17.9911    0.503429    6.93068    
1    21    14    -6500.91    -18.4386    0.504234    6.91784    
1    22    15    -6501.62    -17.5727    0.502893    6.86163    
1    23    16    -6502.93    -18.9246    0.504265    6.89734    
1    25    17    -6501.12    -17.6227    0.506227    6.89497    
1    26    18    -6498.4    -18.5447    0.505326    6.82903    
1    27    19    -6498.43    -12.3044    0.515813    6.86061    
1    28    20    -6499.61    -11.5112    0.517837    6.87835    
1    29    21    -6499.75    -12.1909    0.518861    6.84212    
1    31    22    -6498.18    -11.9386    0.518445    6.85211    
1    32    23    -6495.48    -12.055    0.514437    6.85327    
1    33    24    -6498.39    -12.3671    0.517787    6.89086    
1    38    25    -6492    -8.98232    0.511341    6.85976    
1    39    26    -6499.76    -18.7198    0.506354    6.85479    
1    42    27    -6500.07    -18.7957    0.503826    6.90915    
1    43    28    -6499.93    -19.5648    0.503851    6.88197    
1    44    29    -6499.55    -18.4827    0.504162    6.93028    
1    45    30    -6498.85    -20.1937    0.504667    6.92229    
1    46    31    -6496.13    -19.1243    0.503653    7.0013    
1    47    32    -6497.8    -18.3416    0.504744    6.95727    
1    48    33    -6493.51    -19.626    0.502332    6.8995    
1    49    34    -6499.35    -19.8507    0.507361    6.89621    
1    53    35    -6498    -20.6845    0.508784    6.85894    
1    56    36    -6498.55    -21.3175    0.508865    6.87764    
1    58    37    -6497.45    -19.9856    0.505835    6.84592    
1    60    38    -6493.44    -19.342    0.509642    6.82506    
1    62    39    -6496.75    -19.6609    0.510251    6.81126    
1    63    40    -6495.95    -18.399    0.504618    6.8359    
1    64    41    -6500.14    -18.9581    0.507601    6.80596    
1    71    42    -6494.41    -10.2292    0.518484    6.85606    
1    73    43    -6494.24    -10.8537    0.517743    6.87914    
1    76    44    -6493.31    -11.1637    0.515423    6.74246    
1    79    45    -6495.85    -11.8589    0.518045    6.88212    
1    80    46    -6495.15    -11.7881    0.51404    6.93607    
1    82    47    -6496.07    -10.9581    0.516965    6.93893    
1    84    48    -6495.55    -12.1769    0.519594    6.89457    
1    86    49    -6496.16    -11.5455    0.519384    6.89493    
1    87    50    -6496.63    -10.951    0.520529    6.85335    
1    88    51    -6496.39    -10.4697    0.520539    6.86713    
1    94    52    -6497.03    -10.2793    0.521359    6.88755    
1    96    53    -6483.79    -11.9199    0.516803    7.00055    
1    97    54    -6491.37    -10.8691    0.515867    6.93602    
1    98    55    -6492.97    -11.6085    0.517831    6.93412    
1    99    56    -6493.51    -10.5826    0.517419    6.91971    
