#Task    Step    numberOfAcceptedPeleSteps    currentEnergy    BindingEnergy    sasaLig    distance_A35SG_L1S1    
1    0    0    -6281.5    -1.67373    0.571238    6.92234    
1    1    1    -6460.54    -10.5916    0.56205    6.98109    
1    2    2    -6474.79    -12.8437    0.559895    6.98318    
1    4    3    -6478.72    -13.4349    0.560511    6.9957    
1    5    4    -6483.41    -13.0453    0.556596    6.97777    
1    8    5    -6483.53    -12.3065    0.555845    6.85045    
1    10    6    -6485.87    -12.7538    0.558168    6.97232    
1    11    7    -6486.5    -11.7488    0.555528    6.96332    
1    13    8    -6489.28    -13.4271    0.554419    6.95014    
1    16    9    -6485.05    -11.8476    0.550812    6.93953    
1    17    10    -6491.47    -12.5382    0.551643    6.96131    
1    19    11    -6489.47    -11.3484    0.54183    6.82286    
1    21    12    -6488.8    -10.8868    0.51833    6.94345    
1    22    13    -6483.39    -12.7972    0.515881    6.91539    
1    23    14    -6492.33    -11.5918    0.520244    6.95643    
1    24    15    -6490.83    -10.7369    0.520033    6.88045    
1    25    16    -6491.23    -11.8755    0.519576    6.93665    
1    26    17    -6492.83    -12.0763    0.518995    6.93969    
1    29    18    -6490.88    -12.4051    0.517829    6.94402    
1    31    19    -6492.28    -12.4119    0.518519    6.94428    
1    32    20    -6489.52    -11.7769    0.518756    6.84891    
1    34    21    -6491.53    -10.9277    0.518509    6.92036    
1    35    22    -6493.64    -12.1547    0.521149    6.90924    
1    37    23    -6496.23    -11.3788    0.522649    6.91241    
1    42    24    -6496.71    -11.758    0.522078    6.90743    
1    43    25    -6494.84    -19.5009    0.505502    6.84607    
1    44    26    -6496.54    -19.2618    0.507098    6.87828    
1    45    27    -6497.77    -19.9603    0.510272    6.8826    
1    46    28    -6497.2    -19.6296    0.508652    6.82153    
1    47    29    -6496    -17.3182    0.51148    6.87152    
1    48    30    -6495.91    -17.5382    0.510078    6.86739    
1    51    31    -6494.9    -11.4294    0.517408    6.89102    
1    53    32    -6494.47    -11.7988    0.527479    6.74643    
1    54    33    -6491.97    -14.9867    0.520376    6.67798    
1    55    34    -6491.88    -10.3147    0.516347    6.9226    
1    56    35    -6492.93    -10.7089    0.519676    6.90909    
1    60    36    -6484.94    -10.543    0.517062    6.77041    
1    61    37    -6494.62    -14.9047    0.521902    6.65252    
1    63    38    -6495.01    -15.0269    0.521492    6.66788    
1    66    39    -6492.31    -13.3735    0.517851    6.63691    
1    67    40    -6492.32    -14.5664    0.5248    6.68907    
1    69    41    -6492.98    -14.2113    0.520639    6.67754    
1    71    42    -6494.25    -14.2398    0.520855    6.70095    
1    72    43    -6493.22    -13.6089    0.518108    6.65626    
1    73    44    -6491.09    -13.6735    0.519189    6.67853    
1    74    45    -6493    -13.9031    0.521397    6.6476    
1    76    46    -6495.2    -14.2617    0.522958    6.66197    
1    83    47    -6494.56    -14.1304    0.521368    6.67488    
1    84    48    -6495.03    -14.5935    0.519434    6.65096    
1    86    49    -6493.98    -13.5917    0.519738    6.67803    
1    88    50    -6495.34    -14.1274    0.521717    6.66703    
1    97    51    -6493.61    -14.3951    0.523949    6.63069    
1    99    52    -6494.19    -14.8541    0.523904    6.66249    
1    100    53    -6491.41    -13.4414    0.519141    6.63379    
