#Task    Step    numberOfAcceptedPeleSteps    currentEnergy    BindingEnergy    sasaLig    distance_A35SG_L1S1    
1    0    0    -6281.5    -1.67373    0.571238    6.92234    
1    1    1    -6470.4    -13.6554    0.534882    7.00597    
1    2    2    -6472.21    -10.4395    0.531818    7.00796    
1    3    3    -6477.11    -14.5443    0.526617    6.93731    
1    4    4    -6481.93    -13.8682    0.517757    6.85753    
1    5    5    -6484.58    -20.7006    0.513707    6.91284    
1    7    6    -6486.82    -21.3734    0.516881    6.92392    
1    8    7    -6485.52    -22.0522    0.515265    6.90454    
1    9    8    -6483    -13.0742    0.52058    6.92472    
1    11    9    -6482.12    -13.5062    0.520157    6.92647    
1    12    10    -6483.36    -13.7625    0.521196    6.90518    
1    14    11    -6485.38    -13.026    0.522021    6.92811    
1    15    12    -6485.46    -12.9941    0.527156    6.94555    
1    16    13    -6485.82    -14.9757    0.519949    6.87735    
1    17    14    -6483.58    -16.1917    0.520268    6.72942    
1    22    15    -6485.61    -17.2526    0.521843    6.64849    
1    23    16    -6485.77    -16.5935    0.519396    6.73201    
1    25    17    -6484.21    -16.3347    0.521222    6.70744    
1    26    18    -6484.43    -16.4081    0.521431    6.71651    
1    27    19    -6482.62    -15.7996    0.521635    6.71231    
1    28    20    -6485.01    -16.0745    0.520999    6.72394    
1    29    21    -6483.83    -17.4729    0.519505    6.692    
1    30    22    -6485.25    -15.9917    0.524866    6.96602    
1    31    23    -6486.94    -18.4513    0.526142    6.85084    
1    32    24    -6485.43    -19.7461    0.523854    6.83174    
1    33    25    -6485.57    -18.545    0.519504    6.77948    
1    35    26    -6485.29    -19.4859    0.521079    6.79736    
1    36    27    -6483.52    -17.1738    0.523161    6.88165    
1    38    28    -6484.05    -18.4958    0.52264    6.78728    
1    41    29    -6485.42    -19.2464    0.521451    6.74921    
1    51    30    -6483.91    -19.3829    0.519649    6.69979    
1    53    31    -6483.03    -16.4256    0.518433    6.64947    
1    54    32    -6483.2    -17.0278    0.519932    6.61645    
1    55    33    -6482.72    -23.837    0.506235    6.68607    
1    56    34    -6487.28    -23.4203    0.510843    6.74652    
1    63    35    -6487.02    -23.5734    0.510004    6.68208    
1    65    36    -6486.45    -23.0106    0.5115    6.84108    
1    67    37    -6484.98    -23.1181    0.509606    6.67171    
1    69    38    -6484.95    -22.3193    0.513509    7.11051    
1    70    39    -6485.82    -22.1934    0.512761    7.05122    
1    73    40    -6488.81    -22.6088    0.512202    6.99865    
1    75    41    -6487.83    -21.6375    0.512533    6.97817    
1    76    42    -6489.82    -22.3302    0.512445    7.01932    
1    77    43    -6489.37    -22.388    0.513205    7.00802    
1    78    44    -6488.72    -22.3513    0.513379    7.00543    
1    80    45    -6489.25    -21.8521    0.511791    6.98732    
1    81    46    -6486.42    -22.1394    0.511733    7.00834    
1    82    47    -6487.44    -21.0774    0.509971    7.00095    
1    84    48    -6487.55    -22.4811    0.510704    6.99335    
1    88    49    -6484.58    -22.6219    0.544198    6.93569    
1    89    50    -6485.47    -20.2414    0.509418    6.98719    
1    90    51    -6481.65    -21.5073    0.50673    7.00695    
1    92    52    -6486.39    -22.1343    0.510366    7.03785    
1    94    53    -6485.23    -22.2574    0.510646    7.0061    
1    98    54    -6485.91    -21.5698    0.51201    6.98263    
1    100    55    -6486.62    -21.6367    0.512008    6.99241    
