#Task    Step    numberOfAcceptedPeleSteps    currentEnergy    BindingEnergy    sasaLig    distance_A35SG_L1S1    
1    0    0    -6281.5    -1.67373    0.571238    6.92234    
1    1    1    -6454.7    -9.23878    0.537404    6.72191    
1    2    2    -6473.19    -15.844    0.53063    6.68091    
1    3    3    -6482.66    -12.3862    0.555337    6.85626    
1    4    4    -6481.8    -12.4439    0.543702    6.61745    
1    5    5    -6481.99    -12.7773    0.545839    6.66635    
1    6    6    -6484.65    -10.7643    0.549875    6.71399    
1    7    7    -6485.72    -12.9804    0.55122    6.78178    
1    8    8    -6487.83    -13.3427    0.550287    6.72825    
1    11    9    -6486.03    -12.7251    0.553806    6.9388    
1    13    10    -6487.35    -11.1309    0.551818    6.9121    
1    14    11    -6488.51    -12.2151    0.548532    6.89642    
1    15    12    -6488.23    -11.8615    0.549964    6.90305    
1    16    13    -6486.52    -12.5429    0.531378    6.81521    
1    17    14    -6492.11    -11.788    0.52061    6.87317    
1    18    15    -6493    -12.0634    0.519935    6.8849    
1    21    16    -6491.08    -11.689    0.519865    6.91284    
1    25    17    -6492.09    -14.1805    0.51889    6.84772    
1    26    18    -6492.49    -14.5049    0.517293    6.84405    
1    27    19    -6491.02    -11.1318    0.517099    6.91657    
1    28    20    -6492.65    -11.6429    0.518696    6.94005    
1    29    21    -6489.82    -11.6889    0.517629    6.93392    
1    30    22    -6494.15    -11.3978    0.517811    6.89701    
1    33    23    -6492.4    -12.0687    0.516613    6.92024    
1    38    24    -6493.76    -11.5663    0.516974    6.94649    
1    40    25    -6488.65    -12.1267    0.517864    6.83474    
1    41    26    -6497.22    -16.7654    0.511692    6.95407    
1    42    27    -6496.39    -16.7074    0.508378    6.89272    
1    44    28    -6496.28    -17.2275    0.505606    6.87615    
1    46    29    -6497.19    -17.5851    0.504885    6.924    
1    50    30    -6496.26    -17.7131    0.503624    6.89748    
1    51    31    -6497.39    -17.1592    0.50495    6.90797    
1    52    32    -6498.96    -17.6271    0.507379    6.92525    
1    53    33    -6495.46    -19.0396    0.503039    6.93247    
1    54    34    -6494.58    -18.3992    0.502521    6.91864    
1    55    35    -6498.05    -18.5229    0.502279    6.91633    
1    56    36    -6495.16    -17.9781    0.499356    6.92974    
1    57    37    -6495.5    -21.4968    0.502706    6.94903    
1    58    38    -6493.4    -19.6787    0.506622    6.91191    
1    60    39    -6492.67    -18.3899    0.500014    6.87994    
1    61    40    -6489.88    -19.412    0.505727    6.89561    
1    62    41    -6490.33    -18.1516    0.5057    6.94147    
1    64    42    -6490.44    -21.7152    0.545508    6.89332    
1    65    43    -6492.55    -21.0218    0.504663    6.88875    
1    67    44    -6492.15    -20.2597    0.507533    6.88934    
1    69    45    -6489.72    -21.2993    0.507846    6.8703    
1    71    46    -6493.18    -20.8985    0.510487    6.87815    
1    74    47    -6488.86    -22.5653    0.508089    6.8909    
1    75    48    -6495.14    -23.3847    0.51301    6.90808    
1    76    49    -6492.58    -24.8248    0.504946    6.72978    
1    77    50    -6492.47    -21.8891    0.508087    6.85833    
1    80    51    -6494.1    -19.4944    0.510524    6.86644    
1    83    52    -6498.11    -23.8273    0.510692    6.88252    
1    89    53    -6495.93    -23.1327    0.508225    6.90649    
1    90    54    -6495.77    -24.1971    0.508528    6.83353    
1    95    55    -6493.07    -14.0188    0.515794    6.88522    
1    97    56    -6489.34    -15.4407    0.513073    6.89369    
