#Task    Step    numberOfAcceptedPeleSteps    currentEnergy    BindingEnergy    sasaLig    distance_A35SG_L1S1    
1    0    0    -6281.5    -1.67373    0.571238    6.92234    
1    1    1    -6459.75    -10.7591    0.561583    6.97191    
1    2    2    -6471.14    -11.956    0.549061    6.89138    
1    3    3    -6489.3    -12.9234    0.550337    6.87377    
1    4    4    -6490.94    -12.1461    0.546201    6.67841    
1    5    5    -6492.73    -12.7771    0.550958    6.83646    
1    6    6    -6492.72    -12.2434    0.550494    6.88383    
1    7    7    -6492.02    -11.1877    0.551284    6.87676    
1    8    8    -6488.59    -12.1474    0.545183    6.91486    
1    9    9    -6493.69    -12.0275    0.549443    6.87843    
1    10    10    -6493.43    -12.2611    0.548266    6.85043    
1    12    11    -6494.89    -12.2466    0.542801    6.83643    
1    15    12    -6495.18    -12.7745    0.54781    6.84744    
1    16    13    -6495.32    -12.7421    0.54749    6.8403    
1    17    14    -6495.22    -11.8353    0.525459    6.86754    
1    19    15    -6496.29    -11.8684    0.52154    6.86774    
1    22    16    -6496.32    -12.7442    0.516569    6.88466    
1    24    17    -6497.04    -11.4305    0.517427    6.91005    
1    25    18    -6495.25    -12.4442    0.521262    6.89745    
1    26    19    -6494.88    -11.61    0.520393    6.85829    
1    28    20    -6494.28    -12.192    0.519492    6.86476    
1    29    21    -6496.49    -12.1312    0.52784    6.94125    
1    30    22    -6496.27    -12.3233    0.526921    6.92841    
1    31    23    -6497.59    -12.5155    0.526987    6.9042    
1    34    24    -6496.26    -11.7762    0.521815    6.8389    
1    35    25    -6500.08    -15.4159    0.524812    6.74985    
1    36    26    -6500.41    -16.5098    0.524485    6.63877    
1    39    27    -6500.6    -12.7407    0.521477    6.83206    
1    42    28    -6500.14    -11.9619    0.521492    6.85211    
1    43    29    -6500.09    -17.9099    0.516123    6.85722    
1    44    30    -6496.51    -17.2395    0.507979    6.86584    
1    45    31    -6497.6    -17.6967    0.509258    6.89187    
1    47    32    -6498.29    -18.743    0.506831    6.88259    
1    50    33    -6502.81    -18.9792    0.509753    6.88687    
1    54    34    -6503.33    -19.7441    0.511722    6.91022    
1    55    35    -6502.98    -18.9515    0.509146    6.88138    
1    56    36    -6502.16    -18.702    0.510189    6.88477    
1    57    37    -6499    -17.7259    0.514002    6.90013    
1    59    38    -6500.14    -18.4633    0.512638    6.90543    
1    60    39    -6502    -19.0637    0.509849    6.89935    
1    61    40    -6496.01    -19.9018    0.514498    6.8759    
1    62    41    -6494.35    -20.9615    0.509513    6.80568    
1    65    42    -6499.73    -19.7842    0.508001    6.85413    
1    66    43    -6497.27    -18.3891    0.506192    6.85138    
1    67    44    -6497.08    -11.059    0.517027    6.87124    
1    68    45    -6497.25    -11.1809    0.516815    6.92421    
1    69    46    -6498.12    -12.5641    0.52405    6.90558    
1    70    47    -6497.57    -12.3445    0.525915    6.90468    
1    72    48    -6494.26    -10.9586    0.534475    6.91659    
1    73    49    -6494.39    -12.1793    0.524492    6.91032    
1    74    50    -6494.87    -12.5424    0.524773    6.8647    
1    75    51    -6496.73    -11.5359    0.52473    6.85242    
1    76    52    -6498.69    -11.1397    0.525172    6.86053    
1    78    53    -6498.25    -11.0158    0.525374    6.82621    
1    79    54    -6497.06    -11.179    0.525066    6.83078    
1    81    55    -6499.17    -11.5438    0.525927    6.79093    
1    83    56    -6499.06    -11.2478    0.527109    6.8289    
1    85    57    -6497.96    -10.6342    0.521465    6.86634    
1    87    58    -6497.93    -10.5956    0.521865    6.88766    
1    89    59    -6494.67    -11.0961    0.523112    6.92156    
1    91    60    -6495.6    -12.0343    0.522191    6.92031    
1    92    61    -6495.53    -11.8093    0.521422    6.91028    
1    93    62    -6494.7    -11.5141    0.525937    6.92194    
1    94    63    -6492.54    -11.0062    0.524191    6.83327    
1    95    64    -6494.73    -15.5298    0.526197    6.71355    
1    96    65    -6492.05    -14.9461    0.526485    6.57211    
1    97    66    -6494.09    -13.5967    0.52669    6.5981    
