#Task    Step    numberOfAcceptedPeleSteps    currentEnergy    BindingEnergy    sasaLig    distance_A35SG_L1S1    
1    0    0    -6281.5    -1.67373    0.571238    6.92234    
1    1    1    -6450.18    -10.0505    0.564263    6.97703    
1    2    2    -6464.32    -11.0455    0.561326    6.91845    
1    3    3    -6472.86    -14.2959    0.532597    6.91514    
1    4    4    -6486.66    -15.4511    0.531629    6.70624    
1    5    5    -6488.25    -16.1524    0.548628    6.68226    
1    7    6    -6489.72    -17.6141    0.524038    6.70164    
1    11    7    -6488.13    -19.7016    0.520771    6.64852    
1    12    8    -6491.84    -18.397    0.533898    6.68901    
1    13    9    -6492.39    -18.4141    0.527955    6.69413    
1    21    10    -6493.79    -17.6049    0.523351    6.59903    
1    23    11    -6493.06    -10.9191    0.528531    6.8521    
1    24    12    -6493.23    -12.2439    0.522004    6.88704    
1    25    13    -6496.82    -17.8665    0.519832    6.65225    
1    28    14    -6500.16    -18.2288    0.519414    6.58801    
1    30    15    -6501.91    -17.9543    0.521662    6.58857    
1    31    16    -6500.16    -17.4805    0.520754    6.60346    
1    33    17    -6500.37    -16.8739    0.519527    6.60869    
1    34    18    -6502.4    -18.5565    0.518641    6.59134    
1    35    19    -6503.26    -17.5714    0.519703    6.60723    
1    38    20    -6500.56    -17.0517    0.520842    6.5965    
1    40    21    -6497.37    -16.0031    0.516288    6.54994    
1    41    22    -6502.22    -17.9561    0.521724    6.60575    
1    44    23    -6500.62    -17.4127    0.519781    6.61208    
1    45    24    -6497.86    -17.117    0.518508    6.62461    
1    50    25    -6497.81    -18.6634    0.522642    6.63913    
1    52    26    -6498.74    -17.6571    0.516961    6.60296    
1    53    27    -6499.33    -17.2119    0.520185    6.60318    
1    58    28    -6499.97    -16.5883    0.520458    6.6058    
1    62    29    -6500.21    -16.9592    0.520839    6.60521    
1    64    30    -6499.04    -15.953    0.517685    6.60975    
1    65    31    -6498.49    -16.9876    0.520902    6.5811    
1    68    32    -6497.25    -16.6363    0.520293    6.57998    
1    71    33    -6496.94    -17.6265    0.53029    6.50838    
1    72    34    -6498.09    -16.1308    0.52475    6.61847    
1    74    35    -6498.9    -17.6827    0.519715    6.60382    
1    75    36    -6492.7    -17.6072    0.528835    6.63408    
1    76    37    -6494.65    -18.8872    0.52712    6.62282    
1    81    38    -6495.88    -17.4778    0.531092    6.66784    
1    82    39    -6495.61    -17.06    0.531628    6.61571    
1    83    40    -6495.98    -17.7399    0.530344    6.59393    
1    85    41    -6496.07    -16.3346    0.531571    6.62512    
1    88    42    -6496.96    -16.0527    0.53097    6.62282    
1    90    43    -6497.16    -16.5332    0.532453    6.66153    
1    93    44    -6493.62    -16.6372    0.530663    6.62455    
1    95    45    -6496.96    -16.7678    0.533951    6.65609    
1    97    46    -6495.69    -16.9545    0.535888    6.61366    
1    99    47    -6495.03    -24.9033    0.519408    6.61527    
