#Task    Step    numberOfAcceptedPeleSteps    currentEnergy    BindingEnergy    sasaLig    distance_A35SG_L1S1    
1    0    0    -7183.86    -16.1596    0.39253    8.00432    
1    1    1    -7206.54    -14.8056    0.405258    7.94079    
1    2    2    -7204.66    -11.8908    0.373909    8.93939    
1    4    3    -7207.23    -14.9989    0.348679    8.19284    
1    8    4    -7205.92    -14.0903    0.358697    7.8696    
1    10    5    -7210.16    -16.9786    0.373224    7.91187    
1    12    6    -7209.02    -14.704    0.405811    7.65218    
1    14    7    -7209.95    -15.9659    0.373994    7.96016    
1    22    8    -7209.84    -16.7561    0.381135    8.19615    
1    27    9    -7209.7    -16.7611    0.406386    8.0997    
1    31    10    -7210.08    -17.98    0.401023    7.97689    
1    35    11    -7210.24    -20.4805    0.379602    8.43133    
1    36    12    -7211.98    -15.5882    0.422644    8.03908    
1    40    13    -7212.58    -17.4435    0.394165    7.885    
1    47    14    -7206.69    -11.8146    0.448712    9.32719    
1    48    15    -7209.85    -12.9221    0.40466    8.29746    
1    52    16    -7215.42    -18.4339    0.396522    7.73832    
1    60    17    -7211.55    -16.9525    0.393897    7.75671    
1    67    18    -7213.21    -16.7846    0.379701    7.69027    
1    79    19    -7209.69    -14.0378    0.419215    7.88003    
1    80    20    -7212.04    -14.2163    0.435405    8.78505    
1    82    21    -7212.17    -17.2783    0.41112    8.00197    
1    92    22    -7212.61    -18.1041    0.372232    7.73367    
