#Task    Step    numberOfAcceptedPeleSteps    currentEnergy    BindingEnergy    sasaLig    distance_A35SG_L1S1    
1    0    0    -7171.4    -19.7726    0.307376    8.99764    
1    1    1    -7176.96    -18.0602    0.297843    6.80042    
1    3    2    -7183.74    -10.6913    0.301028    6.47905    
1    4    3    -7182.94    -8.27147    0.33249    6.41088    
1    5    4    -7185.7    -12.0652    0.364713    6.63768    
1    6    5    -7183.83    -10.7704    0.395777    6.74205    
1    8    6    -7184.14    -9.08302    0.352072    6.72899    
1    10    7    -7187.34    -10.8836    0.382284    6.80021    
1    12    8    -7190.83    -10.7731    0.396245    6.8968    
1    15    9    -7193.43    -13.0815    0.380254    6.30278    
1    18    10    -7195.52    -14.31    0.347903    6.16154    
1    24    11    -7194.78    -16.0044    0.334344    6.08599    
1    26    12    -7191.12    -10.2554    0.309342    6.15172    
1    29    13    -7190.62    -15.146    0.307796    5.21833    
1    32    14    -7186.37    -13.7057    0.340127    6.12972    
1    36    15    -7190.83    -16.0345    0.356114    5.79235    
1    38    16    -7188.63    -12.5153    0.309133    5.03878    
1    39    17    -7193.79    -19.5314    0.322985    5.49041    
1    42    18    -7193.37    -14.4084    0.28627    4.77115    
1    43    19    -7192.5    -13.7615    0.30699    6.91223    
1    45    20    -7193.02    -14.4437    0.318951    7.06057    
1    46    21    -7193.04    -13.4331    0.373454    7.43885    
1    47    22    -7190.89    -15.4367    0.330703    7.59878    
1    51    23    -7198.14    -17.8791    0.334383    7.69498    
1    53    24    -7194.87    -18.1122    0.344966    7.99154    
1    54    25    -7195.67    -16.1812    0.369175    8.02042    
1    56    26    -7198.05    -16.3249    0.366426    7.92655    
1    60    27    -7192.3    -9.51928    0.43752    9.18983    
1    61    28    -7192.69    -6.19451    0.513499    10.1032    
1    62    29    -7192.94    -6.12792    0.501562    10.5414    
1    64    30    -7189.38    -3.25457    0.517867    8.95667    
1    65    31    -7192.51    -9.05754    0.4183    9.41134    
1    69    32    -7190.31    -13.6453    0.414172    9.19556    
1    71    33    -7193.5    -12.5857    0.427947    9.18046    
1    72    34    -7195.17    -12.0879    0.430701    9.17517    
1    74    35    -7198.4    -15.6424    0.403101    8.91228    
1    81    36    -7195.91    -15.6136    0.407017    9.00892    
1    82    37    -7197.92    -13.6921    0.420143    9.29261    
1    83    38    -7195.18    -10.0695    0.445148    9.58106    
1    85    39    -7200.31    -17.4845    0.400363    8.93283    
1    99    40    -7201.09    -17.6345    0.394557    8.74763    
