#Task    Step    numberOfAcceptedPeleSteps    currentEnergy    BindingEnergy    sasaLig    distance_A35SG_L1S1    
1    0    0    -7181.91    -12.3928    0.515363    6.86489    
1    1    1    -7197.7    -3.44897    0.489102    4.05041    
1    3    2    -7198.99    -3.80537    0.541356    4.33495    
1    6    3    -7201.62    -5.7266    0.527185    4.04867    
1    7    4    -7207.62    -8.25146    0.479998    4.28596    
1    8    5    -7207.3    -8.83236    0.462697    4.23719    
1    10    6    -7209.08    -9.68694    0.501906    3.8479    
1    12    7    -7207.41    -9.24589    0.540205    3.64497    
1    13    8    -7207.57    -13.9687    0.491323    4.4431    
1    18    9    -7203.89    -11.5724    0.482455    4.33341    
1    22    10    -7197.85    -3.06438    0.552434    3.3497    
1    23    11    -7205.39    -10.151    0.520021    7.99903    
1    24    12    -7203.74    -8.36713    0.581961    7.0276    
1    26    13    -7202.29    -5.62019    0.548705    7.14489    
1    27    14    -7202.01    -9.71216    0.527169    8.6957    
1    31    15    -7201.13    -8.47205    0.507026    9.76757    
1    32    16    -7199.58    -9.10883    0.490671    9.45637    
1    36    17    -7190.95    -8.3542    0.603738    8.03569    
1    37    18    -7192.17    -3.842    0.607225    11.8365    
1    38    19    -7192.38    -2.42679    0.559925    11.4952    
1    43    20    -7192.97    -6.90729    0.549916    11.5996    
1    44    21    -7192.88    -6.18439    0.537257    11.4649    
1    45    22    -7192.35    -5.8062    0.501813    11.6298    
1    46    23    -7190.57    -4.16298    0.519339    11.9849    
1    47    24    -7192.02    -3.79724    0.514142    11.8016    
1    49    25    -7196.37    -5.997    0.553419    11.8339    
1    53    26    -7195.07    -7.20876    0.557133    11.6283    
1    54    27    -7195.11    -3.21228    0.571622    11.7871    
1    55    28    -7197.22    -4.99546    0.655349    11.1528    
1    71    29    -7196.43    -5.93259    0.604692    10.7105    
1    72    30    -7197.11    -4.58244    0.660173    11.1146    
1    74    31    -7193.3    -1.47223    0.623093    11.824    
1    77    32    -7198.95    -11.5989    0.508101    11.1049    
1    78    33    -7201.67    -14.1281    0.466162    10.5964    
1    83    34    -7200.08    -13.1136    0.50246    10.6275    
1    84    35    -7191.22    -1.36505    0.608237    11.9552    
1    85    36    -7190.06    -10.7406    0.62189    11.2454    
1    86    37    -7186.3    -1.11475    0.757877    11.4116    
1    87    38    -7190.2    -1.21981    0.677901    11.2023    
1    94    39    -7190.12    -0.286452    0.649582    11.4594    
1    95    40    -7190.34    0.21238    0.677041    11.7368    
1    97    41    -7189.26    0.510273    0.647167    11.4617    
1    98    42    -7189.84    0.980688    0.630712    11.8391    
1    99    43    -7195.09    -12.7762    0.552391    11.5827    
