#Task    Step    numberOfAcceptedPeleSteps    currentEnergy    BindingEnergy    sasaLig    distance_A35SG_L1S1    
1    0    0    -7181.81    -13.2726    0.435817    8.43353    
1    1    1    -7203.12    -13.4775    0.377353    7.89183    
1    5    2    -7200.58    -13.4812    0.373247    8.086    
1    6    3    -7199.55    -9.67693    0.344416    8.09124    
1    8    4    -7201.77    -12.6778    0.38292    8.15167    
1    12    5    -7207.43    -15.227    0.408084    8.28051    
1    19    6    -7201.93    -12.6205    0.413909    8.36209    
1    21    7    -7202.87    -13.8392    0.343185    7.66581    
1    22    8    -7203.47    -14.3299    0.337588    8.01992    
1    36    9    -7199.83    -8.97679    0.378589    8.49614    
1    37    10    -7198.75    -13.4848    0.326828    8.15198    
1    42    11    -7201.07    -14.3923    0.335572    8.1547    
1    45    12    -7195.63    -12.8238    0.337201    8.3986    
1    48    13    -7198.65    -10.9296    0.384525    9.07277    
1    49    14    -7195.19    -7.23451    0.426453    9.68047    
1    50    15    -7202.9    -10.6725    0.389939    9.05014    
1    55    16    -7202.47    -13.7177    0.350311    8.3985    
1    56    17    -7204.55    -12.1333    0.343267    8.58922    
1    58    18    -7199.89    -8.41372    0.327716    8.47203    
1    61    19    -7202.49    -19.0033    0.338956    8.11674    
1    65    20    -7207.02    -25.2123    0.282999    8.42077    
1    72    21    -7206.68    -23.8638    0.294038    8.37942    
1    79    22    -7208.08    -22.3749    0.303833    8.3838    
1    82    23    -7207.81    -22.5376    0.293319    8.3071    
1    85    24    -7205.87    -24.7661    0.285552    8.42787    
1    89    25    -7207.44    -21.4403    0.292967    8.17065    
