#Task    Step    numberOfAcceptedPeleSteps    currentEnergy    BindingEnergy    sasaLig    distance_A35SG_L1S1    
1    0    0    -7177.49    -17.1637    0.456148    6.38972    
1    1    1    -7180.51    -10.879    0.453693    8.66175    
1    3    2    -7181.61    -7.90069    0.57351    8.09238    
1    4    3    -7187.41    -9.75053    0.579463    7.68729    
1    5    4    -7188.82    -12.8436    0.504898    7.62009    
1    24    5    -7190.29    -12.6366    0.532796    7.10713    
1    25    6    -7188.44    -12.5117    0.5522    7.06169    
1    28    7    -7187.45    -10.7021    0.575773    6.88771    
1    32    8    -7190.36    -13.8567    0.635107    7.54299    
1    33    9    -7188.37    -6.40302    0.634147    5.45636    
1    34    10    -7191.35    -5.38592    0.646088    7.25069    
1    38    11    -7185.27    -0.577833    0.752481    11.5372    
1    39    12    -7193.15    -9.20835    0.795748    12.2791    
1    40    13    -7192.69    -13.478    0.749994    11.8595    
1    46    14    -7188.37    -8.50372    0.745794    11.6924    
1    47    15    -7187.94    -6.36491    0.779132    11.3145    
1    48    16    -7192.22    -12.5308    0.758008    10.5054    
1    51    17    -7194.35    -13.6568    0.746704    9.5614    
1    53    18    -7195.76    -13.3737    0.773625    10.5837    
1    54    19    -7196.17    -13.0955    0.731678    10.4602    
1    55    20    -7194.46    -13.9712    0.760535    10.5226    
1    57    21    -7194.84    -15.6829    0.688208    10.0395    
1    60    22    -7193.37    -10.9031    0.693021    10.2987    
1    62    23    -7196.8    -16.1182    0.686399    9.76775    
1    63    24    -7200.94    -16.8161    0.680922    7.5068    
1    64    25    -7199.73    -14.8863    0.69239    7.19095    
1    65    26    -7201.88    -17.3835    0.643228    6.55362    
1    67    27    -7191.48    -1.2843    0.6528    4.58617    
1    68    28    -7199.48    -9.34397    0.605636    4.5577    
1    75    29    -7202.61    -16.0446    0.582365    4.70179    
1    76    30    -7201.97    -15.5108    0.566684    4.75223    
1    78    31    -7199.32    -18.7749    0.554035    4.57319    
1    80    32    -7204.16    -20.3118    0.507136    4.63182    
1    85    33    -7204.91    -22.2902    0.505545    7.16901    
1    87    34    -7208.03    -30.4752    0.459826    6.63996    
1    94    35    -7207.5    -30.9114    0.470585    7.47819    
1    100    36    -7210.85    -30.2343    0.46623    7.54746    
