#Task    Step    numberOfAcceptedPeleSteps    currentEnergy    BindingEnergy    sasaLig    distance_A35SG_L1S1    
1    0    0    -7166.98    -11.4253    0.493487    8.44242    
1    1    1    -7195.32    -10.7799    0.537247    7.83849    
1    4    2    -7190.52    5.78479    0.491212    7.78588    
1    5    3    -7193.78    -9.51248    0.447617    9.68865    
1    7    4    -7194.36    -7.69938    0.461607    10.3263    
1    11    5    -7196    -11.2598    0.451963    10.0187    
1    14    6    -7198.85    -9.09243    0.471959    9.84523    
1    17    7    -7201.49    -12.2131    0.456367    9.23917    
1    20    8    -7203.07    -10.603    0.463586    9.50421    
1    27    9    -7204.35    -15.5157    0.481127    9.30695    
1    29    10    -7204.14    -20.7449    0.472851    9.46621    
1    30    11    -7206.97    -19.3059    0.460237    9.52772    
1    34    12    -7201.65    -14.0616    0.466456    10.1064    
1    45    13    -7201.68    -22.6326    0.506098    12.7499    
1    48    14    -7197.59    -19.3383    0.533377    11.5665    
1    49    15    -7196.74    -19.6342    0.478876    11.9372    
1    51    16    -7199.23    -19.7211    0.498319    11.7839    
1    53    17    -7208.65    -24.5011    0.514844    11.7911    
1    54    18    -7211.74    -27.373    0.505018    11.6557    
1    62    19    -7210    -24.6787    0.499969    11.64    
1    64    20    -7212.02    -26.7504    0.503277    11.6267    
1    66    21    -7210.67    -26.3035    0.515222    11.5496    
1    78    22    -7212.31    -27.7598    0.495283    11.4485    
1    80    23    -7214.16    -29.2806    0.511081    11.424    
1    85    24    -7213.96    -30.3543    0.508705    11.3574    
1    86    25    -7212.36    -30.0371    0.504116    11.446    
1    92    26    -7210.08    -26.2078    0.532787    11.5607    
