#Task    Step    numberOfAcceptedPeleSteps    currentEnergy    BindingEnergy    sasaLig    distance_A35SG_L1S1    
1    0    0    -7166.78    -28.8607    0.324563    7.60911    
1    1    1    -7182.85    -20.4858    0.397289    6.19065    
1    4    2    -7183.8    -16.4701    0.424097    6.57804    
1    8    3    -7177.7    -12.8667    0.412301    7.89619    
1    9    4    -7185.97    -26.3965    0.431218    8.3328    
1    10    5    -7190.49    -28.9495    0.423486    8.01854    
1    11    6    -7190.48    -26.1315    0.46631    10.8856    
1    12    7    -7191.86    -23.6687    0.501198    11.867    
1    13    8    -7188.03    -23.9243    0.481708    11.7417    
1    17    9    -7186.04    -23.5333    0.479069    11.7566    
1    20    10    -7188.02    -23.89    0.452821    11.6041    
1    22    11    -7187.7    -21.4102    0.499873    12.6975    
1    26    12    -7191.37    -23.5664    0.520945    12.2378    
1    30    13    -7193.15    -22.523    0.531895    12.3296    
1    32    14    -7193.87    -23.104    0.473936    11.8229    
1    34    15    -7195.51    -22.9579    0.491166    12.3775    
1    41    16    -7189.17    -20.0938    0.445036    11.8148    
1    42    17    -7193.57    -22.6985    0.485167    11.7387    
1    43    18    -7195.63    -23.5895    0.508893    12.2654    
1    70    19    -7198.48    -23.7979    0.583188    12.3071    
1    74    20    -7199.74    -24.9188    0.573186    12.4916    
1    85    21    -7198.69    -24.0085    0.610115    12.2418    
1    86    22    -7197.8    -25.1339    0.604546    11.8689    
1    88    23    -7194.89    -22.8948    0.553875    11.1475    
