#Task    Step    numberOfAcceptedPeleSteps    currentEnergy    BindingEnergy    sasaLig    distance_A35SG_L1S1    
1    0    0    -7183.99    -10.4156    0.421251    4.4375    
1    1    1    -7194.15    3.03921    0.468998    4.96472    
1    2    2    -7196.39    1.21423    0.554386    5.06528    
1    3    3    -7196.18    -0.211197    0.776534    4.68487    
1    4    4    -7198.64    0.137964    0.730605    5.67457    
1    5    5    -7200.87    0.585566    0.645423    4.61797    
1    8    6    -7203.2    -0.834584    0.679323    3.88259    
1    10    7    -7207.99    -5.75039    0.657666    3.87469    
1    11    8    -7206.15    -2.2796    0.587022    5.66257    
1    13    9    -7206.32    -4.66277    0.551799    4.4946    
1    15    10    -7199.58    0.203953    0.57389    5.61034    
1    18    11    -7206.82    -4.98018    0.554667    4.89853    
1    19    12    -7204.17    -3.14296    0.627586    9.27814    
1    22    13    -7205.82    -5.0537    0.611442    7.91104    
1    25    14    -7208.98    -8.67502    0.56527    7.3485    
1    28    15    -7206.98    -3.827    0.58432    6.64393    
1    30    16    -7203.77    -1.62667    0.546945    6.89146    
1    31    17    -7212.02    -8.4948    0.518859    8.21592    
1    33    18    -7214.7    -11.8777    0.522312    7.73128    
1    35    19    -7211.93    -8.75304    0.490304    7.65769    
1    42    20    -7215.12    -9.5993    0.526816    6.98989    
1    44    21    -7216.15    -11.1321    0.517391    6.81999    
1    46    22    -7217.32    -12.1849    0.477507    6.36679    
1    54    23    -7216.99    -11.9471    0.47562    6.74914    
1    56    24    -7215.33    -10.3304    0.464656    6.88804    
1    60    25    -7215.42    -9.71962    0.461867    6.97252    
1    62    26    -7217.19    -10.5955    0.485667    7.76442    
1    65    27    -7214.63    -12.6521    0.460938    6.50416    
1    76    28    -7216.82    -12.6556    0.463936    6.50886    
1    81    29    -7212.05    -9.59831    0.457135    6.14642    
1    83    30    -7207.66    -6.55026    0.486206    7.31326    
1    84    31    -7213.37    -11.3014    0.471127    6.06783    
1    87    32    -7212.07    -10.8053    0.493619    6.06519    
1    88    33    -7213.07    -11.2056    0.50052    6.53335    
1    90    34    -7215.12    -10.7478    0.507822    5.35622    
1    98    35    -7214.61    -12.2184    0.501844    5.98311    
