#Task    Step    numberOfAcceptedPeleSteps    currentEnergy    BindingEnergy    sasaLig    distance_A35SG_L1S1    
1    0    0    -7180.4    -17.1872    0.434053    11.5044    
1    1    1    -7201.64    -14.7367    0.412435    11.226    
1    3    2    -7200.82    -14.6975    0.41114    10.7018    
1    6    3    -7200.37    -10.3607    0.452662    10.6327    
1    7    4    -7200.98    -15.3866    0.452125    8.89207    
1    13    5    -7198.7    -19.9695    0.41214    9.34692    
1    15    6    -7199.47    -17.0063    0.437158    9.7618    
1    18    7    -7198.43    -16.7075    0.54975    9.95206    
1    21    8    -7195.89    -8.5212    0.674664    7.16982    
1    24    9    -7196.69    -9.54375    0.700694    8.32844    
1    28    10    -7199.29    -13.5449    0.645468    7.43972    
1    29    11    -7205.05    -26.753    0.483244    8.1755    
1    30    12    -7202.64    -20.7251    0.484812    8.36827    
1    33    13    -7199.85    -22.8904    0.466662    8.08322    
1    35    14    -7204.21    -17.721    0.489574    8.88331    
1    61    15    -7201.07    -23.5888    0.465248    9.44258    
1    68    16    -7200.98    -23.515    0.461398    9.32358    
1    69    17    -7203.64    -26.3306    0.462899    9.45476    
1    75    18    -7204.22    -25.5253    0.482625    9.61459    
1    81    19    -7204.06    -25.683    0.482512    9.5882    
1    96    20    -7203.26    -26.1887    0.463491    9.51228    
1    97    21    -7204.48    -27.1615    0.465306    9.41034    
