#Task    Step    numberOfAcceptedPeleSteps    currentEnergy    BindingEnergy    sasaLig    distance_A35SG_L1S1    
1    0    0    -7154.58    -15.5531    0.302142    6.38091    
1    1    1    -7171.77    -17.96    0.26661    6.53057    
1    3    2    -7171.29    -12.802    0.374472    6.49229    
1    4    3    -7178.49    -13.5409    0.376602    6.47508    
1    11    4    -7176.22    -13.174    0.365605    6.37767    
1    24    5    -7174.85    -10.8111    0.369146    6.44481    
1    30    6    -7170.84    -5.38441    0.454626    4.55253    
1    31    7    -7171.64    -8.76637    0.401114    5.06711    
1    33    8    -7167.93    -2.0363    0.415949    4.20343    
1    34    9    -7175.87    -6.69565    0.414926    5.00791    
1    41    10    -7175.28    -8.86206    0.397379    5.99989    
1    45    11    -7183.25    -13.3766    0.369217    4.99164    
1    49    12    -7180.91    -0.245474    0.541083    6.34879    
1    51    13    -7182.7    -4.19817    0.48614    4.97385    
1    52    14    -7183.5    -4.45237    0.507357    4.12402    
1    54    15    -7184.31    -6.06968    0.460422    3.68876    
1    56    16    -7178.78    -0.816341    0.435549    4.67507    
1    60    17    -7186.16    -7.36635    0.429929    4.9266    
1    64    18    -7186.14    -8.46885    0.39656    4.55595    
1    74    19    -7185.62    -6.95748    0.39046    4.2702    
1    75    20    -7188.71    -6.14517    0.439259    4.56625    
1    79    21    -7185.76    -2.6896    0.48001    4.74532    
1    81    22    -7186.49    -8.82814    0.434486    4.80009    
1    82    23    -7191.56    -11.0336    0.4253    5.00162    
1    83    24    -7189.31    -9.42972    0.43348    5.09672    
1    86    25    -7189.05    -10.6909    0.419211    5.2086    
1    91    26    -7184.95    -9.33131    0.410912    5.35735    
1    94    27    -7188.72    -10.1586    0.427805    5.38886    
1    98    28    -7187.39    -8.79215    0.410365    5.38146    
