#Task    Step    numberOfAcceptedPeleSteps    currentEnergy    BindingEnergy    sasaLig    distance_A35SG_L1S1    
1    0    0    -7175.13    -8.72318    0.431381    8.22688    
1    1    1    -7178.84    -6.06338    0.389348    8.06778    
1    2    2    -7183.56    -2.24813    0.441831    6.89156    
1    3    3    -7196.47    -8.14743    0.413736    6.84342    
1    5    4    -7193.75    -9.82589    0.406821    6.65125    
1    7    5    -7190.34    -6.21551    0.451019    10.0135    
1    11    6    -7193.81    -6.70516    0.513288    9.97268    
1    19    7    -7195.67    -9.79643    0.455377    10.0999    
1    20    8    -7198.36    -12.0051    0.455783    9.96264    
1    21    9    -7193.52    -9.29707    0.458173    9.8227    
1    22    10    -7192.26    -4.63878    0.47192    7.14698    
1    23    11    -7194.67    -6.25332    0.480105    4.5446    
1    26    12    -7193.13    -4.6    0.429191    5.4483    
1    28    13    -7191.98    -0.992167    0.464384    8.46992    
1    32    14    -7196.23    -5.20226    0.46183    4.3237    
1    33    15    -7196.79    -9.37895    0.426546    5.32156    
1    36    16    -7200.73    -9.38623    0.425366    5.37332    
1    41    17    -7200.34    -8.73993    0.433818    5.43042    
1    42    18    -7198.8    -5.68559    0.412707    5.51974    
1    47    19    -7190.32    -5.85803    0.488997    4.29352    
1    48    20    -7187.82    -2.48342    0.502977    4.80217    
1    50    21    -7187.55    -1.86974    0.485402    4.01689    
1    51    22    -7192.8    -0.785903    0.526707    5.8021    
1    53    23    -7192.45    -4.25514    0.484505    6.1392    
1    55    24    -7193.79    -9.77886    0.485113    9.47305    
1    56    25    -7193.21    -9.23936    0.470617    9.72384    
1    63    26    -7196.8    -11.486    0.434714    11.3054    
1    65    27    -7202.17    -29.8952    0.359453    8.43968    
1    81    28    -7203.04    -30.9419    0.353653    8.48746    
1    85    29    -7198.21    -31.2879    0.34093    8.27602    
1    87    30    -7194.6    -27.3633    0.378544    8.01422    
1    89    31    -7194.57    -30.2402    0.342381    9.36157    
1    90    32    -7197.53    -30.7794    0.34456    9.36011    
1    91    33    -7194.78    -28.6412    0.340088    9.62115    
1    92    34    -7195.51    -27.5055    0.370878    10.1748    
