#Task    Step    numberOfAcceptedPeleSteps    currentEnergy    BindingEnergy    sasaLig    distance_A35SG_L1S1    
1    0    0    -7174.49    -4.78352    0.634309    13.0582    
1    1    1    -7192.32    -5.07744    0.640621    13.1184    
1    2    2    -7193.34    -5.24291    0.639378    13.7092    
1    4    3    -7193.85    -6.0096    0.63965    14.2044    
1    6    4    -7192.29    -5.42579    0.654484    13.9898    
1    7    5    -7191.78    -3.01876    0.684946    13.6027    
1    8    6    -7189.57    -0.383029    0.727548    12.9293    
1    9    7    -7190.51    -3.68445    0.678585    13.0739    
1    10    8    -7192.73    -3.89426    0.657659    14.8027    
1    13    9    -7192.52    -2.13376    0.685088    14.3952    
1    17    10    -7186.39    -3.37387    0.657109    14.5291    
1    19    11    -7190.8    -4.13556    0.656354    14.529    
1    20    12    -7192.56    -4.92498    0.653324    14.1467    
1    22    13    -7192.21    -4.29252    0.657042    13.469    
1    23    14    -7190.68    -3.31273    0.674939    13.4882    
1    24    15    -7191.11    -2.48014    0.675855    12.7873    
1    26    16    -7188.78    -0.598402    0.655636    14.4898    
1    27    17    -7190.25    -1.242    0.752361    10.9087    
1    29    18    -7190.28    -1.73551    0.640478    14.4386    
1    30    19    -7191.61    -2.04864    0.628626    14.9796    
1    31    20    -7192.47    -4.3852    0.592923    14.5436    
1    32    21    -7193.03    -2.48485    0.640323    14.7972    
1    34    22    -7191.27    -1.86077    0.63026    15.337    
1    35    23    -7191.95    -1.94694    0.626219    14.224    
1    36    24    -7194.62    -3.18904    0.629241    13.4712    
1    37    25    -7200.49    -5.12252    0.622069    13.9081    
1    38    26    -7197.83    -3.88351    0.632571    12.7198    
1    39    27    -7199.02    -6.16296    0.619767    13.0551    
1    40    28    -7198.58    -5.45587    0.65426    13.7054    
1    46    29    -7198.09    -4.43766    0.663166    14.2858    
1    49    30    -7196.38    -3.66351    0.665505    14.2179    
1    51    31    -7195.91    -4.38136    0.659663    13.6497    
1    55    32    -7194.85    -3.14518    0.651126    14.308    
1    56    33    -7194.56    -2.25673    0.720469    13.8344    
1    59    34    -7191.33    1.78818    0.647186    13.507    
1    60    35    -7191.04    1.19946    0.701975    14.6718    
1    61    36    -7194.29    -4.49016    0.680482    13.9911    
1    62    37    -7194.37    -2.93067    0.677628    13.8643    
1    63    38    -7195.09    -2.42687    0.678728    14.736    
1    64    39    -7199.49    -5.14651    0.690353    14.6541    
1    67    40    -7199.08    -4.75328    0.663112    14.6775    
1    74    41    -7199.63    -5.46708    0.628907    14.4833    
1    75    42    -7199.66    -6.63561    0.592146    13.9825    
1    79    43    -7196.41    -6.21283    0.576968    13.5106    
1    80    44    -7199.04    -5.55501    0.594227    13.946    
1    86    45    -7199.34    -5.96694    0.604113    13.7909    
1    88    46    -7201.58    -8.3457    0.578696    13.4804    
1    92    47    -7188.73    -0.0870061    0.675182    12.9672    
1    93    48    -7187.89    -2.82498    0.658631    13.4621    
1    94    49    -7187.3    -2.55103    0.669792    14.3432    
1    96    50    -7191.07    -4.44834    0.635253    12.7706    
1    100    51    -7190.35    -6.02013    0.613765    11.4381    
