#Task    Step    numberOfAcceptedPeleSteps    currentEnergy    BindingEnergy    sasaLig    distance_A35SG_L1S1    
1    0    0    -7182.58    -17.1426    0.504775    3.83423    
1    1    1    -7207.94    -17.6376    0.466013    3.73688    
1    7    2    -7206.77    -16.1607    0.4959    3.91778    
1    13    3    -7207.82    -23.919    0.442088    3.8401    
1    33    4    -7208.33    -23.8548    0.452302    3.92983    
1    39    5    -7198.71    -12.7601    0.479544    3.71811    
1    43    6    -7191.68    -14.7439    0.417591    3.98964    
1    44    7    -7192.12    -12.4383    0.502902    3.82672    
1    45    8    -7194.91    -19.1524    0.45905    3.75247    
1    48    9    -7196.49    -18.3364    0.421555    5.68465    
1    54    10    -7202.63    -21.9645    0.406116    5.78056    
1    71    11    -7197.95    -15.5811    0.425864    5.9844    
1    73    12    -7198.8    -17.8358    0.403791    11.2486    
1    78    13    -7194.77    -14.6079    0.415707    11.2697    
1    83    14    -7200.55    -17.0247    0.419276    4.16511    
1    89    15    -7204.98    -21.3629    0.393274    5.39524    
1    95    16    -7206.87    -19.6023    0.404095    5.99942    
1    97    17    -7214.37    -21.9462    0.380322    5.7076    
1    98    18    -7210.72    -16.6155    0.396557    4.92746    
