#Task    Step    numberOfAcceptedPeleSteps    currentEnergy    BindingEnergy    sasaLig    distance_A35SG_L1S1    
1    0    0    -7182.72    -14.0992    0.464917    6.81324    
1    1    1    -7202.33    -14.8382    0.518326    6.13786    
1    2    2    -7201.16    -11.2217    0.50489    6.32629    
1    3    3    -7208.37    -15.8681    0.492562    6.11863    
1    5    4    -7206.79    -15.2817    0.530756    7.76014    
1    10    5    -7203.83    -13.0328    0.493328    6.02564    
1    13    6    -7207.66    -15.9436    0.491401    5.16742    
1    23    7    -7202.52    -13.2876    0.530132    7.17303    
1    24    8    -7208.9    -15.6272    0.532222    6.59272    
1    27    9    -7204.42    -14.1893    0.513887    5.59079    
1    35    10    -7203.25    -15.7704    0.527452    4.42007    
1    36    11    -7203.8    -14.1075    0.548153    6.08915    
1    37    12    -7203.86    -15.2281    0.542067    6.20651    
1    51    13    -7204.39    -15.0652    0.541404    4.77737    
1    52    14    -7197.4    -11.1682    0.519961    5.39389    
1    54    15    -7201.86    -11.7648    0.511831    4.33628    
1    57    16    -7201.54    -16.4766    0.520858    5.75353    
1    58    17    -7210.73    -20.1783    0.510965    4.2615    
1    61    18    -7211.01    -20.3857    0.502021    4.87746    
1    67    19    -7210.23    -20.0456    0.49431    4.70256    
1    71    20    -7209.9    -18.1053    0.499237    4.68151    
1    74    21    -7203.54    -11.8332    0.469733    5.96284    
1    75    22    -7203.38    -13.7546    0.458287    5.9471    
1    76    23    -7202.17    -10.3717    0.439317    6.33399    
1    77    24    -7208.85    -18.7667    0.372312    5.6712    
1    78    25    -7206.62    -15.7738    0.378282    5.65652    
1    81    26    -7211.03    -17.7798    0.376812    5.69581    
1    85    27    -7211.28    -23.0789    0.36865    5.64958    
1    87    28    -7210.6    -22.2589    0.350169    6.27621    
1    93    29    -7211.39    -24.4425    0.311613    6.31777    
