#Task    Step    numberOfAcceptedPeleSteps    currentEnergy    BindingEnergy    sasaLig    distance_A35SG_L1S1    
1    0    0    -7172.67    -8.04557    0.45747    6.26301    
1    1    1    -7186.21    -5.2407    0.508008    4.81238    
1    2    2    -7191.56    -6.3698    0.516751    5.82785    
1    4    3    -7192.96    -6.62692    0.510298    6.99076    
1    6    4    -7196.2    -10.3239    0.535434    6.92919    
1    9    5    -7198.12    -15.0287    0.459616    6.27961    
1    11    6    -7198.01    -14.2192    0.471357    6.29413    
1    15    7    -7194.4    -11.8302    0.451298    7.60126    
1    16    8    -7193.45    -7.1707    0.515318    7.63027    
1    17    9    -7200.69    -10.1971    0.436358    7.42484    
1    19    10    -7203.45    -10.7584    0.458876    7.51283    
1    22    11    -7203.49    -10.4701    0.478978    8.01378    
1    24    12    -7202.6    -8.54859    0.457751    7.55724    
1    26    13    -7199.85    -5.89769    0.485857    8.28191    
1    27    14    -7188.81    3.14454    0.718321    12.0921    
1    28    15    -7193.87    -0.277083    0.715159    11.2392    
1    29    16    -7191.05    -1.32768    0.656154    11.4336    
1    30    17    -7196.39    -5.14405    0.628128    11.409    
1    32    18    -7200.02    -7.18755    0.590903    10.911    
1    34    19    -7200.05    -7.93167    0.532053    9.57962    
1    35    20    -7200.8    -5.98945    0.529694    9.58896    
1    36    21    -7200.04    -6.44668    0.559602    9.33171    
1    38    22    -7199.42    -5.99061    0.552613    9.33931    
1    42    23    -7198.96    -5.57036    0.557473    8.613    
1    47    24    -7195.72    -5.63531    0.521434    8.51511    
1    49    25    -7196.69    -7.37052    0.529864    9.30221    
1    50    26    -7197.64    -8.19237    0.533984    6.44826    
1    51    27    -7206.34    -9.48006    0.580959    7.48888    
1    52    28    -7202.81    -5.60316    0.618101    9.0585    
1    53    29    -7208.4    -9.78151    0.576715    7.54219    
1    57    30    -7208.07    -8.63103    0.597787    8.26228    
1    62    31    -7207.32    -9.64019    0.575458    8.24721    
1    63    32    -7208.43    -8.01696    0.622683    8.99638    
1    64    33    -7207.47    -6.63944    0.635444    8.19743    
1    70    34    -7208.87    -8.00141    0.607486    8.80969    
1    72    35    -7209.65    -9.90121    0.578038    7.25765    
1    78    36    -7210.73    -9.95148    0.561213    6.72095    
1    79    37    -7210.31    -9.723    0.568557    7.79124    
1    89    38    -7208.63    -9.32245    0.559827    6.40744    
1    100    39    -7208.19    -8.32034    0.572593    6.25314    
