#Task    Step    numberOfAcceptedPeleSteps    currentEnergy    BindingEnergy    sasaLig    distance_A35SG_L1S1    
1    0    0    -7184.45    -30.1666    0.475529    8.70199    
1    2    1    -7208.76    -29.814    0.468475    9.07371    
1    3    2    -7208.14    -28.6668    0.471964    9.22422    
1    14    3    -7206.43    -26.0013    0.488187    9.07405    
1    15    4    -7206.13    -27.122    0.458849    8.76376    
1    22    5    -7204.76    -25.1584    0.468814    8.51899    
1    47    6    -7199.8    -22.3804    0.491001    8.34191    
1    48    7    -7202.7    -27.2777    0.474293    8.3273    
1    49    8    -7204.59    -29.2657    0.462817    8.49691    
1    59    9    -7204.04    -29.9481    0.444975    8.52493    
1    60    10    -7203.02    -29.1129    0.449318    8.93955    
1    62    11    -7206.61    -30.3265    0.457519    8.67621    
1    66    12    -7204.52    -25.1472    0.487224    8.81951    
1    71    13    -7203.48    -25.7616    0.477898    8.40963    
1    76    14    -7202.55    -27.2349    0.470958    8.55429    
1    77    15    -7207.06    -29.425    0.447213    8.35436    
1    83    16    -7200.32    -24.1419    0.47301    9.06263    
1    85    17    -7202.63    -25.9554    0.52953    9.12598    
1    86    18    -7202.99    -26.7645    0.486425    8.555    
1    87    19    -7199.6    -24.7855    0.476486    8.91901    
1    88    20    -7200.86    -26.4497    0.45124    8.85347    
1    89    21    -7200.84    -30.0437    0.455635    8.12326    
1    90    22    -7200.89    -27.0627    0.460954    8.12776    
1    91    23    -7200.01    -23.9536    0.478041    9.34248    
1    92    24    -7206.28    -29.0624    0.500113    9.33189    
1    94    25    -7205.71    -27.3242    0.513181    9.18927    
1    97    26    -7204.17    -25.6209    0.521922    9.30191    
