#Task    Step    numberOfAcceptedPeleSteps    currentEnergy    BindingEnergy    sasaLig    distance_A35SG_L1S1    
1    0    0    -7182.04    -24.5141    0.40469    6.22773    
1    3    1    -7186.83    -5.55963    0.400539    8.8664    
1    4    2    -7190.79    -9.62927    0.401416    8.74828    
1    5    3    -7192.04    -15.1448    0.364418    7.93232    
1    7    4    -7189.76    -15.6084    0.310742    6.84433    
1    9    5    -7189.82    -18.7398    0.308625    7.97529    
1    10    6    -7193.72    -18.0797    0.316402    8.31947    
1    11    7    -7194.52    -15.2202    0.372732    6.72431    
1    16    8    -7197.58    -16.7946    0.370168    6.58589    
1    17    9    -7199.26    -16.39    0.34495    7.5797    
1    18    10    -7198.06    -15.4596    0.334001    7.55815    
1    41    11    -7190.29    -16.7061    0.315231    6.94379    
1    42    12    -7195.54    -19.3189    0.346665    5.701    
1    48    13    -7193.56    -14.9147    0.413322    6.3302    
1    55    14    -7189.4    -11.2546    0.380298    6.43779    
1    58    15    -7189.45    -8.73971    0.387916    7.92859    
1    60    16    -7192.36    -10.6375    0.371463    6.683    
1    63    17    -7186.26    -6.32206    0.43033    6.47652    
1    65    18    -7195.9    -12.0779    0.371255    6.26657    
1    67    19    -7194.24    -11.9452    0.368287    8.11362    
1    69    20    -7196.49    -17.0165    0.347081    8.57846    
1    71    21    -7194.04    -11.4418    0.366961    8.37045    
1    72    22    -7200.76    -16.7223    0.3823    8.04624    
1    74    23    -7197.12    -11.2869    0.375688    8.04356    
1    76    24    -7192.18    -7.52902    0.385659    9.10177    
1    78    25    -7196.86    -17.0116    0.329336    7.7935    
1    79    26    -7207.31    -23.0345    0.347561    8.64476    
1    81    27    -7207.86    -21.7117    0.332006    8.67679    
1    83    28    -7209.25    -22.1381    0.34643    8.94437    
1    87    29    -7206.76    -22.122    0.365017    8.19844    
1    88    30    -7202.4    -12.7667    0.417051    9.00531    
1    95    31    -7200.11    -15.1805    0.393111    9.28673    
1    97    32    -7197.23    -13.2554    0.388164    9.55904    
