#Task    Step    numberOfAcceptedPeleSteps    currentEnergy    BindingEnergy    sasaLig    distance_A35SG_L1S1    
1    0    0    -7187.57    -32.097    0.441614    9.91861    
1    2    1    -7200.23    -20.6659    0.473784    10.4529    
1    4    2    -7212.34    -31.2527    0.441437    9.50023    
1    5    3    -7211.78    -33.1232    0.467556    9.41286    
1    9    4    -7210.59    -33.7138    0.457659    9.12886    
1    24    5    -7211.96    -32.0503    0.413551    8.16476    
1    25    6    -7209.55    -28.1791    0.387634    7.26263    
1    28    7    -7205.26    -24.0176    0.433707    8.03595    
1    30    8    -7206.52    -24.4559    0.418357    7.79159    
1    32    9    -7205.78    -23.1919    0.445904    8.72653    
1    34    10    -7209.56    -27.6326    0.404002    8.02156    
1    44    11    -7209.39    -26.9212    0.420679    8.38694    
1    61    12    -7214.76    -32.334    0.413123    8.35934    
1    90    13    -7213.58    -32.4201    0.413439    8.5036    
