#Task    Step    numberOfAcceptedPeleSteps    currentEnergy    BindingEnergy    sasaLig    distance_A35SG_L1S1    
1    0    0    -7164.08    -14.5825    0.598904    9.46177    
1    1    1    -7190.08    -13.3921    0.578518    9.2108    
1    2    2    -7191.33    -12.3667    0.596738    9.51949    
1    6    3    -7190.23    -15.5545    0.554854    9.63771    
1    12    4    -7188.12    -13.7551    0.563644    9.31482    
1    13    5    -7185.43    -11.284    0.588242    9.66635    
1    14    6    -7186.24    -11.7486    0.602525    9.75304    
1    17    7    -7183.5    -10.9394    0.602069    10.1386    
1    20    8    -7183.71    -10.8184    0.631867    10.8624    
1    21    9    -7182.92    -5.60216    0.680967    13.0624    
1    22    10    -7184.27    -2.78479    0.654293    10.275    
1    26    11    -7185.1    -1.80495    0.617937    10.8109    
1    31    12    -7191.49    -12.7974    0.589967    9.69184    
1    33    13    -7183.68    -10.9917    0.60088    10.2832    
1    35    14    -7182.97    -11.1028    0.602945    9.45112    
1    40    15    -7183.58    -8.79056    0.606688    9.82591    
1    43    16    -7187.21    -11.3985    0.603994    9.69463    
1    48    17    -7190.15    -12.3127    0.59818    9.85743    
1    52    18    -7188.57    -11.9533    0.602676    10.0891    
1    53    19    -7189.98    -13.7132    0.603633    9.45354    
1    57    20    -7189.78    -14.0805    0.572027    9.40837    
1    58    21    -7187.4    -9.26808    0.61737    9.62702    
1    59    22    -7193.24    -14.69    0.595079    9.3446    
1    60    23    -7195.47    -12.2761    0.624765    9.56529    
1    62    24    -7199.42    -15.7125    0.598095    9.38542    
1    64    25    -7194.13    -9.71787    0.626601    9.64038    
1    69    26    -7196.17    -13.5049    0.596968    9.46905    
1    70    27    -7197.32    -12.9737    0.616026    9.56857    
1    72    28    -7198.18    -13.5171    0.591546    9.43189    
1    75    29    -7196.62    -12.2512    0.583182    9.63423    
1    76    30    -7199.7    -14.4664    0.578386    9.40332    
1    83    31    -7194.92    -9.88144    0.583802    9.87604    
1    86    32    -7196.45    -11.0745    0.580063    9.60566    
1    93    33    -7197.15    -13.2501    0.57092    9.3504    
1    96    34    -7196.15    -12.8059    0.583029    9.46079    
1    97    35    -7196.16    -12.4105    0.570023    9.64295    
1    98    36    -7198.15    -11.0767    0.579243    9.98719    
1    99    37    -7195.68    -12.3403    0.60968    10.1626    
