#Task    Step    numberOfAcceptedPeleSteps    currentEnergy    BindingEnergy    sasaLig    distance_A35SG_L1S1    
1    0    0    -7176.9    -4.61545    0.564661    8.55138    
1    1    1    -7193.96    0.159093    0.511609    8.60117    
1    2    2    -7201.61    -2.82979    0.545529    8.11414    
1    6    3    -7201.14    -2.4504    0.556229    7.93302    
1    9    4    -7197.66    -4.74425    0.527246    9.6408    
1    10    5    -7199.63    -1.79043    0.521096    9.02477    
1    14    6    -7190.27    1.81258    0.638693    8.92973    
1    15    7    -7189.02    2.56068    0.645079    8.1833    
1    17    8    -7194.29    -1.90663    0.633232    8.4112    
1    19    9    -7196.14    -3.91209    0.605073    9.42119    
1    20    10    -7195.56    -2.53411    0.566877    10.4917    
1    21    11    -7195.18    -5.58978    0.554785    10.0238    
1    26    12    -7195.07    -6.59881    0.561555    9.37397    
1    41    13    -7194.1    -5.12163    0.553391    10.1341    
1    42    14    -7197.19    -6.81697    0.561419    9.22471    
1    48    15    -7194.1    -3.53083    0.608147    9.24171    
1    49    16    -7193.98    -6.52894    0.557693    9.11023    
1    50    17    -7190.08    -2.84122    0.57544    10.1705    
1    53    18    -7188.74    -5.66038    0.588064    8.90078    
1    55    19    -7189.38    -6.4399    0.580162    8.79235    
1    57    20    -7189.22    -5.37579    0.57455    9.50863    
1    58    21    -7189.85    -3.25541    0.600477    9.65408    
1    66    22    -7187.59    -1.10817    0.607422    10.0032    
1    68    23    -7191.48    -4.00787    0.619297    9.37143    
1    70    24    -7192.31    -3.56238    0.593303    9.70206    
1    74    25    -7188.2    -0.363268    0.617814    6.56916    
1    77    26    -7193.74    -5.00545    0.587765    6.34363    
1    79    27    -7195.49    -5.26235    0.570107    6.3604    
1    81    28    -7194.69    -5.82095    0.567692    6.51251    
1    84    29    -7198.36    -7.51098    0.520434    6.73249    
1    85    30    -7185.49    2.52656    0.553083    7.63727    
1    86    31    -7190.61    -0.7754    0.621721    7.90427    
1    88    32    -7190.1    0.419274    0.608601    8.38936    
1    90    33    -7192.13    0.443465    0.61882    9.69704    
1    92    34    -7194.14    -1.54168    0.594146    8.0683    
1    94    35    -7193.68    -1.06463    0.585242    8.41888    
1    95    36    -7193.75    -3.11878    0.625448    8.2261    
1    98    37    -7194.05    -2.98248    0.594982    7.93021    
1    99    38    -7193.37    -1.80235    0.626647    8.62709    
1    100    39    -7193.76    -1.67588    0.642659    8.18213    
