#Task    Step    numberOfAcceptedPeleSteps    currentEnergy    BindingEnergy    sasaLig    distance_A35SG_L1S1    
1    0    0    -7193.57    -18.3096    0.506293    6.65007    
1    1    1    -7213.58    -18.5684    0.52704    6.59328    
1    2    2    -7214.18    -16.111    0.560238    6.43145    
1    8    3    -7217.7    -18.5788    0.516369    6.72128    
1    11    4    -7220.08    -20.8137    0.492685    6.56053    
1    17    5    -7220.93    -21.0806    0.50482    6.49775    
1    18    6    -7221.36    -19.1532    0.511726    6.59824    
1    29    7    -7221.32    -20.7583    0.48527    6.55359    
1    31    8    -7218.85    -20.9829    0.453474    6.73256    
1    33    9    -7221.79    -21.9244    0.477538    6.52221    
1    35    10    -7220.32    -18.859    0.526387    6.34311    
1    36    11    -7222.35    -18.8232    0.523848    6.65993    
1    43    12    -7215.96    -12.9184    0.561456    6.98827    
1    44    13    -7218.95    -16.8712    0.502413    6.43122    
1    47    14    -7219.75    -15.2124    0.510334    7.01142    
1    49    15    -7221.32    -19.349    0.463533    6.486    
1    58    16    -7217.41    -15.9726    0.484055    7.10962    
1    61    17    -7217.42    -19.2141    0.458661    6.87724    
1    63    18    -7213.99    -14.4457    0.502007    7.37295    
1    67    19    -7217.62    -16.8599    0.474874    7.31979    
1    70    20    -7219.1    -18.111    0.467076    6.43856    
1    71    21    -7218.11    -16.844    0.493354    6.33047    
1    74    22    -7218.5    -16.5691    0.496003    6.51176    
1    75    23    -7220.81    -19.3756    0.461527    6.33156    
1    87    24    -7221.92    -18.7835    0.499076    6.43697    
1    89    25    -7220.29    -18.2062    0.461788    6.30659    
1    91    26    -7220.39    -18.463    0.485874    6.70443    
1    94    27    -7216.35    -14.1505    0.500652    6.82992    
1    97    28    -7217.73    -15.0944    0.503865    7.25152    
