#Task    Step    numberOfAcceptedPeleSteps    currentEnergy    BindingEnergy    sasaLig    distance_A35SG_L1S1    
1    0    0    -7184.3    -12.3109    0.420873    7.79813    
1    1    1    -7213.34    -20.4513    0.371111    7.70598    
1    7    2    -7212.73    -20.8204    0.350387    7.855    
1    8    3    -7208.85    -16.7833    0.368935    7.87345    
1    9    4    -7212.95    -24.9533    0.323441    7.73322    
1    17    5    -7211.54    -19.8772    0.332442    7.62227    
1    20    6    -7213.53    -23.0269    0.338989    7.78416    
1    24    7    -7212.6    -19.9392    0.372008    7.74652    
1    25    8    -7215.31    -23.6815    0.310288    7.86969    
1    29    9    -7215.43    -24.7639    0.292165    7.80852    
1    31    10    -7214.95    -24.5688    0.293736    7.79229    
1    39    11    -7214.07    -24.0532    0.310073    7.81896    
1    46    12    -7213.29    -21.7733    0.323598    7.83235    
1    51    13    -7213.13    -20.572    0.361899    7.96712    
1    52    14    -7199.94    -5.1677    0.369536    7.3867    
1    53    15    -7213.81    -16.3595    0.402663    7.02732    
1    55    16    -7212.26    -12.671    0.441673    6.99131    
1    62    17    -7212.6    -14.5301    0.437413    7.46176    
1    66    18    -7209.4    -9.3058    0.43869    7.08217    
1    69    19    -7207.16    -17.5778    0.350487    7.33846    
1    70    20    -7207.36    -10.817    0.394201    7.43456    
1    71    21    -7211.79    -16.0758    0.358675    7.3709    
1    73    22    -7211.19    -17.2044    0.363386    7.48207    
1    81    23    -7204.84    -13.1032    0.347768    7.5804    
1    83    24    -7209.43    -15.7683    0.366868    7.91692    
1    84    25    -7207.45    -14.6667    0.38789    7.89205    
1    86    26    -7211.64    -17.5311    0.401978    8.05449    
1    89    27    -7213.55    -17.1081    0.401039    7.87444    
1    91    28    -7211.6    -16.0499    0.44074    7.74452    
1    92    29    -7212.07    -14.8266    0.412036    8.41767    
1    94    30    -7208.6    -13.0534    0.38086    8.34069    
1    97    31    -7209.85    -16.6879    0.433806    8.61975    
1    99    32    -7211.54    -17.5313    0.411911    8.76227    
