#Task    Step    numberOfAcceptedPeleSteps    currentEnergy    BindingEnergy    sasaLig    distance_A35SG_L1S1    
1    0    0    -7197.34    -14.4865    0.37784    7.37505    
1    1    1    -7219.31    -13.2822    0.397854    7.42407    
1    5    2    -7219.13    -16.871    0.37018    7.30726    
1    7    3    -7218.54    -16.4587    0.353564    7.2671    
1    16    4    -7218.02    -13.6735    0.343341    7.33664    
1    17    5    -7217.64    -11.8755    0.350005    6.99222    
1    18    6    -7216.16    -8.54542    0.403723    7.21117    
1    19    7    -7215.97    -9.91551    0.405558    7.21391    
1    20    8    -7221.12    -10.7866    0.415469    7.39596    
1    26    9    -7221.52    -10.4484    0.435686    7.46631    
1    27    10    -7224.8    -16.213    0.366419    7.35415    
1    28    11    -7224.42    -15.3659    0.342719    7.26858    
1    29    12    -7212.79    -10.7259    0.351656    5.69383    
1    30    13    -7212.94    -3.96965    0.37163    5.32166    
1    39    14    -7216.41    -12.2004    0.36314    5.9458    
1    42    15    -7212.7    -7.78662    0.384164    5.90215    
1    43    16    -7218.09    -10.6346    0.358319    5.44401    
1    49    17    -7215.89    -12.7612    0.353021    5.76513    
1    51    18    -7213.81    -11.9541    0.362259    5.9799    
1    53    19    -7207.66    -6.46082    0.356837    7.24839    
1    55    20    -7207.61    -6.42125    0.423642    9.13759    
1    58    21    -7216.44    -10.768    0.478302    9.45196    
1    59    22    -7217.76    -10.7925    0.434731    9.47067    
1    63    23    -7217.74    -9.89617    0.432484    9.27063    
1    64    24    -7221.73    -12.972    0.372659    8.98725    
1    65    25    -7213.13    -8.16037    0.408887    9.93784    
1    67    26    -7212.1    -7.62846    0.340843    8.46077    
1    68    27    -7212.21    -4.21069    0.348992    8.1379    
1    70    28    -7220.46    -11.0229    0.353183    8.70995    
1    71    29    -7220.21    -15.0749    0.311896    7.95394    
1    72    30    -7221.47    -16.917    0.293077    7.67383    
1    74    31    -7216.89    -10.6955    0.347399    7.96771    
1    75    32    -7218.12    -18.9953    0.29758    8.72116    
1    79    33    -7218.33    -16.8852    0.316731    9.0318    
1    81    34    -7218.23    -18.1972    0.330933    9.39783    
1    88    35    -7218.3    -22.2959    0.318374    9.59642    
1    89    36    -7219.51    -25.8575    0.308318    9.2787    
1    91    37    -7219.81    -25.0452    0.335651    8.53361    
