#Task    Step    numberOfAcceptedPeleSteps    currentEnergy    BindingEnergy    sasaLig    distance_A35SG_L1S1    
1    0    0    -7177.79    -16.8114    0.63148    8.07016    
1    1    1    -7200.09    -14.0011    0.627832    8.44186    
1    3    2    -7203.52    -15.3767    0.618754    8.31696    
1    4    3    -7203.62    -15.1847    0.61111    8.22973    
1    5    4    -7202.23    -14.7047    0.60776    8.34786    
1    13    5    -7192.29    -10.0971    0.562261    8.66997    
1    14    6    -7195.22    -11.5384    0.530892    8.21901    
1    19    7    -7191.33    -11.4839    0.557123    7.97927    
1    20    8    -7196.01    -12.5402    0.56517    8.22985    
1    23    9    -7198.11    -18.1554    0.601653    7.5922    
1    26    10    -7198.19    -12.2623    0.648826    7.37484    
1    28    11    -7200.42    -14.6865    0.638151    7.82238    
1    30    12    -7200.32    -14.5096    0.617777    8.27079    
1    34    13    -7202    -16.1868    0.602405    8.66224    
1    35    14    -7203.35    -16.4497    0.628526    8.14079    
1    38    15    -7202.94    -15.8148    0.647532    8.87132    
1    40    16    -7202.51    -13.5753    0.613709    8.11463    
1    47    17    -7201.92    -6.83078    0.617154    8.34556    
1    48    18    -7204.91    -8.13484    0.591348    8.78897    
1    49    19    -7198.52    -11.5173    0.589992    8.29103    
1    51    20    -7202.95    -10.3863    0.57833    8.40172    
1    52    21    -7203.53    -10.4182    0.563017    8.29994    
1    53    22    -7205.62    -10.6301    0.541562    8.32822    
1    56    23    -7194.26    0.318713    0.567335    7.52943    
1    57    24    -7196.89    -14.892    0.54111    8.03707    
1    64    25    -7200.52    -15.9116    0.556787    8.07566    
1    69    26    -7196.01    -9.02331    0.544815    8.47055    
1    73    27    -7191.67    -7.51426    0.549571    5.47549    
1    74    28    -7195.47    -9.67285    0.54993    6.06231    
1    77    29    -7194.81    -8.87195    0.540522    5.83635    
1    79    30    -7200.21    -13.7932    0.528201    8.32372    
1    84    31    -7199.92    -10.44    0.534711    8.75388    
1    87    32    -7197.88    -6.79527    0.490651    10.8997    
1    89    33    -7196.43    -11.4858    0.476485    9.57248    
1    91    34    -7196.62    -10.4476    0.495417    10.5796    
1    93    35    -7201.44    -18.0999    0.474365    8.5751    
1    98    36    -7199.8    -11.1169    0.457691    7.7023    
1    99    37    -7204.73    -14.3201    0.490832    8.64978    
