#Task    Step    numberOfAcceptedPeleSteps    currentEnergy    BindingEnergy    sasaLig    distance_A35SG_L1S1    
1    0    0    -7177.28    -13.964    0.405549    5.79035    
1    2    1    -7203.44    -11.9004    0.411505    5.60926    
1    5    2    -7203.62    -12.8998    0.397112    6.04209    
1    21    3    -7204.03    -13.8481    0.377222    6.11392    
1    22    4    -7202.81    -13.6468    0.36624    6.14593    
1    23    5    -7200.44    -11.2099    0.428034    6.24834    
1    25    6    -7202.19    -12.6224    0.387266    5.50882    
1    31    7    -7204.29    -14.0433    0.395042    5.49171    
1    39    8    -7201.63    -10.5744    0.452233    5.68475    
1    46    9    -7204.14    -12.2175    0.386405    5.66641    
1    51    10    -7206.02    -14.4736    0.404692    6.29988    
1    62    11    -7203.24    -11.9041    0.472993    6.27081    
1    71    12    -7204.04    -13.9741    0.384416    5.73255    
1    73    13    -7202.64    -14.0698    0.377744    5.97797    
1    81    14    -7203.54    -14.0456    0.412241    5.82029    
1    87    15    -7202.1    -15.8987    0.389497    5.72587    
1    89    16    -7203.44    -13.8193    0.402609    5.58431    
1    99    17    -7203.73    -14.1522    0.394871    6.14347    
