43	3073	1.00	7.446E-75	0	352	353	0	352	353	353M
9	216	0.135	1.788E-09	23	351	353	8	315	320	4M3D14M9D8M3D11M3D12M10I10M4I6M2I15M2D3M1I5M1D23M4D6M2I34M8I3M5I4M19I15M2D11M6D9M1I13M12D3M1I6M1D9M2I10M6I17M7I7M1D3M
7	216	0.133	2.974E-09	28	351	353	3	325	330	6M1I3M3I19M5D3M1D6M9I2M2I20M1I13M2D5M1I6M1D24M5D7M2D44M26I29M10D13M4I6M10D1M5D2M1I6M1D11M2D6M6D11M1I18M3I3M1D8M
19	188	0.132	1.222E-08	26	351	353	4	365	391	15M2D7M1D11M2D3M15D12M10I10M4I19M1I9M3D7M4D16M6I19M8D6M1D8M42I4M2I4M1D21M12D7M7D10M3D2M4I7M40D6M5D5M8D15M5I13M2I14M
36	187	0.130	2.811E-09	25	352	353	2	363	364	25M6D10M3D3M2D3M11I3M8I4M2I4M1D15M4D10M2D5M1D19M2D3M6I5M3I12M7D14M10I4M29I3M3I20M17D5M6D6M1I2M2I4M2D3M3I6M7D5M16D4M8D2M28D14M5I12M3D9M2D11M
31	185	0.127	1.032E-08	25	351	353	2	354	371	16M2D6M1I2M2D10M4D11M3D13M4I6M4I19M9D14M3I16M6I32M8I4M2I2M33I23M16D4M4D17M4I7M8D8M22D3M26D15M6I10M1D18M
1	179	0.109	4.486E-08	25	352	353	2	348	350	11M2I12M1D11M4I16M6I5M4I21M3I9M5D3M5D18M6I21M8D26M36I20M14D20M2D3M3I7M22D6M37D2M2I15M2I3M3I10M4I14M
45	179	0.127	7.776E-09	26	351	353	3	362	366	24M6D10M2I11M5I2M8I4M2I4M1D25M6D5M1D19M1D3M5I6M3I12M7D13M10I5M6I3M26I20M17D9M2D3M2I5M6D3M4I6M7D5M16D4M8D2M28D15M4I3M1I8M5D6M1D13M
54	179	0.123	1.032E-08	25	351	353	2	362	366	25M6D10M2D3M1D5M10I2M8I4M2I4M1D25M6D5M1D19M2D2M6I6M3I12M7D14M10I4M16I5M16I19M14D11M3D14M2D6M7D5M16D2M38D2M2I15M4I3M1I8M5D6M1D13M
28	177	0.127	1.293E-08	26	351	353	3	362	366	24M6D10M2I2M7I3M7I3M1D8M2I4M1D25M6D5M1D20M1D2M5I6M3I12M7D13M10I5M6I3M26I20M17D9M2D3M2I5M6D3M4I6M7D5M16D4M8D2M28D15M4I3M1I8M5D6M1D13M
16	177	0.131	3.195E-08	26	352	353	4	366	391	14M2D8M1D11M2D3M15D12M10I7M1D2M5I19M1I9M3D7M4D16M6I20M8D5M1D8M20I6M23I24M12D8M4D8M6D3M4I7M32D4M8D2M5D5M8D15M5I11M1D6M3I10M
25	175	0.136	5.951E-08	26	351	353	3	364	371	14M5D9M1D11M2D6M6I9M7I3M1I2M3I22M7D29M1D2M2D3M2I6M3I16M8D9M10I4M28I4M4I25M18D6M3I6M3D2M4I6M7D2M43D4M12D3M2I14M2I4M3I11M6D5M1I10M
24	174	0.119	5.624E-08	25	351	353	2	364	368	15M5D10M1D10M2D20M18I16M5D5M2D29M1D2M7I6M1I12M8D15M39I6M3I20M19D19M6D3M4I6M9D6M52D3M2I16M4I3M1I7M5D19M
47	173	0.130	2.276E-08	23	351	353	1	369	381	5M1I21M6D9M2D4M1D7M18I4M2I4M1D26M6D4M1D20M3D10M5I17M8D8M8I2M2I4M6I3M26I22M13D6M2D4M2D7M1I6M3D6M7D4M43D3M13D2M2I16M5I9M5D20M
34	172	0.136	1.448E-08	24	351	353	2	362	366	6M1I19M6D10M2I11M5I2M8I4M2I4M1D25M6D5M1D19M2D2M6I6M3I12M7D14M10I4M6I3M26I20M19D5M4D6M1I11M3I6M7D5M16D4M8D2M28D12M4I6M1I11M2D6M4D10M
26	172	0.145	6.297E-08	26	351	353	3	364	371	14M5D9M1D11M2D6M6I9M7I3M1I2M3I22M7D28M2D2M1D4M2I6M3I12M8D13M10I4M28I4M4I25M18D6M3I6M3D2M4I6M7D2M43D4M12D3M2I14M2I4M3I11M6D9M1I6M
12	172	0.123	4.486E-08	24	351	353	1	369	381	16M5D10M1D9M2D4M1D5M10I2M8I4M2I4M1D26M6D4M1D20M3D10M5I11M5D7M3D9M33I7M9I19M17D10M2I1M2D7M1I6M3D6M7D5M17D2M39D2M2I16M5I13M2D6M3D10M
8	171	0.134	3.381E-08	23	351	353	1	365	391	17M2D8M1D11M2D3M13D3M2D9M6I4M4I3M1D2M5I19M1I20M7D12M6I20M8D5M1D8M20I6M23I24M12D8M4D8M1I6M3D7M40D6M5D5M8D15M5I12M1D5M3I9M
39	170	0.131	1.222E-08	28	351	353	1	356	361	22M6D10M2I11M5I2M8I4M2I4M1D26M6D4M1D19M1D3M5I6M3I12M7D14M10I4M6I3M26I22M13D10M3D7M6D3M4I6M7D5M16D4M8D2M28D12M4I6M1I8M5D19M
15	170	0.125	1.816E-08	26	351	353	3	361	366	24M6D10M2I11M5I2M8I4M2I4M1D25M6D5M1D20M1D2M5I6M3I12M7D13M10I5M6I3M26I20M17D9M2D3M2I5M6D3M4I6M7D5M16D4M8D2M28D15M4I3M1I8M5D19M
42	166	0.127	3.578E-08	25	351	353	2	362	366	25M6D10M2I11M5I2M8I4M2I4M1D25M6D5M1D20M1D2M5I6M3I12M7D13M10I5M6I3M26I20M17D9M2D3M2I5M6D3M4I6M7D9M24D2M28D12M4I6M1I8M5D8M1D11M
41	163	0.129	2.151E-08	9	348	353	15	354	356	13M4D4M5D21M1D13M2I10M9I1M4I5M3D5M2I26M6D9M1D18M3I7M3I16M1D10M3I10M2I1M3I1M17I3M11I20M7D6M1I9M1I14M30D6M19D3M7I11M2I14M7I7M
11	162	0.101	2.898E-07	26	352	353	2	318	319	10M1D5M1I18M3D9M19I6M5I4M1I8M3D5M1I10M10D21M7I21M1D11M6I8M8I5M23I21M6D11M2I13M1D6M33D7M17D2M2I15M4I4M1I7M5I15M
3	162	0.108	5.624E-08	25	350	353	2	383	389	23M1D11M3I9M10I20M2I14M9D14M3I15M7D5M1I4M3I13M2I3M3D8M3I3M3I6M15I7M18I11M6D3M17D5M1I18M4I6M12D6M7D2M41D3M30D16M5I12M3I1M1I11M
27	160	0.133	2.588E-07	26	351	353	3	364	370	14M5D9M1D11M2D3M1D6M8I3M6I5M1I2M3I31M7D20M1D2M2D6M5I15M8D13M10I4M28I4M4I25M18D6M3I5M3D3M4I6M7D5M17D1M38D3M2I14M2I4M3I8M5D19M
17	159	0.133	4.747E-08	24	351	353	2	362	366	6M1I19M6D10M2I11M5I2M8I4M2I4M1D24M6D6M1D19M2D2M6I6M3I12M4D5M3D9M10I4M6I3M26I20M17D9M2D3M2I5M6D3M4I6M7D5M16D4M8D2M28D12M4I6M1I11M3D7M3D9M
10	159	0.145	1.556E-07	23	351	353	1	364	390	17M2D8M1D12M3D3M12D2M2D9M6I4M4I3M1D2M5I19M1I20M7D12M6I21M7D4M2D8M20I6M7I3M16I18M2D4M11D4M5D12M3D2M4I7M8D10M25D1M20D15M5I15M1D2M3I9M
18	156	0.125	9.354E-08	15	351	353	10	381	388	15M1I9M5D9M1D11M2D3M1D8M7I3M7I3M1I2M3I22M3I12M10D14M1D2M2D9M5I12M8D13M10I5M6I3M26I25M18D6M3I5M3D3M4I6M7D5M17D1M38D3M2I14M2I4M3I11M6D9M1I6M
23	153	0.127	1.742E-07	15	351	353	10	381	388	15M1I9M5D9M1D11M2D3M1D8M7I3M7I3M1I2M3I22M3I12M10D13M2D2M1D4M2I6M3I12M8D13M10I5M6I3M26I25M18D6M3I5M3D3M4I6M7D5M17D1M38D3M2I16M5I13M6D7M1I8M
14	151	0.092	4.554E-07	24	347	353	1	343	352	14M2I10M1D11M4D18M18I25M6D6M1D29M6I17M5D1M3D10M5I3M34I2M3I22M3D3M9D3M7D5M1I10M3I6M23D11M34D14M5I27M
2	151	0.116	3.633E-07	25	350	353	2	379	385	23M1D12M2I4M6I2M7I7M3D8M5I18M6D29M1D2M5D3M3I21M2I9M3I3M3I6M15I7M18I11M6D3M11D6M5D11M1I7M3I7M78D6M5D4M8D16M4I3M1I9M4I12M
55	143	0.113	1.191E-06	27	352	353	4	350	354	9M2I12M1D10M4D21M7I4M7I19M10D14M3I15M6I24M8D9M4I10M27I2M7I20M2D4M9D3M1D2M1I5M1I10M3D7M7D3M40D3M12D2M2I14M1I4M4I12M4I12M
33	141	0.122	3.844E-07	27	348	353	49	362	364	10M2D5M1I17M2I5M11I4M2I7M3D5M2I25M6D10M1D24M6I17M1D13M3I4M12I6M21I20M3D5M6D11M4I13M31D6M17D3M4I15M3I10M5I2M2I7M
0	135	0.114	1.260E-06	26	352	353	7	348	351	5M1I5M4I9M1D10M4D11M15I3M4I10M1D15M4I12M11D16M6I23M8D12M5I2M36I1M3I3M6D17M4D5M7D3M1D2M1I16M2D7M7D4M19D7M31D14M2I3M3I12M3I13M
48	133	0.097	7.159E-07	9	348	353	22	362	364	10M7D6M1D2M1D10M2D5M1I17M5D3M1D10M2I4M18I26M6D8M1D18M6I25M1D13M24I12M12I23M9D11M4I13M31D6M17D3M3I2M1I13M3I10M5I2M2I7M
51	133	0.110	6.042E-07	26	350	353	21	371	385	13M4I7M15D6M1D5M5I9M5D6M10I2M2I7M1I9M7D3M10D6M10D15M9D9M1D5M2I25M1I9M2I5M6I2M7I11M7I8M5I6M1D11M2D24M5D8M1I2M1D6M1D4M4D11M2I10M1I6M5D7M5D12M
52	132	0.122	7.159E-07	26	350	353	23	371	383	7M3I4M2I8M14D6M1D4M5I10M4I6M4I23M7D4M10D5M10D15M9D16M1I24M1I7M3I5M12I14M7I9M2I7M2I9M2D26M5D8M1I4M1D4M1D4M1D12M1D15M13D3M1D6M5I8M
4	130	0.087	9.497E-07	9	348	353	22	362	364	10M7D6M1D2M1D10M2D5M1I17M5D3M1D10M2I4M18I26M6D10M1D16M6I25M1D13M24I12M12I23M9D10M4I14M31D6M17D3M3I2M2I11M2I12M5I2M2I7M
37	127	0.112	1.260E-06	9	348	353	20	360	362	9M8D6M1D20M1D16M2I5M11I6M2I5M3D5M2I29M3D6M4D18M3I9M1D13M3I9M2I5M22I6M15I2M3D20M7D4M2D10M4I13M7D15M37D14M3I10M5I2M2I7M
38	127	0.107	1.063E-06	9	348	353	20	360	362	9M8D6M1D20M1D16M5D2M1I16M18I30M3D6M4D18M3I9M1D13M3I9M2I5M22I6M15I2M3D20M7D4M2D10M4I14M6D14M38D14M3I12M7I7M
53	123	0.136	2.218E-06	24	351	353	16	372	384	3M4D6M3I4M2I8M14D6M1D4M4I11M5D4M3I5M1I5M9I10M7D4M10D5M10D15M9D15M1I25M1I7M1D2M9I2M7I13M6I1M1I9M5I6M1D9M2D26M5D8M1I2M1D8M2D30M3D9M7D13M
13	122	0.111	8.016E-07	8	351	353	0	316	319	4M2I8M3I2M2D9M5D4M3I3M1I10M3I14M12I15M2I5M2I11M14D18M1I10M1I5M6D21M1I10M1I5M37I17M3D6M4D7M5I13M4I3M2I3M7D7M5I26M6D10M7D4M4D9M
30	122	0.098	5.710E-07	9	344	353	17	349	352	13M9D15M2D5M1I17M2I5M7D4M2I7M12I7M5I8M3D11M5D8M3I14M7I6M2D15M3I9M8I2M19I6M11I29M4D16M4D3M3I7M32D6M3D1M1D5M10D2M3I3M2I19M4I8M
44	116	0.096	6.135E-06	16	351	353	10	341	346	17M3D8M2I2M4I6M30I3M2I12M1I8M2I1M4I5M5D5M1D19M2D4M6I18M3D14M10I6M28I2M3I20M1I6M11D14M2D3M3I6M21D7M49D2M2I16M5I20M2D9M
49	110	0.099	9.113E-06	27	352	353	22	378	382	13M3I7M16D6M1D2M4I6M1I7M9I6M1D23M20D7M2D11M3D4M6D10M2D10M2D2M5I14M1I9M2I4M3I7M1D3M3I5M17I4M4I7M1D11M2D2M3D7M1I14M5D8M3D7M2I5M1D35M15D9M2D6M
50	108	0.121	1.796E-05	27	350	353	24	371	382	2M1I3M3I4M2I3M2I2M16D7M3I16M5D4M3I3M1I6M9I11M7D4M10D5M13D13M6D17M1I25M1I7M1D2M9I2M7I13M6I1M1I9M5I6M1D9M2D13M4D12M1D9M1I2M1D6M1D3M1D30M5D8M5D12M
40	106	0.104	1.209E-05	8	351	353	0	348	356	7M3D19M1D11M4I7M7I4M24I20M4I4M7D12M3I13M1D3M6I21M3D15M1I3M28I4M11I17M7D4M3D4M2D6M2D12M3I6M15D3M4D1M39D3M19D5M2I13M2I2M3I9M2I8M1I7M
22	104	0.103	9.643E-06	7	349	353	0	323	325	11M5I19M2D4M3I8M2I4M4I10M6I14M5I6M2I8M3D2M5D6M4D13M1I5M1D2M7I8M13D15M1I10M1I3M7I2M24I5M10I8M6D6M4D2M4I19M4I3M4I3M15D10M2D12M3I20M19D12M
46	104	0.107	4.370E-06	26	349	353	4	335	337	12M3D5M10D4M2D11M4I8M16I15M2I9M6D3M7D10M4D16M1I2M1D4M2D1M7D9M6I12M5D12M1I3M7I4M10I3M9I6M4I9M4I14M1D8M3I14M1D2M2D6M4D9M1D16M4D9M3D1M6D3M1D10M5D7M
29	102	0.097	7.691E-06	17	351	353	5	326	333	17M5D7M3I1M1I11M2I14M10I5M5I15M2I9M9D2M5D15M1D4M1D5M1I3M3I4M6D32M14I4M27I15M6D6M4D2M4D7M1D16M4I3M2I5M3D1M1I17M1I8M1D10M5D7M12D14M
21	102	0.100	1.279E-05	16	352	353	10	342	346	17M3D8M2I2M4I7M28I2M4I12M1I8M2I4M5D17M3I10M2D2M3D9M5I14M1I11M10I6M28I2M3I20M1I5M11D15M2D3M3I6M21D7M49D2M2I16M5I8M4D7M2I13M
35	101	0.081	1.020E-05	9	351	353	0	320	328	6M3I20M1I3M5D13M1I5M5I9M9I17M2I5M2I11M14D18M4I1M1D3M11D12M4I14M1I10M14I4M24I4M3I11M6D6M4D2M4I19M4I3M2I5M3D24M1D8M1I6M6D6M11D14M
20	99	0.103	2.252E-05	7	351	353	0	341	346	8M1D18M3D8M2I2M4I7M28I2M4I12M1I8M1I2M5I4M5D5M1D19M2D4M6I13M4D7M1I11M4I5M37I23M1I5M11D11M2D7M1I6M19D9M49D2M2I6M5I18M4D7M2I12M
5	98	0.103	7.691E-06	24	349	353	1	336	338	15M5D4M10D4M2D11M4I8M16I15M2I9M6D3M7D10M4D16M1I2M1D4M2D1M7D9M6I12M5D12M1I3M7I4M10I3M9I6M4I9M4I10M1I4M2D7M3I14M1D2M2D6M4D9M1D16M4D9M3D1M6D3M1D10M5D7M
6	90	0.110	1.209E-05	50	349	353	43	332	334	8M4I5M18I14M2I11M6D3M7D15M4D18M2D1M7D4M6I17M5D12M1I3M7I4M10I3M9I6M4I9M4I6M2D3M3D3M4I6M3I16M1I1M6D5M2D7M4D26M3D1M6D3M1D10M5D7M
32	88	0.097	1.796E-05	18	349	353	14	334	336	13M2D9M3I2M2I11M4I8M16I15M2I9M6D3M7D10M4D16M1I2M1D3M9D6M6I17M5D12M1I3M7I4M10I3M9I6M4I9M4I6M2D3M3I3M2D7M3I16M1I1M6D5M2D6M4D27M3D1M1I9M9D3M4D7M
 