#Task    Step    numberOfAcceptedPeleSteps    currentEnergy    BindingEnergy    sasaLig    distance_A35SG_L1S1    
1    0    0    -6467.08    -29.9535    0.426086    3.75331    
1    5    1    -6477.05    -19.7546    0.441545    3.8841    
1    9    2    -6469.36    -22.1457    0.455726    4.44642    
1    11    3    -6478.2    -23.5929    0.453109    4.25729    
1    22    4    -6477.58    -23.0555    0.45245    4.32009    
1    24    5    -6478.03    -21.5656    0.481869    4.61954    
1    28    6    -6479    -22.6294    0.452579    4.11061    
1    35    7    -6481.46    -24.6495    0.440255    3.81235    
1    37    8    -6480.29    -25.1309    0.428945    3.74057    
1    42    9    -6480.71    -23.9012    0.445432    3.75171    
1    44    10    -6483.39    -24.6953    0.430001    3.79565    
1    45    11    -6478.67    -24.7146    0.435965    3.72391    
1    67    12    -6474.4    -21.5988    0.437627    3.71419    
1    68    13    -6477.14    -20.9582    0.43556    3.72573    
1    71    14    -6480.91    -24.0901    0.419231    3.68337    
1    75    15    -6481.22    -24.514    0.424336    3.6571    
1    77    16    -6482.95    -26.0013    0.421669    3.62273    
