#Task    Step    numberOfAcceptedPeleSteps    currentEnergy    BindingEnergy    sasaLig    distance_A35SG_L1S1    
1    0    0    -6463.31    -41.1914    0.425206    9.33491    
1    3    1    -6486.61    -39.5217    0.444749    9.18568    
1    7    2    -6484.19    -38.1703    0.418683    8.53515    
1    12    3    -6479.77    -31.8863    0.432907    8.13916    
1    14    4    -6483.85    -37.7346    0.435639    8.43759    
1    20    5    -6487.6    -41.1817    0.425209    8.68227    
1    29    6    -6486.66    -39.5822    0.444739    9.36538    
1    33    7    -6484.94    -38.7437    0.415052    8.2404    
1    34    8    -6484.63    -38.6873    0.422104    8.56601    
1    37    9    -6487.5    -42.1292    0.42205    8.71967    
1    40    10    -6482.46    -38.0435    0.436897    8.59467    
1    57    11    -6483.77    -41.1425    0.438852    9.17977    
1    58    12    -6480.75    -38.7356    0.436376    8.77238    
1    59    13    -6484.7    -39.9283    0.428513    8.54517    
1    61    14    -6487.6    -43.2446    0.408302    8.49429    
1    97    15    -6486.82    -44.2467    0.397743    8.59973    
