#Task    Step    numberOfAcceptedPeleSteps    currentEnergy    BindingEnergy    sasaLig    distance_A35SG_L1S1    
1    0    0    -6452.97    -25.9012    0.454219    9.20014    
1    1    1    -6463.25    -12.3472    0.507076    9.54629    
1    4    2    -6465.18    -14.8538    0.504017    9.27511    
1    12    3    -6463.08    -14.2057    0.486502    8.69755    
1    17    4    -6462.51    -14.6411    0.500796    8.76876    
1    27    5    -6462.93    -14.1998    0.514288    11.6021    
1    36    6    -6462.71    -17.054    0.513499    11.5993    
1    41    7    -6465.9    -7.17961    0.554634    11.1073    
1    43    8    -6466    -15.6022    0.5116    9.72722    
1    46    9    -6470.09    -25.8812    0.485696    9.82423    
1    56    10    -6471.37    -22.4934    0.544134    10.1117    
1    57    11    -6487.44    -28.0727    0.448883    8.93754    
1    60    12    -6486.21    -26.425    0.445675    9.42976    
1    69    13    -6485.98    -28.7816    0.437015    9.05805    
1    79    14    -6482.53    -26.4098    0.432311    10.0156    
1    81    15    -6484.04    -27.5293    0.472294    9.63258    
1    84    16    -6483.65    -26.6495    0.49385    9.55095    
1    88    17    -6489.98    -29.3251    0.483372    9.17212    
1    93    18    -6487.47    -26.044    0.495533    8.92857    
1    94    19    -6491.65    -30.038    0.478785    8.85306    
