#Task    Step    numberOfAcceptedPeleSteps    currentEnergy    BindingEnergy    sasaLig    distance_A35SG_L1S1    
1    0    0    -6457.99    -38.1777    0.408639    9.83263    
1    1    1    -6473.45    -27.9575    0.480623    10.5409    
1    6    2    -6478.13    -28.4065    0.46972    10.5267    
1    7    3    -6476.92    -27.8422    0.485513    10.6372    
1    8    4    -6476.45    -29.6055    0.464889    10.6209    
1    13    5    -6475.43    -30.1051    0.452608    10.6619    
1    17    6    -6477.02    -31.1918    0.409141    10.3811    
1    25    7    -6479.2    -34.6381    0.398852    10.3813    
1    32    8    -6484.54    -34.5663    0.385613    10.3331    
1    36    9    -6480.92    -35.1198    0.390456    9.96212    
1    43    10    -6483.62    -34.5465    0.380327    10.2625    
1    48    11    -6483.79    -33.0878    0.389504    10.1686    
1    49    12    -6484.64    -35.3174    0.367302    10.6283    
1    55    13    -6484.43    -33.6388    0.368422    10.4541    
1    59    14    -6483.78    -33.996    0.385294    10.4374    
1    66    15    -6480.65    -24.4471    0.420871    10.3327    
1    69    16    -6490.32    -38.3794    0.405533    10.1517    
1    91    17    -6493.31    -38.8291    0.406127    10.1732    
