#Task    Step    numberOfAcceptedPeleSteps    currentEnergy    BindingEnergy    sasaLig    distance_A35SG_L1S1    
1    0    0    -6457.1    -19.0464    0.517872    7.29291    
1    1    1    -6456.67    2.05958    0.567985    4.31213    
1    2    2    -6462.4    0.220219    0.554505    4.87263    
1    3    3    -6462.59    -4.96649    0.572044    6.75027    
1    4    4    -6459.36    -3.85857    0.586786    8.06167    
1    5    5    -6459.74    -3.16251    0.576493    7.58726    
1    6    6    -6464.17    -1.11958    0.604475    3.37108    
1    7    7    -6473.1    -11.7706    0.59624    8.59221    
1    10    8    -6471.1    -8.6269    0.559635    6.24621    
1    11    9    -6468.56    -12.1627    0.547481    6.79337    
1    12    10    -6471.53    -13.7509    0.557009    6.65722    
1    18    11    -6472.11    -15.701    0.539038    6.7769    
1    19    12    -6468.62    -16.3914    0.550388    5.86186    
1    21    13    -6466.61    -22.3305    0.497129    6.91914    
1    22    14    -6474.3    -27.0314    0.50606    7.15111    
1    30    15    -6477.05    -28.553    0.484964    7.06239    
1    33    16    -6472.03    -27.7799    0.497074    7.33261    
1    36    17    -6474.84    -27.7068    0.485785    6.93434    
1    47    18    -6475.11    -28.4611    0.549392    7.17968    
1    50    19    -6477.07    -29.9098    0.498173    7.23685    
1    51    20    -6474.84    -28.176    0.481545    6.96298    
1    52    21    -6473.97    -26.3745    0.499966    7.2892    
1    55    22    -6474.23    -27.2266    0.549421    7.36868    
1    73    23    -6472.87    -29.4562    0.490684    7.1914    
1    78    24    -6479.77    -28.1615    0.488406    7.12072    
1    86    25    -6478.43    -28.3191    0.522819    7.08383    
1    94    26    -6472.84    -23.0383    0.541359    6.91279    
