#Task    Step    numberOfAcceptedPeleSteps    currentEnergy    BindingEnergy    sasaLig    distance_A35SG_L1S1    
1    0    0    -6448.78    -21.7096    0.460461    10.7022    
1    2    1    -6458.68    -15.5561    0.485205    10.7149    
1    3    2    -6467.15    -19.6493    0.495961    10.4266    
1    11    3    -6452.8    -1.98317    0.563736    4.07364    
1    15    4    -6455.36    0.69562    0.510723    3.88288    
1    17    5    -6461.08    -13.1211    0.465277    3.86809    
1    22    6    -6463.36    -15.2077    0.496804    3.78898    
1    23    7    -6465.35    -21.0753    0.51963    4.0442    
1    24    8    -6462.53    -18.2688    0.504436    3.98395    
1    25    9    -6463.85    -21.6738    0.486469    4.16003    
1    29    10    -6463.93    -18.1262    0.570269    3.73994    
1    31    11    -6462.98    -16.4754    0.542982    3.83202    
1    33    12    -6462.05    -16.9952    0.533034    3.82878    
1    34    13    -6466.29    -13.8371    0.566013    5.07235    
1    35    14    -6466.63    -14.7996    0.555826    3.94829    
1    37    15    -6469.55    -19.9473    0.523286    3.61253    
1    38    16    -6473.52    -20.3643    0.52151    3.626    
1    39    17    -6475.86    -20.98    0.506781    3.62759    
1    46    18    -6463.85    -9.57556    0.605525    3.85195    
1    47    19    -6468.05    -21.537    0.437782    3.50519    
1    49    20    -6471.22    -21.0599    0.446486    3.58395    
1    61    21    -6469.75    -23.2107    0.444257    3.54157    
1    69    22    -6460.67    -20.2833    0.458312    3.6492    
1    70    23    -6455.07    -5.86217    0.6097    4.79378    
1    72    24    -6455.88    -0.931812    0.566451    3.81948    
1    73    25    -6458.5    -14.8132    0.491703    3.76128    
1    74    26    -6465.2    -18.2129    0.551343    3.39571    
1    75    27    -6468.81    -23.2595    0.506041    3.52543    
1    79    28    -6470.23    -21.3148    0.476917    3.4954    
1    84    29    -6473.07    -21.1779    0.476831    3.5559    
1    86    30    -6471.24    -19.1494    0.495896    3.60033    
1    87    31    -6471.93    -18.9453    0.531946    3.704    
1    88    32    -6473.53    -18.3801    0.527047    3.77271    
1    97    33    -6475.94    -19.7565    0.539981    3.73166    
