#Task    Step    numberOfAcceptedPeleSteps    currentEnergy    BindingEnergy    sasaLig    distance_A35SG_L1S1    
1    0    0    -6456.46    -10.0655    0.607614    8.87226    
1    1    1    -6469.31    -10.0387    0.550711    8.45777    
1    2    2    -6468.01    -9.20168    0.55838    9.64138    
1    3    3    -6467.93    -9.73004    0.563736    9.80601    
1    5    4    -6464.28    -10.7924    0.542459    8.60958    
1    7    5    -6470.74    -14.805    0.521051    9.15896    
1    8    6    -6467.61    -5.54788    0.6305    7.58553    
1    9    7    -6467.99    -8.77954    0.575322    5.89751    
1    11    8    -6465.83    -3.14409    0.59876    6.82292    
1    14    9    -6466.4    -4.12793    0.582686    6.96342    
1    15    10    -6466.55    -2.11302    0.597473    9.03475    
1    17    11    -6467    -2.26375    0.590108    8.21673    
1    18    12    -6473.32    -8.19373    0.568669    9.49961    
1    19    13    -6475.46    -6.54155    0.627018    4.60944    
1    20    14    -6472.2    -6.12459    0.596414    6.93528    
1    21    15    -6476.04    -9.28491    0.589352    8.67433    
1    22    16    -6481.19    -11.7613    0.564707    8.5178    
1    23    17    -6481.66    -13.8172    0.553714    8.50739    
1    24    18    -6480.73    -9.80298    0.558352    8.48985    
1    30    19    -6483.27    -11.6664    0.545726    8.45872    
1    36    20    -6482.63    -10.6994    0.581153    9.60187    
1    39    21    -6476.88    -14.4835    0.551424    8.9662    
1    44    22    -6474.18    -12.3221    0.534148    8.17183    
1    46    23    -6475.77    -17.1492    0.5226    8.43352    
1    48    24    -6472.18    -9.21524    0.570729    10.1659    
1    50    25    -6472.99    -11.6455    0.579884    10.106    
1    51    26    -6470.37    -6.2398    0.679181    11.8683    
1    55    27    -6466.79    -3.31833    0.651545    10.3822    
1    56    28    -6470.5    -7.52823    0.60727    9.83995    
1    57    29    -6473.11    -12.068    0.591065    9.69086    
1    58    30    -6467.37    -2.82768    0.610758    9.09392    
1    59    31    -6476.48    -12.2473    0.618061    9.44485    
1    60    32    -6477.5    -12.1474    0.62732    9.24508    
1    71    33    -6476.08    -12.2212    0.599115    9.28888    
1    75    34    -6478.78    -13.8007    0.568495    9.62947    
1    88    35    -6477.5    -12.357    0.565705    9.8895    
