#Task    Step    numberOfAcceptedPeleSteps    currentEnergy    BindingEnergy    sasaLig    distance_A35SG_L1S1    
1    0    0    -6440.31    -15.3853    0.514836    7.21394    
1    1    1    -6454.67    -16.6256    0.506302    7.4233    
1    3    2    -6455.1    -14.5021    0.540008    7.21128    
1    4    3    -6460.88    -19.747    0.50687    7.19779    
1    5    4    -6454.89    -22.3494    0.485417    6.93872    
1    6    5    -6458.36    -21.216    0.489293    7.09444    
1    7    6    -6457.23    -19.96    0.49473    7.15961    
1    8    7    -6452.06    -14.5352    0.483923    6.5157    
1    10    8    -6445.89    -9.37251    0.515691    6.81371    
1    11    9    -6458.6    -20.3968    0.52555    6.69973    
1    13    10    -6454.57    -22.6716    0.507295    6.77501    
1    19    11    -6456.14    -24.1873    0.492183    7.11516    
1    22    12    -6455.69    -20.0722    0.486924    7.02214    
1    26    13    -6455.52    -18.4251    0.47886    6.84316    
1    27    14    -6457.72    -22.1746    0.499225    6.92823    
1    30    15    -6455.4    -18.3173    0.508152    6.90679    
1    32    16    -6458.73    -25.2648    0.508396    6.75757    
1    35    17    -6464.06    -23.3883    0.500735    6.97996    
1    44    18    -6461.5    -20.2469    0.504425    6.79515    
1    46    19    -6464    -23.3114    0.510685    7.4183    
1    49    20    -6463.42    -21.7685    0.489978    7.05827    
1    50    21    -6463.29    -20.3337    0.495443    7.19903    
1    52    22    -6464.32    -20.1294    0.500424    7.13233    
1    53    23    -6466.64    -21.717    0.488178    6.95442    
1    54    24    -6465.17    -20.7217    0.497188    7.17668    
1    56    25    -6464.5    -18.822    0.500956    6.58069    
1    59    26    -6469.45    -20.3789    0.543769    7.71828    
1    60    27    -6468.11    -20.9956    0.53456    7.95317    
1    63    28    -6465.46    -17.3332    0.538017    8.40284    
1    65    29    -6460.02    -17.7467    0.499015    9.49489    
1    66    30    -6463.03    -17.9483    0.528673    10.0495    
1    68    31    -6461.1    -15.251    0.569215    9.67549    
1    71    32    -6461.82    -16.3331    0.528865    9.36042    
1    72    33    -6458.35    -15.4042    0.53002    8.72668    
1    79    34    -6458.2    -14.5454    0.501579    8.78899    
1    81    35    -6457.84    -15.7243    0.476    8.14172    
1    90    36    -6455.76    -12.0311    0.495588    7.94749    
1    91    37    -6457.82    -14.1555    0.484798    8.2257    
1    93    38    -6457.48    -18.2268    0.490491    6.06717    
