#Task    Step    numberOfAcceptedPeleSteps    currentEnergy    BindingEnergy    sasaLig    distance_A35SG_L1S1    
1    0    0    -6438.81    -18.4284    0.515524    6.26934    
1    1    1    -6456.28    -6.82601    0.503407    3.70529    
1    5    2    -6460.17    -22.7314    0.433635    6.40759    
1    7    3    -6459.7    -15.7318    0.398826    6.46863    
1    9    4    -6460.77    -14.9813    0.399317    7.85829    
1    13    5    -6463.86    -20.0225    0.40651    5.83893    
1    15    6    -6463.19    -18.0988    0.431551    7.29986    
1    19    7    -6466.86    -18.3986    0.407611    6.43669    
1    27    8    -6469.97    -18.9669    0.432876    7.1023    
1    36    9    -6470.19    -16.1924    0.442664    6.4439    
1    42    10    -6473.79    -18.9916    0.448624    7.00217    
1    45    11    -6472.73    -18.1016    0.4355    6.30663    
1    49    12    -6462.32    -14.1857    0.504864    6.63936    
1    51    13    -6457.54    -10.7964    0.448367    5.57424    
1    53    14    -6460.46    -13.3276    0.445855    3.62441    
1    55    15    -6460.44    -15.8399    0.437913    3.58687    
1    59    16    -6464.11    -17.002    0.44638    4.7004    
1    63    17    -6469.22    -17.5323    0.422067    3.74884    
1    66    18    -6470.3    -20.1577    0.418618    5.02557    
1    69    19    -6468.32    -20.827    0.374911    4.64351    
1    74    20    -6463.51    -15.2212    0.378528    4.09794    
1    87    21    -6463.72    -18.9333    0.368178    4.978    
1    95    22    -6468.89    -17.2877    0.442961    5.68554    
1    96    23    -6470.89    -15.9184    0.472293    6.28579    
1    100    24    -6469.4    -16.1436    0.427215    5.68036    
