#Task    Step    numberOfAcceptedPeleSteps    currentEnergy    BindingEnergy    sasaLig    distance_A35SG_L1S1    
1    0    0    -6472.02    -35.4668    0.346852    6.80007    
1    1    1    -6494.83    -32.8447    0.363187    7.01243    
1    46    2    -6491.62    -28.6387    0.373515    7.69552    
1    49    3    -6492.91    -32.9557    0.362656    6.84922    
1    59    4    -6491.68    -30.9859    0.375828    6.78779    
1    87    5    -6489.46    -30.4896    0.372171    6.82257    
1    88    6    -6491.08    -29.7344    0.380948    6.69516    
1    93    7    -6489.83    -22.027    0.452401    6.74692    
1    96    8    -6487.54    -21.2633    0.450114    7.07712    
