#Task    Step    numberOfAcceptedPeleSteps    currentEnergy    BindingEnergy    sasaLig    distance_A35SG_L1S1    
1    0    0    -6469.4    -32.9937    0.474244    9.19423    
1    4    1    -6474    -18.9891    0.487349    8.33272    
1    5    2    -6481.59    -24.9944    0.455865    9.22505    
1    7    3    -6480.14    -20.6918    0.449012    9.29071    
1    24    4    -6481.13    -19.6289    0.440531    8.79947    
1    25    5    -6486.45    -31.5765    0.45557    9.32223    
1    29    6    -6491.36    -29.91    0.440478    9.51422    
1    35    7    -6493.43    -30.9119    0.449039    9.28495    
1    43    8    -6490.25    -29.7521    0.498519    9.07698    
1    47    9    -6489.74    -29.4253    0.519004    9.78339    
1    48    10    -6493.79    -29.0308    0.505884    9.67765    
1    49    11    -6495.31    -32.1069    0.503789    9.57397    
1    58    12    -6493.6    -28.9895    0.507389    9.59073    
1    59    13    -6497.97    -32.128    0.501547    9.31461    
1    73    14    -6493.41    -29.7363    0.525562    9.55532    
1    74    15    -6493.56    -26.7622    0.550872    9.59862    
1    88    16    -6491.18    -25.1477    0.600292    9.64899    
1    89    17    -6493.09    -28.6758    0.535602    9.60195    
