#Task    Step    numberOfAcceptedPeleSteps    currentEnergy    BindingEnergy    sasaLig    distance_A35SG_L1S1    
1    0    0    -6442.76    -20.9617    0.470547    6.70968    
1    1    1    -6466.03    -15.9675    0.470954    6.3955    
1    3    2    -6473.29    -18.9125    0.456985    6.65089    
1    5    3    -6470.64    -21.0415    0.454826    6.53433    
1    8    4    -6470.79    -21.4889    0.463081    6.57209    
1    12    5    -6471.93    -17.4323    0.442602    6.90099    
1    14    6    -6474.28    -19.6965    0.429877    6.78523    
1    36    7    -6474.09    -20.9388    0.43578    7.27888    
1    38    8    -6466.06    -10.6497    0.425011    6.52195    
1    40    9    -6470.58    -16.5385    0.455417    7.30316    
1    41    10    -6477.19    -22.4126    0.42268    7.05712    
1    56    11    -6478.57    -22.5373    0.435252    7.22069    
1    71    12    -6479.69    -22.539    0.4207    6.97    
1    75    13    -6479.9    -23.2769    0.438752    6.94335    
1    79    14    -6477.66    -22.1801    0.445392    6.93694    
1    83    15    -6471.84    -18.0813    0.558431    7.07763    
1    88    16    -6476.58    -20.6342    0.461693    6.89556    
1    93    17    -6475.21    -24.8586    0.462025    6.8158    
1    96    18    -6472.98    -21.4563    0.494754    6.79555    
1    97    19    -6478.35    -21.0999    0.498906    6.74437    
