#Task    Step    numberOfAcceptedPeleSteps    currentEnergy    BindingEnergy    sasaLig    distance_A35SG_L1S1    
1    0    0    -6446.23    -29.6711    0.578067    10.2218    
1    1    1    -6470.23    -29.8822    0.57414    10.2865    
1    4    2    -6468.47    -29.0429    0.582623    9.97001    
1    5    3    -6472.01    -30.4922    0.571719    10.154    
1    9    4    -6470.43    -28.8357    0.567319    9.93795    
1    23    5    -6469.47    -28.5495    0.576734    9.65471    
1    24    6    -6468.07    -28.809    0.581683    9.56439    
1    25    7    -6467.23    -26.9732    0.577978    9.52918    
1    32    8    -6470.26    -28.6424    0.561532    9.61478    
1    33    9    -6469.47    -28.472    0.561587    9.40163    
1    38    10    -6468.41    -29.284    0.543764    8.84219    
1    45    11    -6468.72    -28.9712    0.575386    9.15286    
1    47    12    -6470.4    -29.2553    0.565239    9.47935    
1    52    13    -6464.28    -21.3722    0.598304    9.29792    
1    53    14    -6474.99    -35.346    0.536277    9.20683    
1    61    15    -6476.72    -37.1333    0.553768    9.54631    
1    65    16    -6479.27    -41.3376    0.528446    9.50327    
1    66    17    -6478.9    -39.6974    0.550329    9.51167    
1    67    18    -6478.33    -39.8966    0.534204    9.22539    
1    72    19    -6478.47    -42.8141    0.500762    9.41266    
1    73    20    -6479.58    -44.2769    0.422215    9.11464    
1    76    21    -6479.16    -45.2985    0.413263    9.33613    
1    81    22    -6479.29    -45.6057    0.383436    9.65989    
1    86    23    -6475.59    -41.8862    0.398042    9.48574    
1    91    24    -6479.44    -44.237    0.394173    9.62794    
1    95    25    -6475.04    -42.5522    0.389205    9.67994    
