#Task    Step    numberOfAcceptedPeleSteps    currentEnergy    BindingEnergy    sasaLig    distance_A35SG_L1S1    
1    0    0    -6446.3    -22.0072    0.443453    6.77236    
1    1    1    -6459.71    -17.6432    0.47395    7.48829    
1    3    2    -6466.17    -21.6398    0.453298    7.17492    
1    6    3    -6469.54    -20.9614    0.459297    6.99652    
1    11    4    -6470.49    -22.9749    0.446163    7.1216    
1    13    5    -6462.98    -22.3091    0.425967    6.82486    
1    16    6    -6467.94    -23.3597    0.454929    7.18609    
1    26    7    -6462.44    -17.8512    0.517406    8.31434    
1    27    8    -6460.77    -16.1811    0.513865    8.36915    
1    32    9    -6465.57    -19.3882    0.505497    8.0541    
1    38    10    -6467.05    -21.1837    0.455421    7.24028    
1    41    11    -6467.24    -22.9863    0.431323    7.12908    
1    49    12    -6460.35    -19.2057    0.475105    7.26428    
1    50    13    -6467.09    -23.718    0.446841    7.52554    
1    51    14    -6462.87    -17.2784    0.480339    7.65899    
1    55    15    -6458.04    -14.2964    0.525847    7.12128    
1    56    16    -6459.01    -17.9799    0.538423    7.98103    
1    59    17    -6458.44    -13.0903    0.524699    6.88392    
1    60    18    -6452.34    -6.73378    0.51368    6.58357    
1    61    19    -6464.07    -23.1319    0.448237    7.05514    
1    62    20    -6462.41    -15.6519    0.466465    6.96381    
1    65    21    -6461.78    -20.4779    0.484395    7.612    
1    67    22    -6465.84    -19.3012    0.445462    7.37051    
1    74    23    -6464.7    -16.934    0.483589    7.42155    
1    77    24    -6463    -20.0939    0.501332    7.40284    
1    82    25    -6466.34    -24.8474    0.477901    7.33384    
1    87    26    -6463.76    -22.9021    0.472385    7.17452    
1    88    27    -6465.37    -15.5939    0.51658    7.36764    
1    89    28    -6465    -24.5384    0.470032    7.36089    
1    91    29    -6466.3    -24.043    0.470503    7.55041    
1    92    30    -6461.94    -16.4019    0.474469    7.58903    
1    93    31    -6462.9    -26.5889    0.457527    7.06541    
1    96    32    -6463.07    -26.8668    0.448102    7.49294    
1    100    33    -6462.77    -28.2612    0.455563    7.09015    
