#Task    Step    numberOfAcceptedPeleSteps    currentEnergy    BindingEnergy    sasaLig    distance_A35SG_L1S1    
1    0    0    -6442.07    -17.7078    0.587906    6.90327    
1    2    1    -6454.24    -6.20885    0.580592    3.60956    
1    3    2    -6456.77    -7.42798    0.561182    5.05127    
1    4    3    -6466.93    -14.8662    0.605271    5.56059    
1    7    4    -6467.43    -15.3569    0.625512    8.08132    
1    20    5    -6470.32    -17.558    0.60254    7.8034    
1    24    6    -6472.11    -18.2837    0.581338    8.31384    
1    26    7    -6473.83    -20.1242    0.560056    7.77807    
1    32    8    -6471.73    -17.3345    0.62004    7.63095    
1    36    9    -6472.91    -19.0617    0.545328    7.52395    
1    50    10    -6470.98    -17.4115    0.592948    7.10705    
1    54    11    -6468.39    -16.1784    0.552998    7.64761    
1    58    12    -6469.97    -18.8101    0.570866    7.59188    
1    60    13    -6468.98    -16.9107    0.594507    7.56199    
1    66    14    -6470.05    -18.2792    0.59902    7.66408    
1    72    15    -6470.28    -19.8912    0.535019    7.62982    
1    82    16    -6472.2    -19.071    0.511865    7.74849    
1    99    17    -6463.6    -23.2477    0.434548    7.76731    
1    100    18    -6459.4    -20.5379    0.423467    7.49574    
