#Task    Step    numberOfAcceptedPeleSteps    currentEnergy    BindingEnergy    sasaLig    distance_A35SG_L1S1    
1    0    0    -6444.58    -28.1017    0.422324    7.97612    
1    1    1    -6458.73    -18.3644    0.431279    7.56282    
1    3    2    -6456.92    -17.47    0.374284    7.42563    
1    5    3    -6463.84    -25.6616    0.385468    6.41571    
1    16    4    -6464.05    -25.0484    0.434793    5.97768    
1    17    5    -6468.56    -27.2588    0.41436    6.7782    
1    27    6    -6471.81    -29.4554    0.400225    8.30944    
1    33    7    -6467.35    -25.4268    0.438175    7.76586    
1    34    8    -6472.01    -25.6495    0.494372    7.6159    
1    38    9    -6473.61    -26.6152    0.466975    7.26322    
1    43    10    -6466.96    -17.3516    0.509987    6.77757    
1    45    11    -6472.92    -29.3415    0.435038    7.07998    
1    48    12    -6467.41    -27.9784    0.461803    6.62733    
1    49    13    -6475.24    -30.4534    0.428739    7.16086    
1    53    14    -6474.26    -28.5583    0.442033    7.42593    
1    61    15    -6469.3    -26.8274    0.453338    8.25875    
1    64    16    -6468.18    -26.3154    0.484875    9.16307    
1    65    17    -6467.5    -27.7945    0.46693    8.35051    
1    67    18    -6471.33    -28.7639    0.446906    7.59929    
1    76    19    -6476.08    -29.6608    0.446996    8.13898    
1    93    20    -6475.47    -29.1007    0.447565    7.6832    
1    94    21    -6467.44    -21.8417    0.46266    8.38966    
1    95    22    -6469.5    -28.3828    0.466061    8.1336    
