#Task    Step    numberOfAcceptedPeleSteps    currentEnergy    BindingEnergy    sasaLig    distance_A35SG_L1S1    
1    0    0    -6454.85    -35.8479    0.420995    3.67471    
1    2    1    -6479.04    -38.0105    0.411212    3.56535    
1    10    2    -6476.16    -34.6119    0.423591    3.71548    
1    19    3    -6477.73    -35.7052    0.415312    3.57152    
1    27    4    -6465.17    -25.3045    0.440848    3.75841    
1    31    5    -6472.99    -30.2404    0.420966    3.62298    
1    33    6    -6475.12    -35.2044    0.42074    3.6132    
1    35    7    -6476.84    -34.7638    0.413455    3.66301    
1    57    8    -6477.3    -35.7453    0.409581    3.5957    
1    61    9    -6470.65    -32.2415    0.39967    3.63479    
1    62    10    -6470.14    -31.5424    0.38896    3.66934    
1    69    11    -6471.61    -31.0378    0.390952    3.72195    
1    71    12    -6470.45    -31.9217    0.413748    3.6934    
1    72    13    -6469.84    -29.1656    0.390247    3.79746    
1    81    14    -6472.56    -35.2287    0.402955    3.62938    
1    97    15    -6474.21    -35.453    0.400882    3.58156    
