#Task    Step    numberOfAcceptedPeleSteps    currentEnergy    BindingEnergy    sasaLig    distance_A35SG_L1S1    
1    0    0    -6439.75    -11.0175    0.483905    6.42195    
1    1    1    -6468.38    -23.0817    0.483173    7.52147    
1    19    2    -6464.05    -21.1378    0.485156    7.42004    
1    25    3    -6461.93    -15.1656    0.504572    6.61149    
1    26    4    -6460.46    -13.4881    0.512984    6.38189    
1    29    5    -6464.21    -24.6521    0.463344    6.6456    
1    31    6    -6467.85    -28.6687    0.458125    5.28604    
1    38    7    -6465.6    -27.0901    0.469369    6.04612    
1    45    8    -6467.19    -29.3755    0.467402    5.84047    
1    47    9    -6470.48    -29.3183    0.467465    6.05256    
1    52    10    -6466.07    -24.7084    0.484744    7.2465    
1    53    11    -6468.65    -28.8734    0.461891    6.1839    
1    67    12    -6467.22    -28.0469    0.460234    5.82752    
1    88    13    -6463.69    -27.747    0.473305    5.34128    
1    90    14    -6466.82    -28.1801    0.448917    5.26853    
