#Task    Step    numberOfAcceptedPeleSteps    currentEnergy    BindingEnergy    sasaLig    distance_A35SG_L1S1    
1    0    0    -6445.29    -20.9708    0.520246    7.86772    
1    1    1    -6468.94    -23.2592    0.485067    7.7601    
1    2    2    -6468.91    -19.4471    0.5223    8.13705    
1    4    3    -6465.14    -16.208    0.508911    9.84883    
1    6    4    -6469.83    -20.0115    0.505971    8.58414    
1    9    5    -6464.38    -21.6219    0.474685    9.04337    
1    10    6    -6467.36    -19.6361    0.499835    8.29048    
1    12    7    -6465.62    -15.1552    0.513865    7.80794    
1    13    8    -6465.28    -23.2146    0.464416    7.82793    
1    14    9    -6467.36    -20.1615    0.484894    7.65975    
1    15    10    -6470.03    -19.5227    0.469346    8.23438    
1    19    11    -6471.52    -21.8758    0.48312    8.08635    
1    24    12    -6470.74    -23.6132    0.498772    7.49493    
1    27    13    -6471.73    -23.6344    0.464664    7.45776    
1    32    14    -6471.25    -19.3648    0.459611    8.28443    
1    34    15    -6475.33    -22.6608    0.488551    7.64823    
1    37    16    -6474.76    -23.3812    0.454145    8.02731    
1    39    17    -6475.77    -23.5394    0.483394    7.7955    
1    71    18    -6474.83    -22.5545    0.48696    8.19613    
1    72    19    -6475.38    -22.2898    0.448211    8.37891    
1    77    20    -6476.96    -23.1897    0.457098    7.91687    
1    92    21    -6474.89    -21.166    0.478614    7.42837    
1    96    22    -6473.4    -18.6622    0.483093    7.88943    
