#Task    Step    numberOfAcceptedPeleSteps    currentEnergy    BindingEnergy    sasaLig    distance_A35SG_L1S1    
1    0    0    -6452.12    -16.0635    0.552306    8.07146    
1    1    1    -6454.13    3.24319    0.631483    12.7348    
1    2    2    -6457.46    -1.26589    0.705774    9.35507    
1    3    3    -6465.91    -10.2102    0.629593    8.26082    
1    4    4    -6464.73    -7.78791    0.636281    8.77634    
1    10    5    -6463.84    -9.39851    0.622262    8.78027    
1    11    6    -6460.74    -1.74639    0.563622    12.5382    
1    12    7    -6463.25    -1.32828    0.591385    12.6259    
1    16    8    -6467.07    -4.85087    0.568301    9.61631    
1    17    9    -6472.04    -13.7624    0.573432    9.47607    
1    22    10    -6473.14    -13.8708    0.605081    9.95723    
1    23    11    -6474.16    -13.8933    0.566533    9.11202    
1    25    12    -6471.24    -14.9633    0.624068    10.1582    
1    32    13    -6472.97    -14.9392    0.619508    9.2152    
1    33    14    -6472.86    -14.4501    0.628776    9.6258    
1    34    15    -6471.61    -13.2145    0.610785    9.67746    
1    38    16    -6471.7    -11.5588    0.571089    9.64383    
1    41    17    -6468.77    -13.2072    0.573878    8.78323    
1    43    18    -6468.73    -12.1896    0.594839    10.482    
1    44    19    -6466.67    -9.59764    0.57328    10.7331    
1    45    20    -6458.48    -5.48729    0.617351    11.9414    
1    48    21    -6455.41    0.136046    0.641113    11.3182    
1    49    22    -6461.58    -15.2281    0.513581    11.8237    
1    55    23    -6462.27    -9.74983    0.51895    10.2766    
1    59    24    -6465.4    -13.937    0.491304    10.3393    
1    65    25    -6464.53    -15.4104    0.479653    10.2821    
1    72    26    -6461.94    -14.4471    0.479684    10.3392    
1    77    27    -6462.46    -16.6756    0.485447    10.4498    
1    83    28    -6461.39    -15.9875    0.461975    10.1811    
1    93    29    -6464.94    -17.6865    0.473476    10.456    
1    95    30    -6468.18    -18.0649    0.489417    10.6392    
1    97    31    -6467.25    -16.9451    0.469501    10.4518    
