#Task    Step    numberOfAcceptedPeleSteps    currentEnergy    BindingEnergy    sasaLig    distance_A35SG_L1S1    
1    0    0    -6468.98    -39.0644    0.409514    10.9571    
1    4    1    -6478.25    -24.9814    0.456408    10.7356    
1    7    2    -6492.91    -39.4002    0.411408    11.157    
1    13    3    -6495.33    -39.0342    0.409193    11.0337    
1    22    4    -6493.21    -37.5053    0.408678    10.8746    
1    23    5    -6493.2    -38.1783    0.408702    10.7474    
1    41    6    -6489.82    -39.1944    0.403591    10.7192    
1    53    7    -6494.01    -39.9181    0.406121    10.9208    
1    58    8    -6491.2    -37.4648    0.412381    10.9348    
1    72    9    -6487.93    -34.8768    0.392241    10.5112    
1    73    10    -6488.26    -39.0618    0.399952    10.367    
1    85    11    -6495.88    -40.0772    0.395496    10.7631    
1    91    12    -6491.94    -33.0351    0.401641    10.9681    
1    93    13    -6490.96    -34.7971    0.389414    11.0923    
