#Task    Step    numberOfAcceptedPeleSteps    currentEnergy    BindingEnergy    sasaLig    distance_A35SG_L1S1    
1    0    0    -6455.4    -15.6891    0.433858    4.44168    
1    1    1    -6464.35    -17.1499    0.435262    7.74804    
1    4    2    -6465.54    -13.8118    0.415671    7.93243    
1    9    3    -6468.29    -20.3123    0.440845    3.59494    
1    16    4    -6470.78    -23.0104    0.431061    3.70209    
1    21    5    -6477.43    -25.1657    0.413595    3.74454    
1    30    6    -6473.02    -19.6947    0.413609    3.63955    
1    34    7    -6476.41    -24.8112    0.399856    3.71647    
1    36    8    -6476.03    -18.3067    0.426814    3.69601    
1    37    9    -6475.82    -31.9427    0.379812    3.89728    
1    38    10    -6472.4    -27.3688    0.399595    4.30855    
1    45    11    -6477.42    -33.0707    0.378841    3.83405    
1    49    12    -6477.73    -32.7219    0.363161    3.87338    
1    51    13    -6478.89    -28.3689    0.3941    3.77888    
1    58    14    -6478.99    -26.272    0.392884    3.91765    
1    64    15    -6480.36    -25.9255    0.3944    3.84196    
1    68    16    -6479.38    -25.0283    0.411827    3.79589    
1    74    17    -6475.86    -26.8395    0.411357    4.41164    
1    75    18    -6478.07    -14.1014    0.497282    4.46206    
1    76    19    -6477.43    -13.4496    0.469273    5.1758    
1    77    20    -6482.18    -22.8407    0.503969    6.15334    
1    79    21    -6481.17    -22.1546    0.490895    5.87726    
1    81    22    -6480.44    -19.898    0.539969    6.96547    
1    94    23    -6481.29    -21.1376    0.513998    6.13038    
1    96    24    -6480.36    -21.0562    0.482418    6.25446    
1    99    25    -6477.02    -24.0318    0.409806    5.40864    
1    100    26    -6475.69    -18.8091    0.432282    6.02754    
