#Task    Step    numberOfAcceptedPeleSteps    currentEnergy    BindingEnergy    sasaLig    distance_A35SG_L1S1    
1    0    0    -6432.9    -10.2706    0.622057    6.37577    
1    1    1    -6455.61    -10.985    0.581321    5.6235    
1    2    2    -6455.32    -9.54131    0.599637    6.3486    
1    3    3    -6454.63    -9.69867    0.638279    6.74767    
1    5    4    -6449.2    -8.97087    0.588416    6.39017    
1    7    5    -6451.18    -9.99408    0.642966    6.6926    
1    8    6    -6445.93    -5.02738    0.598593    9.80953    
1    13    7    -6449.03    -7.52    0.584829    10.354    
1    14    8    -6450.9    -7.82903    0.583764    10.8704    
1    16    9    -6453    -6.92084    0.661877    11.4115    
1    20    10    -6455.22    -6.54392    0.647871    11.4444    
1    21    11    -6455.82    -8.81805    0.648572    11.5909    
1    27    12    -6458.97    -6.15704    0.623209    8.76858    
1    31    13    -6454.84    -2.9926    0.652126    8.80345    
1    34    14    -6463.25    -10.1796    0.670489    8.59868    
1    36    15    -6463.37    -10.0877    0.650558    8.38367    
1    44    16    -6466.12    -10.723    0.665317    8.51372    
1    47    17    -6462.98    -10.5291    0.650382    8.36294    
1    50    18    -6460.66    -8.79876    0.665939    8.71706    
1    51    19    -6460.9    -8.4705    0.682117    9.09541    
1    53    20    -6462.36    -9.36904    0.675712    9.05256    
1    57    21    -6462.47    -10.5669    0.682925    8.87976    
1    58    22    -6463.1    -9.14669    0.693511    9.18573    
1    59    23    -6463.1    -9.32775    0.688878    8.98743    
1    62    24    -6464.36    -10.0819    0.685737    9.11373    
1    63    25    -6465.57    -11.843    0.667591    8.75843    
1    64    26    -6465.89    -11.6182    0.678365    8.73949    
1    65    27    -6464.73    -11.5512    0.680977    8.79608    
1    74    28    -6463.86    -11.8951    0.671103    9.11336    
1    75    29    -6465.99    -10.7654    0.682101    9.12691    
1    80    30    -6459.6    -2.6682    0.692619    10.374    
1    81    31    -6460.53    -5.10548    0.691942    10.6905    
1    83    32    -6461.19    -5.36832    0.694897    10.1    
1    85    33    -6463.87    -9.1223    0.683605    9.19158    
1    95    34    -6464.74    -9.14085    0.69494    9.30785    
1    99    35    -6459.86    -6.38506    0.675535    11.0068    
1    100    36    -6457.9    -3.79745    0.664793    10.0819    
