#Task    Step    numberOfAcceptedPeleSteps    currentEnergy    BindingEnergy    sasaLig    distance_A35SG_L1S1    
1    0    0    -6444.91    -19.8168    0.477791    7.35572    
1    1    1    -6444.17    -8.82739    0.516457    5.24371    
1    3    2    -6454.97    -12.0832    0.487199    5.97172    
1    5    3    -6452.35    -11.8827    0.471093    5.44056    
1    6    4    -6457.08    -13.6483    0.491743    5.63503    
1    9    5    -6458.26    -15.8174    0.467399    6.25025    
1    17    6    -6453.99    -16.8861    0.477083    5.27791    
1    18    7    -6455.24    -17.0455    0.479908    6.30732    
1    19    8    -6458.96    -20.0187    0.475928    5.55222    
1    23    9    -6458.18    -18.1311    0.514672    8.03405    
1    27    10    -6454.41    -14.2009    0.541462    10.0608    
1    31    11    -6452.37    -7.37821    0.625169    10.2117    
1    32    12    -6454.83    -7.19996    0.650624    6.38608    
1    33    13    -6462.04    -24.4602    0.505043    6.07147    
1    37    14    -6459.94    -23.0112    0.519993    6.58011    
1    40    15    -6461.74    -23.6468    0.509664    5.73161    
1    51    16    -6461.64    -22.8152    0.468519    6.82572    
1    52    17    -6462.93    -22.7224    0.495036    5.62669    
1    54    18    -6464.66    -23.8191    0.481651    6.51376    
1    55    19    -6461.96    -24.5296    0.501978    5.61673    
1    59    20    -6461.95    -24.2171    0.49279    6.11465    
1    61    21    -6458.97    -15.827    0.511877    5.32537    
1    63    22    -6461.96    -17.4545    0.561427    5.78372    
1    65    23    -6463.22    -17.6838    0.535118    5.19714    
1    68    24    -6464.51    -17.8805    0.544881    5.29911    
1    70    25    -6461.65    -14.5876    0.548648    4.83086    
1    72    26    -6462.17    -15.7009    0.535275    4.81821    
1    73    27    -6464.63    -21.5341    0.513933    6.71593    
1    77    28    -6464.14    -22.8173    0.537436    6.26453    
1    79    29    -6460.18    -18.501    0.568359    5.72071    
1    80    30    -6460.3    -18.2379    0.55323    5.8787    
1    82    31    -6459.64    -16.3778    0.566811    6.30748    
1    83    32    -6453.92    -12.4659    0.539279    5.94264    
1    85    33    -6454.98    -17.6618    0.396076    4.31315    
1    91    34    -6454.21    -16.735    0.390817    4.5338    
1    92    35    -6456.57    -15.7175    0.412337    4.41342    
1    95    36    -6462.43    -23.4177    0.457057    5.77092    
1    97    37    -6463.16    -24.9266    0.439621    5.98403    
1    100    38    -6463.38    -24.498    0.458789    6.45236    
