#Task    Step    numberOfAcceptedPeleSteps    currentEnergy    BindingEnergy    sasaLig    distance_A35SG_L1S1    
1    0    0    -6441.94    -9.87028    0.572585    6.77959    
1    1    1    -6464.34    -4.72306    0.633991    3.88376    
1    2    2    -6464.85    -5.13056    0.571031    6.1054    
1    3    3    -6467.29    -7.40073    0.577217    6.00809    
1    5    4    -6465.75    -7.52689    0.538721    6.85203    
1    6    5    -6466.03    -7.82836    0.525854    6.72846    
1    13    6    -6465.43    -6.23464    0.52349    6.33185    
1    16    7    -6465.59    -6.05837    0.505231    6.62107    
1    17    8    -6466.85    -6.42583    0.51172    6.72789    
1    27    9    -6465.85    -6.28288    0.532386    6.44242    
1    29    10    -6465.04    -5.56025    0.521563    5.02512    
1    31    11    -6466.28    -8.88156    0.527881    7.29368    
1    34    12    -6468.02    -11.9411    0.516944    7.14942    
1    36    13    -6465.16    -5.2826    0.590067    6.5083    
1    37    14    -6463.76    -9.0091    0.572489    7.27899    
1    42    15    -6463.99    -8.4545    0.543603    6.97474    
1    43    16    -6463.99    -10.4216    0.555998    7.17974    
1    45    17    -6463.3    -8.31105    0.546973    6.64584    
1    48    18    -6460.73    -3.28478    0.569308    6.17544    
1    49    19    -6468.59    -10.5209    0.519342    6.89272    
1    55    20    -6468.09    -9.52842    0.515805    7.14557    
1    57    21    -6468.41    -15.135    0.481576    7.1104    
1    66    22    -6467.93    -14.6659    0.540183    8.08967    
1    69    23    -6467.33    -13.7401    0.516779    6.9353    
1    74    24    -6466.66    -10.1224    0.552378    7.01984    
1    78    25    -6469.79    -11.4829    0.550067    7.21033    
1    79    26    -6470.79    -11.724    0.541481    7.25352    
1    80    27    -6470.58    -12.3497    0.535379    6.98138    
1    84    28    -6470.21    -11.7733    0.554802    7.4809    
1    87    29    -6464.13    -7.245    0.575256    6.79879    
1    88    30    -6466.41    -6.72536    0.551813    6.62522    
1    92    31    -6468.31    -9.46784    0.549217    6.87225    
1    93    32    -6468.46    -8.53741    0.560663    7.52383    
1    94    33    -6466.2    -7.76073    0.556342    6.22709    
