#Task    Step    numberOfAcceptedPeleSteps    currentEnergy    BindingEnergy    sasaLig    distance_A35SG_L1S1    
1    0    0    -7162.82    -11.201    0.339005    5.63663    
1    1    1    -7192.08    -8.38561    0.357113    6.49379    
1    3    2    -7197.03    -7.37234    0.404469    8.3049    
1    6    3    -7200.73    -8.88258    0.43125    8.11912    
1    7    4    -7197.15    -7.68273    0.439414    8.14125    
1    10    5    -7199.23    -6.4418    0.401487    8.05595    
1    11    6    -7198.65    -7.64383    0.381494    8.35288    
1    13    7    -7195.53    -7.26867    0.37533    8.59881    
1    16    8    -7198.1    -8.46545    0.379117    8.74611    
1    19    9    -7200.4    -4.9908    0.438497    9.51116    
1    22    10    -7203.37    -5.6134    0.454304    9.107    
1    24    11    -7206.68    -6.69068    0.405563    8.24493    
1    28    12    -7207.7    -7.50703    0.415471    8.31181    
1    32    13    -7203.24    -4.93779    0.430213    8.42107    
1    33    14    -7204.51    -7.53742    0.394055    8.33213    
1    47    15    -7199.48    -5.43473    0.369467    7.29237    
1    48    16    -7205.25    -8.19831    0.355661    7.27091    
1    49    17    -7209.73    -12.3417    0.366756    8.1921    
1    51    18    -7207.14    -9.67468    0.346854    7.98113    
1    52    19    -7208.39    -12.8423    0.314208    7.55203    
1    53    20    -7209.65    -15.2164    0.317332    7.49187    
1    73    21    -7211.64    -15.2463    0.298608    7.56287    
1    74    22    -7209.26    -12.9559    0.291612    7.59273    
1    87    23    -7207.18    -14.2775    0.269217    7.53479    
1    89    24    -7207.13    -15.8005    0.265296    6.99187    
1    92    25    -7210.59    -15.6033    0.301486    6.75838    
1    100    26    -7214.99    -17.0918    0.282205    7.04428    
