#Task    Step    numberOfAcceptedPeleSteps    currentEnergy    BindingEnergy    sasaLig    distance_A35SG_L1S1    
1    0    0    -7152.65    -10.7471    0.295866    5.06984    
1    1    1    -7164.49    1.52609    0.300215    6.1055    
1    2    2    -7171.49    -2.26468    0.39394    7.26798    
1    3    3    -7175.47    -11.9976    0.438162    6.47926    
1    4    4    -7179.76    -6.47369    0.463495    7.7452    
1    5    5    -7192.41    -12.8878    0.431242    7.18313    
1    7    6    -7192.85    -11.2654    0.437888    6.81914    
1    9    7    -7190.37    -7.403    0.412749    7.43034    
1    12    8    -7195.11    -12.2176    0.395785    5.94381    
1    22    9    -7192.7    -9.28459    0.410445    6.76023    
1    29    10    -7197.43    -11.0627    0.395404    6.39532    
1    39    11    -7194.69    -8.23258    0.470568    9.88629    
1    40    12    -7193.69    -7.82342    0.470442    10.1506    
1    41    13    -7193.22    -12.685    0.376912    6.17326    
1    43    14    -7191.87    -17.2963    0.363121    5.82597    
1    47    15    -7194.61    -14.2095    0.37195    5.85273    
1    49    16    -7194.56    -11.1075    0.411415    6.87028    
1    51    17    -7191.3    -9.84005    0.36183    6.83033    
1    54    18    -7192.1    -11.1897    0.357443    7.24061    
1    57    19    -7194.85    -17.1834    0.346743    6.97414    
1    59    20    -7190.14    -15.7526    0.382127    7.49406    
1    60    21    -7189.62    -16.3717    0.321678    6.74776    
1    61    22    -7192.01    -16.3908    0.349202    7.14708    
1    65    23    -7188.68    -11.8386    0.40555    6.72291    
1    66    24    -7192.2    -16.3141    0.361621    7.04446    
1    67    25    -7194.54    -18.6108    0.366375    7.52507    
1    73    26    -7192.77    -17.4817    0.352137    7.18644    
1    75    27    -7189.86    -2.07079    0.502012    4.40622    
1    76    28    -7190.27    -1.3513    0.559739    4.28321    
1    77    29    -7193.61    -2.82146    0.496566    3.88735    
1    80    30    -7198.29    -4.73366    0.565315    4.20559    
1    81    31    -7204.48    -12.4575    0.587377    8.36579    
1    86    32    -7202.86    -11.9759    0.573872    8.24679    
1    88    33    -7194.38    0.150255    0.58449    9.58497    
1    91    34    -7201.47    -5.91634    0.479199    8.84253    
1    92    35    -7203.72    -9.17666    0.444139    8.20945    
1    93    36    -7202.78    -10.375    0.424835    7.47858    
1    95    37    -7200.02    -10.4334    0.385158    7.2361    
