#Task    Step    numberOfAcceptedPeleSteps    currentEnergy    BindingEnergy    sasaLig    distance_A35SG_L1S1    
1    0    0    -7146.73    -14.6061    0.297208    6.25513    
1    1    1    -7160.79    -8.1079    0.272365    5.45948    
1    2    2    -7167.65    -0.508196    0.316221    8.66666    
1    3    3    -7170.74    -3.56348    0.339829    11.3109    
1    5    4    -7171.72    -5.11782    0.315793    10.7337    
1    7    5    -7174.17    -5.23871    0.304646    8.41703    
1    8    6    -7169.97    0.332642    0.344727    7.92403    
1    9    7    -7189.59    -13.5901    0.33936    7.31519    
1    21    8    -7188.4    -15.8874    0.303367    8.91072    
1    25    9    -7186.22    -15.5929    0.330465    9.52046    
1    27    10    -7177.4    -5.87309    0.382822    9.40111    
1    28    11    -7174.07    -3.21746    0.478836    9.60565    
1    29    12    -7176.89    -3.25674    0.364403    9.04671    
1    30    13    -7174.77    -6.82173    0.428259    6.38604    
1    35    14    -7183.71    -7.49975    0.429049    7.4799    
1    36    15    -7184.24    -7.49243    0.464527    7.73649    
1    38    16    -7187.88    -11.1607    0.424346    8.06288    
1    39    17    -7192.19    -9.12082    0.404777    7.05925    
1    40    18    -7189.9    -5.69198    0.365349    7.79697    
1    41    19    -7190.35    -7.24675    0.37424    7.94637    
1    48    20    -7176.8    5.95437    0.371445    8.47132    
1    49    21    -7190.52    -8.99742    0.374544    7.83315    
1    58    22    -7192.61    -9.43461    0.375241    7.29559    
1    60    23    -7192.68    -6.96428    0.430957    7.40038    
1    62    24    -7193.21    -8.56204    0.458781    7.9489    
1    65    25    -7194.95    -8.79746    0.463243    6.67197    
1    66    26    -7192.71    -5.8365    0.425769    6.43985    
1    68    27    -7193.48    -7.59202    0.440209    7.07289    
1    71    28    -7193.02    -11.8929    0.457476    8.09327    
1    73    29    -7195.21    -18.2188    0.405662    8.99132    
1    76    30    -7191.88    -11.6147    0.374648    8.84295    
1    81    31    -7189.29    -12.1661    0.340016    8.95046    
1    85    32    -7190.41    -15.6002    0.35687    8.94616    
1    88    33    -7187.92    -9.74926    0.346563    7.44235    
1    92    34    -7188.29    -11.5388    0.342833    7.09093    
1    94    35    -7187.3    -7.50493    0.386023    7.43875    
1    96    36    -7190.42    -9.78501    0.395246    7.10852    
1    97    37    -7181.58    -6.90823    0.462835    8.98647    
1    98    38    -7189.81    -9.78701    0.432259    8.87632    
1    100    39    -7191.71    -13.2818    0.445458    8.14    
