#Task    Step    numberOfAcceptedPeleSteps    currentEnergy    BindingEnergy    sasaLig    distance_A35SG_L1S1    
1    0    0    -7154.86    -7.47067    0.353705    5.82425    
1    1    1    -7179.16    -2.73258    0.390791    7.00494    
1    3    2    -7181.77    -3.17637    0.464537    7.66854    
1    4    3    -7181.62    -3.38696    0.492892    7.91942    
1    6    4    -7191.88    -5.58925    0.440515    6.93701    
1    8    5    -7193.97    -2.31755    0.495538    9.14543    
1    9    6    -7199.47    -11.9075    0.396377    8.0843    
1    11    7    -7204.53    -11.4653    0.421866    7.71771    
1    14    8    -7204.06    -8.52269    0.433544    7.69191    
1    18    9    -7209.52    -12.4433    0.421671    7.76286    
1    20    10    -7208.22    -11.9659    0.41419    7.69767    
1    25    11    -7211.16    -13.6867    0.385655    7.65176    
1    27    12    -7211.22    -14.1626    0.36104    7.52965    
1    30    13    -7215.15    -15.1797    0.373637    7.69065    
1    42    14    -7211.21    -11.2356    0.396263    7.74743    
1    43    15    -7211.6    -12.1309    0.398178    7.79302    
1    46    16    -7212.08    -13.283    0.38471    7.65258    
1    60    17    -7211.4    -12.5465    0.389746    7.75666    
1    61    18    -7210.02    -11.3312    0.413774    7.45795    
1    63    19    -7209.93    -9.98918    0.411157    7.34382    
1    64    20    -7207.88    -8.45834    0.471901    7.71455    
1    66    21    -7211.85    -10.5047    0.403781    7.56159    
1    69    22    -7209.92    -9.28921    0.453815    7.09221    
1    70    23    -7209.3    -10.0014    0.426276    8.09071    
1    71    24    -7210.56    -9.81682    0.403402    6.93415    
1    74    25    -7210.13    -11.2423    0.424165    8.3801    
1    75    26    -7208.31    -10.969    0.409148    7.44333    
1    77    27    -7211.47    -11.196    0.405488    7.44802    
1    78    28    -7208.56    -9.02455    0.426781    8.35767    
1    79    29    -7209.23    -11.6932    0.423676    7.29633    
1    80    30    -7212.16    -11.6101    0.428908    7.2362    
1    85    31    -7210.99    -14.2427    0.410084    6.62902    
1    86    32    -7211.13    -13.5996    0.407033    7.23422    
1    87    33    -7211.66    -14.1377    0.401817    7.0632    
1    89    34    -7211.31    -15.6886    0.390055    6.75848    
1    90    35    -7211.25    -15.6745    0.3866    6.73876    
1    92    36    -7212.73    -14.3303    0.389325    7.17987    
1    93    37    -7214.53    -16.8    0.367096    7.0022    
1    96    38    -7211.19    -14.1969    0.369606    7.00054    
1    98    39    -7205.86    -9.66497    0.341575    6.71613    
1    99    40    -7208.94    -14.5432    0.377109    7.9746    
