#Task    Step    numberOfAcceptedPeleSteps    currentEnergy    BindingEnergy    sasaLig    distance_A35SG_L1S1    
1    0    0    -7170.14    -11.2274    0.306453    6.11344    
1    1    1    -7199.76    -12.0744    0.329001    7.73445    
1    6    2    -7199.91    -4.78613    0.320662    7.68664    
1    8    3    -7187.24    -4.79243    0.443483    7.1502    
1    10    4    -7188.12    -2.46341    0.476313    6.20574    
1    12    5    -7186.42    -0.377029    0.471895    6.62935    
1    14    6    -7186.2    0.570226    0.434754    5.21214    
1    15    7    -7189.58    -3.93139    0.421626    5.26433    
1    16    8    -7181.6    0.622822    0.489813    5.32704    
1    17    9    -7195.98    -3.24725    0.452839    5.48728    
1    18    10    -7196.27    1.70692    0.522107    4.40485    
1    20    11    -7196.69    -2.8234    0.459907    5.295    
1    21    12    -7194.86    0.619709    0.41543    5.29934    
1    22    13    -7195.3    -1.1181    0.515606    4.57865    
1    25    14    -7197.92    -1.57768    0.476837    5.05381    
1    27    15    -7200.52    -1.95616    0.489244    5.02875    
1    28    16    -7201.57    -1.2993    0.487703    5.41848    
1    38    17    -7199.09    1.07148    0.58101    8.24872    
1    39    18    -7201.13    1.1672    0.550446    4.82321    
1    40    19    -7202.19    3.48179    0.563115    7.10772    
1    41    20    -7199.09    0.105586    0.477081    7.71134    
1    42    21    -7208.24    -0.505881    0.503691    8.60709    
1    44    22    -7209.39    0.966668    0.513784    8.51063    
1    46    23    -7212.76    -3.50134    0.505254    7.58289    
1    48    24    -7210.82    -1.31782    0.523998    7.26657    
1    49    25    -7216.47    -4.9229    0.502168    8.10987    
1    52    26    -7214.9    -2.37266    0.460206    7.62296    
1    53    27    -7219.07    -11.7639    0.428779    7.65849    
1    54    28    -7220.68    -11.5843    0.37636    7.62821    
1    58    29    -7212.32    -3.22946    0.439483    8.79679    
1    59    30    -7213.61    -6.67161    0.387268    8.05523    
1    62    31    -7212.74    -6.16286    0.340378    7.28165    
1    63    32    -7217.21    -11.0284    0.39336    7.32292    
1    64    33    -7217.44    -8.22756    0.40233    8.14994    
1    65    34    -7223.14    -15.0567    0.329299    7.18316    
1    69    35    -7218.49    -14.2171    0.318017    7.04634    
1    73    36    -7219.25    -15.5277    0.324443    7.29082    
1    76    37    -7218.21    -12.5216    0.368142    7.55314    
1    80    38    -7219.49    -13.7454    0.343986    7.29964    
1    81    39    -7218.68    -12.8788    0.345221    7.51114    
1    83    40    -7218.85    -10.2098    0.357226    7.68569    
1    84    41    -7223.85    -15.7599    0.323301    7.30507    
1    99    42    -7221.7    -11.1128    0.372774    7.69461    
1    100    43    -7219.74    -9.78117    0.309978    7.14828    
