#Task    Step    numberOfAcceptedPeleSteps    currentEnergy    BindingEnergy    sasaLig    distance_A35SG_L1S1    
1    0    0    -7160.92    -13.2668    0.309953    6.21231    
1    1    1    -7177.92    -0.400816    0.367089    8.32223    
1    2    2    -7184.56    -0.747993    0.345545    7.89834    
1    3    3    -7188.5    -3.92631    0.441408    8.12156    
1    4    4    -7188.7    -5.00579    0.422522    7.87337    
1    5    5    -7194.16    -14.5054    0.372953    8.84402    
1    9    6    -7196.48    -19.8466    0.344542    8.97153    
1    10    7    -7193.84    -17.0039    0.353725    9.40036    
1    11    8    -7188.87    -17.1498    0.310446    9.33632    
1    17    9    -7196.45    -22.0036    0.33027    9.29612    
1    19    10    -7202.26    -24.261    0.314858    9.12302    
1    22    11    -7200.98    -22.796    0.330261    9.21507    
1    23    12    -7201.65    -23.0397    0.325535    9.26725    
1    26    13    -7198.88    -20.3847    0.334839    9.23787    
1    30    14    -7198.54    -21.2971    0.341917    9.09648    
1    32    15    -7200.2    -22.2886    0.319412    8.67138    
1    37    16    -7199.69    -21.9302    0.315599    9.3015    
1    41    17    -7193.11    -21.3603    0.315808    8.87844    
1    43    18    -7199.36    -19.0953    0.319564    8.89474    
1    46    19    -7196.98    -17.063    0.325058    9.27018    
1    47    20    -7197.47    -16.2535    0.297826    9.48159    
1    49    21    -7189.66    -28.3985    0.302645    7.35196    
1    50    22    -7189.22    -23.405    0.320704    7.84233    
1    53    23    -7194.78    -29.8181    0.294597    7.28228    
1    54    24    -7194.69    -30.2565    0.295632    7.00779    
1    57    25    -7194.51    -28.6195    0.326657    7.43249    
1    65    26    -7196.91    -28.41    0.299884    7.48287    
