#Task    Step    numberOfAcceptedPeleSteps    currentEnergy    BindingEnergy    sasaLig    distance_A35SG_L1S1    
1    0    0    -7156.75    -12.1154    0.292155    5.30914    
1    1    1    -7184.6    -12.9009    0.391347    5.3534    
1    2    2    -7186.36    -10.1588    0.407548    5.05309    
1    7    3    -7189.59    -11.1414    0.359291    4.29852    
1    8    4    -7183.47    -5.58034    0.461854    6.84391    
1    10    5    -7189.28    -6.46719    0.535453    7.78424    
1    11    6    -7196.8    -9.6138    0.462174    6.55515    
1    14    7    -7196    -7.01786    0.418869    7.4226    
1    21    8    -7193.9    -8.07531    0.458516    7.54086    
1    26    9    -7193.77    -9.58872    0.439797    7.36348    
1    30    10    -7190.58    -6.70912    0.368859    6.82956    
1    33    11    -7188.57    -5.2249    0.368    6.97401    
1    34    12    -7190.29    -13.3378    0.39409    8.11021    
1    37    13    -7190.87    -10.0447    0.428138    7.29622    
1    40    14    -7192.82    -7.39838    0.436947    7.87398    
1    42    15    -7192.48    -4.64434    0.444558    8.53016    
1    43    16    -7199.5    -8.55352    0.403304    8.33241    
1    44    17    -7205.59    -12.7947    0.368644    7.33546    
1    46    18    -7211.37    -17.8758    0.374301    7.09789    
1    48    19    -7210.45    -17.3264    0.353693    7.31633    
1    49    20    -7211.73    -19.139    0.375251    7.01009    
1    70    21    -7208.09    -15.7369    0.375808    7.26373    
1    71    22    -7209.28    -15.583    0.376283    7.37232    
1    77    23    -7211.85    -17.443    0.359055    7.36099    
1    85    24    -7210.59    -18.8708    0.359576    6.9982    
1    87    25    -7210.36    -16.8984    0.367939    7.74676    
1    89    26    -7201.5    -13.081    0.374463    8.67125    
1    90    27    -7202.36    -11.6654    0.399064    8.95528    
1    91    28    -7201.85    -10.8312    0.376167    8.63478    
1    92    29    -7197.5    -8.18777    0.378377    8.45326    
1    93    30    -7200.62    -10.535    0.444657    8.77121    
1    100    31    -7204.04    -11.2236    0.493231    8.29263    
