#Task    Step    numberOfAcceptedPeleSteps    currentEnergy    BindingEnergy    sasaLig    distance_A35SG_L1S1    
1    0    0    -7156.61    -16.633    0.315104    6.21653    
1    1    1    -7171.34    -7.60292    0.324415    7.88409    
1    2    2    -7180.64    -7.01655    0.389826    7.14651    
1    5    3    -7182.39    -14.9294    0.372822    8.01608    
1    6    4    -7177.1    -11.0255    0.357188    7.53131    
1    7    5    -7183.3    -8.14423    0.3596    4.90487    
1    8    6    -7185.54    -6.41827    0.354131    5.31745    
1    11    7    -7185.69    -4.46681    0.338939    5.10339    
1    13    8    -7191.79    -16.868    0.291342    5.34548    
1    19    9    -7190.5    -17.3294    0.32517    5.86544    
1    21    10    -7194.19    -18.016    0.330545    6.32586    
1    23    11    -7194.68    -17.4441    0.323149    5.86367    
1    24    12    -7202.69    -22.9799    0.291623    6.18444    
1    38    13    -7200.82    -22.016    0.28982    6.30162    
1    39    14    -7202.26    -24.0042    0.281044    6.09015    
1    51    15    -7208.32    -25.5155    0.303089    6.06677    
1    53    16    -7206.83    -24.2082    0.317826    6.34126    
1    55    17    -7204.35    -24.3859    0.331119    6.69689    
1    60    18    -7206.88    -23.5832    0.327676    6.04399    
1    75    19    -7205.15    -20.3317    0.329058    6.36916    
1    76    20    -7205.78    -20.6962    0.339094    6.67781    
1    80    21    -7206.96    -22.8855    0.317958    6.11719    
1    86    22    -7207.91    -24.0071    0.311585    6.30148    
1    90    23    -7207.75    -23.9905    0.29477    6.25177    
