#Task    Step    numberOfAcceptedPeleSteps    currentEnergy    BindingEnergy    sasaLig    distance_A35SG_L1S1    
1    0    0    -7151.55    -16.9017    0.273698    5.88265    
1    1    1    -7192.7    -28.2669    0.249603    6.70485    
1    3    2    -7194.45    -23.4267    0.337515    6.21338    
1    4    3    -7194.96    -22.5351    0.334437    6.17742    
1    7    4    -7194.53    -14.19    0.396543    6.98211    
1    8    5    -7195.23    -14.5248    0.383132    6.81959    
1    9    6    -7192.6    -21.3496    0.280575    3.66538    
1    10    7    -7192.47    -18.5991    0.302306    6.07084    
1    12    8    -7191.4    -17.1647    0.332055    6.22375    
1    16    9    -7187.88    -11.9735    0.375736    7.79461    
1    17    10    -7193.29    -15.8851    0.322303    8.02632    
1    19    11    -7193.28    -15.7297    0.328108    7.86823    
1    21    12    -7192.6    -17.2223    0.288916    8.04157    
1    23    13    -7191.72    -14.7889    0.326552    8.20756    
1    27    14    -7185.81    -11.6298    0.325797    8.26981    
1    29    15    -7185.65    -16.2494    0.300047    8.11243    
1    32    16    -7186.37    -9.51346    0.431732    7.05153    
1    33    17    -7185.13    -10.2065    0.444127    7.54559    
1    37    18    -7184.45    -15.5056    0.473205    10.0138    
1    46    19    -7183.84    -12.8659    0.499414    10.1179    
1    47    20    -7187.77    -15.4434    0.476217    10.0861    
1    48    21    -7185.18    -16.6658    0.448636    8.99357    
1    49    22    -7189.57    -17.0308    0.452514    10.0772    
1    54    23    -7192.98    -17.8165    0.463988    10.1433    
1    55    24    -7191.75    -17.5296    0.463651    10.1096    
1    60    25    -7195.91    -22.4329    0.410918    9.77853    
1    63    26    -7196.01    -20.4445    0.434389    9.83939    
1    67    27    -7201.73    -28.2368    0.422634    9.53678    
1    68    28    -7201.16    -27.6041    0.418162    9.69824    
1    69    29    -7202.66    -30.5112    0.402293    9.38602    
1    70    30    -7202.39    -31.0029    0.41391    9.39747    
1    71    31    -7201.96    -27.8299    0.41797    9.16989    
1    73    32    -7202.45    -29.7862    0.395272    9.18866    
1    75    33    -7203.13    -30.1509    0.393666    9.35701    
1    80    34    -7198.98    -26.3993    0.408843    9.43723    
1    82    35    -7197.42    -27.5795    0.399263    8.81687    
1    84    36    -7199.26    -30.0868    0.395916    9.03245    
1    92    37    -7200.71    -26.5548    0.440914    9.27393    
1    96    38    -7200.75    -26.4856    0.452702    9.30082    
1    99    39    -7201.96    -31.1939    0.424376    9.23395    
