#Task    Step    numberOfAcceptedPeleSteps    currentEnergy    BindingEnergy    sasaLig    distance_A35SG_L1S1    
1    0    0    -7156.76    -11.4195    0.308703    5.39649    
1    1    1    -7178.88    -8.57612    0.307392    5.76417    
1    3    2    -7188.43    -12.2585    0.335592    6.6469    
1    5    3    -7188.17    -12.5414    0.308913    7.57354    
1    6    4    -7191.12    -10.2024    0.342959    7.93919    
1    8    5    -7191.11    -9.00593    0.401714    6.76764    
1    11    6    -7191.85    -9.50846    0.432747    7.06226    
1    12    7    -7192.07    -8.48297    0.420343    7.03684    
1    13    8    -7188.6    -11.8975    0.410087    7.27895    
1    16    9    -7191.3    -10.8388    0.424266    7.62891    
1    17    10    -7199.78    -16.2934    0.371762    7.32682    
1    36    11    -7198.71    -15.3865    0.373929    7.31403    
1    41    12    -7201.38    -16.3526    0.357861    7.17833    
1    43    13    -7199.51    -16.5471    0.335128    7.11806    
1    47    14    -7198.34    -14.4536    0.378752    7.3967    
1    49    15    -7196.05    -11.6646    0.388406    7.13948    
1    52    16    -7196.1    -13.1044    0.330186    7.20762    
1    59    17    -7187.39    -6.20027    0.39983    6.79505    
1    60    18    -7186.53    -4.05896    0.409826    8.09231    
1    63    19    -7188.16    -8.16914    0.371858    6.70765    
1    67    20    -7186.69    -0.700431    0.440177    7.75772    
1    68    21    -7187.77    -3.95517    0.527696    8.34855    
1    69    22    -7175.56    2.13445    0.438109    4.98124    
1    70    23    -7178.34    -0.00221421    0.503995    4.10498    
1    71    24    -7187.41    -1.99766    0.440188    5.01372    
1    72    25    -7192.25    -5.47321    0.443213    6.09424    
1    74    26    -7194.8    -6.00016    0.511    7.22622    
1    75    27    -7186.51    -2.43366    0.507088    7.40443    
1    76    28    -7189.46    -0.250461    0.518592    7.58585    
1    77    29    -7189.44    -6.05364    0.506488    7.63041    
1    78    30    -7189.38    -4.37787    0.483553    7.47778    
1    81    31    -7195.38    -10.7889    0.521575    5.77479    
1    84    32    -7195.3    -11.6563    0.494592    5.12716    
1    89    33    -7198.36    -13.5793    0.499606    5.30247    
1    90    34    -7180.87    3.81993    0.550901    4.59515    
1    92    35    -7184.56    1.98518    0.549575    4.40784    
1    93    36    -7190.66    -12.7633    0.53102    4.16076    
1    97    37    -7192.38    -12.0523    0.5309    4.17226    
