#Task    Step    numberOfAcceptedPeleSteps    currentEnergy    BindingEnergy    sasaLig    distance_A35SG_L1S1    
1    0    0    -7169.74    -12.7682    0.291134    6.62608    
1    1    1    -7192.69    -7.93345    0.300878    7.61399    
1    2    2    -7196.88    -6.82583    0.319931    7.46222    
1    6    3    -7198.61    -13.07    0.497257    9.11988    
1    8    4    -7201.57    -14.2261    0.488054    8.96962    
1    9    5    -7198.18    -10.5255    0.357749    9.33359    
1    10    6    -7200.22    -10.6805    0.371992    9.27533    
1    12    7    -7202.78    -8.2418    0.412095    9.92551    
1    19    8    -7202.7    -14.9824    0.404471    10.4892    
1    23    9    -7202.39    -17.9149    0.338023    10.4773    
1    24    10    -7205.01    -20.0851    0.386182    10.3904    
1    25    11    -7199.9    -18.9783    0.412063    10.1564    
1    38    12    -7199.66    -15.5479    0.459892    10.4934    
1    40    13    -7203.2    -17.669    0.412163    10.3639    
1    45    14    -7205.54    -22.8726    0.266983    9.73423    
1    58    15    -7198.14    -16.8446    0.266581    9.49224    
1    61    16    -7206.86    -22.8696    0.276158    9.43615    
1    67    17    -7203.97    -22.238    0.290639    9.4936    
1    69    18    -7205.21    -26.9645    0.234447    9.51018    
1    98    19    -7199.09    -16.7409    0.273325    10.0086    
