#Task    Step    numberOfAcceptedPeleSteps    currentEnergy    BindingEnergy    sasaLig    distance_A35SG_L1S1    
1    0    0    -7149.43    -13.5455    0.305243    5.29711    
1    1    1    -7167.04    -4.61779    0.430171    5.94571    
1    2    2    -7175.89    -2.26329    0.400276    6.43315    
1    3    3    -7186.01    -6.35477    0.36656    6.49322    
1    6    4    -7190.16    -10.0588    0.407407    7.04038    
1    8    5    -7192.29    -11.9757    0.430308    6.78162    
1    9    6    -7188.77    -15.9003    0.384643    6.05457    
1    11    7    -7188.83    -12.7199    0.385366    5.24536    
1    12    8    -7191.85    -12.933    0.393743    5.40843    
1    13    9    -7190.91    -15.5147    0.356148    5.56612    
1    33    10    -7188.12    -9.66047    0.413699    7.75178    
1    37    11    -7188.07    -14.2675    0.371926    7.14056    
1    38    12    -7191.89    -12.9995    0.368657    7.13807    
1    40    13    -7191.17    -11.8011    0.36856    7.3051    
1    44    14    -7190.44    -12.4353    0.386593    6.37956    
1    45    15    -7192.14    -14.1068    0.352119    6.42693    
1    46    16    -7191.38    -10.6328    0.408418    7.07205    
1    50    17    -7191.29    -11.2456    0.392318    6.59391    
1    55    18    -7190.94    -11.4285    0.37478    6.4434    
1    63    19    -7186.21    -7.83592    0.387836    7.0454    
1    64    20    -7189.01    -8.50894    0.376879    7.05251    
1    71    21    -7185.77    -20.0967    0.447214    10.1191    
1    73    22    -7182.17    -13.3332    0.481928    7.39743    
1    75    23    -7181.76    1.21614    0.559216    5.24431    
1    76    24    -7187.8    -1.56635    0.610903    5.21683    
1    77    25    -7187.91    -7.86858    0.521401    3.65933    
1    78    26    -7190.74    -11.4676    0.550438    3.58956    
1    84    27    -7193.05    -11.3881    0.449783    7.62028    
1    85    28    -7196.36    -13.8325    0.445145    7.9923    
1    88    29    -7196.62    -15.0446    0.455267    7.49513    
1    90    30    -7195.1    -11.3134    0.504742    7.11859    
1    95    31    -7196.37    -11.3138    0.519184    7.45164    
1    100    32    -7194.99    -9.6733    0.506902    7.5779    
