#Task    Step    numberOfAcceptedPeleSteps    currentEnergy    BindingEnergy    sasaLig    distance_A35SG_L1S1    
1    0    0    -7142.52    -11.7178    0.287436    5.21342    
1    1    1    -7161.69    1.70202    0.333825    5.04484    
1    2    2    -7165.63    -1.27903    0.496109    8.5722    
1    3    3    -7173.5    -5.06444    0.397085    5.33113    
1    4    4    -7176.75    -1.4852    0.454624    6.4782    
1    5    5    -7179.67    -3.34174    0.448308    5.70761    
1    6    6    -7184.61    -5.25855    0.408765    5.34528    
1    8    7    -7184.27    -3.21442    0.443547    4.77861    
1    10    8    -7183.1    -0.249077    0.453252    4.98166    
1    11    9    -7188.16    -4.33903    0.38149    5.42896    
1    16    10    -7187.7    -0.976377    0.383187    5.4622    
1    17    11    -7187.74    -3.48567    0.525187    4.57699    
1    20    12    -7189.99    -0.321103    0.558954    5.57111    
1    21    13    -7188.74    -0.655278    0.564723    6.33713    
1    23    14    -7181.23    2.09403    0.461922    10.844    
1    24    15    -7192.64    -4.35353    0.464485    10.4979    
1    26    16    -7191.27    -2.07329    0.433487    11.5448    
1    27    17    -7189.32    -4.92563    0.503892    10.2989    
1    29    18    -7192.89    -4.29977    0.486867    11.0154    
1    30    19    -7197.37    -5.89387    0.44664    9.4416    
1    35    20    -7191.54    -2.38471    0.462694    8.37617    
1    36    21    -7193.6    -4.32155    0.418484    8.62728    
1    37    22    -7196.04    -7.22885    0.402131    8.96157    
1    39    23    -7200.7    -9.17838    0.384795    9.24856    
1    44    24    -7199.61    -8.46098    0.384447    9.24796    
1    46    25    -7197.37    -5.10846    0.408956    8.87693    
1    47    26    -7200.42    -9.66104    0.379822    9.41461    
1    48    27    -7197.47    -6.39088    0.386098    9.54959    
1    52    28    -7196.09    -5.3071    0.477924    11.08    
1    54    29    -7201.56    -11.5257    0.378269    9.72555    
1    57    30    -7198.03    -9.38121    0.362362    9.99391    
1    65    31    -7198.11    -10.9697    0.364567    10.4267    
1    72    32    -7199.73    -13.8783    0.417559    10.3595    
1    78    33    -7202.62    -14.7155    0.465347    10.5305    
1    79    34    -7194.48    -12.3956    0.443764    10.93    
1    86    35    -7200.95    -14.3678    0.452385    10.4868    
1    90    36    -7202.61    -15.5305    0.459611    10.6512    
1    93    37    -7196.84    -15.6554    0.472782    10.7597    
1    94    38    -7197.96    -14.6058    0.488356    10.6241    
1    95    39    -7198.44    -13.1798    0.459117    10.7015    
1    100    40    -7198.21    -9.88418    0.469561    10.4867    
