#Task    Step    numberOfAcceptedPeleSteps    currentEnergy    BindingEnergy    sasaLig    distance_A35SG_L1S1    
1    0    0    -7154.81    -12.0468    0.350592    5.56535    
1    1    1    -7178.49    -7.09148    0.36613    6.64336    
1    3    2    -7183.51    -13.4183    0.370814    7.08776    
1    4    3    -7189.19    -13.3091    0.395361    7.53265    
1    12    4    -7191.23    -12.2333    0.423512    7.89839    
1    13    5    -7190.68    -18.2549    0.361603    7.99664    
1    14    6    -7191.72    -16.8752    0.366929    8.00675    
1    21    7    -7184.88    -10.2113    0.384821    7.75568    
1    25    8    -7183.81    -14.8553    0.359096    8.04193    
1    35    9    -7182.65    -13.461    0.352816    8.25068    
1    37    10    -7180.55    -15.7953    0.3294    8.54112    
1    38    11    -7179.74    -9.4403    0.370633    8.46028    
1    39    12    -7185    -11.6756    0.410438    7.73759    
1    41    13    -7187.26    -13.5228    0.368174    6.71309    
1    42    14    -7189.06    -13.0186    0.380947    7.0327    
1    51    15    -7186.76    -12.5471    0.344146    6.64652    
1    52    16    -7187.06    -10.5496    0.373499    6.61727    
1    54    17    -7195.95    -19.2064    0.335848    7.72079    
1    58    18    -7190.77    -14.01    0.352367    7.95759    
1    63    19    -7187.28    -14.8279    0.353701    7.33803    
1    69    20    -7190.73    -17.8106    0.353036    7.65265    
1    71    21    -7192.44    -15.7482    0.383305    7.94173    
1    72    22    -7187.61    -8.19235    0.406657    8.87749    
1    74    23    -7188.14    -9.19383    0.418384    8.34001    
1    75    24    -7188.28    -13.1056    0.407891    8.15412    
1    77    25    -7183.8    -16.5597    0.352524    6.79293    
1    82    26    -7184.63    -15.3271    0.354793    6.45136    
1    88    27    -7189.05    -14.7991    0.381869    7.24664    
1    89    28    -7190.65    -17.3446    0.365226    6.28717    
1    92    29    -7194.06    -17.1771    0.410537    6.45949    
1    96    30    -7192.95    -15.1301    0.411134    7.02006    
1    97    31    -7197.21    -12.8974    0.392699    8.33337    
