#Task    Step    numberOfAcceptedPeleSteps    currentEnergy    BindingEnergy    sasaLig    distance_A35SG_L1S1    
1    0    0    -7160.75    -13.263    0.303967    5.07459    
1    1    1    -7192.59    -13.2123    0.25682    4.80778    
1    2    2    -7197.64    -13.6479    0.283958    5.23634    
1    3    3    -7198.37    -12.715    0.353078    5.57762    
1    5    4    -7196.95    -18.3319    0.307086    6.28137    
1    8    5    -7199.07    -13.8258    0.343917    5.93426    
1    15    6    -7199.77    -13.7844    0.359565    5.9789    
1    16    7    -7197.66    -13.3291    0.379614    5.43197    
1    18    8    -7203.31    -18.1195    0.323886    6.5152    
1    35    9    -7197.83    -16.6594    0.274235    6.24212    
1    37    10    -7200.07    -15.7928    0.324542    6.14258    
1    40    11    -7199.76    -12.9276    0.293925    6.26146    
1    46    12    -7198.37    -11.6434    0.358649    5.47056    
1    47    13    -7199.35    -14.5491    0.299281    5.80271    
1    48    14    -7201.65    -14.5573    0.315577    5.98807    
1    49    15    -7198.95    -15.0523    0.274799    5.2301    
1    51    16    -7197.66    -10.99    0.301241    6.31071    
1    53    17    -7195.55    -11.4345    0.35234    5.98422    
1    57    18    -7194.17    -10.5638    0.390047    7.81954    
1    65    19    -7195.74    -10.3008    0.367383    7.70571    
1    67    20    -7192.7    -16.4406    0.315826    7.47941    
1    68    21    -7186.56    -9.05377    0.352826    7.96044    
1    69    22    -7194.42    -16.0217    0.316523    6.9633    
1    71    23    -7194.08    -10.7553    0.376431    6.00342    
1    73    24    -7190.45    -12.8321    0.355262    4.76706    
1    74    25    -7189.82    -10.7787    0.379293    5.44717    
1    75    26    -7190.83    -12.1486    0.346992    5.07551    
1    76    27    -7188.42    -6.93525    0.483468    7.92508    
1    77    28    -7197.14    -9.65358    0.479046    7.64477    
1    78    29    -7198.69    -8.52672    0.476044    7.68002    
1    81    30    -7189.56    -7.08727    0.523398    8.94445    
1    84    31    -7193.3    -7.3606    0.478832    9.26315    
1    85    32    -7193.27    -6.22157    0.462742    6.17042    
1    87    33    -7196.4    -3.20214    0.56777    7.80134    
1    90    34    -7198.22    -3.85913    0.551758    7.90724    
1    96    35    -7201.17    -5.34604    0.543827    6.28328    
1    98    36    -7202.06    -4.7464    0.548394    5.66528    
1    100    37    -7200.72    -4.09206    0.51312    4.29146    
