#Task    Step    numberOfAcceptedPeleSteps    currentEnergy    BindingEnergy    sasaLig    distance_A35SG_L1S1    
1    0    0    -7164.06    -16.3337    0.296148    5.30043    
1    1    1    -7193.79    -11.1644    0.338318    5.2808    
1    4    2    -7192.44    -8.4064    0.364439    5.85965    
1    9    3    -7192.87    -10.2461    0.342842    5.6478    
1    11    4    -7195.3    -12.8928    0.357082    6.79608    
1    14    5    -7195.97    -12.8002    0.380123    6.94261    
1    20    6    -7197.37    -12.277    0.366774    6.79403    
1    31    7    -7190.37    -7.86673    0.359563    6.67198    
1    33    8    -7187.5    -8.49827    0.357535    6.52837    
1    34    9    -7183.14    -2.385    0.37814    6.88927    
1    35    10    -7184.48    -3.16565    0.41822    7.40583    
1    36    11    -7187.2    -2.76162    0.433557    7.56324    
1    39    12    -7187.25    -3.3407    0.349552    6.44651    
1    41    13    -7190.29    -9.99064    0.347177    6.36635    
1    43    14    -7188.78    -6.99748    0.406781    6.15342    
1    45    15    -7188.54    -6.3718    0.358556    6.36748    
1    46    16    -7188.73    -9.14975    0.374321    6.1881    
1    47    17    -7192.16    -10.8178    0.375537    6.11783    
1    48    18    -7192.88    -10.8103    0.385725    6.51151    
1    54    19    -7193.09    -12.0894    0.380038    6.55768    
1    58    20    -7190.32    -5.78303    0.399982    7.09734    
1    59    21    -7192.07    -8.65233    0.413305    8.38992    
1    65    22    -7187.71    -7.97398    0.386171    8.72786    
1    66    23    -7189.75    -9.32019    0.404524    8.36554    
1    68    24    -7197.86    -15.4075    0.414977    8.61302    
1    74    25    -7196    -15.6438    0.443121    9.47568    
1    75    26    -7201.12    -33.8827    0.398756    12.4396    
1    77    27    -7204.22    -36.8849    0.377798    12.4721    
1    83    28    -7205.03    -38.0289    0.375217    12.7917    
1    95    29    -7205.6    -39.226    0.369827    12.2851    
1    100    30    -7205.51    -35.548    0.404381    12.4515    
