#Task    Step    numberOfAcceptedPeleSteps    currentEnergy    BindingEnergy    sasaLig    distance_A35SG_L1S1    
1    0    0    -7162.48    -14.3211    0.30851    5.36127    
1    1    1    -7178.95    -9.8861    0.380925    7.35879    
1    2    2    -7194.27    -11.8804    0.43658    7.48098    
1    5    3    -7199.21    -14.3794    0.470091    7.56678    
1    6    4    -7197.56    -3.27196    0.465859    7.75271    
1    8    5    -7205.7    -6.0049    0.490489    6.10832    
1    10    6    -7202.15    -2.62965    0.448185    7.33152    
1    12    7    -7203.73    -3.62717    0.46641    7.20701    
1    14    8    -7210.92    -9.02172    0.436609    5.4848    
1    23    9    -7206.8    -5.4982    0.437004    6.27411    
1    24    10    -7207.72    -8.49474    0.405836    5.74742    
1    25    11    -7208.08    -7.73772    0.429965    4.91634    
1    26    12    -7203.64    -2.938    0.47949    4.65451    
1    28    13    -7202.87    -2.30677    0.416439    5.99517    
1    30    14    -7209.89    -7.79911    0.435667    6.21884    
1    32    15    -7210.91    -8.6679    0.405174    6.08212    
1    33    16    -7208.8    -9.83417    0.428799    6.25518    
1    36    17    -7209.03    -9.56506    0.484036    6.34929    
1    38    18    -7208.12    -10.2653    0.417013    5.85857    
1    39    19    -7210.05    -13.7843    0.418377    5.78061    
1    40    20    -7213.01    -16.2985    0.383082    5.67148    
1    46    21    -7208.92    -8.76016    0.417279    4.82675    
1    47    22    -7194.99    -7.2481    0.357223    5.23836    
1    49    23    -7205.47    -17.9795    0.356725    6.62067    
1    53    24    -7209.38    -21.1846    0.324811    6.97341    
1    59    25    -7204.39    -13.1852    0.369625    7.05609    
1    61    26    -7201.93    -22.0124    0.356035    6.8899    
1    68    27    -7201.31    -19.9915    0.346236    7.02283    
1    69    28    -7211    -21.9735    0.34024    6.79307    
1    75    29    -7209.91    -22.3292    0.335445    7.25641    
1    79    30    -7207.81    -21.6762    0.310922    7.49617    
1    80    31    -7206.34    -15.5136    0.325919    8.14022    
1    81    32    -7207.61    -16.6703    0.322968    7.92493    
1    82    33    -7203.73    -14.1262    0.332475    7.80882    
1    83    34    -7201.98    -11.4691    0.389144    6.71496    
1    84    35    -7211.49    -16.7238    0.366196    8.06721    
1    85    36    -7208.28    -16.6133    0.344241    7.62737    
1    100    37    -7207.98    -17.3033    0.368669    8.3672    
