#Task    Step    numberOfAcceptedPeleSteps    currentEnergy    BindingEnergy    sasaLig    distance_A35SG_L1S1    
1    0    0    -7155.78    -15.7908    0.292591    6.13379    
1    1    1    -7179.42    -7.23443    0.306369    7.21149    
1    3    2    -7179.24    -6.76919    0.266111    8.12175    
1    5    3    -7184.15    -11.8566    0.269951    7.6117    
1    11    4    -7185.8    -14.0444    0.325517    7.91471    
1    13    5    -7181.28    -9.82555    0.38658    9.35455    
1    17    6    -7181.65    -8.72133    0.452143    10.4969    
1    19    7    -7182.66    -13.1243    0.414398    9.72572    
1    24    8    -7184.85    -13.2262    0.40352    10.0509    
1    25    9    -7200.67    -23.0395    0.322433    7.30237    
1    26    10    -7209.06    -26.8936    0.344261    8.22037    
1    28    11    -7207.47    -25.2456    0.361828    8.36841    
1    33    12    -7208.18    -26.1769    0.351911    8.12095    
1    35    13    -7209.64    -26.7941    0.352142    8.00471    
1    36    14    -7210.39    -27.8192    0.357566    8.30037    
1    41    15    -7206.06    -23.5833    0.358174    8.07269    
1    47    16    -7210.22    -28.1157    0.332551    7.83511    
1    53    17    -7208.76    -29.0975    0.325582    8.25967    
1    55    18    -7203.78    -25.3835    0.348819    8.78601    
1    56    19    -7208.7    -24.991    0.35081    8.08437    
1    57    20    -7202.01    -27.9058    0.329378    8.14306    
1    60    21    -7201.16    -26.2863    0.340289    8.5603    
1    63    22    -7207.46    -30.1795    0.325259    8.27533    
1    69    23    -7213.22    -30.8004    0.327392    7.97852    
1    73    24    -7217.38    -32.9692    0.32378    8.19527    
1    80    25    -7214.05    -31.7346    0.326977    8.09706    
1    84    26    -7217.14    -34.567    0.313414    8.0184    
