#Task    Step    numberOfAcceptedPeleSteps    currentEnergy    BindingEnergy    sasaLig    distance_A35SG_L1S1    
1    0    0    -7149.43    -12.5083    0.331332    5.87844    
1    1    1    -7179.65    -9.56281    0.342183    7.10914    
1    3    2    -7187.62    -5.96805    0.43795    9.8273    
1    5    3    -7186.46    -19.3592    0.387576    7.91752    
1    21    4    -7186.6    -23.2674    0.350948    7.8966    
1    29    5    -7190.1    -24.1317    0.343548    7.80128    
1    33    6    -7189.26    -19.701    0.255816    7.38148    
1    37    7    -7191.19    -23.0323    0.243963    6.99266    
1    39    8    -7187.4    -21.1195    0.249985    6.51809    
1    40    9    -7180.67    -13.3481    0.379993    8.04614    
1    41    10    -7200.98    -25.9688    0.275898    7.83375    
1    55    11    -7194.96    -26.9026    0.294485    7.92386    
1    56    12    -7194.64    -26.6447    0.258873    7.93193    
1    61    13    -7200.66    -28.4497    0.281287    8.06962    
1    67    14    -7201.93    -26.9419    0.30583    8.06104    
1    73    15    -7202.99    -26.4485    0.274891    8.03478    
1    74    16    -7201.85    -23.1655    0.312416    8.18583    
1    77    17    -7203.81    -30.6395    0.264076    8.02773    
1    89    18    -7201.31    -30.8566    0.28632    7.98281    
1    90    19    -7199.31    -26.2125    0.290934    8.29069    
1    91    20    -7197.73    -25.9917    0.298318    7.6704    
