#Task    Step    numberOfAcceptedPeleSteps    currentEnergy    BindingEnergy    sasaLig    distance_A35SG_L1S1    
1    0    0    -7161.27    -15.6275    0.291504    5.16653    
1    1    1    -7183.78    -6.15234    0.348875    6.72645    
1    2    2    -7186.34    -8.01199    0.382934    8.23631    
1    3    3    -7187.85    -4.09549    0.367516    7.91228    
1    4    4    -7194.71    -9.40174    0.370383    8.38823    
1    7    5    -7191.45    -16.0466    0.322855    7.87775    
1    8    6    -7189.78    -13.345    0.331238    8.48118    
1    9    7    -7197.83    -19.3667    0.285796    7.78361    
1    21    8    -7195.85    -18.8378    0.308429    8.41913    
1    37    9    -7187.83    -14.1864    0.345542    7.44192    
1    40    10    -7186.96    -11.7256    0.346053    7.44534    
1    41    11    -7189.5    -21.2654    0.294636    7.6472    
1    43    12    -7191.42    -18.9311    0.309214    7.58503    
1    47    13    -7190.67    -15.0691    0.308435    7.20067    
1    48    14    -7191.46    -17.0401    0.297466    7.2953    
1    49    15    -7192.79    -19.0433    0.291831    7.45548    
1    59    16    -7182.9    -14.4    0.307152    7.74732    
1    61    17    -7188.23    -21.5212    0.319165    7.50735    
1    63    18    -7191.12    -21.3906    0.339719    7.34863    
1    65    19    -7195.06    -25.2466    0.304289    7.59117    
1    73    20    -7195.16    -24.5172    0.296712    7.58521    
1    75    21    -7194.35    -19.8154    0.307339    7.52412    
1    77    22    -7197.58    -23.857    0.289434    7.41113    
1    79    23    -7193.86    -16.2048    0.301286    7.70024    
1    81    24    -7202.11    -22.6971    0.291083    7.77916    
1    89    25    -7196.69    -17.0795    0.352214    8.24478    
1    91    26    -7197.77    -16.4099    0.329489    8.52634    
1    92    27    -7196.6    -16.1016    0.316093    8.4796    
1    95    28    -7198.25    -18.6064    0.307398    7.68143    
1    99    29    -7201.3    -21.1805    0.31349    7.9195    
