#Task    Step    numberOfAcceptedPeleSteps    currentEnergy    BindingEnergy    sasaLig    distance_A35SG_L1S1    
1    0    0    -7161.9    -14.295    0.285448    6.18296    
1    1    1    -7171.73    -1.96282    0.317718    8.39657    
1    2    2    -7178.43    -8.17763    0.357136    9.90897    
1    3    3    -7178.94    -1.09266    0.334158    9.98536    
1    5    4    -7171.97    -8.94534    0.423897    6.76971    
1    7    5    -7172.84    -7.78945    0.410292    6.51447    
1    8    6    -7176.81    -6.68692    0.453536    6.55963    
1    10    7    -7179.42    -5.15999    0.484148    6.29265    
1    12    8    -7183.41    -6.16059    0.419369    6.63299    
1    14    9    -7188.02    -10.6177    0.408403    6.85181    
1    16    10    -7186.78    -8.15309    0.439878    6.78604    
1    19    11    -7181.13    -4.83508    0.399388    6.99938    
1    20    12    -7182.92    -5.64954    0.379379    7.02189    
1    21    13    -7184.34    -7.85611    0.389133    7.02225    
1    22    14    -7185.38    -16.4417    0.49072    5.99984    
1    28    15    -7187.64    -15.7901    0.462223    5.8881    
1    32    16    -7185.83    -11.4774    0.498809    6.1726    
1    33    17    -7192.68    -15.7586    0.369238    6.03576    
1    35    18    -7194.56    -11.4721    0.405823    6.24143    
1    36    19    -7193.73    -6.72778    0.449456    6.34086    
1    40    20    -7194.78    -7.2184    0.396317    5.82487    
1    42    21    -7192.59    -9.5275    0.352805    6.92967    
1    51    22    -7198.08    -18.6099    0.369847    7.92144    
1    55    23    -7196.15    -16.3714    0.387683    8.56147    
1    56    24    -7198.59    -16.192    0.392945    9.00146    
1    57    25    -7200.23    -21.5126    0.365378    8.16357    
1    65    26    -7203.49    -22.9708    0.369983    7.99308    
1    68    27    -7204.49    -22.9869    0.372995    7.56099    
1    71    28    -7196.63    -15.6212    0.378341    8.18597    
1    73    29    -7195.86    -18.2564    0.364411    8.10102    
1    75    30    -7193.13    -15.9111    0.321613    8.02633    
1    77    31    -7195.58    -18.9879    0.323466    7.96565    
1    79    32    -7191.84    -13.1082    0.34108    8.14528    
1    80    33    -7197.29    -12.3179    0.326548    8.18185    
1    81    34    -7192.87    -9.38932    0.346968    7.55116    
1    83    35    -7198.29    -12.495    0.355249    8.01352    
1    84    36    -7197.98    -8.41427    0.391761    8.2974    
1    86    37    -7203.96    -18.0489    0.362977    8.45311    
1    95    38    -7204.99    -19.3484    0.370722    7.69638    
1    97    39    -7205.03    -23.2186    0.312452    8.48733    
