#Task    Step    numberOfAcceptedPeleSteps    currentEnergy    BindingEnergy    sasaLig    distance_A35SG_L1S1    
1    0    0    -7160.55    -14.0686    0.330123    6.22533    
1    1    1    -7199.78    -15.5051    0.346659    7.6472    
1    2    2    -7200.33    -14.9892    0.363459    7.96838    
1    11    3    -7198.17    -16.9254    0.371412    8.70739    
1    15    4    -7197.68    -18.897    0.354559    9.49542    
1    17    5    -7202.47    -22.8533    0.334925    9.47166    
1    22    6    -7201.57    -21.3689    0.326917    9.31415    
1    27    7    -7203.52    -21.4235    0.318816    9.92029    
1    31    8    -7204.69    -20.224    0.331342    10.2398    
1    37    9    -7202.51    -22.0149    0.333056    9.75138    
1    42    10    -7205.35    -23.3861    0.337362    9.78454    
1    46    11    -7208.88    -24.7618    0.321066    9.48899    
1    66    12    -7206.93    -22.2258    0.331354    9.73481    
1    69    13    -7208.25    -23.8985    0.319564    9.59602    
1    72    14    -7204.45    -20.626    0.330695    9.64066    
1    73    15    -7205.82    -23.0418    0.287932    10.0196    
1    81    16    -7207.18    -24.4793    0.287406    10.0899    
1    97    17    -7203.55    -24.3624    0.299543    9.43851    
1    98    18    -7200.98    -17.3884    0.349236    9.9697    
