#Task    Step    numberOfAcceptedPeleSteps    currentEnergy    BindingEnergy    sasaLig    distance_A35SG_L1S1    
1    0    0    -7164.11    -8.75984    0.337216    5.25485    
1    1    1    -7193.86    -0.609212    0.534644    3.69718    
1    2    2    -7201.11    -0.642977    0.519678    3.87767    
1    3    3    -7207.12    -4.5611    0.54513    5.29847    
1    5    4    -7211.94    -18.2119    0.475874    5.64633    
1    6    5    -7217.03    -18.67    0.443734    5.49207    
1    8    6    -7217.17    -17.1276    0.437983    5.04955    
1    11    7    -7208.82    -5.75404    0.552598    7.89141    
1    12    8    -7206.92    -5.46067    0.51226    7.47014    
1    14    9    -7211.96    -11.7562    0.507857    7.67565    
1    15    10    -7211.64    -14.8063    0.501634    10.5223    
1    23    11    -7208.62    -13.9343    0.524355    10.7758    
1    25    12    -7208.75    -19.0535    0.488086    8.31243    
1    40    13    -7209.84    -18.1454    0.532165    9.06234    
1    44    14    -7213.21    -19.3089    0.495944    8.22127    
1    47    15    -7212.98    -17.222    0.456171    8.2224    
1    52    16    -7211.88    -17.5856    0.421214    8.25426    
1    55    17    -7208.18    -16.501    0.376441    7.91041    
1    57    18    -7211.13    -19.1093    0.384091    7.96252    
1    58    19    -7202.23    -10.2586    0.383455    8.21329    
1    59    20    -7214.21    -21.653    0.404372    8.04813    
1    64    21    -7207.41    -16.3706    0.39037    7.47351    
1    69    22    -7210.77    -19.6857    0.415058    8.06275    
1    70    23    -7214.51    -19.66    0.436308    7.8854    
1    74    24    -7211.28    -18.5812    0.388748    8.09263    
1    75    25    -7211.44    -19.2227    0.402647    8.14154    
1    76    26    -7214.06    -18.6747    0.423321    7.88166    
1    80    27    -7214.41    -21.0276    0.401542    8.05261    
1    85    28    -7213.28    -21.4827    0.433721    7.93337    
1    87    29    -7214.36    -17.814    0.442784    7.85074    
1    92    30    -7212.83    -17.3881    0.436196    8.11241    
1    93    31    -7212.28    -18.8234    0.488783    8.56583    
1    95    32    -7213.84    -21.366    0.45315    7.94057    
1    96    33    -7210.98    -21.0743    0.474777    8.43566    
1    97    34    -7210.55    -22.7284    0.43534    8.56892    
1    99    35    -7214.37    -22.1436    0.44911    8.27578    
