#Task    Step    numberOfAcceptedPeleSteps    currentEnergy    BindingEnergy    sasaLig    distance_A35SG_L1S1    
1    0    0    -7138.58    -8.18857    0.332104    5.36647    
1    1    1    -7169.34    -6.86439    0.343796    5.47739    
1    2    2    -7173.31    -4.93419    0.396579    4.56074    
1    3    3    -7180.96    -9.99951    0.388179    6.31008    
1    4    4    -7181.49    -8.59723    0.394927    6.03607    
1    5    5    -7181.07    -11.0089    0.418396    6.18896    
1    6    6    -7183.32    -12.8855    0.388469    6.7672    
1    7    7    -7183.08    -9.76563    0.408396    7.05976    
1    8    8    -7182.21    -8.81916    0.411515    7.33806    
1    9    9    -7175.41    -10.0059    0.41588    6.72519    
1    19    10    -7170.78    -6.31139    0.414823    6.4943    
1    20    11    -7169.48    -2.24401    0.433907    6.86362    
1    23    12    -7177.14    -5.86929    0.404739    6.56712    
1    24    13    -7168.76    -2.61403    0.425501    6.14103    
1    25    14    -7173.87    -3.73299    0.490046    6.71384    
1    27    15    -7185.93    -7.39205    0.507084    6.58325    
1    28    16    -7185.02    -7.16832    0.526395    6.55478    
1    32    17    -7188.57    -5.58782    0.475737    6.78944    
1    36    18    -7187.24    -5.46327    0.47595    6.68322    
1    38    19    -7187.72    -2.89163    0.512675    7.74463    
1    39    20    -7185.03    -6.1074    0.431445    7.89276    
1    41    21    -7188.64    -8.43127    0.438305    7.39406    
1    44    22    -7190.68    -9.3894    0.451564    7.11335    
1    45    23    -7188.44    -8.44851    0.423957    7.78486    
1    46    24    -7183.03    -5.10818    0.461606    7.73038    
1    47    25    -7182.32    -2.87103    0.489952    7.6516    
1    49    26    -7191.18    -8.25069    0.456339    7.07665    
1    52    27    -7186.63    -5.35105    0.474886    7.57001    
1    54    28    -7188.23    -6.58396    0.488735    7.88783    
1    55    29    -7186.88    -3.57035    0.452563    6.8712    
1    60    30    -7184.29    -2.34482    0.435845    6.6325    
1    61    31    -7184.93    -6.43805    0.461601    6.82237    
1    62    32    -7187.2    -7.19498    0.445441    7.5024    
1    63    33    -7179.5    -5.50202    0.496672    6.83473    
1    64    34    -7185.19    -7.02438    0.407592    7.40813    
1    65    35    -7186.18    -4.34869    0.504515    4.46376    
1    69    36    -7177.81    -4.41525    0.538085    3.80922    
1    70    37    -7182.93    -4.79618    0.503789    4.279    
1    71    38    -7185.37    -5.35042    0.450482    4.27807    
1    79    39    -7181.77    -9.25823    0.362106    4.03835    
1    85    40    -7184.17    -6.61522    0.401233    4.10989    
1    86    41    -7183.15    -3.60126    0.440274    3.70143    
1    91    42    -7190.96    -7.71391    0.392313    3.79112    
1    92    43    -7189.07    -6.73944    0.424345    3.88737    
1    95    44    -7194.5    -12.2303    0.372785    4.30549    
1    97    45    -7193.52    -11.9533    0.343379    4.30718    
1    98    46    -7193.02    -10.6864    0.35609    4.51014    
