#Task    Step    numberOfAcceptedPeleSteps    currentEnergy    BindingEnergy    sasaLig    distance_A35SG_L1S1    
1    0    0    -7171.78    -16.1591    0.329329    6.20923    
1    1    1    -7198.06    -11.3456    0.387304    8.35466    
1    8    2    -7194.02    -9.51269    0.389242    8.17317    
1    9    3    -7201.89    -13.9879    0.321154    8.02799    
1    10    4    -7202.92    -11.0296    0.346897    7.83553    
1    13    5    -7202.66    -17.2671    0.402614    8.01206    
1    20    6    -7206.12    -16.8243    0.426119    7.91031    
1    21    7    -7206.8    -17.1605    0.392788    7.92476    
1    22    8    -7205.41    -18.5315    0.394989    7.68415    
1    24    9    -7208.89    -17.9944    0.407675    7.74319    
1    26    10    -7207.97    -16.4607    0.374324    7.68498    
1    28    11    -7206.43    -15.0286    0.429293    7.72613    
1    30    12    -7208.59    -16.8783    0.42573    7.47586    
1    32    13    -7206.23    -16.1339    0.372434    7.41761    
1    33    14    -7204.73    -15.5198    0.384372    7.40072    
1    42    15    -7206.19    -16.0027    0.397533    7.39099    
1    49    16    -7206    -18.9759    0.388779    7.42897    
1    53    17    -7199.66    -17.9312    0.398572    7.86242    
1    61    18    -7199.67    -19.1488    0.385079    7.40847    
1    70    19    -7199.27    -16.2735    0.431024    7.3086    
1    73    20    -7201.23    -17.1453    0.392892    7.96082    
1    77    21    -7201.34    -17.133    0.400097    8.27774    
1    78    22    -7199.33    -13.6709    0.42815    9.01015    
1    79    23    -7199.97    -14.5644    0.391875    8.60279    
1    80    24    -7198.38    -8.72877    0.435687    9.00411    
1    82    25    -7198.98    -6.78551    0.439518    8.9996    
1    83    26    -7194.97    -5.01458    0.402433    8.86182    
1    84    27    -7194.94    -7.58987    0.457548    9.5622    
1    85    28    -7195.57    -15.9288    0.423461    9.63543    
1    86    29    -7187.93    -17.5742    0.47036    9.44609    
1    87    30    -7190.7    -6.47967    0.387243    4.28873    
1    88    31    -7193.67    -14.8003    0.475966    4.56293    
1    91    32    -7199.14    -12.9526    0.441915    4.64572    
1    96    33    -7195.56    -6.79132    0.526437    4.81141    
1    98    34    -7194.9    -5.59838    0.491485    5.74357    
1    100    35    -7189.43    0.103888    0.492075    5.17958    
