#Task    Step    numberOfAcceptedPeleSteps    currentEnergy    BindingEnergy    sasaLig    distance_A35SG_L1S1    
1    0    0    -7145.57    -17.3507    0.312663    6.22727    
1    1    1    -7168.88    -16.1413    0.332686    6.2759    
1    2    2    -7169.43    -9.65646    0.361133    6.27908    
1    3    3    -7175.1    -10.4664    0.417733    6.36324    
1    9    4    -7177.14    -14.2335    0.426734    6.42784    
1    11    5    -7177.23    -15.8108    0.393474    6.48042    
1    12    6    -7179.19    -15.4251    0.408906    6.8008    
1    13    7    -7181.11    -17.6805    0.357946    7.32378    
1    17    8    -7189.77    -19.957    0.345955    7.08613    
1    18    9    -7195.05    -21.385    0.319329    7.11178    
1    39    10    -7191.61    -18.2847    0.339013    7.44867    
1    41    11    -7193.97    -20.1415    0.334626    6.52005    
1    63    12    -7188.36    -17.8669    0.321386    7.4883    
1    69    13    -7188.37    -19.9277    0.305248    7.2656    
1    71    14    -7183.44    -11.6446    0.326809    7.39315    
1    81    15    -7193.52    -20.9193    0.308866    8.95798    
1    84    16    -7185.96    -12.3239    0.382034    9.39416    
1    87    17    -7191.48    -20.2986    0.292985    9.59917    
1    92    18    -7192.17    -19.7087    0.291455    9.46431    
1    94    19    -7194.23    -22.5605    0.266725    9.32181    
1    95    20    -7188.42    -18.2817    0.301711    9.7548    
1    100    21    -7192.26    -21.2502    0.271368    9.21821    
