#Task    Step    numberOfAcceptedPeleSteps    currentEnergy    BindingEnergy    sasaLig    distance_A35SG_L1S1    
1    0    0    -7139.33    -12.4396    0.320159    5.15982    
1    1    1    -7161.21    -12.5678    0.305837    5.0333    
1    2    2    -7166.69    -10.9675    0.355228    5.19471    
1    3    3    -7172.06    -7.39668    0.370484    7.26625    
1    4    4    -7172.67    -4.79325    0.380942    6.99584    
1    5    5    -7176.76    -10.0539    0.355303    6.99625    
1    15    6    -7180.64    -15.7784    0.320515    6.82544    
1    17    7    -7178.64    -9.40785    0.352649    7.64865    
1    18    8    -7176.41    -8.17169    0.305137    7.02845    
1    19    9    -7180.49    -9.58904    0.332711    6.6469    
1    20    10    -7185.05    -11.2207    0.361182    7.28538    
1    21    11    -7180.6    -9.68774    0.327101    6.70218    
1    23    12    -7177.52    -7.00003    0.348645    6.33413    
1    24    13    -7177.75    -8.15407    0.395062    6.59755    
1    25    14    -7182.21    -6.65355    0.377259    7.92932    
1    27    15    -7180.07    -12.8598    0.322132    6.73352    
1    38    16    -7178.78    -12.648    0.34289    6.27687    
1    39    17    -7178.27    -7.36414    0.381221    6.69748    
1    41    18    -7179.64    -13.4699    0.366099    6.90185    
1    43    19    -7175.75    -9.71674    0.348188    8.12368    
1    45    20    -7172.97    -7.89444    0.371595    7.70044    
1    46    21    -7177.03    -7.96785    0.434933    7.99396    
1    48    22    -7180.28    -9.37776    0.435357    7.46513    
1    51    23    -7178.12    -9.30832    0.402327    7.62992    
1    52    24    -7177.74    -7.65197    0.405259    8.01505    
1    53    25    -7174.7    -12.2472    0.376641    7.87402    
1    62    26    -7174.99    -13.8337    0.373827    7.93607    
1    83    27    -7173.62    -13.2522    0.401419    6.96847    
1    88    28    -7174.47    -12.3166    0.406221    6.86258    
1    89    29    -7183.9    -20.6001    0.460358    7.33015    
1    95    30    -7186.55    -31.3301    0.448494    7.60186    
1    96    31    -7189.68    -35.0138    0.424853    7.59467    
1    98    32    -7190.93    -36.2612    0.38983    6.66185    
