#Task    Step    numberOfAcceptedPeleSteps    currentEnergy    BindingEnergy    sasaLig    distance_A35SG_L1S1    
1    0    0    -7158.35    -13.5946    0.298647    5.43927    
1    1    1    -7195.7    -15.7131    0.281383    5.22565    
1    27    2    -7193.54    -13.1971    0.318564    5.05618    
1    30    3    -7192.97    -10.4987    0.39988    5.42066    
1    33    4    -7193.52    -15.7327    0.388562    4.23316    
1    35    5    -7189.97    -11.5638    0.303311    5.66779    
1    36    6    -7183.79    -5.19292    0.332315    5.02243    
1    37    7    -7194.07    -12.018    0.296475    5.77461    
1    51    8    -7194.18    -15.3587    0.276956    4.95761    
1    55    9    -7191.06    -11.7642    0.356662    6.86159    
1    56    10    -7194    -18.2748    0.291305    7.12848    
1    59    11    -7190.59    -6.88957    0.27525    7.2538    
1    60    12    -7191.05    -8.60708    0.282678    7.19562    
1    61    13    -7198.61    -12.3291    0.272627    8.24352    
1    73    14    -7203.05    -14.4862    0.294494    7.7647    
1    74    15    -7205.4    -17.87    0.315805    7.72795    
1    79    16    -7207.42    -17.3749    0.346305    7.35625    
1    81    17    -7207.48    -16.9789    0.30707    7.49677    
1    92    18    -7207.53    -15.8654    0.328117    7.78331    
1    96    19    -7203.53    -14.4521    0.334526    7.71153    
1    97    20    -7203.47    -11.8215    0.358243    8.4371    
