#Task    Step    numberOfAcceptedPeleSteps    currentEnergy    BindingEnergy    sasaLig    distance_A35SG_L1S1    
1    0    0    -6976.9    -0.547171    0.31389    5.59765    
1    1    1    -7124.94    -12.0815    0.315926    5.52173    
1    2    2    -7147.32    -5.99486    0.306291    5.55258    
1    3    3    -7152.81    -9.95325    0.308239    5.61104    
1    5    4    -7151.54    -11.2089    0.301407    5.50986    
1    7    5    -7154.46    -5.66448    0.300834    5.49379    
1    9    6    -7162.38    -13.4437    0.296647    5.51323    
1    12    7    -7161.39    -13.8143    0.276499    5.50673    
1    13    8    -7160.68    -17.7106    0.255438    5.46251    
1    14    9    -7162.52    -16.2961    0.263675    5.48328    
1    17    10    -7170.35    -16.1928    0.259911    5.49043    
1    19    11    -7172.81    -16.4564    0.263385    5.53261    
1    21    12    -7173.83    -11.7283    0.269644    5.54935    
1    23    13    -7177.53    -12.3681    0.266781    5.58345    
1    25    14    -7179.87    -13.3495    0.26214    5.53262    
1    27    15    -7181.25    -14.3403    0.260929    5.52457    
1    28    16    -7182.5    -14.1318    0.257816    5.4791    
1    29    17    -7179.25    -13.8897    0.259982    5.49393    
1    33    18    -7179.84    -14.2775    0.257082    5.46548    
1    34    19    -7180.15    -13.3208    0.255579    5.47068    
1    42    20    -7179.82    -11.4712    0.254949    5.67055    
1    44    21    -7179.08    -11.9321    0.253881    5.66457    
1    45    22    -7175.33    -12.7796    0.243866    5.71686    
1    46    23    -7177.96    -13.1564    0.25128    5.6864    
1    47    24    -7180.99    -13.0651    0.258845    5.66577    
1    48    25    -7179.82    -13.2723    0.256469    5.61674    
1    50    26    -7179.42    -11.0274    0.25479    5.59408    
1    51    27    -7184.09    -14.7438    0.25908    5.63795    
1    53    28    -7177.4    -12.7881    0.264254    5.6495    
1    55    29    -7182.49    -13.4159    0.266007    5.66065    
1    59    30    -7182.8    -13.2815    0.267111    5.65843    
1    65    31    -7182.17    -14.5958    0.274952    5.67828    
1    67    32    -7182.42    -17.0771    0.274929    5.53776    
1    73    33    -7182.56    -17.0642    0.277945    5.4786    
1    75    34    -7180    -14.5827    0.279278    5.64256    
1    82    35    -7181.01    -14.1699    0.276021    5.63797    
1    84    36    -7182.53    -14.4156    0.278796    5.62437    
1    86    37    -7180.05    -15.8622    0.272963    5.63446    
1    87    38    -7181.03    -13.3767    0.27809    5.653    
1    90    39    -7181.53    -13.3356    0.27502    5.66378    
1    92    40    -7181.02    -12.3795    0.27486    5.62187    
1    93    41    -7180.52    -14.3786    0.267162    5.72204    
1    99    42    -7181.82    -13.9751    0.268812    5.69356    
