#Task    Step    numberOfAcceptedPeleSteps    currentEnergy    BindingEnergy    sasaLig    distance_A35SG_L1S1    
1    0    0    -6976.9    -0.547171    0.31389    5.59765    
1    1    1    -7148.94    -11.3829    0.312995    5.48399    
1    2    2    -7146.05    -7.68233    0.310838    5.49542    
1    3    3    -7157.41    -9.48486    0.31061    5.46335    
1    4    4    -7171.22    -11.7992    0.312579    5.46659    
1    14    5    -7168.82    -10.6056    0.330846    5.40961    
1    17    6    -7170.57    -10.974    0.316594    5.39013    
1    19    7    -7177.14    -11.1268    0.310513    5.25225    
1    22    8    -7180.51    -12.0119    0.305932    5.21009    
1    23    9    -7181.21    -11.6424    0.304386    5.18893    
1    25    10    -7181.09    -10.3556    0.302426    5.22833    
1    26    11    -7182.31    -10.0871    0.304239    5.21711    
1    30    12    -7179.82    -9.79063    0.304626    5.19284    
1    31    13    -7183.59    -9.67294    0.307816    5.17911    
1    35    14    -7184.72    -10.0159    0.306993    5.20287    
1    38    15    -7183.18    -9.86225    0.307046    5.1833    
1    39    16    -7184.02    -10.4041    0.308963    5.207    
1    45    17    -7180.68    -10.5455    0.300911    5.18428    
1    46    18    -7181.9    -10.3522    0.30174    5.1743    
1    47    19    -7183.18    -10.7645    0.304265    5.21422    
1    48    20    -7180.58    -10.9781    0.32339    5.16124    
1    50    21    -7184.04    -11.4851    0.306407    5.12127    
1    51    22    -7182.24    -12.1385    0.299391    5.37168    
1    53    23    -7181.22    -12.6129    0.303942    5.29782    
1    55    24    -7182.4    -12.6143    0.301806    5.30756    
1    56    25    -7182.35    -12.293    0.301213    5.29423    
1    57    26    -7182.13    -14.1815    0.30299    5.25953    
1    58    27    -7178.11    -13.1189    0.29653    5.12453    
1    60    28    -7183.62    -12.5577    0.300283    5.14472    
1    63    29    -7183.35    -12.3272    0.299038    5.183    
1    65    30    -7184.35    -12.0036    0.302605    5.19932    
1    66    31    -7182.53    -11.7607    0.293574    5.08226    
1    67    32    -7181.1    -13.9788    0.291823    5.03518    
1    69    33    -7184.43    -12.027    0.294219    5.00848    
1    70    34    -7183.68    -13.0021    0.298267    5.02439    
1    71    35    -7183.56    -11.3466    0.297481    5.04868    
1    73    36    -7187.83    -12.1428    0.298634    5.08397    
1    74    37    -7184.43    -11.072    0.314726    5.12972    
1    77    38    -7186.73    -12.8632    0.30753    5.28542    
1    79    39    -7186.9    -13.3045    0.287527    5.49703    
1    84    40    -7188.78    -13.3206    0.288802    5.52009    
1    90    41    -7176.38    -13.4057    0.280564    5.64813    
1    91    42    -7183.35    -14.1356    0.286272    5.8026    
1    92    43    -7187.08    -14.075    0.28287    5.65308    
1    95    44    -7188.33    -14.2051    0.285818    5.6907    
1    97    45    -7182.26    -14.1949    0.287196    5.66039    
1    98    46    -7183.65    -14.522    0.286946    5.67352    
