#Task    Step    numberOfAcceptedPeleSteps    currentEnergy    BindingEnergy    sasaLig    distance_A35SG_L1S1    
1    0    0    -6976.9    -0.547171    0.31389    5.59765    
1    1    1    -7127.55    -9.38644    0.31554    5.43239    
1    2    2    -7150.46    -11.879    0.30764    5.44194    
1    3    3    -7167.82    -11.341    0.31017    5.55421    
1    5    4    -7171.06    -11.3716    0.312309    5.4561    
1    6    5    -7171.16    -11.2654    0.305775    5.29383    
1    7    6    -7181.33    -14.6019    0.305899    5.25977    
1    8    7    -7180.48    -15.0169    0.307007    5.23426    
1    9    8    -7180.56    -13.3117    0.309204    5.25002    
1    11    9    -7181.1    -14.1252    0.304527    5.27043    
1    12    10    -7179.03    -12.5095    0.297261    5.26783    
1    14    11    -7181.38    -14.5395    0.305926    5.30614    
1    15    12    -7179.28    -14.1185    0.308114    5.27651    
1    16    13    -7182.37    -14.3798    0.305873    5.26519    
1    17    14    -7185.4    -14.8658    0.289399    5.15683    
1    19    15    -7182.55    -12.9789    0.293102    5.11147    
1    20    16    -7186.91    -12.8488    0.295083    5.10949    
1    23    17    -7186.27    -12.72    0.299552    5.17274    
1    24    18    -7187.05    -12.2307    0.300666    5.15777    
1    27    19    -7187.81    -12.9156    0.297639    5.14344    
1    28    20    -7188.35    -12.6695    0.299538    5.14459    
1    30    21    -7184.82    -11.7914    0.29997    5.12044    
1    31    22    -7184.36    -13.4241    0.28707    5.25541    
1    34    23    -7187.38    -13.5628    0.285622    5.33379    
1    36    24    -7186.56    -14.088    0.286954    5.52857    
1    37    25    -7184.34    -13.8267    0.290883    5.51906    
1    38    26    -7184.59    -13.7205    0.29017    5.56115    
1    39    27    -7186.67    -14.1504    0.306483    5.37101    
1    40    28    -7186.66    -13.0413    0.304713    5.23927    
1    42    29    -7188.31    -13.2859    0.302475    5.19505    
1    43    30    -7186.47    -12.7647    0.299544    5.17925    
1    44    31    -7186.98    -12.4707    0.298785    5.19055    
1    46    32    -7187.09    -13.3759    0.295237    5.1819    
1    51    33    -7187.35    -14.6116    0.289712    5.30586    
1    57    34    -7185.42    -11.7944    0.297301    5.4541    
1    59    35    -7187.58    -13.7132    0.294234    5.18466    
1    60    36    -7192.41    -14.2314    0.292445    5.12326    
1    62    37    -7187.1    -12.7679    0.282887    5.12713    
1    63    38    -7193.51    -14.9871    0.288002    5.11348    
1    64    39    -7191.5    -14.6287    0.288356    5.20468    
1    65    40    -7195.16    -14.1403    0.293872    5.10887    
1    72    41    -7194.99    -14.4031    0.29057    5.14687    
1    73    42    -7195.01    -14.6615    0.2974    5.42299    
1    75    43    -7198.96    -13.6271    0.296979    5.37607    
1    77    44    -7198.44    -13.9859    0.300934    5.33709    
1    79    45    -7199.4    -13.9985    0.299757    5.39032    
1    83    46    -7198.51    -14.3269    0.297679    5.42906    
1    85    47    -7198.96    -11.5722    0.298247    5.43155    
1    94    48    -7196.69    -11.5603    0.297675    5.52473    
1    95    49    -7197.52    -11.0991    0.296746    5.59712    
1    96    50    -7197.82    -11.2123    0.294658    5.57157    
1    99    51    -7199.39    -10.9063    0.296112    5.57701    
