#Task    Step    numberOfAcceptedPeleSteps    currentEnergy    BindingEnergy    sasaLig    distance_A35SG_L1S1    
1    0    0    -6976.9    -0.547171    0.31389    5.59765    
1    1    1    -7151.71    -11.3146    0.311761    5.50733    
1    3    2    -7160.21    -11.3103    0.313544    5.50199    
1    4    3    -7170.97    -12.7294    0.310505    5.51376    
1    5    4    -7171.15    -10.5599    0.31137    5.45145    
1    7    5    -7174.48    -11.1604    0.312477    5.43279    
1    15    6    -7177.99    -10.463    0.324519    5.25574    
1    19    7    -7181.78    -10.5158    0.325197    5.27557    
1    24    8    -7180.47    -11.6276    0.313177    5.20582    
1    25    9    -7181.22    -10.5796    0.309694    5.24422    
1    27    10    -7183.38    -11.0066    0.308971    5.23159    
1    28    11    -7180.11    -9.52706    0.30425    5.12104    
1    30    12    -7181.47    -10.233    0.301213    5.17202    
1    31    13    -7180.93    -12.007    0.287882    5.21678    
1    33    14    -7189.9    -14.5557    0.317182    5.28766    
1    37    15    -7190.76    -16.1257    0.316749    5.2827    
1    40    16    -7190.68    -15.1889    0.312351    5.34867    
1    41    17    -7191.12    -12.3811    0.331112    5.37136    
1    42    18    -7192.53    -12.109    0.332011    5.36006    
1    43    19    -7190.08    -15.7945    0.295358    5.35763    
1    45    20    -7195.49    -15.2043    0.31277    5.33996    
1    49    21    -7197.71    -16.3373    0.319345    5.36588    
1    52    22    -7194.55    -13.7826    0.322835    5.44947    
1    53    23    -7192.17    -15.6953    0.328304    5.33981    
1    55    24    -7193.01    -14.0345    0.322454    5.3271    
1    57    25    -7193.39    -15.8794    0.33182    6.2391    
1    59    26    -7196.08    -16.9807    0.332077    6.2076    
1    61    27    -7191.61    -16.4112    0.339161    6.19231    
1    63    28    -7193.13    -16.7598    0.338331    6.24922    
1    64    29    -7194.4    -16.4807    0.335468    6.16487    
1    66    30    -7196.6    -16.8371    0.332587    6.17202    
1    67    31    -7195.8    -17.238    0.330191    6.18132    
1    68    32    -7195.38    -16.7105    0.330631    6.17702    
1    72    33    -7196.7    -16.2357    0.3269    6.21573    
1    77    34    -7197.21    -16.1089    0.328054    6.19223    
1    84    35    -7196.73    -15.4603    0.3257    6.21229    
1    85    36    -7195.86    -16.0367    0.330366    6.18913    
1    99    37    -7196.08    -15.7873    0.329226    6.19292    
