#Task    Step    numberOfAcceptedPeleSteps    currentEnergy    BindingEnergy    sasaLig    distance_A35SG_L1S1    
1    0    0    -6976.9    -0.547171    0.31389    5.59765    
1    1    1    -7138.14    -11.589    0.3109    5.45188    
1    2    2    -7144.42    -11.329    0.309428    5.47201    
1    3    3    -7146.72    -10.7141    0.289704    5.74775    
1    4    4    -7146.31    -6.49646    0.282215    5.83087    
1    5    5    -7154.76    -12.7243    0.288641    5.81321    
1    7    6    -7160.84    -10.955    0.301979    5.88606    
1    15    7    -7167.1    -10.2528    0.301201    5.85286    
1    16    8    -7165.7    -6.61866    0.310272    5.86031    
1    17    9    -7165.71    -8.51678    0.304089    5.8252    
1    18    10    -7171.39    -8.35222    0.300432    5.84308    
1    19    11    -7158.99    -6.64828    0.291799    5.82583    
1    21    12    -7155.58    -8.8426    0.294466    5.76406    
1    22    13    -7165.36    -9.52148    0.298842    5.86109    
1    23    14    -7170.07    -5.46376    0.302365    5.80138    
1    24    15    -7172.18    -8.23043    0.295442    5.82098    
1    25    16    -7172.11    -7.77972    0.294832    5.80597    
1    29    17    -7169.21    -10.0736    0.280965    5.81133    
1    31    18    -7175.8    -7.90751    0.303264    5.87189    
1    35    19    -7175.99    -7.80183    0.298783    5.82741    
1    36    20    -7176.23    -7.03178    0.298817    5.80992    
1    37    21    -7176.04    -6.38026    0.288983    5.84472    
1    39    22    -7178.03    -6.45323    0.29326    5.85365    
1    40    23    -7178.44    -6.3803    0.291102    5.77151    
1    47    24    -7177.78    -6.49552    0.293694    5.82652    
1    49    25    -7177.44    -7.3974    0.284245    5.79438    
1    58    26    -7177.16    -6.89243    0.284731    5.79184    
1    59    27    -7177.29    -6.84359    0.284858    5.83559    
1    63    28    -7174.04    -11.7854    0.281522    5.85876    
1    67    29    -7172.88    -12.1861    0.27856    5.88177    
1    69    30    -7171.8    -10.1203    0.2944    5.84558    
1    70    31    -7176.79    -10.7283    0.28934    5.80167    
1    71    32    -7181.85    -10.8158    0.290042    5.82918    
1    72    33    -7183.16    -12.0622    0.28964    5.84909    
1    80    34    -7180.96    -10.9678    0.292452    5.83942    
1    83    35    -7183.28    -11.1175    0.286871    5.83211    
1    85    36    -7176.88    -12.3333    0.288205    5.84801    
1    87    37    -7175.47    -15.2631    0.273879    5.86198    
1    88    38    -7176.87    -15.0583    0.27132    5.84724    
1    91    39    -7177.01    -13.9397    0.270574    5.84002    
1    92    40    -7173.62    -15.2226    0.267362    5.73947    
1    93    41    -7171.66    -15.357    0.264755    5.79966    
1    95    42    -7176.11    -12.1314    0.272824    5.93286    
1    98    43    -7177.52    -11.4176    0.27434    5.88586    
