#Task    Step    numberOfAcceptedPeleSteps    currentEnergy    BindingEnergy    sasaLig    distance_A35SG_L1S1    
1    0    0    -6976.9    -0.547171    0.31389    5.59765    
1    1    1    -7147.02    -10.9981    0.314348    5.55619    
1    3    2    -7147.85    -10.8965    0.311492    5.57476    
1    4    3    -7151.35    -10.7058    0.318955    5.50518    
1    5    4    -7160.91    -12.5806    0.313796    5.5477    
1    7    5    -7163.93    -11.6721    0.308941    5.58443    
1    8    6    -7163.72    -11.5576    0.309464    5.48853    
1    9    7    -7171.22    -11.8521    0.316207    5.49762    
1    10    8    -7169.46    -9.89384    0.311143    5.26897    
1    11    9    -7174.58    -12.0801    0.308158    5.56108    
1    12    10    -7176.41    -11.4972    0.31171    5.51408    
1    13    11    -7174.74    -11.7001    0.312956    5.48406    
1    15    12    -7176.39    -12.1492    0.310732    5.4407    
1    16    13    -7180.88    -12.3099    0.311866    5.44399    
1    17    14    -7178.8    -11.7654    0.316428    5.4029    
1    19    15    -7180.35    -13.9071    0.315014    5.55548    
1    20    16    -7177.98    -14.1195    0.327455    5.57358    
1    21    17    -7179.4    -14.1807    0.301773    5.33039    
1    22    18    -7178.35    -14.308    0.295379    5.12801    
1    24    19    -7179.85    -14.316    0.293089    5.15394    
1    25    20    -7174.9    -14.4053    0.294551    5.20372    
1    26    21    -7172.92    -13.6598    0.287123    5.15621    
1    27    22    -7170.31    -15.226    0.282683    5.07215    
1    28    23    -7173.21    -15.2222    0.282812    5.18786    
1    32    24    -7176.15    -13.7254    0.280926    5.18415    
1    33    25    -7180.12    -16.4039    0.291729    5.19265    
1    35    26    -7175.11    -12.7135    0.305337    5.09285    
1    36    27    -7180.51    -15.3454    0.299834    5.16783    
1    37    28    -7181.31    -17.6102    0.294229    5.37745    
1    39    29    -7181.78    -17.5407    0.288055    5.44328    
1    42    30    -7179.56    -18.1782    0.284868    5.46191    
1    43    31    -7186.63    -16.1827    0.30143    5.13234    
1    45    32    -7184.02    -16.2167    0.309844    5.11681    
1    47    33    -7180.03    -16.7462    0.292437    5.28068    
1    52    34    -7182.91    -17.2027    0.294322    5.21965    
1    53    35    -7181.85    -16.2433    0.289647    5.20882    
1    56    36    -7183.07    -16.1652    0.290046    5.19468    
1    58    37    -7182.73    -16.7113    0.289899    5.18926    
1    59    38    -7180.78    -12.6328    0.305628    5.27702    
1    60    39    -7181.4    -11.8586    0.306489    5.20448    
1    67    40    -7181.29    -12.7443    0.304522    5.20561    
1    68    41    -7181.02    -13.9097    0.302638    5.27504    
1    70    42    -7178.86    -14.2483    0.296917    5.25909    
1    72    43    -7182.93    -15.26    0.298168    5.24481    
1    73    44    -7180.19    -13.2243    0.297941    5.25537    
1    75    45    -7184.7    -13.5402    0.298486    5.22036    
1    76    46    -7184.92    -13.7966    0.286314    5.01701    
1    79    47    -7185.72    -13.901    0.298866    5.10089    
1    80    48    -7186.13    -13.9927    0.296501    5.13959    
1    82    49    -7186.59    -13.7462    0.29639    5.10469    
1    85    50    -7185    -14.0633    0.299919    5.11848    
1    87    51    -7187.08    -14.5665    0.301455    5.14055    
1    97    52    -7184.37    -14.5635    0.299413    5.15391    
1    99    53    -7185.34    -14.212    0.303339    5.24384    
