#Task    Step    numberOfAcceptedPeleSteps    currentEnergy    BindingEnergy    sasaLig    distance_A35SG_L1S1    
1    0    0    -6976.9    -0.547171    0.31389    5.59765    
1    1    1    -7124.66    -10.8389    0.319783    5.51234    
1    2    2    -7154.55    -9.12072    0.312329    5.49167    
1    5    3    -7164.31    -12.0909    0.314813    5.48643    
1    7    4    -7158.85    -12.2977    0.314714    5.49758    
1    8    5    -7160.48    -15.0119    0.316844    5.46931    
1    9    6    -7178.28    -13.9854    0.3214    5.33486    
1    10    7    -7182.72    -14.8714    0.323149    5.29832    
1    12    8    -7183.48    -13.858    0.318273    4.96695    
1    15    9    -7191.01    -17.0313    0.322401    5.18059    
1    20    10    -7190.08    -16.0113    0.319663    5.20957    
1    21    11    -7191.16    -17.4525    0.333832    5.16463    
1    22    12    -7193.55    -15.938    0.325632    5.21077    
1    27    13    -7190.54    -13.4062    0.321503    5.20006    
1    29    14    -7190.24    -12.9922    0.324219    5.23759    
1    30    15    -7187.99    -12.4227    0.318747    5.21415    
1    31    16    -7183.92    -12.4593    0.302381    5.15845    
1    33    17    -7189.81    -12.4982    0.319319    5.15046    
1    35    18    -7190.05    -12.6872    0.316556    5.13698    
1    39    19    -7191.19    -12.2504    0.315496    5.16287    
1    41    20    -7189.9    -12.5289    0.311684    5.18617    
1    42    21    -7189.67    -11.0161    0.309634    5.16154    
1    44    22    -7190.75    -12.6987    0.309918    5.13646    
1    46    23    -7191.45    -12.2597    0.31116    5.15453    
1    49    24    -7181.98    -11.8474    0.321783    5.09927    
1    50    25    -7183.73    -10.3434    0.333319    5.13669    
1    51    26    -7184.94    -10.1073    0.321522    5.14993    
1    53    27    -7182.05    -11.7659    0.326599    5.1046    
1    54    28    -7182.94    -11.7967    0.324034    5.12985    
1    55    29    -7189.24    -13.2143    0.321282    5.15373    
1    56    30    -7192.04    -13.787    0.321076    5.19134    
1    57    31    -7187.63    -13.3027    0.320375    5.14418    
1    58    32    -7189.78    -14.2089    0.32356    5.15712    
1    59    33    -7188.36    -12.7592    0.322324    5.17777    
1    62    34    -7192.5    -14.1253    0.322805    5.16797    
1    66    35    -7189.83    -12.7139    0.320376    5.1395    
1    68    36    -7185.83    -12.3053    0.311884    5.27675    
1    69    37    -7187.31    -13.183    0.312813    5.1978    
1    70    38    -7188.71    -13.2993    0.313973    5.21022    
1    71    39    -7189.46    -13.4161    0.316487    5.20232    
1    75    40    -7190.02    -13.1981    0.31733    5.21072    
1    76    41    -7189.61    -12.9624    0.314773    5.21421    
1    80    42    -7192.11    -13.1756    0.314818    5.21811    
1    82    43    -7191.96    -13.1377    0.315654    5.22168    
1    83    44    -7191.56    -12.7625    0.314008    5.20729    
1    84    45    -7185.46    -11.2045    0.345123    5.21333    
1    85    46    -7179.73    -11.1612    0.316987    5.16196    
1    87    47    -7185.84    -10.1677    0.318632    5.38614    
1    89    48    -7185.9    -12.0614    0.309717    5.32272    
1    95    49    -7185.89    -12.0677    0.30497    5.2766    
1    98    50    -7187.49    -12.337    0.304917    5.29951    
1    99    51    -7187.01    -12.4941    0.305256    5.31326    
