#Task    Step    numberOfAcceptedPeleSteps    currentEnergy    BindingEnergy    sasaLig    distance_A35SG_L1S1    
1    0    0    -6976.9    -0.547171    0.31389    5.59765    
1    1    1    -7123.38    -12.0686    0.31821    5.56449    
1    2    2    -7133.49    -12.4611    0.313895    5.51357    
1    3    3    -7144.82    -9.82762    0.319526    5.46883    
1    4    4    -7159.41    -9.84666    0.311822    5.42093    
1    6    5    -7155.46    -7.04163    0.311841    5.47855    
1    7    6    -7160.56    -9.64024    0.312336    5.48112    
1    8    7    -7161.39    -5.18416    0.341271    5.47573    
1    9    8    -7169.47    -10.6703    0.31153    5.49739    
1    11    9    -7172.78    -11.8553    0.312417    5.35921    
1    12    10    -7176.29    -11.5191    0.313753    5.33886    
1    13    11    -7177.71    -13.0086    0.323689    5.28881    
1    14    12    -7176.9    -12.0044    0.317131    5.31088    
1    15    13    -7179.9    -14.6144    0.310641    5.34374    
1    16    14    -7181.65    -13.331    0.313403    5.32464    
1    17    15    -7181.91    -13.7848    0.31039    5.36406    
1    21    16    -7180.74    -13.4959    0.308376    5.43558    
1    23    17    -7181.38    -14.6194    0.307258    5.43611    
1    24    18    -7175.47    -13.8915    0.303378    5.34253    
1    27    19    -7177.83    -13.5328    0.307383    5.6319    
1    29    20    -7179.95    -12.573    0.30336    5.72682    
1    35    21    -7182.79    -10.792    0.310113    5.78036    
1    39    22    -7184.78    -8.66502    0.330927    5.83252    
1    48    23    -7185.73    -8.03673    0.332435    5.83874    
1    51    24    -7186.06    -9.16413    0.333255    5.8484    
1    54    25    -7185.15    -7.63383    0.334908    5.8209    
1    59    26    -7186.26    -7.35914    0.336293    5.8432    
1    62    27    -7184.82    -6.41432    0.333078    5.8365    
1    64    28    -7181.59    -6.81339    0.332521    5.88008    
1    65    29    -7180.48    -6.59124    0.327142    5.8301    
1    67    30    -7183.2    -7.53402    0.322853    5.75196    
1    74    31    -7183.71    -6.99507    0.325397    5.7958    
1    76    32    -7178.06    -6.32246    0.328007    5.81942    
1    77    33    -7182.58    -5.74769    0.337172    5.79405    
1    79    34    -7183.52    -5.7243    0.339678    5.78922    
1    95    35    -7173.92    -7.33263    0.333795    5.81891    
1    96    36    -7184.99    -6.42999    0.351605    5.83409    
1    97    37    -7185.15    -9.01107    0.330697    5.83105    
1    98    38    -7186.86    -8.52429    0.330671    5.83768    
1    99    39    -7188.3    -8.20792    0.332415    5.84892    
1    100    40    -7179.66    -5.56388    0.344936    5.8767    
