#Task    Step    numberOfAcceptedPeleSteps    currentEnergy    BindingEnergy    sasaLig    distance_A35SG_L1S1    
1    0    0    -6976.9    -0.547171    0.31389    5.59765    
1    1    1    -7128.18    -10.5227    0.316373    5.58492    
1    2    2    -7127.16    -4.79933    0.298142    5.46994    
1    5    3    -7153.77    -10.8807    0.30957    5.54305    
1    8    4    -7153.48    -10.1377    0.306879    5.41954    
1    9    5    -7155.87    -9.31104    0.312749    5.43628    
1    11    6    -7158.24    -8.93117    0.314282    5.45718    
1    17    7    -7161.4    -8.14809    0.313614    5.45921    
1    18    8    -7166.91    -10.9942    0.309558    5.31195    
1    19    9    -7182.37    -10.2883    0.31288    5.30025    
1    22    10    -7179.41    -9.61078    0.310458    5.28718    
1    23    11    -7183.9    -10.623    0.314064    5.28598    
1    25    12    -7186    -10.3847    0.314095    5.29893    
1    27    13    -7183.37    -10.8231    0.310706    5.29703    
1    29    14    -7183.84    -10.5131    0.311308    5.29429    
1    31    15    -7183.81    -14.6229    0.30152    5.28085    
1    38    16    -7178.27    -13.831    0.296459    5.28912    
1    41    17    -7175.32    -14.0859    0.317582    5.35277    
1    42    18    -7176.99    -16.2376    0.321853    5.10256    
1    44    19    -7182.73    -16.3699    0.324019    5.1778    
1    45    20    -7181.57    -13.3088    0.311631    5.24076    
1    46    21    -7182.8    -13.8438    0.310097    5.27878    
1    47    22    -7180.79    -14.2077    0.317666    5.21304    
1    48    23    -7180.99    -12.6881    0.334008    5.19802    
1    49    24    -7181.15    -11.9611    0.318313    5.1216    
1    50    25    -7181.79    -10.9369    0.313587    5.09713    
1    53    26    -7185.21    -13.4255    0.309927    5.1845    
1    55    27    -7186.18    -14.3446    0.311685    5.23056    
1    59    28    -7188.26    -13.7042    0.312466    5.24018    
1    63    29    -7186.19    -13.2927    0.327742    5.27727    
1    64    30    -7186.13    -13.7225    0.324693    5.30888    
1    67    31    -7187.44    -14.7291    0.311477    5.29673    
1    71    32    -7182.59    -10.1252    0.3131    5.30559    
1    72    33    -7182.37    -10.7053    0.314351    5.36183    
1    73    34    -7181.8    -13.7795    0.314486    5.28015    
1    74    35    -7182.15    -13.2505    0.315401    5.32282    
1    75    36    -7179.05    -11.7098    0.316646    5.30208    
1    77    37    -7179.52    -13.2256    0.315528    5.29191    
1    78    38    -7179.69    -13.1548    0.314699    5.31344    
1    79    39    -7174.95    -10.595    0.320748    5.40762    
1    81    40    -7173.11    -15.5616    0.319327    5.25968    
1    83    41    -7174.49    -15.8139    0.32164    5.26586    
1    84    42    -7176.5    -16.283    0.318842    5.18572    
1    87    43    -7175.22    -15.3349    0.317519    5.18019    
1    88    44    -7177.56    -14.791    0.316491    5.18098    
1    90    45    -7174.4    -12.1844    0.31356    5.15968    
1    91    46    -7173.7    -15.2184    0.303791    5.29557    
1    92    47    -7176.4    -14.7793    0.303018    5.28523    
1    93    48    -7177.75    -16.4515    0.310509    5.2264    
1    95    49    -7177.55    -15.6254    0.308593    5.2173    
1    97    50    -7173.03    -15.8904    0.311706    5.19626    
1    99    51    -7171.18    -14.8928    0.30941    5.29312    
1    100    52    -7176.23    -14.887    0.308138    5.17355    
