#Task    Step    numberOfAcceptedPeleSteps    currentEnergy    BindingEnergy    sasaLig    distance_A35SG_L1S1    
1    0    0    -6976.9    -0.547171    0.31389    5.59765    
1    1    1    -7134.46    -11.7792    0.318428    5.55006    
1    2    2    -7136.37    -3.7747    0.308794    5.54769    
1    3    3    -7143.12    -8.17125    0.285453    5.61167    
1    5    4    -7156.65    -12.4951    0.334535    5.6351    
1    7    5    -7163.26    -12.9206    0.336887    5.66215    
1    8    6    -7168.67    -11.7519    0.335666    5.62267    
1    9    7    -7169.24    -11.9321    0.333337    5.60377    
1    12    8    -7169.71    -12.6729    0.323816    5.54029    
1    14    9    -7163.16    -6.85762    0.32703    5.29696    
1    15    10    -7172.21    -10.6242    0.333296    5.72583    
1    16    11    -7171.46    -10.025    0.33325    5.72439    
1    17    12    -7173.41    -10.5524    0.328705    5.75134    
1    18    13    -7172.15    -8.60037    0.331276    5.77374    
1    21    14    -7169.34    -10.3463    0.325498    5.81739    
1    22    15    -7172.71    -9.74608    0.321903    5.80355    
1    23    16    -7171.14    -10.849    0.326977    5.78005    
1    24    17    -7178.21    -10.0563    0.329192    5.80994    
1    25    18    -7176.91    -9.74227    0.327039    5.84653    
1    26    19    -7178    -10.3544    0.325917    5.84862    
1    27    20    -7177.74    -9.16304    0.330226    5.85399    
1    36    21    -7174.83    -9.24282    0.324072    5.72328    
1    37    22    -7176.02    -9.1486    0.328899    5.7977    
1    38    23    -7178.55    -9.60856    0.32821    5.78139    
1    39    24    -7180.46    -8.94626    0.331698    5.89053    
1    40    25    -7181.29    -10.0742    0.330384    5.85012    
1    43    26    -7181.14    -9.64045    0.33269    5.83254    
1    44    27    -7180.69    -10.0983    0.333939    5.82948    
1    46    28    -7184.06    -9.53915    0.329597    5.82729    
1    47    29    -7184.36    -10.1975    0.334813    5.82953    
1    50    30    -7180.69    -10.3052    0.330512    5.76787    
1    51    31    -7183    -10.1318    0.336449    5.77326    
1    52    32    -7182.79    -10.4406    0.330586    5.6681    
1    55    33    -7183.41    -9.69172    0.334389    5.76799    
1    57    34    -7178.52    -9.12682    0.335415    5.80698    
1    58    35    -7174.73    -11.1718    0.322645    5.59355    
1    60    36    -7175.22    -9.61566    0.330572    5.78574    
1    61    37    -7171.08    -7.56877    0.329454    5.74844    
1    63    38    -7170.75    -8.55429    0.311664    5.78203    
1    64    39    -7177.44    -8.28831    0.340709    5.73029    
1    65    40    -7182.1    -10.4558    0.331011    5.76901    
1    66    41    -7183.56    -9.64665    0.331384    5.7919    
1    69    42    -7184.55    -9.9804    0.332307    5.77443    
1    70    43    -7184.73    -9.9643    0.332432    5.79572    
1    71    44    -7183.81    -9.15101    0.333702    5.83516    
1    73    45    -7182.97    -9.43637    0.336161    5.82691    
1    74    46    -7183.8    -9.72502    0.334943    5.82266    
1    76    47    -7184.39    -10.4399    0.335094    5.79631    
1    80    48    -7183.42    -9.7399    0.332996    5.81522    
1    81    49    -7183.58    -10.1801    0.336233    5.83199    
1    83    50    -7185.24    -9.56814    0.3393    5.83536    
1    85    51    -7183.11    -9.98613    0.339171    5.81273    
1    91    52    -7183.24    -9.93638    0.342013    5.82633    
1    93    53    -7181.65    -9.84731    0.340898    5.86237    
1    95    54    -7181.39    -10.0064    0.338445    5.80955    
1    96    55    -7180.53    -9.17947    0.337269    5.83771    
1    97    56    -7181.32    -11.4279    0.342293    5.78409    
