#Task    Step    numberOfAcceptedPeleSteps    currentEnergy    BindingEnergy    sasaLig    distance_A35SG_L1S1    
1    0    0    -6976.9    -0.547171    0.31389    5.59765    
1    1    1    -7135.38    -13.8476    0.294031    6.27307    
1    2    2    -7143.65    -14.067    0.293111    6.25758    
1    3    3    -7150.21    -11.8265    0.274951    6.12639    
1    4    4    -7154.73    -9.95417    0.304231    6.16064    
1    5    5    -7156.45    -10.8611    0.313379    6.20931    
1    6    6    -7164.45    -7.7803    0.323427    6.26813    
1    7    7    -7172.2    -6.7395    0.333977    6.24126    
1    9    8    -7172.47    -10.288    0.318021    6.23445    
1    10    9    -7173.34    -9.49201    0.315949    6.19676    
1    11    10    -7176.09    -11.3498    0.319813    6.15348    
1    12    11    -7177.21    -10.8803    0.318486    6.13698    
1    14    12    -7177.51    -10.8305    0.31901    6.13942    
1    15    13    -7176.18    -12.3244    0.31679    6.16896    
1    16    14    -7177.59    -11.7012    0.320519    6.16226    
1    17    15    -7172.31    -11.0616    0.319355    6.17199    
1    18    16    -7172.25    -10.9188    0.314891    6.16496    
1    19    17    -7174.51    -11.3293    0.316112    6.1568    
1    20    18    -7176.31    -11.3634    0.316064    6.11526    
1    22    19    -7176.16    -10.2683    0.31748    6.13079    
1    23    20    -7176.08    -8.66626    0.330546    6.18455    
1    24    21    -7181    -7.53497    0.333713    6.17629    
1    26    22    -7182    -7.38047    0.334838    6.17723    
1    27    23    -7179.43    -6.21786    0.334794    6.21802    
1    31    24    -7178.64    -6.26856    0.332856    6.19677    
1    32    25    -7180.6    -5.45781    0.333574    6.20606    
1    34    26    -7181.72    -5.86367    0.337147    6.19337    
1    35    27    -7181.61    -7.38836    0.334428    6.22202    
1    42    28    -7180.97    -7.03326    0.33929    6.22269    
1    43    29    -7182.23    -6.36131    0.335638    6.23065    
1    44    30    -7183.49    -5.52794    0.33782    6.22864    
1    45    31    -7184.26    -6.03837    0.336849    6.22115    
1    46    32    -7183.67    -5.72842    0.336607    6.19921    
1    51    33    -7183.86    -6.42655    0.337979    6.30589    
1    52    34    -7184.32    -6.48183    0.337482    6.23548    
1    61    35    -7172.17    -6.31797    0.346141    6.20933    
1    62    36    -7184.87    -6.25801    0.348783    6.19883    
1    63    37    -7185.53    -8.45036    0.323121    6.21016    
1    66    38    -7184.67    -8.87371    0.324358    6.24543    
1    72    39    -7185.56    -8.73611    0.322916    6.22209    
1    74    40    -7185.74    -8.9237    0.322471    6.20647    
1    75    41    -7185.97    -10.1054    0.322084    6.21594    
1    78    42    -7186.49    -9.66211    0.319193    6.17492    
1    82    43    -7186.63    -9.56379    0.320826    6.19004    
1    88    44    -7186.35    -9.27479    0.319424    6.18235    
1    91    45    -7185.74    -9.24387    0.318635    6.19424    
1    93    46    -7184.91    -9.37137    0.318642    6.19886    
1    97    47    -7185.16    -9.71676    0.310062    6.23254    
1    99    48    -7181.21    -10.0998    0.308639    6.22536    
1    100    49    -7180.94    -8.36139    0.308172    6.1533    
