#Task    Step    numberOfAcceptedPeleSteps    currentEnergy    BindingEnergy    sasaLig    distance_A35SG_L1S1    
1    0    0    -6976.9    -0.547171    0.31389    5.59765    
1    1    1    -7122.29    -5.24426    0.306287    5.53411    
1    2    2    -7128.63    -5.05036    0.304773    5.50175    
1    3    3    -7131.51    -8.57817    0.310747    5.51908    
1    4    4    -7138.11    -7.69143    0.302371    6.63401    
1    5    5    -7153.41    -8.5187    0.308417    6.43969    
1    6    6    -7154.91    -7.73074    0.306432    6.39404    
1    7    7    -7156.82    -7.66414    0.330462    6.34737    
1    11    8    -7158.24    -11.0431    0.333295    6.30027    
1    13    9    -7158.8    -10.2609    0.339504    6.33209    
1    14    10    -7162.4    -9.46853    0.339575    6.3092    
1    17    11    -7171.07    -11.6191    0.34603    6.21024    
1    19    12    -7174.96    -11.1268    0.348064    6.22452    
1    21    13    -7170.43    -10.2292    0.338426    6.17262    
1    22    14    -7170.63    -9.53036    0.34329    6.19792    
1    24    15    -7173.06    -9.70351    0.342284    6.13371    
1    25    16    -7172.57    -9.87203    0.34255    6.12024    
1    27    17    -7171.75    -5.39179    0.347306    6.18744    
1    28    18    -7172.8    -5.42337    0.344306    6.10474    
1    30    19    -7173.64    -5.34215    0.344811    6.17319    
1    32    20    -7169.57    -5.76069    0.337725    6.14354    
1    33    21    -7172.53    -7.37376    0.341835    6.19274    
1    36    22    -7171.26    -6.87514    0.342829    6.18235    
1    41    23    -7166.6    -7.70224    0.327287    6.21204    
1    42    24    -7165.46    -3.0116    0.308467    6.14821    
1    43    25    -7172.38    -8.70066    0.327919    6.19135    
1    47    26    -7174.39    -7.17065    0.342237    6.20336    
1    48    27    -7172.09    -7.59442    0.338844    6.17257    
1    52    28    -7175.27    -7.37351    0.342344    6.16948    
1    57    29    -7171.08    -8.92271    0.347414    6.17756    
1    58    30    -7174.13    -7.55883    0.344801    6.28579    
1    59    31    -7172.49    -7.25228    0.336656    6.25702    
1    60    32    -7171.01    -8.74128    0.330213    6.19602    
1    62    33    -7171.44    -8.18548    0.32899    6.19709    
1    63    34    -7173.7    -9.87263    0.323643    6.20482    
1    65    35    -7180.72    -7.66817    0.343691    6.22167    
1    66    36    -7182.72    -7.42855    0.346012    6.21197    
1    68    37    -7183.2    -7.72912    0.34359    6.2178    
1    71    38    -7181.49    -7.74866    0.352386    6.2715    
1    75    39    -7180.52    -8.82692    0.34287    6.23256    
1    79    40    -7179.92    -8.53712    0.339665    6.22564    
1    80    41    -7179.6    -8.66401    0.33999    6.24    
1    83    42    -7179.3    -9.32352    0.335734    6.21592    
1    87    43    -7177.58    -9.13026    0.335535    6.22711    
1    88    44    -7175.32    -9.12901    0.336827    6.24857    
1    89    45    -7172.15    -9.8362    0.333998    6.21743    
1    90    46    -7172.41    -11.3553    0.333262    6.22232    
1    91    47    -7174.93    -6.36068    0.346214    6.17766    
1    92    48    -7174.77    -5.55784    0.345988    6.21442    
1    93    49    -7171.55    -5.07311    0.342643    6.20619    
1    94    50    -7175.05    -4.94478    0.33798    6.19345    
1    95    51    -7175.68    -5.89492    0.343541    6.24365    
1    96    52    -7173.79    -4.24359    0.335462    6.21026    
1    97    53    -7173.99    -5.97218    0.3387    6.20835    
1    98    54    -7168.74    -5.3652    0.335413    6.22843    
1    100    55    -7171.6    -6.78877    0.331371    6.22696    
