#Task    Step    numberOfAcceptedPeleSteps    currentEnergy    BindingEnergy    sasaLig    distance_A35SG_L1S1    
1    0    0    -6976.9    -0.547171    0.31389    5.59765    
1    1    1    -7144.33    -8.97872    0.311302    5.412    
1    4    2    -7151.84    -10.1019    0.307462    5.49233    
1    5    3    -7154.51    -12.9908    0.304956    5.51382    
1    6    4    -7159.76    -13.436    0.306466    5.52577    
1    7    5    -7165.95    -12.987    0.307942    5.5117    
1    8    6    -7167.49    -11.9185    0.305034    5.48775    
1    9    7    -7165.29    -10.9349    0.307853    5.51229    
1    10    8    -7169.02    -11.0649    0.304773    5.48096    
1    13    9    -7165.77    -10.8976    0.305174    5.47622    
1    14    10    -7166.59    -9.13282    0.300136    5.46195    
1    18    11    -7168.53    -10.8144    0.298833    5.43972    
1    21    12    -7169.75    -13.6743    0.30679    5.42025    
1    23    13    -7169.98    -12.6484    0.303743    5.40088    
1    24    14    -7172.78    -14.2656    0.305425    5.34368    
1    25    15    -7173.49    -11.857    0.319819    5.3299    
1    27    16    -7172.36    -11.0883    0.317749    5.4088    
1    31    17    -7175.31    -15.1317    0.288372    5.42078    
1    32    18    -7175.6    -14.8846    0.283335    5.39983    
1    33    19    -7174.97    -16.0672    0.28836    5.39933    
1    34    20    -7176.92    -15.7338    0.287543    5.39691    
1    35    21    -7176.27    -12.0706    0.318909    5.42033    
1    38    22    -7176.46    -11.4282    0.319646    5.43199    
1    42    23    -7178.4    -11.649    0.319349    5.44231    
1    45    24    -7177.27    -14.1564    0.324698    5.44241    
1    46    25    -7177.17    -12.8648    0.322986    5.45161    
1    48    26    -7176.12    -12.3129    0.319323    5.37963    
1    49    27    -7174.27    -10.4205    0.326401    5.41247    
1    51    28    -7176.31    -10.616    0.322892    5.4335    
1    52    29    -7176.13    -10.9582    0.324143    5.44042    
1    54    30    -7176.93    -11.1184    0.323322    5.42796    
1    55    31    -7177.36    -14.1959    0.29597    5.42824    
1    57    32    -7173.47    -14.6263    0.297236    5.38496    
1    58    33    -7174.25    -15.0274    0.291517    5.40011    
1    60    34    -7174.53    -16.3214    0.290366    5.40554    
1    61    35    -7172.79    -17.0017    0.299967    5.36865    
1    62    36    -7175.81    -17.1136    0.293497    5.41153    
1    64    37    -7173.32    -16.5726    0.289738    5.4329    
1    67    38    -7178.94    -15.9544    0.293246    5.44405    
1    68    39    -7178.71    -15.5086    0.29023    5.40812    
1    69    40    -7178.23    -15.8982    0.2957    5.3986    
1    70    41    -7172.26    -14.3279    0.293963    5.46723    
1    71    42    -7180.24    -16.7368    0.274121    5.47184    
1    72    43    -7180.5    -17.01    0.274409    5.46247    
1    74    44    -7181.9    -17.243    0.274463    5.40596    
1    75    45    -7192.99    -17.7916    0.296508    5.41499    
1    76    46    -7194.58    -17.3976    0.296352    5.42107    
1    77    47    -7192.47    -17.2948    0.296694    5.37386    
1    78    48    -7195.16    -17.9075    0.293362    5.3867    
1    81    49    -7195.39    -17.4874    0.30152    5.33646    
1    88    50    -7195.08    -17.0488    0.299261    5.38719    
1    89    51    -7188.96    -15.4074    0.305984    5.4349    
1    91    52    -7187.02    -13.4974    0.303984    5.43859    
1    92    53    -7188.66    -13.8545    0.305839    5.43568    
1    93    54    -7186.43    -14.1936    0.304026    5.4595    
1    94    55    -7186.97    -15.1094    0.304007    5.4323    
1    95    56    -7189.38    -14.8015    0.303629    5.47256    
1    97    57    -7181.18    -14.9574    0.301282    5.44635    
1    98    58    -7188.6    -14.4115    0.299574    5.39127    
