#Task    Step    numberOfAcceptedPeleSteps    currentEnergy    BindingEnergy    sasaLig    distance_A35SG_L1S1    
1    0    0    -6976.9    -0.547171    0.31389    5.59765    
1    1    1    -7125.83    -11.1947    0.321841    5.50633    
1    3    2    -7155.04    -15.1857    0.319966    5.51195    
1    5    3    -7156.2    -14.2634    0.322945    5.53024    
1    7    4    -7162.9    -15.55    0.320532    5.38419    
1    8    5    -7174.11    -15.8923    0.320104    5.26684    
1    10    6    -7182.1    -16.1326    0.31878    5.25598    
1    12    7    -7181.92    -13.2956    0.316538    5.20391    
1    13    8    -7181.23    -13.6269    0.324088    5.21138    
1    14    9    -7183.27    -13.5471    0.323337    5.19503    
1    16    10    -7183.17    -13.8067    0.320452    5.18284    
1    17    11    -7183.07    -13.4449    0.319026    5.18611    
1    19    12    -7186.92    -13.7942    0.319158    5.19661    
1    22    13    -7182.13    -12.9226    0.32125    5.10334    
1    24    14    -7183.54    -13.5179    0.315157    5.1353    
1    25    15    -7184.46    -13.6076    0.316031    5.14009    
1    30    16    -7181.97    -13.3251    0.318731    5.13465    
1    31    17    -7183.89    -13.8543    0.317537    5.12389    
1    34    18    -7183.78    -12.5901    0.316669    5.12392    
1    35    19    -7184.83    -12.7806    0.318036    5.20737    
1    38    20    -7184.25    -11.9227    0.316826    5.21287    
1    39    21    -7183.65    -12.6768    0.316446    5.16725    
1    40    22    -7183.78    -12.5176    0.31571    5.15819    
1    41    23    -7183.01    -11.3276    0.312331    5.19181    
1    43    24    -7183.67    -11.3616    0.314027    5.20275    
1    44    25    -7183.42    -12.0147    0.311461    5.22202    
1    48    26    -7183.59    -11.6971    0.311739    5.19721    
1    49    27    -7182.05    -12.3748    0.315166    5.2565    
1    50    28    -7182.65    -12.3031    0.313512    5.18657    
1    51    29    -7186.99    -13.3466    0.314946    5.1669    
1    52    30    -7185.94    -13.1894    0.316979    5.22112    
1    57    31    -7183.13    -12.8781    0.321305    5.2451    
1    60    32    -7184.96    -13.2188    0.31712    5.26988    
1    67    33    -7186.85    -13.2087    0.317406    5.26193    
1    68    34    -7186.46    -13.7453    0.31649    5.21861    
1    74    35    -7185.2    -13.5032    0.315516    5.18468    
1    75    36    -7183.54    -10.144    0.321613    5.20158    
1    76    37    -7185.74    -11.7344    0.318159    5.21435    
1    78    38    -7186.62    -12.736    0.315869    5.21544    
1    89    39    -7185.39    -13.7821    0.318868    5.22647    
1    90    40    -7181.27    -15.944    0.315461    5.45153    
1    92    41    -7180.77    -19.1518    0.323131    5.38332    
1    93    42    -7181.89    -13.7148    0.317161    5.52514    
1    95    43    -7187.4    -15.0506    0.319126    5.51849    
1    98    44    -7184.82    -13.3145    0.333171    5.53288    
1    99    45    -7185.91    -14.5565    0.322164    5.61175    
1    100    46    -7188.02    -14.1202    0.313069    5.49969    
