#Task    Step    numberOfAcceptedPeleSteps    currentEnergy    BindingEnergy    sasaLig    distance_A35SG_L1S1    
1    0    0    -6976.9    -0.547171    0.31389    5.59765    
1    1    1    -7125.19    -12.3915    0.30981    5.57741    
1    2    2    -7146.2    -11.9778    0.3134    5.57138    
1    3    3    -7160.37    -12.3164    0.310891    5.63202    
1    6    4    -7160.95    -9.15462    0.318068    5.56618    
1    7    5    -7179.6    -11.0527    0.314052    5.454    
1    11    6    -7177.96    -10.7678    0.314009    5.44372    
1    13    7    -7177.65    -10.9969    0.31235    5.50369    
1    14    8    -7178.14    -7.56342    0.311951    5.4823    
1    15    9    -7177.49    -7.6383    0.317218    5.43563    
1    16    10    -7173.39    -6.66181    0.309678    5.44279    
1    17    11    -7178.88    -10.2549    0.311845    5.38329    
1    23    12    -7181.91    -10.962    0.314606    5.36298    
1    26    13    -7183.02    -10.8767    0.313604    5.31379    
1    27    14    -7181.15    -11.3003    0.31377    5.35368    
1    28    15    -7180.86    -10.3732    0.308361    5.36348    
1    29    16    -7177.37    -11.6557    0.309269    5.20658    
1    30    17    -7184.75    -11.5337    0.310357    5.22005    
1    31    18    -7184.74    -13.2292    0.308314    5.23358    
1    33    19    -7182.84    -11.1689    0.307874    5.09827    
1    36    20    -7186.23    -15.7821    0.303347    5.14522    
1    38    21    -7187.65    -14.641    0.300123    5.20366    
1    39    22    -7194.36    -14.4451    0.310459    5.07137    
1    40    23    -7197.77    -14.5768    0.312655    5.09889    
1    46    24    -7196.19    -12.8246    0.307733    5.09672    
1    47    25    -7198.08    -13.8405    0.313788    5.13347    
1    48    26    -7195.05    -14.7985    0.310106    5.13398    
1    49    27    -7198.14    -15.0864    0.310792    5.14333    
1    51    28    -7198.27    -15.1188    0.312774    5.15442    
1    52    29    -7197.53    -14.5281    0.31175    5.13284    
1    53    30    -7195.88    -14.5664    0.303229    5.1294    
1    54    31    -7197.04    -14.6043    0.307112    5.12343    
1    55    32    -7198.19    -15.0191    0.304485    5.11778    
1    58    33    -7191.54    -16.0926    0.301406    5.11507    
1    60    34    -7194.43    -16.1943    0.300137    5.11796    
1    64    35    -7196.61    -16.0135    0.301407    5.13935    
1    67    36    -7196.87    -16.0137    0.301626    5.10229    
1    70    37    -7197.35    -16.3263    0.301754    5.09352    
1    73    38    -7196.77    -15.5079    0.29948    5.14002    
1    76    39    -7196.13    -16.2589    0.301586    5.14181    
1    77    40    -7191.74    -15.6382    0.293764    5.16528    
1    78    41    -7194.03    -15.7643    0.297867    5.1049    
1    80    42    -7194.45    -15.0261    0.295995    5.10647    
1    81    43    -7194.86    -15.3975    0.297249    5.06899    
1    82    44    -7196.79    -14.9575    0.299816    5.10076    
1    87    45    -7197.55    -15.1071    0.299945    5.12271    
1    90    46    -7198.73    -15.3197    0.300165    5.13035    
1    91    47    -7198.98    -16.0255    0.301903    5.11917    
1    95    48    -7192.78    -14.3391    0.298323    5.11686    
1    96    49    -7193.51    -14.192    0.300157    5.11461    
