#Task    Step    numberOfAcceptedPeleSteps    currentEnergy    BindingEnergy    sasaLig    distance_A35SG_L1S1    
1    0    0    -6976.9    -0.547171    0.31389    5.59765    
1    1    1    -7127.33    -12.9266    0.316787    5.4994    
1    2    2    -7140.06    -14.0071    0.304073    5.46836    
1    4    3    -7161.4    -13.2767    0.298587    5.42611    
1    7    4    -7160.46    -13.463    0.294081    5.44589    
1    9    5    -7160.01    -14.6056    0.298219    5.3377    
1    10    6    -7170.53    -13.1527    0.295622    5.30552    
1    11    7    -7173.78    -14.0587    0.294255    5.2657    
1    12    8    -7176.47    -13.3479    0.292131    5.08532    
1    13    9    -7176.73    -8.31848    0.308908    5.10971    
1    17    10    -7175.31    -8.05822    0.30849    5.05401    
1    22    11    -7166.12    -8.62533    0.294121    4.86694    
1    23    12    -7177.12    -9.55397    0.302722    5.11568    
1    24    13    -7181.17    -9.48893    0.301744    5.08304    
1    25    14    -7181.44    -9.07385    0.298967    5.06894    
1    26    15    -7181.26    -7.31794    0.296368    5.11506    
1    27    16    -7181.52    -11.1733    0.285241    5.12115    
1    28    17    -7182.96    -10.8939    0.266655    4.90477    
1    29    18    -7184.34    -11.4495    0.277197    5.04892    
1    38    19    -7185.54    -9.2367    0.275987    5.08565    
1    39    20    -7181.84    -9.35635    0.282841    5.33593    
1    41    21    -7184.16    -12.5601    0.269233    5.3866    
1    43    22    -7188.27    -10.5137    0.275916    5.40741    
1    44    23    -7184.78    -8.18088    0.276295    5.40327    
1    46    24    -7187.08    -10.3831    0.276226    5.42088    
1    47    25    -7189.01    -11.3154    0.283037    5.18558    
1    50    26    -7187.34    -9.32596    0.309016    5.16567    
1    53    27    -7190.27    -10.0688    0.30978    5.14974    
1    56    28    -7186.8    -9.69048    0.30097    5.00727    
1    57    29    -7187.66    -10.3328    0.30344    5.06026    
1    58    30    -7188.38    -10.7952    0.305006    5.0841    
1    63    31    -7186.64    -12.2602    0.29821    5.04021    
1    64    32    -7188.2    -11.1944    0.297195    4.99164    
1    65    33    -7188.26    -11.9994    0.305344    5.06358    
1    67    34    -7188.38    -11.4141    0.303212    5.08911    
1    71    35    -7189.48    -11.5249    0.302716    5.06514    
1    73    36    -7184.64    -12.1447    0.307538    5.05242    
1    75    37    -7184.16    -11.3944    0.306184    5.0524    
1    76    38    -7184.9    -11.2752    0.303006    5.09519    
1    78    39    -7186.15    -11.4986    0.304791    5.09152    
1    80    40    -7185.92    -12.058    0.300591    4.96984    
1    81    41    -7183.74    -9.95605    0.306667    5.05469    
1    84    42    -7178.79    -9.36038    0.305033    5.08905    
1    86    43    -7177.29    -9.2469    0.300955    5.15568    
1    88    44    -7182    -9.00036    0.303267    5.16788    
1    91    45    -7180.27    -9.53967    0.293508    5.35862    
1    95    46    -7183.43    -8.60837    0.301662    5.17268    
1    98    47    -7182.38    -10.0057    0.297032    5.04481    
1    100    48    -7182.39    -9.57154    0.297513    5.10085    
