#Task    Step    numberOfAcceptedPeleSteps    currentEnergy    BindingEnergy    sasaLig    distance_A35SG_L1S1    
1    0    0    -6976.9    -0.547171    0.31389    5.59765    
1    1    1    -7134.49    -12.2124    0.308409    5.44095    
1    2    2    -7146.8    -10.207    0.312585    5.4462    
1    3    3    -7153.43    -9.98177    0.309608    5.45742    
1    4    4    -7158.68    -10.8521    0.314651    5.40554    
1    5    5    -7154.3    -9.05574    0.297744    5.34835    
1    6    6    -7156.61    -8.61126    0.297487    5.28964    
1    7    7    -7161.11    -9.69173    0.311023    5.26916    
1    8    8    -7161.02    -8.80384    0.310366    5.26338    
1    9    9    -7165.2    -8.63358    0.305332    5.28813    
1    10    10    -7169.63    -7.92831    0.304205    5.23751    
1    11    11    -7182.11    -11.274    0.30702    5.24716    
1    14    12    -7186.43    -11.1588    0.30739    5.16093    
1    17    13    -7187.89    -11.1136    0.297412    5.13689    
1    18    14    -7187.15    -10.7196    0.294206    5.13605    
1    19    15    -7184.62    -8.75229    0.300889    5.13299    
1    20    16    -7183.89    -7.29072    0.300758    5.10767    
1    21    17    -7184.59    -13.7911    0.302856    5.13613    
1    22    18    -7186.08    -13.6554    0.299227    5.11555    
1    26    19    -7187.44    -13.7765    0.299762    5.11036    
1    28    20    -7186.13    -14.5675    0.300846    5.0956    
1    29    21    -7182.23    -14.3633    0.291917    5.10243    
1    31    22    -7178.22    -10.0652    0.310342    5.15735    
1    32    23    -7183.91    -12.3111    0.298112    5.14233    
1    33    24    -7184.99    -10.5743    0.30151    5.17949    
1    34    25    -7186.25    -10.1135    0.301373    5.19313    
1    35    26    -7186.43    -10.2793    0.299378    5.14818    
1    37    27    -7186.37    -10.131    0.304458    5.22757    
1    38    28    -7181.31    -11.012    0.294715    5.27719    
1    39    29    -7187.6    -11.7421    0.289774    5.27071    
1    40    30    -7189.57    -12.761    0.288994    5.27692    
1    41    31    -7187.57    -13.0579    0.288489    5.25658    
1    42    32    -7191.23    -13.1611    0.285844    5.31072    
1    46    33    -7185.85    -11.8271    0.286704    5.31533    
1    48    34    -7184.41    -11.2551    0.286658    5.37232    
1    50    35    -7186.17    -11.2651    0.28118    5.32503    
1    51    36    -7188.95    -12.037    0.286125    5.34583    
1    53    37    -7186.54    -11.5823    0.281946    5.32524    
1    55    38    -7186.08    -12.1552    0.283426    5.36667    
1    56    39    -7190.01    -12.764    0.285414    5.36286    
1    59    40    -7192.21    -14.5989    0.308703    5.28525    
1    60    41    -7193.13    -14.0689    0.305216    5.28969    
1    67    42    -7194.02    -14.1713    0.312556    5.32023    
1    70    43    -7194.3    -14.4172    0.313452    5.31584    
1    72    44    -7191.87    -13.7703    0.311679    5.31091    
1    73    45    -7194.95    -15.9094    0.317369    5.32232    
1    80    46    -7194.58    -14.3157    0.314163    5.36023    
1    82    47    -7196.04    -14.616    0.312547    5.34966    
1    83    48    -7192.49    -13.7805    0.311462    5.28995    
1    87    49    -7191.91    -13.2565    0.313038    5.27398    
1    88    50    -7192.02    -12.9682    0.31094    5.28987    
1    91    51    -7192.49    -13.7153    0.315144    5.28554    
1    95    52    -7188.98    -11.7273    0.31405    5.30895    
1    96    53    -7187.54    -10.4169    0.306414    5.28691    
1    99    54    -7190.72    -13.3626    0.310698    5.30811    
