#Task    Step    numberOfAcceptedPeleSteps    currentEnergy    BindingEnergy    sasaLig    distance_A35SG_L1S1    
1    0    0    -6976.9    -0.547171    0.31389    5.59765    
1    1    1    -7125.93    -10.3564    0.311683    5.58859    
1    2    2    -7130.16    -8.08991    0.334739    5.6693    
1    3    3    -7157.82    -9.69237    0.29847    5.68057    
1    4    4    -7160.37    -10.7158    0.296995    5.65531    
1    6    5    -7164.46    -11.0018    0.295918    5.63527    
1    7    6    -7173.38    -14.334    0.295749    5.60106    
1    8    7    -7172.84    -13.4316    0.294674    5.59153    
1    10    8    -7174.68    -14.0643    0.29125    5.58601    
1    12    9    -7173.4    -12.5085    0.289582    5.56137    
1    13    10    -7180.74    -15.2127    0.290745    5.52475    
1    15    11    -7182.56    -14.4616    0.290699    5.47623    
1    18    12    -7184.44    -14.5667    0.290445    5.45577    
1    22    13    -7183.3    -13.5144    0.289661    5.44548    
1    24    14    -7184.23    -14.2281    0.28801    5.44553    
1    25    15    -7184.21    -14.9096    0.292857    5.41652    
1    26    16    -7185.14    -15.5805    0.292086    5.41446    
1    27    17    -7184.03    -14.1909    0.291271    5.43775    
1    30    18    -7185.14    -15.1745    0.288685    5.43684    
1    35    19    -7184.07    -14.5128    0.290875    5.41617    
1    36    20    -7183.01    -12.9697    0.289278    5.39367    
1    38    21    -7185.82    -14.6422    0.286812    5.44706    
1    40    22    -7187.16    -14.1352    0.28743    5.42355    
1    44    23    -7185.04    -14.7864    0.288516    5.39865    
1    45    24    -7186.67    -14.2862    0.288047    5.42897    
1    53    25    -7186.44    -15.2105    0.29596    5.37337    
1    55    26    -7187.85    -14.9482    0.29666    5.36758    
1    56    27    -7187.6    -14.949    0.293937    5.39938    
1    58    28    -7189.26    -15.1394    0.294813    5.39999    
1    59    29    -7188.62    -14.6028    0.29518    5.38488    
1    68    30    -7189.1    -14.9168    0.293125    5.37989    
1    70    31    -7189.04    -14.715    0.292219    5.38976    
1    72    32    -7189.2    -14.5934    0.293062    5.3778    
1    74    33    -7188.82    -14.6347    0.29058    5.38351    
1    79    34    -7187.75    -15.2473    0.289722    5.36316    
1    80    35    -7185.9    -14.7952    0.28938    5.40041    
1    90    36    -7184.12    -15.473    0.281866    5.36022    
1    91    37    -7185.61    -15.5168    0.285765    5.34194    
1    94    38    -7184.45    -14.8159    0.289888    5.3682    
1    95    39    -7184.85    -13.0809    0.28883    5.68053    
1    96    40    -7183.56    -13.4085    0.286873    5.71285    
1    97    41    -7183.45    -12.6167    0.28356    5.72383    
1    99    42    -7186.74    -11.3441    0.29091    5.69372    
1    100    43    -7184.51    -10.2289    0.288396    5.70646    
