#Task    Step    numberOfAcceptedPeleSteps    currentEnergy    BindingEnergy    sasaLig    distance_A35SG_L1S1    
1    0    0    -6976.9    -0.547171    0.31389    5.59765    
1    1    1    -7124.48    -10.9474    0.325076    5.62264    
1    2    2    -7134.84    -10.4273    0.307831    5.00242    
1    3    3    -7161.39    -10.3467    0.324727    5.19069    
1    6    4    -7162.11    -10.9846    0.324637    5.21209    
1    7    5    -7162.97    -12.125    0.326115    5.22757    
1    10    6    -7168.93    -12.1755    0.344278    5.22241    
1    11    7    -7179.71    -11.8984    0.318259    5.23568    
1    14    8    -7179.21    -9.93047    0.31439    4.9099    
1    15    9    -7181.11    -10.7388    0.310301    5.1233    
1    16    10    -7180.2    -10.0797    0.307737    5.0898    
1    17    11    -7176.65    -11.349    0.31405    5.11362    
1    18    12    -7181.05    -11.8982    0.314889    5.19539    
1    19    13    -7183.72    -11.2199    0.311211    5.18201    
1    20    14    -7184.47    -10.8046    0.310251    5.17566    
1    22    15    -7184.99    -10.5978    0.311022    5.16992    
1    26    16    -7181.91    -10.7267    0.308225    5.07201    
1    27    17    -7182.49    -10.5665    0.311796    5.18438    
1    31    18    -7184.5    -10.7333    0.313103    5.2401    
1    35    19    -7183.46    -10.3383    0.3113    5.12148    
1    37    20    -7180.58    -11.0383    0.304858    5.10778    
1    39    21    -7181.31    -10.6843    0.30476    5.17178    
1    48    22    -7180.19    -10.5826    0.294513    5.04735    
1    49    23    -7174.43    -9.91713    0.294023    5.0745    
1    52    24    -7180.16    -9.56358    0.300155    5.11552    
1    54    25    -7181.46    -10.0037    0.303286    5.16368    
1    55    26    -7183.78    -10.1942    0.305202    5.19009    
1    58    27    -7183.92    -10.3456    0.303413    5.16209    
1    59    28    -7183.46    -12.1548    0.303351    5.1815    
1    64    29    -7184.86    -14.1061    0.304691    5.19397    
1    67    30    -7183.49    -14.7754    0.30458    5.21563    
1    68    31    -7184.11    -15.1921    0.303637    5.19096    
1    73    32    -7179.69    -14.5407    0.287119    5.20878    
1    74    33    -7181.1    -13.2793    0.286495    5.19648    
1    75    34    -7184.14    -14.1256    0.291562    5.21359    
1    76    35    -7183.25    -12.506    0.288616    5.20746    
1    80    36    -7185.96    -15.4324    0.293491    5.25314    
1    86    37    -7181.25    -12.2415    0.287027    5.1453    
1    90    38    -7182.14    -11.9416    0.289946    5.20836    
1    99    39    -7180.82    -13.1575    0.288351    5.27971    
