#Task    Step    numberOfAcceptedPeleSteps    currentEnergy    BindingEnergy    sasaLig    distance_A35SG_L1S1    
1    0    0    -6976.9    -0.547171    0.31389    5.59765    
1    1    1    -7132.29    -12.1783    0.316113    5.54093    
1    2    2    -7154.83    -10.5669    0.310425    5.5387    
1    3    3    -7163.67    -9.60798    0.299942    5.5214    
1    5    4    -7171.11    -13.8496    0.311732    5.54291    
1    6    5    -7169.55    -14.6278    0.298965    5.31791    
1    7    6    -7173.3    -14.3945    0.308077    5.38372    
1    9    7    -7171.99    -14.0131    0.306925    5.35016    
1    11    8    -7173.74    -14.8445    0.305947    5.32937    
1    13    9    -7169.87    -14.3561    0.307349    5.29104    
1    16    10    -7170.96    -14.9684    0.302059    5.298    
1    19    11    -7176.85    -16.7604    0.292213    5.26621    
1    20    12    -7177.06    -17.328    0.290385    5.25949    
1    21    13    -7178.12    -15.6053    0.296516    5.27744    
1    22    14    -7180.05    -16.5789    0.298944    5.22453    
1    23    15    -7180.14    -16.1347    0.298707    5.24618    
1    24    16    -7181.09    -16.3604    0.294997    5.23203    
1    25    17    -7184.35    -16.8803    0.291844    5.27873    
1    26    18    -7184.86    -16.8053    0.292022    5.25787    
1    28    19    -7184.98    -16.87    0.291478    5.257    
1    29    20    -7186.98    -17.6637    0.299051    5.30571    
1    31    21    -7187.14    -18.4642    0.301264    5.32735    
1    34    22    -7185.17    -16.4905    0.29398    5.32985    
1    36    23    -7187.84    -18.4263    0.295179    5.33219    
1    38    24    -7187.98    -18.0057    0.295997    5.34383    
1    40    25    -7187.76    -18.362    0.293623    5.30703    
1    42    26    -7186.65    -18.2076    0.293455    5.32548    
1    47    27    -7187.62    -18.7247    0.294113    5.31485    
1    52    28    -7186.33    -18.166    0.291939    5.31034    
1    53    29    -7186.26    -18.0025    0.295422    5.35548    
1    56    30    -7186.24    -18.0089    0.297217    5.32266    
1    58    31    -7187.51    -17.9632    0.295074    5.35918    
1    62    32    -7189.9    -18.3968    0.294214    5.33428    
1    64    33    -7189.47    -17.701    0.292577    5.33616    
1    70    34    -7190.82    -18.3642    0.293291    5.32445    
1    72    35    -7191.63    -18.9711    0.294577    5.31188    
1    75    36    -7191.01    -18.1631    0.293574    5.34221    
1    76    37    -7190.52    -18.2547    0.2917    5.30458    
1    77    38    -7186.74    -17.4106    0.299631    5.35501    
1    78    39    -7185.85    -17.5318    0.299555    5.31798    
1    80    40    -7183.19    -18.9248    0.29702    5.36606    
1    81    41    -7184.67    -15.9967    0.312498    5.30242    
1    82    42    -7186.33    -16.3243    0.312985    5.29951    
1    83    43    -7187.16    -18.1582    0.30319    5.32489    
1    84    44    -7188.11    -18.0616    0.298269    5.27977    
1    86    45    -7183.82    -15.9765    0.298808    5.37096    
1    88    46    -7187.51    -15.5197    0.297839    5.38425    
1    90    47    -7181.71    -12.7606    0.299086    5.56323    
1    91    48    -7183.02    -11.5889    0.319776    5.58585    
1    92    49    -7181.64    -11.1246    0.326206    5.59264    
1    95    50    -7184.52    -15.1293    0.296521    5.58225    
1    97    51    -7185.52    -16.068    0.299985    5.6057    
1    99    52    -7186.86    -15.3022    0.301726    5.62956    
1    100    53    -7184.5    -13.757    0.300795    5.6356    
