#Task    Step    numberOfAcceptedPeleSteps    currentEnergy    BindingEnergy    sasaLig    distance_A35SG_L1S1    
1    0    0    -6976.9    -0.547171    0.31389    5.59765    
1    1    1    -7134.22    -11.4957    0.310279    5.55108    
1    2    2    -7149.31    -11.2915    0.308849    5.53804    
1    3    3    -7153.14    -11.6574    0.309451    5.54291    
1    7    4    -7155.35    -11.2608    0.308804    5.56601    
1    10    5    -7158.67    -11.3822    0.309269    5.56067    
1    11    6    -7159.71    -11.7474    0.308568    5.58015    
1    12    7    -7164.81    -8.99499    0.329165    5.51669    
1    13    8    -7163.54    -10.4654    0.336971    5.5354    
1    16    9    -7164.22    -9.75707    0.315896    5.29522    
1    17    10    -7163.34    -12.5945    0.313594    5.35052    
1    18    11    -7162.52    -11.7229    0.303802    5.4597    
1    21    12    -7172.53    -16.447    0.304932    6.31009    
1    22    13    -7175.1    -15.8017    0.305518    6.30798    
1    26    14    -7172.45    -15.5301    0.293535    6.0293    
1    27    15    -7175.94    -12.1645    0.302144    5.98637    
1    30    16    -7177.21    -11.9412    0.300636    6.0286    
1    31    17    -7175.74    -12.7438    0.29793    6.04009    
1    33    18    -7175.87    -14.6682    0.291916    6.0526    
1    34    19    -7178.56    -14.8309    0.289683    6.06942    
1    35    20    -7182.56    -15.885    0.290515    6.09237    
1    39    21    -7183.87    -17.8565    0.292111    6.07219    
1    46    22    -7179.7    -16.1352    0.291202    6.04141    
1    47    23    -7184.57    -16.3569    0.300382    6.10763    
1    50    24    -7182.01    -15.2578    0.295025    6.10658    
1    52    25    -7183.4    -15.1607    0.292882    6.07491    
1    54    26    -7183.2    -15.6301    0.292664    6.07329    
1    57    27    -7185.13    -15.2613    0.296628    6.11131    
1    58    28    -7187.26    -15.8685    0.294631    6.10692    
1    59    29    -7187.68    -14.8268    0.295511    6.10212    
1    62    30    -7185.02    -13.8874    0.296022    6.08718    
1    63    31    -7186.04    -15.0155    0.297046    6.14798    
1    65    32    -7182.39    -14.4166    0.29704    6.12936    
1    66    33    -7182.31    -11.6214    0.299183    6.19969    
1    67    34    -7186.24    -14.1995    0.300552    6.16418    
1    70    35    -7188.53    -14.3515    0.300258    6.14868    
1    71    36    -7188.1    -14.7178    0.298965    6.1309    
1    82    37    -7187.37    -14.9451    0.300206    6.22591    
1    86    38    -7186.04    -13.8951    0.298108    6.17554    
1    87    39    -7180.91    -14.3946    0.293396    6.13112    
1    89    40    -7182.65    -14.2005    0.300947    6.14371    
1    91    41    -7182.69    -13.7322    0.303425    6.10813    
1    92    42    -7184.63    -14.0255    0.301164    6.10834    
1    94    43    -7180.74    -13.0907    0.303877    6.13408    
1    95    44    -7186.07    -14.902    0.299487    6.1073    
1    97    45    -7184.05    -14.5999    0.296161    6.12041    
