#Task    Step    numberOfAcceptedPeleSteps    currentEnergy    BindingEnergy    sasaLig    distance_A35SG_L1S1    
1    0    0    -6976.9    -0.547171    0.31389    5.59765    
1    1    1    -7146.9    -11.9542    0.316709    6.65362    
1    2    2    -7139.48    -9.56562    0.312092    6.87274    
1    3    3    -7146.91    -10.4998    0.317327    6.88907    
1    4    4    -7160.97    -9.76336    0.320193    6.89643    
1    5    5    -7168.21    -13.1944    0.322563    6.89961    
1    7    6    -7169.2    -13.9499    0.32148    6.83572    
1    8    7    -7168.12    -14.0169    0.319012    6.8256    
1    13    8    -7163.13    -13.2582    0.315099    6.80697    
1    14    9    -7159.6    -15.2033    0.309181    6.43107    
1    19    10    -7164.04    -15.5364    0.321013    6.54285    
1    21    11    -7166.56    -14.9759    0.318614    6.6698    
1    23    12    -7168.43    -15.22    0.318906    6.7031    
1    24    13    -7169.05    -14.0115    0.31906    6.7052    
1    27    14    -7171.23    -15.7673    0.317122    6.70318    
1    31    15    -7169.64    -14.8639    0.319476    6.69549    
1    32    16    -7169.63    -14.2268    0.313181    6.69341    
1    34    17    -7169.98    -14.7773    0.316207    6.70526    
1    35    18    -7168.92    -9.97942    0.323216    6.70036    
1    36    19    -7172.65    -10.6967    0.321885    6.68341    
1    41    20    -7173.68    -12.774    0.323398    6.68679    
1    43    21    -7173.93    -12.7301    0.319878    6.66826    
1    45    22    -7171.51    -12.9586    0.319786    6.6939    
1    47    23    -7170.2    -14.1427    0.318408    6.6875    
1    48    24    -7159.32    -10.5531    0.320087    6.2372    
1    49    25    -7166.71    -10.1272    0.324144    6.31351    
1    51    26    -7164.21    -12.7145    0.326258    6.28229    
1    52    27    -7168.3    -10.6176    0.325892    6.27008    
1    58    28    -7165.69    -10.6343    0.320836    6.23374    
1    59    29    -7160.95    -8.97024    0.33559    6.95723    
1    60    30    -7161.99    -8.6364    0.326426    6.34934    
1    62    31    -7164.98    -9.94933    0.32778    6.25602    
1    63    32    -7171.86    -10.1744    0.329428    6.2513    
1    64    33    -7172.73    -10.3223    0.329504    6.23906    
1    66    34    -7171.07    -9.61217    0.327625    6.23335    
1    68    35    -7173.13    -9.75563    0.326571    6.18623    
1    72    36    -7172.4    -9.56714    0.336168    6.18733    
1    74    37    -7172.24    -8.44177    0.3335    6.18491    
1    75    38    -7173.25    -8.48474    0.336313    6.28421    
1    78    39    -7174    -9.31677    0.330844    6.18053    
1    87    40    -7172.18    -10.1983    0.331716    6.17149    
1    88    41    -7172.18    -9.12641    0.330097    6.14497    
1    92    42    -7174.18    -9.55996    0.329693    6.17025    
1    93    43    -7171.8    -9.03511    0.329177    6.1627    
1    94    44    -7172.31    -9.51472    0.327652    6.17588    
1    95    45    -7171.68    -9.08508    0.328941    6.17906    
1    97    46    -7173.04    -9.99114    0.325385    6.21158    
1    98    47    -7171.48    -9.90412    0.323967    6.23173    
1    99    48    -7172.62    -9.87174    0.326511    6.23286    
