#Task    Step    numberOfAcceptedPeleSteps    currentEnergy    BindingEnergy    sasaLig    distance_A35SG_L1S1    
1    0    0    -6976.9    -0.547171    0.31389    5.59765    
1    1    1    -7124.69    -9.3499    0.309548    5.50896    
1    2    2    -7138.95    -8.36284    0.309955    5.538    
1    3    3    -7145.07    -7.77305    0.312859    5.70189    
1    4    4    -7156.98    -10.2098    0.314326    5.70772    
1    5    5    -7165.56    -9.62919    0.313712    5.78558    
1    6    6    -7168.13    -10.1095    0.31661    5.81944    
1    10    7    -7166.56    -8.10719    0.32276    5.81499    
1    12    8    -7173.88    -10.3555    0.322184    5.83503    
1    15    9    -7174.25    -11.166    0.318728    5.82707    
1    18    10    -7178.9    -10.3545    0.316965    5.80943    
1    20    11    -7183.33    -10.2232    0.318041    5.8363    
1    28    12    -7183.6    -9.87129    0.318947    5.90075    
1    34    13    -7184.57    -10.4171    0.31888    5.88108    
1    35    14    -7184.42    -8.79625    0.32191    5.88598    
1    36    15    -7183.43    -9.76278    0.321321    5.8924    
1    41    16    -7178.48    -9.80332    0.311768    5.88449    
1    43    17    -7180.76    -9.76303    0.315963    5.87217    
1    44    18    -7180.67    -10.0451    0.319164    5.80392    
1    49    19    -7177.47    -8.71813    0.31236    5.79929    
1    51    20    -7182.69    -10.133    0.315858    5.8155    
1    55    21    -7182.17    -10.4207    0.315742    5.83741    
1    56    22    -7183.06    -9.65298    0.313772    5.81037    
1    60    23    -7184.26    -9.3857    0.314612    5.80574    
1    61    24    -7182.79    -8.52903    0.316003    5.80089    
1    64    25    -7182.73    -9.75483    0.314537    5.8176    
1    65    26    -7184.17    -6.56183    0.322134    5.8101    
1    70    27    -7182.26    -8.68867    0.317875    5.88639    
1    72    28    -7180.53    -8.1438    0.315534    5.73488    
1    74    29    -7181.48    -9.22512    0.310404    5.7368    
1    75    30    -7182.17    -7.67806    0.344607    5.7152    
1    76    31    -7181.31    -6.44514    0.342104    5.77851    
1    78    32    -7180.46    -6.59886    0.3426    5.75042    
1    83    33    -7184.19    -6.72542    0.346224    5.7578    
1    84    34    -7183.34    -6.24696    0.343416    5.76155    
1    85    35    -7183.85    -8.68926    0.314009    5.81271    
1    88    36    -7186.01    -9.44559    0.314334    5.80477    
1    89    37    -7186.38    -9.79933    0.316461    5.82254    
1    93    38    -7186.23    -9.62467    0.317919    5.84303    
1    97    39    -7184.3    -9.91242    0.324888    5.85157    
