#Task    Step    numberOfAcceptedPeleSteps    currentEnergy    BindingEnergy    sasaLig    distance_A35SG_L1S1    
1    0    0    -6976.9    -0.547171    0.31389    5.59765    
1    1    1    -7140.02    -11.7529    0.311895    5.49925    
1    3    2    -7160.87    -14.4551    0.312588    5.50802    
1    5    3    -7161.02    -12.7992    0.313701    5.51574    
1    7    4    -7162.05    -12.4098    0.314897    5.50291    
1    9    5    -7164.3    -13.3647    0.315448    5.43904    
1    10    6    -7165.28    -12.2213    0.314425    5.38793    
1    12    7    -7169.31    -12.231    0.298266    5.32457    
1    15    8    -7170.01    -11.0929    0.325421    5.25766    
1    16    9    -7170.77    -10.3526    0.323279    5.25088    
1    17    10    -7175.38    -11.7993    0.318443    5.28805    
1    18    11    -7165.52    -8.47798    0.311629    5.29216    
1    21    12    -7173.32    -11.0458    0.310735    5.26565    
1    22    13    -7172.28    -8.13921    0.305842    5.26132    
1    23    14    -7177.1    -11.002    0.30897    5.27181    
1    27    15    -7177.19    -10.1078    0.308317    5.25735    
1    29    16    -7177.24    -11.8951    0.308307    5.33358    
1    30    17    -7178.07    -12.4606    0.308752    5.37569    
1    33    18    -7176.67    -11.8667    0.316255    5.2864    
1    34    19    -7174.95    -11.8547    0.314937    5.30663    
1    37    20    -7179.06    -11.9088    0.318907    5.27058    
1    38    21    -7179.47    -12.6047    0.333937    5.31017    
1    39    22    -7180.43    -12.1691    0.334654    5.36402    
1    43    23    -7181.3    -12.294    0.335462    5.30442    
1    44    24    -7184.83    -12.408    0.33672    5.30024    
1    49    25    -7186.67    -13.7787    0.341802    5.324    
1    50    26    -7186.71    -13.9413    0.342341    5.31286    
1    55    27    -7186.48    -14.3984    0.340107    5.34254    
1    56    28    -7184.17    -13.6377    0.33823    5.24057    
1    58    29    -7183.83    -13.4106    0.339912    5.31927    
1    59    30    -7183.71    -10.926    0.336077    5.32957    
1    60    31    -7185.01    -10.7723    0.336759    5.32368    
1    61    32    -7186.91    -10.7069    0.347847    5.36935    
1    62    33    -7187.46    -10.4052    0.345426    5.34952    
1    64    34    -7183.98    -10.3127    0.345943    5.38643    
1    65    35    -7184.82    -10.5082    0.345007    5.38899    
1    66    36    -7184.12    -9.36805    0.341977    5.36258    
1    67    37    -7185.18    -11.2415    0.34461    5.37428    
1    68    38    -7184.61    -11.8572    0.350419    5.34708    
1    71    39    -7188.78    -11.3425    0.348621    5.33021    
1    72    40    -7189.15    -10.752    0.347382    5.33361    
1    76    41    -7188.9    -10.636    0.343486    5.26894    
1    77    42    -7188.55    -10.7553    0.346804    5.37772    
1    79    43    -7190.49    -11.4373    0.346878    5.35638    
1    80    44    -7190.09    -11.2444    0.345989    5.3241    
1    82    45    -7185.94    -11.5953    0.349371    5.32422    
1    85    46    -7187.96    -10.9615    0.347563    5.37227    
1    86    47    -7186.29    -10.6295    0.346182    5.34263    
1    90    48    -7188    -10.5561    0.345567    5.35735    
1    91    49    -7187.82    -10.9189    0.346487    5.37119    
1    92    50    -7188.82    -10.7428    0.346261    5.38351    
1    93    51    -7187.45    -10.7621    0.347279    5.44938    
1    94    52    -7187.99    -10.6962    0.34627    5.41904    
1    95    53    -7184.68    -9.75229    0.348667    5.59442    
1    96    54    -7184.8    -8.70637    0.344858    5.63148    
1    97    55    -7182.96    -9.35367    0.334989    5.6125    
