#Task    Step    numberOfAcceptedPeleSteps    currentEnergy    BindingEnergy    sasaLig    distance_A35SG_L1S1    
1    0    0    -6976.9    -0.547171    0.31389    5.59765    
1    1    1    -7140    -12.5105    0.31464    5.55444    
1    2    2    -7147.42    -9.64071    0.337953    5.58068    
1    3    3    -7154.35    -10.1478    0.350778    5.58921    
1    4    4    -7171.29    -9.92406    0.354195    5.58301    
1    5    5    -7171.28    -9.13129    0.360498    5.63232    
1    6    6    -7170.76    -9.13475    0.36117    5.64082    
1    7    7    -7176.03    -9.67428    0.356587    5.61432    
1    12    8    -7179.12    -9.23899    0.357204    5.58763    
1    15    9    -7180.97    -12.0043    0.35424    5.58676    
1    18    10    -7183.77    -12.1067    0.354801    5.5999    
1    22    11    -7182.4    -11.9517    0.349714    5.49781    
1    25    12    -7180.62    -13.2371    0.356644    5.54969    
1    26    13    -7178.13    -13.0178    0.354644    5.34101    
1    27    14    -7180.07    -8.60235    0.350808    5.42838    
1    30    15    -7179.44    -9.5003    0.349188    5.46326    
1    31    16    -7177.42    -12.9451    0.351012    5.47079    
1    32    17    -7181.08    -12.3192    0.353422    5.47429    
1    34    18    -7180.96    -12.1954    0.35319    5.42579    
1    38    19    -7180.96    -12.1663    0.353722    5.44057    
1    43    20    -7180.35    -12.3691    0.35395    5.49505    
1    47    21    -7180.36    -12.1117    0.353068    5.48738    
1    48    22    -7179.44    -11.6907    0.353018    5.48546    
1    50    23    -7180.33    -12.4148    0.35362    5.47651    
1    51    24    -7180.27    -12.4445    0.353011    5.48191    
1    54    25    -7181.66    -12.9404    0.353001    5.46752    
1    56    26    -7180.48    -12.4225    0.352943    5.47068    
1    61    27    -7179.77    -12.0343    0.354637    5.49074    
1    62    28    -7180.57    -12.0776    0.353598    5.49856    
1    63    29    -7179.77    -12.6798    0.354411    5.53978    
1    64    30    -7179.29    -12.0344    0.352132    5.52145    
1    65    31    -7174.75    -10.3645    0.347248    5.54713    
1    68    32    -7176.09    -11.6738    0.353082    5.56557    
1    70    33    -7177.74    -12.6842    0.354316    5.5386    
1    71    34    -7180.53    -12.1807    0.354212    5.52091    
1    72    35    -7180.52    -12.1761    0.351697    5.51982    
1    74    36    -7176.31    -12.7103    0.353868    5.56481    
1    75    37    -7178.52    -12.5382    0.355152    5.53181    
1    78    38    -7179.1    -12.5791    0.355331    5.53302    
1    83    39    -7178.74    -12.5311    0.352027    5.52226    
1    85    40    -7177.38    -11.9812    0.346482    5.50871    
1    86    41    -7178.04    -11.2745    0.347765    5.50982    
1    87    42    -7176.94    -10.9342    0.349758    5.53506    
1    88    43    -7178.74    -12.0595    0.348826    5.51512    
1    91    44    -7177.05    -12.0738    0.350059    5.55606    
1    92    45    -7175.39    -13.1962    0.346458    5.47766    
1    93    46    -7174.03    -10.4413    0.343447    5.49337    
1    94    47    -7175.66    -12.0168    0.350283    5.52165    
1    95    48    -7178.98    -11.1018    0.348342    5.53323    
1    97    49    -7174.6    -10.0361    0.350437    5.59804    
1    99    50    -7177.92    -12.2885    0.350683    5.56814    
