#Task    Step    numberOfAcceptedPeleSteps    currentEnergy    BindingEnergy    sasaLig    distance_A35SG_L1S1    
1    0    0    -6976.9    -0.547171    0.31389    5.59765    
1    1    1    -7138.87    -11.8611    0.313981    5.51717    
1    2    2    -7146.68    -11.2316    0.311108    5.43338    
1    3    3    -7156.28    -14.9975    0.296248    5.55429    
1    5    4    -7161.57    -16.7983    0.301052    6.21177    
1    7    5    -7164.34    -14.7489    0.30699    6.20255    
1    9    6    -7169.55    -16.5413    0.303572    6.18942    
1    10    7    -7173.84    -14.891    0.298443    6.20805    
1    11    8    -7177.15    -16.3668    0.299816    6.17723    
1    15    9    -7176.87    -15.0586    0.302818    6.16086    
1    16    10    -7181.17    -16.0631    0.299926    6.15202    
1    20    11    -7182.14    -16.2434    0.298503    6.09492    
1    23    12    -7182.19    -16.4092    0.299531    6.10131    
1    24    13    -7183.4    -16.7816    0.297309    6.09583    
1    26    14    -7183.98    -16.4239    0.297298    6.07859    
1    31    15    -7182.85    -16.7667    0.301088    6.10652    
1    32    16    -7180.49    -16.4902    0.300116    6.10283    
1    33    17    -7181.02    -16.7841    0.301368    6.11196    
1    34    18    -7184.11    -16.3138    0.299406    6.09548    
1    35    19    -7185.66    -16.8987    0.302468    6.09334    
1    39    20    -7186.69    -17.2634    0.304416    6.09322    
1    41    21    -7181.24    -13.8565    0.301544    6.14224    
1    43    22    -7181.49    -12.6608    0.311894    6.17159    
1    44    23    -7180.15    -12.7438    0.309405    6.19626    
1    45    24    -7180.19    -12.5476    0.315928    6.21554    
1    47    25    -7181.89    -12.5732    0.312973    6.2165    
1    49    26    -7178.58    -11.7277    0.309751    6.19463    
1    50    27    -7183.81    -11.5436    0.309517    6.19107    
1    55    28    -7185.56    -12.1814    0.308542    6.15031    
1    59    29    -7183.89    -12.1367    0.306892    6.13032    
1    62    30    -7184    -11.6436    0.306742    6.13956    
1    63    31    -7182.64    -12.8073    0.310156    6.21256    
1    65    32    -7184.87    -14.8948    0.30578    6.23256    
1    66    33    -7185.67    -13.9164    0.314184    6.1729    
1    70    34    -7183.69    -13.4978    0.310189    6.17944    
1    72    35    -7186.01    -13.2329    0.310849    6.1739    
1    73    36    -7181.61    -13.7405    0.318109    6.2232    
1    74    37    -7183.58    -12.0308    0.315759    6.18482    
1    75    38    -7186.56    -12.7394    0.314245    6.19674    
1    76    39    -7185.9    -12.0871    0.312477    6.19738    
1    78    40    -7185.44    -12.902    0.314373    6.204    
1    79    41    -7183.56    -12.2567    0.316302    6.20777    
1    82    42    -7183.93    -12.3296    0.31429    6.20427    
1    83    43    -7171.24    -12.528    0.298012    6.21757    
1    84    44    -7162.48    -13.5686    0.286252    6.2865    
1    85    45    -7174.13    -15.5118    0.301742    6.23359    
1    86    46    -7181.5    -15.1514    0.301587    6.22908    
1    88    47    -7176.17    -9.67628    0.320292    6.18335    
1    89    48    -7179.94    -15.0611    0.294374    6.18154    
1    90    49    -7185.27    -16.0675    0.29107    6.23153    
1    91    50    -7185.93    -15.2842    0.304089    6.2163    
1    92    51    -7183.52    -13.5498    0.313917    6.12955    
1    97    52    -7187.54    -15.995    0.313623    6.17188    
1    98    53    -7187.38    -16.3378    0.313872    6.17216    
1    99    54    -7183.62    -15.9081    0.314972    6.18469    
1    100    55    -7188.09    -16.2138    0.315735    6.20787    
