#Task    Step    numberOfAcceptedPeleSteps    currentEnergy    BindingEnergy    sasaLig    distance_A35SG_L1S1    
1    0    0    -6976.9    -0.547171    0.31389    5.59765    
1    1    1    -7134.36    -11.9753    0.314191    5.52254    
1    2    2    -7155.48    -11.5714    0.307393    5.44999    
1    3    3    -7164.14    -11.5593    0.314102    5.47213    
1    4    4    -7161.72    -10.8679    0.308968    5.3408    
1    9    5    -7159.29    -9.90713    0.305907    5.36572    
1    10    6    -7165.76    -11.4131    0.304737    5.28838    
1    11    7    -7164.63    -11.6484    0.306388    5.2013    
1    12    8    -7174.38    -9.58576    0.309584    5.19666    
1    13    9    -7182.77    -12.6488    0.303744    5.15787    
1    15    10    -7184.69    -11.9762    0.303156    5.16348    
1    16    11    -7177.8    -11.8504    0.312354    5.18476    
1    17    12    -7186.89    -11.6077    0.307299    5.12733    
1    19    13    -7186.92    -12.029    0.310536    5.13508    
1    26    14    -7189.87    -10.2529    0.309492    5.12487    
1    27    15    -7190.1    -11.4302    0.31207    5.12387    
1    33    16    -7190.81    -12.1826    0.312788    5.1063    
1    38    17    -7189.2    -11.6177    0.309477    5.09581    
1    46    18    -7187.06    -10.9905    0.307157    5.07622    
1    49    19    -7186.27    -11.3662    0.310593    5.10693    
1    50    20    -7186.4    -11.6315    0.311516    5.0882    
1    51    21    -7187.01    -12.0375    0.313613    5.11752    
1    54    22    -7182.95    -11.2965    0.329246    5.08249    
1    55    23    -7182.64    -10.1049    0.314571    5.11906    
1    56    24    -7183.87    -11.1094    0.31571    5.13894    
1    57    25    -7187.61    -13.0307    0.319043    5.10091    
1    59    26    -7187.34    -12.0766    0.320109    5.07286    
1    67    27    -7186.35    -12.0185    0.316731    5.11238    
1    69    28    -7188.62    -11.7276    0.316093    5.12812    
1    71    29    -7187.45    -11.2227    0.315173    5.1311    
1    79    30    -7187.49    -10.3041    0.315926    5.14467    
1    87    31    -7187.82    -10.9786    0.313059    5.14598    
1    88    32    -7187.7    -11.5018    0.314259    5.14951    
1    92    33    -7187.07    -10.2213    0.312532    5.13733    
1    97    34    -7184.14    -13.795    0.298904    5.15183    
1    99    35    -7183.84    -14.4564    0.294556    5.14098    
