#Task    Step    numberOfAcceptedPeleSteps    currentEnergy    BindingEnergy    sasaLig    distance_A35SG_L1S1    
1    0    0    -6247.3    -2.86113    0.479667    5.62287    
1    1    1    -6395.94    -14.1309    0.44912    5.71914    
1    2    2    -6404.35    -12.2032    0.465315    5.43738    
1    3    3    -6453.86    -20.9517    0.416426    5.72155    
1    4    4    -6458.88    -21.3041    0.422011    5.73117    
1    6    5    -6458.69    -20.6886    0.420678    5.72634    
1    9    6    -6455.28    -20.7621    0.419474    5.77354    
1    10    7    -6455.42    -19.6824    0.420457    5.76773    
1    13    8    -6453.56    -21.2655    0.415378    5.84024    
1    15    9    -6452.16    -20.5789    0.421689    5.93277    
1    17    10    -6453.06    -21.0179    0.408019    5.89984    
1    20    11    -6455.92    -21.8185    0.407002    5.8911    
1    26    12    -6457    -22.1807    0.405045    5.88972    
1    28    13    -6457.24    -22.0793    0.405947    5.87544    
1    32    14    -6459.25    -19.0923    0.39724    5.87152    
1    33    15    -6458.25    -17.1045    0.410103    5.88593    
1    39    16    -6456.08    -16.8461    0.410332    5.92237    
1    40    17    -6456.39    -17.145    0.409887    5.90704    
1    41    18    -6457.03    -22.0777    0.408004    5.91499    
1    49    19    -6456.24    -24.448    0.412074    5.89476    
1    50    20    -6457.15    -13.5763    0.420012    5.87726    
1    51    21    -6456.21    -12.4893    0.415917    5.88266    
1    52    22    -6460.26    -13.316    0.413187    5.87244    
1    55    23    -6463.92    -13.573    0.410893    5.86816    
1    61    24    -6461.17    -13.927    0.409871    5.83994    
1    64    25    -6463.05    -13.6801    0.411271    5.85495    
1    65    26    -6462.54    -14.2993    0.413253    5.8696    
1    66    27    -6462.31    -14.444    0.412545    5.84531    
1    67    28    -6463.64    -14.102    0.418392    5.85794    
1    68    29    -6463.8    -13.9697    0.418418    5.85971    
1    69    30    -6462.12    -13.5425    0.418781    5.92634    
1    70    31    -6463.78    -14.2278    0.418155    5.89378    
1    72    32    -6463.18    -14.5727    0.416543    5.89215    
1    75    33    -6463.65    -14.608    0.415529    5.91435    
1    78    34    -6463.75    -14.4623    0.416399    5.9383    
1    79    35    -6463.44    -14.4966    0.415912    5.9066    
1    81    36    -6463.23    -14.0926    0.412293    5.93212    
1    84    37    -6464.86    -14.2212    0.414522    5.92861    
1    86    38    -6464.52    -13.7919    0.415093    5.91472    
1    87    39    -6464.53    -14.0631    0.412806    5.92091    
1    88    40    -6464.01    -14.1637    0.412785    5.92327    
1    89    41    -6463.04    -14.4201    0.415132    5.9261    
1    93    42    -6461.36    -14.0838    0.419647    5.9635    
1    94    43    -6463.98    -14.4563    0.417961    5.96851    
1    98    44    -6465.27    -14.509    0.407677    5.91558    
