#Task    Step    numberOfAcceptedPeleSteps    currentEnergy    BindingEnergy    sasaLig    distance_A35SG_L1S1    
1    0    0    -6247.3    -2.86113    0.479667    5.62287    
1    1    1    -6394.14    -15.6434    0.451476    5.6583    
1    2    2    -6423.2    -15.6571    0.444406    5.70946    
1    3    3    -6431.27    -15.8261    0.447535    5.63603    
1    4    4    -6434.88    -15.7388    0.446912    5.67095    
1    5    5    -6445.72    -16.9131    0.43818    5.72598    
1    6    6    -6449.28    -16.7072    0.439078    5.72514    
1    7    7    -6449.85    -16.8213    0.437423    5.70694    
1    8    8    -6447.87    -17.2645    0.435264    5.73238    
1    12    9    -6450.12    -17.1159    0.437312    5.74035    
1    14    10    -6447.62    -15.148    0.426867    5.73398    
1    15    11    -6448.42    -15.1299    0.434436    5.77679    
1    19    12    -6446.9    -16.5247    0.43737    5.75098    
1    21    13    -6452.87    -21.7543    0.407439    5.75628    
1    22    14    -6453.47    -22.4092    0.405721    5.80001    
1    24    15    -6453.47    -22.5719    0.406915    5.77143    
1    26    16    -6451.25    -22.1477    0.404185    5.78798    
1    27    17    -6453.25    -21.8281    0.403572    5.79888    
1    28    18    -6453.63    -21.9067    0.404334    5.78026    
1    29    19    -6451.61    -22.2658    0.403987    5.73222    
1    30    20    -6449.56    -22.8713    0.399236    5.75696    
1    31    21    -6452.95    -22.1556    0.399773    5.75369    
1    34    22    -6452.97    -22.8398    0.40252    5.75873    
1    38    23    -6452.59    -23.0818    0.401398    5.78629    
1    39    24    -6453.36    -22.0938    0.406403    5.77431    
1    41    25    -6453.23    -22.5409    0.403087    5.78288    
1    43    26    -6450.54    -18.0224    0.373901    5.79741    
1    44    27    -6456.38    -18.5765    0.376665    5.84648    
1    48    28    -6458.08    -19.344    0.375805    5.85291    
1    49    29    -6457.44    -19.1986    0.37776    5.82808    
1    51    30    -6459.13    -18.2809    0.377211    5.82726    
1    53    31    -6454.73    -18.3018    0.382825    5.86609    
1    55    32    -6456.58    -18.9703    0.373747    5.86124    
1    56    33    -6457.97    -19.2876    0.375146    5.87279    
1    57    34    -6456.9    -18.702    0.377809    5.8525    
1    61    35    -6456.84    -18.4451    0.377903    5.87191    
1    62    36    -6456.94    -18.9822    0.375516    5.86449    
1    63    37    -6456.82    -17.5496    0.382379    5.84938    
1    66    38    -6457.24    -17.9745    0.381024    5.85955    
1    67    39    -6460.89    -23.9813    0.404111    5.83617    
1    68    40    -6461.24    -19.7344    0.401622    6.0044    
1    72    41    -6462.02    -20.498    0.401309    5.91978    
1    76    42    -6463.93    -20.54    0.401229    5.93108    
1    79    43    -6461.02    -15.1489    0.379276    5.93709    
1    80    44    -6463.5    -15.6096    0.377497    5.96572    
1    81    45    -6460.2    -15.4583    0.382347    5.97544    
1    84    46    -6461.94    -14.689    0.382839    5.96818    
1    90    47    -6463.04    -15.0404    0.382265    5.96713    
1    91    48    -6462.24    -15.7119    0.380929    6.00413    
1    95    49    -6460.74    -15.9704    0.383154    5.99398    
1    97    50    -6455.39    -15.882    0.383529    6.03048    
1    98    51    -6465.05    -15.7615    0.385811    6.03632    
1    99    52    -6465.33    -15.0045    0.390171    6.03822    
