#Task    Step    numberOfAcceptedPeleSteps    currentEnergy    BindingEnergy    sasaLig    distance_A35SG_L1S1    
1    0    0    -6247.3    -2.86113    0.479667    5.62287    
1    1    1    -6432.23    -15.9108    0.432921    5.75689    
1    3    2    -6439.02    -16.294    0.432129    5.74931    
1    5    3    -6446.33    -15.6698    0.438686    5.79005    
1    9    4    -6451.09    -16.1632    0.435539    5.83323    
1    10    5    -6452.16    -16.5061    0.437178    5.82234    
1    11    6    -6449.34    -15.2589    0.440259    5.77287    
1    17    7    -6449.5    -16.1285    0.436129    5.71964    
1    21    8    -6449    -11.493    0.402924    5.67747    
1    23    9    -6445.81    -11.5566    0.416122    5.74703    
1    24    10    -6447.19    -12.7439    0.41344    5.78105    
1    25    11    -6447.68    -12.4649    0.405155    5.79398    
1    26    12    -6447.68    -11.5683    0.406274    5.85245    
1    27    13    -6451.86    -12.8019    0.409373    5.88677    
1    31    14    -6452.23    -12.5591    0.408468    5.9216    
1    33    15    -6456.22    -18.0538    0.410105    6.79222    
1    34    16    -6457.57    -18.6044    0.408845    6.75183    
1    38    17    -6457.03    -18.6547    0.407551    6.72373    
1    39    18    -6456.6    -18.9358    0.410418    6.69295    
1    41    19    -6460.43    -18.6378    0.412527    6.68651    
1    42    20    -6461.55    -19.3142    0.411187    6.69585    
1    43    21    -6462.86    -18.983    0.410926    6.70498    
1    47    22    -6462.91    -19.3387    0.410093    6.69704    
1    49    23    -6465.89    -19.1185    0.40925    6.68822    
1    50    24    -6465.26    -18.944    0.409783    6.68924    
1    51    25    -6467.5    -18.9694    0.408843    6.67829    
1    52    26    -6466.75    -19.3169    0.411374    6.68784    
1    53    27    -6465.32    -19.6057    0.411268    6.685    
1    57    28    -6465.67    -19.3067    0.410012    6.69115    
1    58    29    -6468.11    -18.8753    0.411427    6.70816    
1    59    30    -6467.21    -19.3289    0.40957    6.70166    
1    62    31    -6463.41    -19.2578    0.408361    6.6926    
1    63    32    -6462.44    -19.157    0.412141    6.69975    
1    64    33    -6464.54    -19.0006    0.410043    6.71916    
1    65    34    -6461.36    -19.3932    0.409516    6.67646    
1    66    35    -6461.36    -19.0374    0.410496    6.68852    
1    67    36    -6461.34    -19.6573    0.417971    6.68238    
1    68    37    -6461.77    -19.2835    0.418278    6.695    
1    69    38    -6462.05    -19.0504    0.414572    6.69295    
1    70    39    -6461.47    -19.0455    0.413751    6.69994    
1    71    40    -6459.53    -17.3131    0.421782    6.68717    
1    73    41    -6462.12    -18.5669    0.406707    6.62903    
1    74    42    -6461.61    -18.5836    0.408308    6.70892    
1    79    43    -6459.96    -16.6027    0.407437    6.7189    
1    80    44    -6459.11    -16.1598    0.405164    6.71197    
1    81    45    -6459.75    -19.7399    0.411276    6.74962    
1    83    46    -6461.79    -19.5279    0.413832    6.74526    
1    84    47    -6461.84    -20.7238    0.413658    6.72225    
1    85    48    -6459.76    -20.4364    0.413919    6.74524    
1    89    49    -6457.9    -19.9082    0.412744    6.78014    
1    91    50    -6456.91    -21.1005    0.413684    6.70155    
1    92    51    -6459.63    -20.6332    0.416002    6.71451    
1    93    52    -6461.28    -20.5507    0.413212    6.74794    
1    94    53    -6461.88    -20.3416    0.4124    6.75509    
1    98    54    -6460.07    -19.9889    0.4123    6.74518    
1    99    55    -6461.18    -19.9191    0.410806    6.7194    
1    100    56    -6463.23    -20.4819    0.412293    6.74615    
