#Task    Step    numberOfAcceptedPeleSteps    currentEnergy    BindingEnergy    sasaLig    distance_A35SG_L1S1    
1    0    0    -6247.3    -2.86113    0.479667    5.62287    
1    1    1    -6409.42    -15.3988    0.445628    5.65052    
1    3    2    -6422.5    -15.1919    0.445711    5.68893    
1    4    3    -6425.19    -14.8434    0.442649    5.74692    
1    5    4    -6446.54    -17.387    0.433547    5.74507    
1    8    5    -6449.93    -16.8434    0.435228    5.75705    
1    12    6    -6447.42    -16.6646    0.431744    5.83806    
1    13    7    -6445.6    -18.6232    0.417181    7.26079    
1    16    8    -6447.01    -18.288    0.419141    7.26956    
1    18    9    -6447.48    -17.554    0.419105    7.26997    
1    19    10    -6447.36    -18.4533    0.420272    7.25308    
1    21    11    -6449.08    -19.8815    0.419548    7.26331    
1    22    12    -6450.81    -19.1557    0.417863    7.27997    
1    23    13    -6450.91    -17.441    0.420218    7.27448    
1    28    14    -6451.3    -18.4561    0.415697    7.25461    
1    29    15    -6449.01    -19.0223    0.417019    7.25824    
1    30    16    -6449.31    -20.4998    0.4131    7.20536    
1    31    17    -6457.25    -19.8991    0.41724    7.23485    
1    35    18    -6455.35    -20.1185    0.414809    7.19861    
1    36    19    -6456.15    -19.4838    0.416431    7.22385    
1    37    20    -6457.1    -20.014    0.416194    7.2521    
1    39    21    -6457.37    -19.8871    0.417824    7.24159    
1    40    22    -6456.67    -20.0194    0.417718    7.25055    
1    41    23    -6456.3    -19.7328    0.418191    7.25622    
1    44    24    -6455.5    -20.5528    0.41425    7.20983    
1    47    25    -6455.75    -16.2055    0.388887    7.22979    
1    49    26    -6454.17    -15.6745    0.388117    7.24393    
1    51    27    -6454.07    -19.4958    0.412018    7.22395    
1    52    28    -6454.95    -20.5521    0.414544    7.23601    
1    53    29    -6454.73    -25.2619    0.415005    6.07262    
1    54    30    -6457.47    -25.0688    0.41273    6.07623    
1    56    31    -6458.85    -23.8537    0.416035    6.06628    
1    57    32    -6457.06    -24.1513    0.414592    6.08383    
1    61    33    -6453.97    -16.4526    0.425732    6.0456    
1    66    34    -6450.95    -16.9891    0.424093    6.09281    
1    67    35    -6451.5    -10.2165    0.406634    6.08902    
1    70    36    -6453.32    -10.8475    0.401487    6.08618    
1    71    37    -6458.23    -14.4339    0.424422    6.06405    
1    72    38    -6457.94    -14.276    0.426119    6.07109    
1    74    39    -6457.37    -15.2549    0.421278    6.10707    
1    76    40    -6457.82    -15.6426    0.422228    6.09674    
1    78    41    -6457.89    -15.9639    0.421002    6.09523    
1    79    42    -6458.27    -15.7573    0.421219    6.11468    
1    81    43    -6456.08    -15.5616    0.418936    6.06351    
1    82    44    -6455.99    -15.4555    0.419602    6.08056    
1    83    45    -6456.72    -15.8368    0.41936    6.05427    
1    85    46    -6460.75    -18.8245    0.435784    7.12843    
1    88    47    -6460.16    -18.861    0.438696    7.13986    
1    92    48    -6460.06    -19.7288    0.438207    7.14371    
1    93    49    -6460.64    -20.8636    0.437445    7.13011    
1    94    50    -6462.54    -20.5179    0.43855    7.11408    
1    97    51    -6461.23    -20.8412    0.435435    7.11589    
1    99    52    -6462.35    -20.4666    0.43318    7.1279    
1    100    53    -6461.32    -20.5549    0.434002    7.09089    
