#Task    Step    numberOfAcceptedPeleSteps    currentEnergy    BindingEnergy    sasaLig    distance_A35SG_L1S1    
1    0    0    -6247.3    -2.86113    0.479667    5.62287    
1    1    1    -6430.83    -15.4118    0.434278    5.61258    
1    3    2    -6439.93    -13.2746    0.429783    5.7003    
1    4    3    -6445.92    -13.2318    0.427347    5.72919    
1    5    4    -6453.89    -16.7331    0.385063    5.72427    
1    8    5    -6455.11    -17.2961    0.383161    5.73007    
1    10    6    -6456.07    -16.8102    0.383215    5.73592    
1    15    7    -6454.23    -16.3885    0.380685    5.76009    
1    17    8    -6450.26    -17.7249    0.378806    5.71816    
1    19    9    -6451.1    -16.7568    0.383028    5.7484    
1    22    10    -6451.72    -18.781    0.382873    5.79125    
1    23    11    -6450.24    -20.4632    0.384676    5.82495    
1    26    12    -6450.06    -19.6115    0.388058    5.85196    
1    27    13    -6453.92    -20.1484    0.389595    5.86696    
1    28    14    -6453.54    -20.4974    0.387528    5.88387    
1    29    15    -6453.15    -20.4929    0.391492    5.86163    
1    31    16    -6456.53    -18.0347    0.3952    5.89753    
1    32    17    -6458.59    -17.9096    0.396511    5.87789    
1    38    18    -6458.85    -17.6671    0.398025    5.88732    
1    41    19    -6457.23    -18.192    0.39576    5.84806    
1    42    20    -6457.36    -16.792    0.385721    5.85757    
1    43    21    -6459.28    -17.0293    0.396348    5.85375    
1    48    22    -6459.43    -18.3215    0.398825    5.78342    
1    51    23    -6462.44    -17.9462    0.399894    5.80557    
1    52    24    -6462.6    -17.499    0.399033    5.81438    
1    53    25    -6460.99    -18.5863    0.403029    5.83401    
1    59    26    -6459.73    -17.9902    0.403875    5.83392    
1    60    27    -6459.46    -18.036    0.405659    5.85651    
1    62    28    -6461.99    -17.9732    0.407121    5.89656    
1    63    29    -6460.71    -17.2631    0.412167    5.84915    
1    64    30    -6461.57    -17.7269    0.407193    5.85159    
1    74    31    -6462    -18.3422    0.407276    5.87527    
1    75    32    -6462.03    -14.3714    0.381689    5.77614    
1    76    33    -6463.71    -14.6307    0.377208    5.97203    
1    77    34    -6468.43    -15.2991    0.381677    5.88544    
1    81    35    -6468.33    -14.4183    0.387421    5.82342    
1    83    36    -6468.71    -13.9295    0.388026    5.84739    
1    84    37    -6462.23    -14.8698    0.381693    5.83806    
1    86    38    -6470.94    -15.1022    0.384277    5.85298    
1    87    39    -6469.5    -13.4248    0.383073    5.75901    
1    88    40    -6470.76    -14.0283    0.380749    5.83236    
1    91    41    -6472.42    -14.3036    0.381784    5.82312    
1    92    42    -6469.2    -15.7644    0.372867    5.81241    
1    93    43    -6469.15    -15.1264    0.390038    5.90242    
1    95    44    -6467.13    -12.2151    0.401174    5.81245    
1    97    45    -6471.67    -14.2648    0.398416    5.82624    
1    99    46    -6470.01    -10.7617    0.430678    5.76358    
1    100    47    -6469.4    -10.5728    0.430652    5.77597    
