#Task    Step    numberOfAcceptedPeleSteps    currentEnergy    BindingEnergy    sasaLig    distance_A35SG_L1S1    
1    0    0    -6247.3    -2.86113    0.479667    5.62287    
1    1    1    -6432.47    -16.8211    0.427667    5.74619    
1    2    2    -6433.81    -16.0367    0.425445    5.81339    
1    3    3    -6444.91    -16.3036    0.432656    5.72922    
1    4    4    -6448.82    -16.834    0.427958    5.73976    
1    5    5    -6450.47    -24.0446    0.402918    5.89601    
1    6    6    -6453.88    -24.3654    0.402747    5.87886    
1    8    7    -6453.96    -22.7104    0.403741    5.90067    
1    9    8    -6453.35    -22.7874    0.40392    5.91697    
1    10    9    -6454.65    -22.8685    0.40497    5.93727    
1    13    10    -6451.18    -22.6053    0.406417    5.95445    
1    14    11    -6454.68    -23.7277    0.40632    5.93583    
1    17    12    -6452.93    -23.3958    0.40282    5.87938    
1    21    13    -6452.25    -22.6515    0.398505    5.85611    
1    22    14    -6455.4    -23.0526    0.39987    5.86349    
1    23    15    -6455.62    -22.6881    0.400278    5.88637    
1    29    16    -6456.6    -23.9634    0.401923    5.86383    
1    30    17    -6458.75    -22.829    0.4027    5.8913    
1    31    18    -6459.38    -22.7419    0.400024    5.8863    
1    32    19    -6459.24    -22.8344    0.401648    5.88402    
1    34    20    -6461.41    -23.1312    0.402145    5.8815    
1    35    21    -6461.38    -23.6818    0.403849    5.88794    
1    36    22    -6462.09    -24.1357    0.402802    5.88686    
1    38    23    -6461.98    -23.5047    0.404265    5.89954    
1    40    24    -6462.8    -23.4018    0.403885    5.89248    
1    41    25    -6460.76    -23.4638    0.402894    5.84807    
1    42    26    -6461.57    -23.8088    0.405157    5.87093    
1    44    27    -6462.24    -23.8783    0.404594    5.86693    
1    47    28    -6461.31    -23.9033    0.405324    5.87419    
1    54    29    -6462.72    -23.9697    0.403742    5.9285    
1    55    30    -6463.13    -23.5655    0.403675    5.88219    
1    59    31    -6462.76    -23.3935    0.408367    5.87055    
1    60    32    -6462.76    -24.3307    0.404498    5.83824    
1    63    33    -6463.5    -24.2049    0.404441    5.88913    
1    68    34    -6462.52    -23.8889    0.403993    5.87693    
1    72    35    -6463.77    -24.4626    0.405221    5.88543    
1    75    36    -6463.34    -24.0758    0.404316    5.89063    
1    76    37    -6463.23    -24.0415    0.40377    5.89473    
1    82    38    -6463.61    -24.3137    0.404046    5.89034    
1    85    39    -6463.3    -23.1298    0.405363    5.84833    
1    87    40    -6460.07    -22.4867    0.4037    5.84303    
1    88    41    -6462.67    -23.083    0.402858    5.86902    
1    89    42    -6461.67    -23.5745    0.401641    5.85591    
1    90    43    -6462.24    -23.4815    0.402022    5.87132    
1    95    44    -6455.15    -18.5477    0.386557    5.86628    
