#Task    Step    numberOfAcceptedPeleSteps    currentEnergy    BindingEnergy    sasaLig    distance_A35SG_L1S1    
1    0    0    -6247.3    -2.86113    0.479667    5.62287    
1    1    1    -6439.81    -13.2918    0.436216    5.91802    
1    3    2    -6448.13    -15.4607    0.387159    5.92192    
1    4    3    -6448.79    -15.7359    0.387712    5.92892    
1    5    4    -6449.6    -18.2865    0.411042    5.85377    
1    6    5    -6452.88    -19.3858    0.405555    5.85838    
1    7    6    -6452.9    -18.6125    0.405397    5.8426    
1    8    7    -6447.56    -19.5234    0.40527    5.8095    
1    12    8    -6457.68    -19.2448    0.414644    5.83768    
1    15    9    -6460.37    -18.6992    0.413631    5.83044    
1    16    10    -6460.09    -17.9851    0.414371    5.8282    
1    21    11    -6459.1    -19.1896    0.415817    5.81473    
1    24    12    -6459.87    -19.491    0.416237    5.81887    
1    29    13    -6454.56    -19.7958    0.416733    5.84595    
1    35    14    -6449.53    -11.8367    0.369559    5.8939    
1    37    15    -6445.06    -17.7532    0.443732    6.89908    
1    39    16    -6444.85    -12.6133    0.418761    6.85264    
1    40    17    -6447.05    -14.0287    0.414303    6.78996    
1    41    18    -6448.44    -14.5576    0.416239    6.85186    
1    43    19    -6449.22    -18.0319    0.427276    6.83193    
1    44    20    -6451.67    -18.3083    0.427611    6.82439    
1    46    21    -6455.11    -19.0154    0.428302    6.75554    
1    48    22    -6453.93    -19.1018    0.42441    6.72891    
1    49    23    -6453.53    -19.1092    0.415914    6.70945    
1    50    24    -6455.96    -19.8529    0.416661    6.68583    
1    53    25    -6458.19    -19.498    0.415442    6.70204    
1    58    26    -6459.38    -19.1223    0.416094    6.72138    
1    62    27    -6459.83    -18.9136    0.417891    6.72108    
1    63    28    -6459.78    -19.1071    0.416828    6.73342    
1    64    29    -6461.63    -19.3524    0.417494    6.73744    
1    66    30    -6460.89    -18.7961    0.416944    6.77361    
1    67    31    -6461.67    -19.0781    0.415172    6.76157    
1    71    32    -6461.86    -18.867    0.413089    6.74076    
1    72    33    -6462.06    -19.0825    0.415746    6.74511    
1    73    34    -6461.65    -19.3153    0.410725    6.74484    
1    74    35    -6461.84    -19.9692    0.409671    6.75222    
1    75    36    -6460.66    -18.966    0.415853    6.77396    
1    76    37    -6462.26    -19.3346    0.416734    6.73643    
1    77    38    -6460.53    -19.4844    0.409416    6.71291    
1    83    39    -6460.19    -19.5471    0.413949    6.72647    
1    87    40    -6456.79    -16.7921    0.394675    6.73126    
1    90    41    -6457.04    -17.8521    0.396167    6.72877    
1    93    42    -6459.76    -17.9882    0.404529    6.69676    
1    96    43    -6454.27    -10.5724    0.434055    6.70836    
1    97    44    -6459.43    -17.6539    0.402005    6.71124    
1    99    45    -6459.34    -13.8345    0.375647    6.74261    
