#Task    Step    numberOfAcceptedPeleSteps    currentEnergy    BindingEnergy    sasaLig    distance_A35SG_L1S1    
1    0    0    -6247.3    -2.86113    0.479667    5.62287    
1    1    1    -6400.39    -13.2768    0.444572    5.72263    
1    2    2    -6416.9    -14.0451    0.440241    5.76975    
1    3    3    -6450.13    -20.9964    0.413307    5.71577    
1    4    4    -6455.13    -20.9228    0.411685    5.74819    
1    7    5    -6456.19    -21.0451    0.410801    5.77931    
1    13    6    -6457.25    -20.6171    0.414472    5.8219    
1    16    7    -6456.73    -20.3286    0.415229    5.78617    
1    20    8    -6456.05    -21.0484    0.413638    5.79299    
1    24    9    -6456.04    -20.7304    0.412989    5.79334    
1    27    10    -6455.86    -20.208    0.411959    5.82641    
1    28    11    -6456.78    -19.8338    0.411904    5.81481    
1    31    12    -6455.62    -19.0755    0.410258    5.82022    
1    34    13    -6454.99    -18.7812    0.410459    5.81299    
1    39    14    -6452.89    -18.9674    0.410567    5.80782    
1    42    15    -6453.74    -20.0535    0.410386    5.80336    
1    46    16    -6452.84    -20.7832    0.410385    5.82299    
1    49    17    -6448.85    -19.9118    0.407573    5.80118    
1    50    18    -6450.51    -21.0257    0.407397    5.88734    
1    52    19    -6451.05    -21.2766    0.408653    5.83888    
1    54    20    -6450.53    -21.1785    0.408002    5.82663    
1    55    21    -6450.26    -20.4462    0.406808    5.82753    
1    57    22    -6450.34    -19.605    0.405401    5.78986    
1    61    23    -6446.13    -18.5255    0.40549    5.74073    
1    62    24    -6446.6    -20.6142    0.400542    5.82554    
1    64    25    -6447.71    -19.6051    0.403131    5.80023    
1    67    26    -6444.68    -7.24914    0.420247    5.7456    
1    68    27    -6446.26    -11.9644    0.407902    6.89265    
1    71    28    -6447.26    -7.08017    0.417344    6.7709    
1    73    29    -6453.38    -11.7484    0.414349    6.75536    
1    74    30    -6455.74    -12.2968    0.413533    6.73338    
1    75    31    -6455.42    -11.9916    0.422979    6.73822    
1    76    32    -6455.82    -12.7167    0.422895    6.74396    
1    78    33    -6456.94    -12.4417    0.423011    6.73529    
1    79    34    -6456.89    -12.7827    0.419963    6.76085    
1    80    35    -6457.75    -12.9927    0.421423    6.72541    
1    85    36    -6458.11    -12.6336    0.422381    6.7437    
1    87    37    -6456.63    -13.0115    0.423505    6.74774    
1    88    38    -6458.74    -12.9994    0.423739    6.75001    
1    91    39    -6458.07    -11.8396    0.423719    6.5982    
1    92    40    -6460.88    -12.4544    0.424946    6.63013    
1    94    41    -6460.56    -12.8377    0.422184    6.60258    
1    95    42    -6462.09    -12.7362    0.425513    6.66869    
1    97    43    -6458.21    -12.54    0.426706    6.74934    
1    98    44    -6461.91    -13.8632    0.429486    6.71644    
