#Task    Step    numberOfAcceptedPeleSteps    currentEnergy    BindingEnergy    sasaLig    distance_A35SG_L1S1    
1    0    0    -6247.3    -2.86113    0.479667    5.62287    
1    1    1    -6433.07    -16.6378    0.432308    5.73278    
1    2    2    -6447.21    -17.6076    0.425733    5.72952    
1    5    3    -6453.13    -18.7484    0.411238    5.90319    
1    7    4    -6460.06    -19.169    0.414818    5.91177    
1    9    5    -6459.56    -19.0085    0.412753    5.94239    
1    13    6    -6459.2    -19.7809    0.414243    5.96793    
1    16    7    -6459.71    -19.14    0.412287    6.00281    
1    18    8    -6460.53    -19.4965    0.410878    5.94289    
1    19    9    -6461.8    -19.0148    0.411084    5.9237    
1    20    10    -6462.83    -19.6428    0.411219    5.93031    
1    22    11    -6462.81    -19.4893    0.410802    5.95253    
1    23    12    -6461.36    -18.8179    0.412156    5.91794    
1    25    13    -6456.64    -19.32    0.414827    5.97327    
1    26    14    -6456.59    -18.8143    0.412206    5.97058    
1    31    15    -6456.94    -19.4259    0.414365    5.95976    
1    34    16    -6457.21    -18.544    0.410456    5.94669    
1    35    17    -6456.76    -19.0689    0.412219    5.94311    
1    39    18    -6457.34    -19.5011    0.414055    5.9208    
1    40    19    -6459.92    -18.7078    0.409926    5.94033    
1    41    20    -6458.03    -18.7642    0.409247    5.92015    
1    43    21    -6461.88    -19.2752    0.413106    5.9403    
1    46    22    -6461.33    -18.3042    0.412963    5.93738    
1    48    23    -6462.39    -18.9689    0.413304    5.9254    
1    49    24    -6458.58    -19.3872    0.415525    5.93937    
1    53    25    -6458.67    -19.4705    0.411755    5.96433    
1    54    26    -6460.42    -19.7066    0.409707    5.93779    
1    55    27    -6462.95    -20.2479    0.411142    5.95339    
1    57    28    -6452.52    -18.7527    0.393186    7.10511    
1    58    29    -6456.28    -19.7249    0.388965    7.00578    
1    59    30    -6455.95    -19.07    0.391128    6.94402    
1    61    31    -6454.46    -19.2934    0.390738    6.91625    
1    62    32    -6457.37    -20.0692    0.390242    6.90771    
1    63    33    -6458.37    -25.0218    0.410055    6.84813    
1    64    34    -6458.26    -25.1908    0.412052    6.87112    
1    68    35    -6458.72    -24.094    0.412755    6.87267    
1    69    36    -6456.29    -24.6646    0.415242    6.80574    
1    72    37    -6459.4    -25.316    0.410767    6.80137    
1    73    38    -6460.63    -24.7674    0.411261    6.76962    
1    75    39    -6460.15    -25.5675    0.411195    6.76714    
1    76    40    -6459.8    -25.0329    0.410472    6.78181    
1    77    41    -6456.5    -24.7639    0.410023    6.72206    
1    78    42    -6458.67    -24.6671    0.408076    6.72779    
1    83    43    -6459.08    -24.2921    0.404493    6.73426    
1    86    44    -6460.76    -24.5862    0.406192    6.75362    
1    89    45    -6461.14    -24.5099    0.409969    6.76646    
1    90    46    -6461.59    -24.5115    0.409884    6.76347    
1    91    47    -6462.4    -24.449    0.411073    6.76791    
1    93    48    -6461.77    -24.615    0.409782    6.77252    
1    94    49    -6460.79    -20.0133    0.424557    6.7573    
1    97    50    -6462.74    -25.4331    0.409829    6.79653    
