#Task    Step    numberOfAcceptedPeleSteps    currentEnergy    BindingEnergy    sasaLig    distance_A35SG_L1S1    
1    0    0    -6247.3    -2.86113    0.479667    5.62287    
1    1    1    -6426.28    -16.3179    0.438713    5.74476    
1    2    2    -6429.99    -16.6455    0.437078    5.71643    
1    3    3    -6433.1    -16.6608    0.436897    5.74208    
1    5    4    -6436.51    -17.4827    0.433365    5.7229    
1    6    5    -6438.76    -16.7614    0.431607    5.7138    
1    7    6    -6442.54    -12.8774    0.432749    5.83859    
1    11    7    -6453.98    -19.8584    0.386331    5.91829    
1    13    8    -6453.64    -18.6874    0.390816    5.91063    
1    17    9    -6458.75    -17.0505    0.399951    5.90421    
1    18    10    -6458.08    -17.1336    0.410734    5.9681    
1    19    11    -6462.12    -18.2721    0.408321    5.94538    
1    23    12    -6461.33    -18.6873    0.409643    5.93924    
1    27    13    -6462.84    -17.559    0.411149    5.95894    
1    29    14    -6459.54    -18.2135    0.405584    5.92257    
1    30    15    -6460.31    -18.2331    0.404097    5.91812    
1    31    16    -6459.96    -18.0834    0.405425    5.89604    
1    32    17    -6460.88    -18.2799    0.405832    5.90544    
1    33    18    -6459.33    -19.2222    0.406435    5.85127    
1    34    19    -6460.35    -18.7361    0.404417    5.86747    
1    35    20    -6454.95    -15.3921    0.418962    5.83328    
1    37    21    -6460.32    -17.8174    0.408459    5.78429    
1    38    22    -6461.79    -17.0903    0.408689    5.80457    
1    40    23    -6461.59    -16.549    0.410056    5.803    
1    41    24    -6465.15    -17.837    0.406312    5.75608    
1    42    25    -6466.73    -18.1561    0.405987    5.86518    
1    43    26    -6464.33    -18.2748    0.406699    5.81934    
1    44    27    -6467.52    -19.235    0.403797    5.79099    
1    45    28    -6466.82    -18.6925    0.404673    5.76602    
1    51    29    -6467.77    -19.0171    0.403158    5.76458    
1    54    30    -6468.6    -18.3852    0.403102    5.79128    
1    55    31    -6466.82    -18.0645    0.406714    5.76466    
1    57    32    -6466.59    -18.8808    0.402789    5.80657    
1    59    33    -6465.37    -18.4953    0.401428    5.81945    
1    60    34    -6464.96    -18.913    0.401199    5.80684    
1    62    35    -6466.88    -18.8028    0.402983    5.83126    
1    63    36    -6466.63    -19.0006    0.404594    5.81371    
1    67    37    -6466.54    -18.3599    0.401336    5.81546    
1    69    38    -6466.6    -18.8576    0.401255    5.75615    
1    74    39    -6464.48    -18.2527    0.400005    5.74513    
1    76    40    -6465.82    -18.7144    0.402319    5.83639    
1    78    41    -6464.54    -18.9798    0.403875    5.79738    
1    79    42    -6464.73    -18.4679    0.404035    5.7724    
1    82    43    -6463.63    -15.6544    0.394991    5.83408    
1    83    44    -6463.04    -14.8509    0.39659    5.83147    
1    86    45    -6464.03    -14.9721    0.397336    5.86647    
1    87    46    -6467.28    -16.6341    0.403128    5.89148    
1    88    47    -6462.86    -14.5427    0.407208    5.75596    
1    89    48    -6467.18    -18.8958    0.409509    5.85694    
1    91    49    -6467.16    -17.4771    0.411658    5.82086    
1    93    50    -6467.68    -16.6899    0.410575    5.84755    
