#Task    Step    numberOfAcceptedPeleSteps    currentEnergy    BindingEnergy    sasaLig    distance_A35SG_L1S1    
1    0    0    -6247.3    -2.86113    0.479667    5.62287    
1    1    1    -6419.54    -11.3475    0.428113    6.85367    
1    2    2    -6427.85    -11.8505    0.428614    5.31113    
1    3    3    -6451.97    -10.8396    0.391737    5.73044    
1    5    4    -6454.1    -19.3486    0.396189    5.79927    
1    10    5    -6451.22    -20.057    0.393044    5.87026    
1    15    6    -6448.23    -13.3873    0.409334    5.98682    
1    17    7    -6448.41    -12.3199    0.413092    6.08484    
1    19    8    -6452.79    -19.8134    0.410293    6.05852    
1    21    9    -6450.93    -15.7949    0.414548    6.05657    
1    24    10    -6452.02    -16.1455    0.413043    6.04119    
1    33    11    -6451.15    -15.6809    0.413759    6.08744    
1    35    12    -6453.29    -17.5471    0.411371    6.05019    
1    36    13    -6454.09    -16.9389    0.407247    6.04977    
1    37    14    -6453.82    -16.1164    0.406644    6.06404    
1    38    15    -6454.68    -16.5336    0.409282    6.09671    
1    39    16    -6455.14    -16.6315    0.409656    6.06806    
1    40    17    -6454.09    -17.7457    0.405745    6.03207    
1    42    18    -6455.53    -17.6182    0.40738    6.05192    
1    44    19    -6454.86    -17.636    0.405454    6.03627    
1    47    20    -6455.01    -17.3273    0.406014    6.04572    
1    51    21    -6455.05    -16.3386    0.402145    6.05246    
1    55    22    -6455.65    -17.0809    0.405068    6.04071    
1    58    23    -6454.9    -17.1352    0.403949    6.03427    
1    65    24    -6453.32    -16.5476    0.406469    6.05088    
1    67    25    -6452.56    -17.7312    0.40829    6.03402    
1    70    26    -6453.01    -17.5837    0.407957    6.0359    
1    79    27    -6453.33    -16.9146    0.407004    6.03672    
1    81    28    -6447.65    -20.1053    0.404741    6.19852    
1    82    29    -6451.3    -19.193    0.405036    6.22857    
1    87    30    -6453.37    -18.4686    0.409641    6.21111    
1    89    31    -6453.19    -17.8562    0.403992    6.23164    
1    90    32    -6453.47    -17.7296    0.405558    6.17482    
1    91    33    -6455.18    -18.2101    0.405154    6.1994    
1    92    34    -6454.07    -17.528    0.405752    6.2108    
1    93    35    -6453.46    -17.1473    0.405619    6.2036    
1    97    36    -6452.71    -18.5723    0.402858    6.1924    
1    98    37    -6452.59    -18.3728    0.404933    6.17639    
1    99    38    -6454.35    -18.3234    0.405664    6.18677    
