#Task    Step    numberOfAcceptedPeleSteps    currentEnergy    BindingEnergy    sasaLig    distance_A35SG_L1S1    
1    0    0    -6247.3    -2.86113    0.479667    5.62287    
1    1    1    -6436.75    -15.7117    0.437337    5.72314    
1    2    2    -6441.91    -15.1031    0.434994    5.74886    
1    3    3    -6444.79    -16.5769    0.432916    5.73286    
1    4    4    -6447.82    -15.4871    0.431253    5.88639    
1    5    5    -6452.15    -22.9663    0.418048    5.8758    
1    8    6    -6455.5    -22.8241    0.41134    5.88524    
1    11    7    -6456.44    -23.5118    0.402751    5.85286    
1    15    8    -6457.19    -24.2234    0.406856    5.86436    
1    16    9    -6456.58    -24.1271    0.406448    5.90508    
1    19    10    -6455.48    -21.9056    0.403666    5.90203    
1    22    11    -6456.61    -22.9897    0.404247    5.88476    
1    26    12    -6458.02    -22.8071    0.403363    5.87993    
1    27    13    -6456.26    -22.9266    0.404529    5.87095    
1    29    14    -6454.59    -24.4417    0.401625    5.87797    
1    31    15    -6458.78    -23.6644    0.403927    5.91822    
1    32    16    -6451.73    -17.8908    0.430839    5.81593    
1    33    17    -6454.17    -14.6303    0.412524    5.84651    
1    36    18    -6456.46    -20.066    0.411856    5.84973    
1    37    19    -6461.9    -19.8141    0.417557    5.84188    
1    42    20    -6462.73    -19.7601    0.413402    5.82185    
1    43    21    -6460.95    -19.9542    0.417076    5.86312    
1    46    22    -6459.85    -18.4911    0.412853    5.76128    
1    48    23    -6463.52    -20.4671    0.413765    5.78051    
1    56    24    -6462.65    -20.4909    0.40719    5.7809    
1    58    25    -6463.6    -20.3831    0.408395    5.7849    
1    59    26    -6463.5    -20.8981    0.409534    5.78041    
1    60    27    -6463    -19.9038    0.412363    5.89231    
1    62    28    -6462.32    -20.4259    0.41221    5.82711    
1    65    29    -6462.94    -20.8404    0.414241    5.82489    
1    66    30    -6463.5    -20.231    0.414885    5.8493    
1    69    31    -6454.27    -19.0936    0.432009    6.8811    
1    71    32    -6460.16    -19.0819    0.432128    6.75538    
1    73    33    -6462.63    -19.1916    0.423949    6.67935    
1    74    34    -6463.24    -19.9712    0.421965    6.64238    
1    75    35    -6462.68    -19.3967    0.416112    6.65386    
1    80    36    -6463.69    -19.9134    0.419681    6.66168    
1    82    37    -6464.2    -19.8253    0.421297    6.65323    
1    83    38    -6461.77    -15.5792    0.410975    6.67154    
1    85    39    -6458.57    -15.6462    0.410313    6.67819    
1    86    40    -6457.59    -16.7656    0.404788    6.60319    
1    87    41    -6459.21    -16.3982    0.40359    6.64216    
1    88    42    -6457.68    -14.5766    0.397142    6.65536    
1    89    43    -6457.53    -14.3909    0.391068    5.77457    
1    91    44    -6460.23    -19.0809    0.412594    5.76853    
1    92    45    -6461.58    -19.4906    0.411546    5.79317    
1    93    46    -6462.25    -19.2136    0.406918    5.81124    
1    95    47    -6465.42    -19.2676    0.409173    5.81615    
1    97    48    -6462.21    -18.9689    0.401257    5.82478    
1    99    49    -6463.54    -17.374    0.392305    5.77359    
1    100    50    -6463.65    -18.2221    0.396865    5.79261    
