#Task    Step    numberOfAcceptedPeleSteps    currentEnergy    BindingEnergy    sasaLig    distance_A35SG_L1S1    
1    0    0    -6247.3    -2.86113    0.479667    5.62287    
1    1    1    -6405.66    -9.71789    0.423679    5.65565    
1    2    2    -6413.43    2.83429    0.43536    5.54708    
1    3    3    -6441.66    -7.68669    0.426033    5.71042    
1    4    4    -6442.14    -8.45335    0.427712    5.72968    
1    5    5    -6448.2    -13.7676    0.405488    5.7243    
1    10    6    -6448.03    -14.5113    0.406981    5.72253    
1    11    7    -6447.67    -14.953    0.408718    5.73241    
1    14    8    -6446.91    -15.0608    0.407841    5.77841    
1    15    9    -6446.62    -15.8477    0.409116    5.76227    
1    16    10    -6445.65    -15.8415    0.408189    5.78518    
1    17    11    -6447.04    -15.6869    0.40705    5.79165    
1    20    12    -6443.17    -16.8553    0.408835    5.80979    
1    21    13    -6441.05    -16.7934    0.412047    5.88821    
1    23    14    -6437.35    -14.324    0.403631    5.83743    
1    24    15    -6442.47    -14.5484    0.41043    5.86426    
1    26    16    -6437.27    -6.80338    0.438406    5.87222    
1    27    17    -6443.63    -13.6223    0.413738    5.89365    
1    28    18    -6445.25    -14.0585    0.415373    5.88147    
1    30    19    -6444.8    -14.6405    0.413142    5.86412    
1    31    20    -6445.04    -11.7966    0.418112    5.85044    
1    32    21    -6442.67    -13.3141    0.442755    5.91175    
1    33    22    -6452.79    -11.6043    0.448488    5.84664    
1    34    23    -6451.15    -11.47    0.443813    5.80623    
1    35    24    -6452.57    -11.6196    0.444154    5.82668    
1    37    25    -6455.19    -16.0845    0.437865    5.82753    
1    39    26    -6455.85    -16.2045    0.430236    5.81009    
1    40    27    -6457.52    -15.9298    0.433821    5.78782    
1    41    28    -6455.68    -16.669    0.438894    5.80675    
1    42    29    -6457.52    -15.8908    0.435532    5.76317    
1    43    30    -6459.29    -15.7955    0.438653    5.79534    
1    46    31    -6457.72    -16.9394    0.435501    5.74071    
1    47    32    -6459.71    -17.7288    0.435711    5.70884    
1    48    33    -6460.04    -18.0461    0.435612    5.68089    
1    49    34    -6464.66    -18.4507    0.443874    5.79636    
1    50    35    -6465.73    -18.8816    0.447678    5.84296    
1    57    36    -6463.79    -18.0455    0.4508    5.86031    
1    58    37    -6464.48    -18.3009    0.448403    5.86841    
1    60    38    -6460.95    -14.5297    0.450167    5.88526    
1    61    39    -6456.97    -15.3376    0.447007    5.86752    
1    62    40    -6461.23    -15.4488    0.446433    5.89332    
1    65    41    -6458.66    -14.6686    0.448219    5.8886    
1    67    42    -6442.41    -14.9537    0.446158    5.8098    
1    68    43    -6444.86    -14.9238    0.445948    5.82622    
1    71    44    -6446.14    -14.1376    0.455785    5.82968    
1    73    45    -6445.77    -15.2054    0.448896    5.86144    
1    74    46    -6447.08    -14.9604    0.449627    5.87605    
1    76    47    -6448.44    -15.395    0.436209    5.85723    
1    78    48    -6450.54    -14.8881    0.437533    5.85912    
1    80    49    -6450.01    -14.647    0.436948    5.93343    
1    82    50    -6450.85    -15.0104    0.435403    5.87332    
1    83    51    -6451.07    -14.846    0.44147    5.89153    
1    84    52    -6451.51    -14.9155    0.440738    5.88097    
1    87    53    -6452.81    -13.5997    0.439504    5.89916    
1    88    54    -6452.44    -13.0664    0.438241    5.90362    
1    90    55    -6451.72    -12.6704    0.438152    5.8728    
1    94    56    -6452.45    -13.289    0.43652    5.87086    
1    96    57    -6452.92    -13.8218    0.43454    5.87526    
1    100    58    -6451.98    -13.232    0.432385    5.90508    
