#Task    Step    numberOfAcceptedPeleSteps    currentEnergy    BindingEnergy    sasaLig    distance_A35SG_L1S1    
1    0    0    -6247.3    -2.86113    0.479667    5.62287    
1    1    1    -6415.48    -14.1626    0.440707    5.73022    
1    2    2    -6424.58    -10.5352    0.420128    5.63594    
1    3    3    -6439.14    -8.54142    0.401792    5.80809    
1    5    4    -6445.51    -14.1654    0.367832    5.90042    
1    7    5    -6445.68    -13.9246    0.366831    5.90363    
1    8    6    -6447.9    -13.4683    0.367899    5.90973    
1    13    7    -6454.44    -13.3934    0.407    6.9684    
1    15    8    -6455.55    -14.4295    0.409056    6.87728    
1    17    9    -6456.8    -18.3878    0.433954    6.83936    
1    18    10    -6457.47    -18.2484    0.433449    6.83332    
1    19    11    -6457.73    -17.6779    0.427173    6.80055    
1    21    12    -6457.61    -19.6035    0.424233    6.73673    
1    27    13    -6457.23    -20.2739    0.429082    6.73962    
1    28    14    -6457.36    -19.5301    0.4285    6.75133    
1    30    15    -6456.64    -19.2191    0.427246    6.73058    
1    41    16    -6457.91    -19.8051    0.431497    6.74161    
1    43    17    -6457.76    -19.8944    0.43135    6.73549    
1    44    18    -6455.51    -20.2101    0.41961    6.65284    
1    46    19    -6455.13    -19.3296    0.415101    6.61085    
1    47    20    -6462    -19.8798    0.420065    6.67886    
1    49    21    -6461.34    -19.1052    0.422541    6.66827    
1    51    22    -6461.03    -19.5369    0.421472    6.677    
1    52    23    -6463.9    -19.5374    0.423566    6.68505    
1    56    24    -6463.35    -19.0093    0.424924    6.73106    
1    59    25    -6457.03    -18.7091    0.427705    6.66965    
1    60    26    -6455.88    -20.3633    0.424235    6.56034    
1    61    27    -6457.84    -17.5957    0.429489    6.78813    
1    63    28    -6465.09    -19.9924    0.418361    6.79826    
1    65    29    -6464.56    -20.1045    0.418307    6.81797    
1    67    30    -6465.81    -20.5221    0.416317    6.81521    
1    71    31    -6465.58    -21.1587    0.424031    6.83679    
1    73    32    -6464.74    -21.0893    0.421605    6.81172    
1    75    33    -6466.11    -21.1331    0.420598    6.82746    
1    76    34    -6464.16    -21.2895    0.417024    6.83097    
1    77    35    -6463.09    -20.9899    0.416005    6.86986    
1    78    36    -6463.67    -21.0584    0.417887    6.86587    
1    85    37    -6464    -22.0113    0.417751    6.85786    
1    90    38    -6464.13    -21.4492    0.415662    6.85827    
1    91    39    -6465.15    -17.5544    0.397708    6.89023    
1    94    40    -6465.82    -17.4519    0.398272    6.89217    
1    95    41    -6467.05    -19.9921    0.422765    6.87235    
