#Task    Step    numberOfAcceptedPeleSteps    currentEnergy    BindingEnergy    sasaLig    distance_A35SG_L1S1    
1    0    0    -6247.3    -2.86113    0.479667    5.62287    
1    1    1    -6427.91    -15.3016    0.439057    5.74884    
1    2    2    -6435.12    -15.5639    0.439331    5.72672    
1    3    3    -6448.75    -20.666    0.407004    5.69682    
1    4    4    -6447.89    -16.4215    0.399646    5.77113    
1    5    5    -6455.12    -20.5396    0.415981    5.72183    
1    6    6    -6455.43    -21.2001    0.413794    5.75654    
1    7    7    -6454.47    -19.0492    0.406555    5.76948    
1    8    8    -6454.68    -15.0679    0.410808    5.91383    
1    9    9    -6456.36    -14.6472    0.415175    5.9529    
1    10    10    -6458.16    -12.8296    0.403227    5.97213    
1    11    11    -6456.12    -12.6095    0.408986    5.98317    
1    13    12    -6457.71    -13.7929    0.408172    5.99021    
1    14    13    -6459.45    -13.0867    0.408033    5.99225    
1    16    14    -6459.92    -13.4968    0.407281    5.99325    
1    18    15    -6459.83    -13.7477    0.409002    6.01301    
1    20    16    -6460.57    -14.1741    0.408994    6.01165    
1    21    17    -6456.94    -13.5952    0.406853    6.01913    
1    22    18    -6456.17    -14.0862    0.404976    5.97573    
1    23    19    -6458.89    -14.2188    0.408528    6.00171    
1    32    20    -6459.49    -14.2637    0.408202    6.01876    
1    33    21    -6451.84    -17.547    0.405277    6.05397    
1    34    22    -6453.66    -17.9116    0.406979    6.06975    
1    35    23    -6454.49    -17.391    0.410768    6.09337    
1    36    24    -6454.04    -18.8085    0.407476    6.08247    
1    37    25    -6449.89    -18.0974    0.408357    6.13413    
1    38    26    -6444.03    -15.1006    0.409643    6.12025    
1    39    27    -6455.42    -13.9471    0.40909    6.12716    
1    41    28    -6453.49    -14.898    0.410814    6.0802    
1    44    29    -6454.61    -14.6627    0.405358    5.95823    
1    46    30    -6454.35    -15.4478    0.407676    5.9971    
1    49    31    -6457.98    -18.2606    0.408501    6.05784    
1    53    32    -6459.09    -18.7752    0.410952    6.04592    
1    57    33    -6456.51    -18.8374    0.405211    6.03486    
1    58    34    -6454.92    -18.687    0.402638    6.19737    
1    59    35    -6456.75    -17.1235    0.396108    6.07983    
1    60    36    -6458.62    -18.4124    0.392019    6.03683    
1    63    37    -6459.37    -18.0198    0.391994    6.0764    
1    64    38    -6459.27    -19.0289    0.390673    6.03585    
1    65    39    -6460.89    -16.3699    0.394378    6.028    
1    66    40    -6461.06    -17.4897    0.386502    6.05569    
1    67    41    -6459.56    -16.7581    0.389056    6.0557    
1    69    42    -6458.15    -16.5047    0.391938    5.97577    
1    70    43    -6457.87    -17.6478    0.387587    5.99225    
1    71    44    -6462.08    -13.1891    0.37528    6.0444    
1    72    45    -6462.01    -13.4195    0.383815    6.01668    
1    74    46    -6463.74    -13.8763    0.384822    6.02666    
1    75    47    -6462.24    -12.5947    0.399031    6.01799    
1    76    48    -6461.82    -12.7031    0.402318    6.00392    
1    79    49    -6463.67    -12.6956    0.405263    6.03131    
1    81    50    -6461.66    -14.0322    0.402719    6.01426    
1    83    51    -6463.72    -11.6449    0.398116    6.00011    
1    89    52    -6463.58    -11.2685    0.397626    6.00839    
1    90    53    -6461.59    -12.7919    0.389579    5.94316    
1    93    54    -6463.19    -15.5589    0.413482    5.94357    
1    95    55    -6457.49    -16.1584    0.407803    5.89844    
1    97    56    -6464.72    -17.8226    0.415588    5.92465    
