#Task    Step    numberOfAcceptedPeleSteps    currentEnergy    BindingEnergy    sasaLig    distance_A35SG_L1S1    
1    0    0    -6247.3    -2.86113    0.479667    5.62287    
1    1    1    -6383.92    -8.58666    0.436522    5.70041    
1    2    2    -6433.87    -8.72333    0.419357    5.81016    
1    3    3    -6443.01    -12.695    0.395872    5.87157    
1    4    4    -6443.99    -13.3719    0.395661    5.86211    
1    5    5    -6455.27    -20.4796    0.396269    5.78329    
1    11    6    -6453.62    -20.9197    0.398148    5.83197    
1    13    7    -6443.9    -17.3172    0.398573    5.76796    
1    14    8    -6450.27    -19.4173    0.409544    5.7845    
1    15    9    -6451.85    -18.9805    0.41534    5.83141    
1    17    10    -6452.49    -18.978    0.417992    5.83131    
1    19    11    -6451.38    -18.1277    0.406199    5.87572    
1    22    12    -6451.09    -19.7496    0.417722    5.84937    
1    23    13    -6452.8    -19.5229    0.414504    5.77269    
1    26    14    -6456.14    -19.7025    0.415092    5.81677    
1    27    15    -6457.26    -19.8749    0.415894    5.75347    
1    28    16    -6458.72    -19.9051    0.416406    5.80405    
1    32    17    -6457.97    -20.2016    0.416612    5.8078    
1    35    18    -6458.52    -20.1968    0.418091    5.85652    
1    38    19    -6457.49    -19.718    0.417849    5.84025    
1    39    20    -6457.56    -18.1254    0.40655    5.8543    
1    40    21    -6456.75    -16.9382    0.402562    5.87486    
1    42    22    -6458.61    -18.4018    0.404418    5.85384    
1    43    23    -6458.01    -18.9226    0.405922    5.81375    
1    46    24    -6458.35    -17.7581    0.407845    5.83926    
1    48    25    -6458.76    -18.3748    0.406417    5.83044    
1    49    26    -6457.68    -18.6221    0.408269    5.80368    
1    50    27    -6456.36    -18.3661    0.405116    5.80862    
1    51    28    -6455.68    -17.5532    0.412491    5.77585    
1    52    29    -6456    -17.7018    0.413579    5.76316    
1    54    30    -6447.85    -17.2802    0.428575    5.94399    
1    55    31    -6452.68    -16.8429    0.427812    5.92379    
1    57    32    -6452.88    -16.1949    0.429433    5.88658    
1    58    33    -6453.58    -15.8267    0.429768    5.90872    
1    60    34    -6452.7    -15.2453    0.430338    5.92828    
1    62    35    -6452.35    -16.0462    0.422254    5.83078    
1    63    36    -6456.18    -14.6116    0.41447    5.85087    
1    69    37    -6455.06    -15.6697    0.408299    5.88812    
1    80    38    -6455.09    -15.4999    0.408612    5.88455    
1    81    39    -6454.72    -16.164    0.414629    5.85978    
1    87    40    -6451.8    -16.3725    0.419055    5.89951    
1    88    41    -6451.59    -17.0076    0.413643    5.90788    
1    92    42    -6451.43    -16.9959    0.413363    5.92969    
1    93    43    -6451.38    -15.8772    0.414746    5.9272    
1    94    44    -6451.88    -16.2792    0.412678    5.92905    
1    95    45    -6448.21    -14.8989    0.410231    5.83576    
1    96    46    -6450.65    -16.2559    0.410883    5.89553    
1    98    47    -6449.65    -17.2395    0.414976    5.88711    
1    99    48    -6451.6    -12.3872    0.420996    5.89337    
