#Task    Step    numberOfAcceptedPeleSteps    currentEnergy    BindingEnergy    sasaLig    distance_A35SG_L1S1    
1    0    0    -6247.3    -2.86113    0.479667    5.62287    
1    1    1    -6425.36    -15.3554    0.433793    5.74203    
1    4    2    -6441.8    -16.8219    0.435895    5.80494    
1    5    3    -6461.07    -22.3467    0.414173    6.06019    
1    8    4    -6461.22    -22.4078    0.417747    6.07069    
1    10    5    -6458.31    -21.9853    0.409772    6.12295    
1    11    6    -6458.02    -17.9855    0.394159    6.13777    
1    12    7    -6455.85    -19.5912    0.39055    6.17744    
1    14    8    -6459.24    -19.9351    0.392432    6.22137    
1    17    9    -6458.84    -19.4    0.390709    6.25907    
1    18    10    -6461.28    -19.8425    0.388101    6.24244    
1    19    11    -6461.59    -18.4637    0.392379    6.24595    
1    20    12    -6459.61    -19.006    0.392916    6.27781    
1    21    13    -6458.49    -15.7739    0.394229    6.22838    
1    23    14    -6458.3    -12.4535    0.392821    6.23995    
1    27    15    -6460    -14.0215    0.402815    6.2309    
1    28    16    -6460.21    -13.751    0.402693    6.28738    
1    29    17    -6459.16    -13.6114    0.405035    6.2862    
1    32    18    -6458.22    -13.404    0.407789    6.27367    
1    33    19    -6454.68    -14.7026    0.400676    6.29147    
1    34    20    -6457.63    -14.4017    0.401829    6.27356    
1    36    21    -6457.42    -14.1157    0.404592    6.28926    
1    37    22    -6457.55    -14.3042    0.400849    6.29587    
1    39    23    -6457.47    -14.1198    0.406227    6.28533    
1    40    24    -6460.33    -14.0649    0.405844    6.28421    
1    43    25    -6459.59    -14.4996    0.408781    6.26106    
1    44    26    -6460.25    -14.1672    0.410168    6.26989    
1    46    27    -6459.84    -14.0459    0.410244    6.26631    
1    50    28    -6459.7    -14.0914    0.408935    6.26076    
1    53    29    -6458.59    -14.2668    0.406527    6.22956    
1    55    30    -6459.15    -14.5257    0.409711    6.24713    
1    56    31    -6461.79    -13.6824    0.408041    6.2547    
1    59    32    -6461.62    -13.68    0.407862    6.25272    
1    60    33    -6458.53    -14.1167    0.418573    6.25165    
1    61    34    -6463.71    -13.424    0.414839    6.28156    
1    64    35    -6463.8    -13.9252    0.410688    6.33082    
1    65    36    -6463.73    -13.7932    0.412381    6.31309    
1    67    37    -6463.98    -13.2972    0.412777    6.30174    
1    69    38    -6459.73    -15.7338    0.419805    6.30135    
1    74    39    -6457.11    -18.194    0.405269    6.24139    
1    75    40    -6460.78    -17.7112    0.403948    6.24416    
1    77    41    -6460.18    -17.6658    0.405739    6.27843    
1    78    42    -6460.37    -17.1547    0.407767    6.28105    
1    79    43    -6460.12    -22.0095    0.41639    6.28241    
1    81    44    -6462.55    -22.1937    0.414552    6.25169    
1    83    45    -6461.17    -21.9298    0.411926    6.2309    
1    84    46    -6461.13    -22.6458    0.411776    6.21778    
1    86    47    -6458.84    -16.7216    0.413146    6.33125    
1    89    48    -6465.8    -18.0276    0.414588    6.19895    
1    92    49    -6466.47    -17.6554    0.414141    6.2229    
1    99    50    -6466.16    -17.036    0.414549    6.20887    
