#Task    Step    numberOfAcceptedPeleSteps    currentEnergy    BindingEnergy    sasaLig    distance_A35SG_L1S1    
1    0    0    -6247.3    -2.86113    0.479667    5.62287    
1    1    1    -6434.19    -16.2996    0.432115    5.71942    
1    4    2    -6447.1    -14.3408    0.430953    5.81497    
1    5    3    -6450.19    -13.9465    0.429646    5.75479    
1    6    4    -6445.17    -14.6929    0.429257    5.84439    
1    9    5    -6439.86    -17.9592    0.406967    5.8312    
1    10    6    -6445.25    -19.077    0.398381    5.94154    
1    11    7    -6454.13    -20.4633    0.412641    5.87596    
1    13    8    -6449.78    -18.7728    0.433559    5.86043    
1    19    9    -6455.8    -15.0466    0.396445    5.895    
1    20    10    -6457.1    -14.9678    0.395138    5.88901    
1    21    11    -6458.45    -19.3597    0.418993    5.89151    
1    22    12    -6459.5    -19.8281    0.419375    5.89848    
1    24    13    -6459.49    -19.8696    0.418844    5.91482    
1    26    14    -6462.77    -19.5335    0.417836    5.88053    
1    27    15    -6462.83    -19.0268    0.412665    5.89874    
1    28    16    -6460.03    -19.6158    0.408052    5.8582    
1    29    17    -6461.45    -18.1639    0.413973    5.85672    
1    30    18    -6462.91    -18.3395    0.415291    5.9287    
1    31    19    -6464.07    -18.4821    0.409797    5.89009    
1    34    20    -6465.13    -18.7664    0.410202    5.88594    
1    35    21    -6465.07    -19.2049    0.410539    5.89771    
1    37    22    -6463.27    -19.0779    0.407206    5.84622    
1    39    23    -6462.62    -19.1557    0.413763    5.83885    
1    40    24    -6455.5    -14.8382    0.418528    5.84222    
1    41    25    -6460.87    -18.6311    0.408285    5.8501    
1    43    26    -6463.34    -19.9973    0.410837    5.86445    
1    44    27    -6464.37    -19.5884    0.410306    5.85838    
1    45    28    -6462.99    -19.1517    0.409665    5.84725    
1    46    29    -6462.82    -19.3262    0.407965    5.86528    
1    48    30    -6467.33    -19.1272    0.410089    5.87725    
1    50    31    -6467.76    -19.3717    0.410708    5.94643    
1    54    32    -6467.82    -19.4788    0.411058    5.91372    
1    55    33    -6459.28    -10.0859    0.396944    5.85683    
1    57    34    -6464.46    -15.7604    0.388965    5.84688    
1    59    35    -6463.3    -15.9998    0.410694    5.74276    
1    60    36    -6466.37    -18.4393    0.411899    5.89417    
1    67    37    -6467.98    -18.3917    0.409605    5.85585    
1    68    38    -6464.33    -18.8381    0.40662    5.87868    
1    69    39    -6466.4    -18.8512    0.407643    5.88197    
1    70    40    -6461.3    -18.8864    0.411599    5.85622    
1    71    41    -6458.69    -14.7756    0.427878    5.88253    
1    72    42    -6459.36    -16.0804    0.423229    5.89492    
1    73    43    -6462.53    -18.8151    0.413325    5.9078    
1    74    44    -6460.91    -17.8737    0.415184    5.96558    
1    78    45    -6461.89    -17.8637    0.412504    5.98206    
1    79    46    -6462.5    -18.8179    0.412076    5.91278    
1    81    47    -6460.33    -18.2443    0.408252    5.87758    
1    82    48    -6460.94    -17.6726    0.407831    5.85561    
1    83    49    -6460.06    -17.2828    0.412294    5.90226    
1    88    50    -6459.09    -17.2121    0.411416    5.89175    
1    89    51    -6458.91    -17.4932    0.407783    5.8465    
1    90    52    -6460.05    -17.5293    0.40991    5.85248    
1    94    53    -6456.51    -17.6911    0.427468    5.87737    
1    95    54    -6462.41    -18.8567    0.423356    5.84726    
1    96    55    -6463.49    -19.3891    0.424552    5.86052    
1    97    56    -6463.31    -19.6744    0.424825    5.87272    
1    100    57    -6463.29    -19.5594    0.424815    5.87184    
