#Task    Step    numberOfAcceptedPeleSteps    currentEnergy    BindingEnergy    sasaLig    distance_A35SG_L1S1    
1    0    0    -6247.3    -2.86113    0.479667    5.62287    
1    1    1    -6375.28    -8.72895    0.415798    6.93653    
1    2    2    -6395.76    -10.0523    0.397415    6.76321    
1    3    3    -6411.96    -11.7273    0.407079    6.71976    
1    4    4    -6414.92    -11.8628    0.40962    6.74541    
1    5    5    -6428.01    -18.3928    0.389798    6.77852    
1    6    6    -6425.72    -17.3727    0.393547    6.82584    
1    8    7    -6430.64    -17.6978    0.394117    6.84451    
1    13    8    -6431.11    -18.3811    0.394544    6.85501    
1    17    9    -6439.64    -22.9579    0.414019    6.83961    
1    18    10    -6440.68    -22.8987    0.418275    6.89571    
1    19    11    -6445.09    -23.5125    0.420359    6.92459    
1    22    12    -6447.3    -24.8765    0.419309    6.90728    
1    23    13    -6445.62    -23.8295    0.414964    6.97563    
1    25    14    -6442.19    -23.3738    0.421233    6.99727    
1    29    15    -6441.67    -23.7911    0.423247    6.97349    
1    30    16    -6442.67    -24.8588    0.419882    6.97102    
1    32    17    -6443.05    -24.2324    0.421407    7.0027    
1    33    18    -6441.9    -25.5772    0.422327    6.88957    
1    34    19    -6443.06    -25.5782    0.415309    6.87968    
1    35    20    -6441.82    -24.7212    0.417402    6.86137    
1    37    21    -6443.04    -24.9713    0.418989    6.85441    
1    39    22    -6443.92    -25.3128    0.415823    6.8481    
1    42    23    -6443.63    -24.9042    0.413825    6.84173    
1    43    24    -6439.6    -24.7756    0.404545    6.84647    
1    45    25    -6438.5    -26.2617    0.418739    6.79395    
1    47    26    -6440.94    -15.9325    0.428468    6.78683    
1    49    27    -6439.68    -15.1396    0.432955    6.83032    
1    50    28    -6439.54    -16.5256    0.427852    6.82168    
1    51    29    -6439.29    -14.0724    0.423892    6.81663    
1    53    30    -6436.93    -25.9385    0.419004    6.85267    
1    65    31    -6434.07    -24.9032    0.417953    6.84411    
1    66    32    -6433.39    -26.4176    0.41311    6.81741    
1    67    33    -6436.1    -14.1515    0.433676    6.72403    
1    69    34    -6430.62    -22.7513    0.409213    6.78472    
1    70    35    -6434.03    -24.0933    0.415494    6.84786    
1    71    36    -6443.81    -25.2746    0.416481    6.78504    
1    73    37    -6445.24    -26.1242    0.418282    6.72622    
1    74    38    -6445.58    -24.4194    0.41601    6.7276    
1    75    39    -6445.13    -25.2403    0.414377    6.68155    
1    76    40    -6448.5    -25.3135    0.417466    6.7161    
1    77    41    -6448.68    -25.917    0.415946    6.70853    
1    80    42    -6446.46    -25.6195    0.416566    6.73785    
1    81    43    -6445.73    -24.293    0.418451    7.72985    
1    84    44    -6444.39    -24.2262    0.416145    7.73481    
1    85    45    -6446.23    -25.1847    0.418691    6.71732    
1    87    46    -6448.88    -14.4837    0.425977    6.68698    
1    94    47    -6448.74    -13.6024    0.42055    6.69881    
1    95    48    -6446.99    -25.5042    0.401519    6.67933    
1    96    49    -6449.99    -25.7014    0.406104    6.72472    
1    97    50    -6450.13    -26.2207    0.405148    6.66424    
1    98    51    -6449.14    -26.3333    0.412309    6.60103    
1    99    52    -6448.65    -13.5723    0.419583    6.5595    
1    100    53    -6451.41    -14.8638    0.423969    6.6609    
