#Task    Step    numberOfAcceptedPeleSteps    currentEnergy    BindingEnergy    sasaLig    distance_A35SG_L1S1    
1    0    0    -6247.3    -2.86113    0.479667    5.62287    
1    1    1    -6427.21    -16.3534    0.433817    5.75675    
1    2    2    -6437.31    -13.7849    0.41717    5.84994    
1    3    3    -6446.18    -17.833    0.395122    5.83451    
1    4    4    -6453.46    -14.8345    0.399165    5.87764    
1    5    5    -6459.63    -17.6397    0.403461    5.84728    
1    6    6    -6460.83    -16.8496    0.404594    5.8354    
1    7    7    -6462.97    -17.5221    0.40343    5.8682    
1    12    8    -6463.71    -17.8678    0.400806    5.86766    
1    13    9    -6459.64    -18.1244    0.407051    5.79899    
1    15    10    -6462.39    -17.794    0.404434    5.82198    
1    19    11    -6463.05    -18.0042    0.404471    5.82824    
1    25    12    -6462.76    -18.3269    0.403241    5.80874    
1    26    13    -6463.02    -17.6448    0.402956    5.82345    
1    29    14    -6463.18    -18.0679    0.403411    5.8041    
1    32    15    -6461    -17.3577    0.403331    5.76669    
1    36    16    -6462.76    -17.2381    0.405099    5.80087    
1    37    17    -6462.26    -17.4412    0.405536    5.79556    
1    39    18    -6458.09    -16.8416    0.405993    5.81369    
1    43    19    -6456.38    -17.6114    0.409085    5.791    
1    44    20    -6465.17    -17.829    0.412437    5.83754    
1    45    21    -6462.63    -17.7655    0.409808    5.75639    
1    47    22    -6463.75    -17.0614    0.406408    5.79759    
1    48    23    -6462.24    -16.7357    0.399689    5.8024    
1    49    24    -6459.51    -17.5557    0.407502    5.76175    
1    51    25    -6460.21    -17.8503    0.410142    5.77634    
1    52    26    -6461.56    -17.8094    0.408187    5.78897    
1    58    27    -6458.48    -17.4165    0.409962    5.78401    
1    60    28    -6464.08    -17.646    0.411701    5.80299    
1    65    29    -6463.66    -17.1943    0.410551    5.80251    
1    68    30    -6462.14    -15.5615    0.41008    5.84566    
1    69    31    -6461.34    -17.869    0.41119    5.78547    
1    71    32    -6462.72    -18.1838    0.41138    5.81628    
1    72    33    -6464.32    -18.5664    0.4115    5.82298    
1    73    34    -6461.03    -17.164    0.410115    5.86603    
1    75    35    -6462.23    -16.7407    0.410165    5.82153    
1    76    36    -6463.6    -17.1286    0.413037    5.88488    
1    83    37    -6463.87    -17.3204    0.412624    5.88769    
1    85    38    -6462.87    -16.9307    0.407371    5.84255    
1    87    39    -6463.43    -17.4352    0.408118    5.83709    
1    88    40    -6463.26    -17.3571    0.408362    5.84512    
1    91    41    -6463.56    -17.308    0.408591    5.84957    
1    93    42    -6462.59    -17.4737    0.401786    5.80336    
1    94    43    -6457.94    -18.2019    0.405639    5.80392    
1    95    44    -6462.65    -18.0113    0.412342    5.85385    
1    99    45    -6464.22    -18.0313    0.409465    5.85287    
