#Task    Step    numberOfAcceptedPeleSteps    currentEnergy    BindingEnergy    sasaLig    distance_A35SG_L1S1    
1    0    0    -6247.3    -2.86113    0.479667    5.62287    
1    1    1    -6409.28    -15.7625    0.43796    5.81114    
1    2    2    -6430.46    -17.7002    0.425504    5.84392    
1    4    3    -6445.29    -17.3931    0.428451    5.83619    
1    5    4    -6448.74    -17.3452    0.428122    5.80948    
1    7    5    -6449.45    -18.4343    0.381754    5.85255    
1    8    6    -6452.65    -19.1127    0.381145    5.83878    
1    11    7    -6451.64    -19.9812    0.389909    5.84136    
1    12    8    -6453.41    -20.2325    0.396709    5.85957    
1    15    9    -6453.34    -18.0318    0.405263    5.87069    
1    16    10    -6455.34    -17.5934    0.399377    5.96256    
1    17    11    -6456.13    -18.2031    0.408162    5.87738    
1    18    12    -6457.07    -17.8426    0.410512    5.90593    
1    20    13    -6456.44    -17.8085    0.409051    5.91167    
1    21    14    -6454.8    -18.3435    0.411172    5.94348    
1    23    15    -6458.84    -18.5626    0.415136    5.93138    
1    26    16    -6460.19    -18.3297    0.411486    5.93198    
1    27    17    -6460.42    -18.013    0.415293    5.9082    
1    28    18    -6456.96    -18.0527    0.412447    5.9138    
1    30    19    -6459.91    -18.6738    0.412563    5.89604    
1    33    20    -6461.01    -19.6596    0.414334    6.87528    
1    35    21    -6460.08    -19.477    0.415199    6.83102    
1    39    22    -6461.03    -18.9994    0.417732    6.81686    
1    40    23    -6460.22    -19.8588    0.415184    6.86875    
1    41    24    -6459.02    -19.1943    0.418536    6.80715    
1    42    25    -6461.23    -19.8258    0.414185    6.80816    
1    46    26    -6460.17    -18.9728    0.418617    6.79051    
1    49    27    -6461.08    -19.3863    0.411654    6.76723    
1    58    28    -6462.96    -19.7868    0.411173    6.77552    
1    62    29    -6462.98    -19.0606    0.411409    6.7728    
1    63    30    -6462.34    -19.227    0.414483    6.7764    
1    66    31    -6463.15    -19.4577    0.412643    6.79713    
1    67    32    -6464.09    -18.0836    0.416811    6.78651    
1    70    33    -6465.15    -18.8812    0.412793    6.78005    
1    75    34    -6464.18    -19.5905    0.413088    6.78931    
1    78    35    -6456.68    -11.9717    0.436557    6.78431    
1    79    36    -6464.07    -19.1119    0.417781    6.79119    
1    80    37    -6465.76    -19.4485    0.418492    6.80211    
1    81    38    -6461.92    -19.1347    0.421116    6.78528    
1    86    39    -6461.1    -19.637    0.413496    5.59247    
1    87    40    -6453.84    -10.8475    0.427221    5.82645    
1    91    41    -6463.69    -17.8097    0.418917    5.84718    
1    92    42    -6464.06    -18.5614    0.41586    5.85575    
1    93    43    -6458.34    -18.1681    0.412656    5.7544    
1    94    44    -6458.11    -12.4719    0.421551    5.80854    
1    96    45    -6463.79    -12.6501    0.422878    5.90646    
1    97    46    -6467.65    -18.3888    0.405587    5.86595    
1    98    47    -6468.97    -18.3948    0.405094    5.87606    
