#Task    Step    numberOfAcceptedPeleSteps    currentEnergy    BindingEnergy    sasaLig    distance_A35SG_L1S1    
1    0    0    -6247.3    -2.86113    0.479667    5.62287    
1    1    1    -6397.76    -14.7279    0.450151    5.63314    
1    2    2    -6431.4    -15.9396    0.444126    5.65092    
1    3    3    -6445.66    -16.9851    0.437627    5.67877    
1    7    4    -6452.86    -12.602    0.439297    5.87229    
1    11    5    -6457.16    -15.4497    0.388575    5.90844    
1    12    6    -6458.41    -15.808    0.391069    5.89345    
1    18    7    -6457.13    -15.6781    0.389325    5.89929    
1    22    8    -6457.31    -15.7466    0.389024    5.93803    
1    30    9    -6455.74    -15.1178    0.387421    5.89359    
1    31    10    -6455.11    -15.696    0.389835    5.90881    
1    32    11    -6456.35    -15.6408    0.390479    5.89207    
1    36    12    -6456.72    -15.3435    0.391494    5.89345    
1    39    13    -6456.09    -15.0433    0.392592    5.88823    
1    40    14    -6456.13    -16.2228    0.400233    5.95514    
1    41    15    -6456.81    -17.0827    0.40474    5.90752    
1    42    16    -6457.97    -17.2027    0.405244    5.90088    
1    44    17    -6458.19    -17.4818    0.402903    5.91602    
1    46    18    -6458.97    -16.8242    0.402113    5.89603    
1    47    19    -6457.7    -17.5959    0.404154    5.89621    
1    48    20    -6455.23    -17.639    0.406043    5.90857    
1    50    21    -6458.7    -17.372    0.407221    5.91099    
1    52    22    -6457.95    -17.0887    0.405009    5.91761    
1    56    23    -6457.06    -17.1123    0.399718    5.92634    
1    57    24    -6458.74    -17.4185    0.40511    5.92365    
1    60    25    -6458.72    -17.4745    0.406342    5.88883    
1    76    26    -6457.68    -17.7387    0.399096    5.89057    
1    77    27    -6457.25    -17.9504    0.403141    5.86434    
1    78    28    -6457.84    -17.841    0.403005    5.88649    
1    79    29    -6460.59    -17.1494    0.404142    5.88292    
1    86    30    -6461.31    -17.3783    0.403259    5.88901    
1    87    31    -6461.29    -16.3096    0.405297    5.88395    
1    90    32    -6461.98    -16.6165    0.403693    5.89423    
1    94    33    -6461.59    -16.8351    0.40148    5.88884    
1    95    34    -6461.76    -17.6419    0.402577    5.89318    
1    98    35    -6462.33    -17.9922    0.40112    5.93983    
1    100    36    -6462.95    -17.3709    0.402612    5.90454    
