#Task    Step    numberOfAcceptedPeleSteps    currentEnergy    BindingEnergy    sasaLig    distance_A35SG_L1S1    
1    0    0    -6247.3    -2.86113    0.479667    5.62287    
1    1    1    -6370.29    -3.27077    0.436685    7.01835    
1    2    2    -6399.85    -1.70126    0.41951    6.85775    
1    3    3    -6427.06    -4.61147    0.384971    6.94838    
1    5    4    -6429.51    -5.49426    0.383525    6.91379    
1    8    5    -6428.14    -6.41224    0.386146    6.89468    
1    9    6    -6430.16    -17.964    0.378698    6.87095    
1    10    7    -6432.87    -16.7557    0.375983    6.88114    
1    11    8    -6432.07    -14.242    0.368381    6.86643    
1    13    9    -6430.18    -17.1143    0.370663    6.85843    
1    14    10    -6428.06    -13.8667    0.370251    6.94392    
1    15    11    -6436.24    -21.2765    0.406166    6.88362    
1    16    12    -6436.45    -20.6069    0.404678    6.85959    
1    17    13    -6437.97    -22.6789    0.392415    6.91374    
1    21    14    -6440.05    -22.9561    0.400722    6.89041    
1    22    15    -6442.74    -24.6777    0.405954    6.90336    
1    24    16    -6442.9    -24.5542    0.404703    6.90334    
1    26    17    -6442.44    -24.1468    0.411892    6.92277    
1    27    18    -6446    -23.4372    0.411017    6.60511    
1    29    19    -6445.91    -23.3461    0.411961    6.62033    
1    32    20    -6446.8    -22.7225    0.409387    6.62318    
1    35    21    -6447.6    -22.4013    0.40853    6.62306    
1    37    22    -6448.28    -22.2117    0.409717    6.64879    
1    38    23    -6450.07    -22.2146    0.411522    6.66017    
1    39    24    -6448.35    -17.7739    0.391693    6.66027    
1    44    25    -6447.61    -17.9459    0.38966    6.64597    
1    47    26    -6444.12    -16.6611    0.399113    6.67387    
1    49    27    -6443.8    -19.6622    0.389224    6.68934    
1    51    28    -6444.4    -19.8557    0.390211    6.68246    
1    52    29    -6444.24    -20.1131    0.388477    6.70726    
1    54    30    -6443.39    -19.3324    0.386518    6.6922    
1    55    31    -6444.81    -19.5531    0.389194    6.7025    
1    59    32    -6444.01    -19.3694    0.389363    6.69987    
1    60    33    -6443.84    -19.1054    0.388264    6.67674    
1    62    34    -6444.67    -19.309    0.38812    6.68288    
1    67    35    -6444.64    -18.1351    0.387259    6.65977    
1    69    36    -6447.62    -19.7249    0.387048    6.68894    
1    70    37    -6448.6    -18.8674    0.388768    6.68746    
1    71    38    -6445.54    -19.3118    0.381392    6.70971    
1    72    39    -6445.1    -18.9259    0.380777    6.65308    
1    73    40    -6445.11    -19.5754    0.381122    6.70617    
1    74    41    -6443.28    -13.1704    0.423118    6.71727    
1    75    42    -6446.76    -20.0721    0.411743    6.73845    
1    77    43    -6448.64    -19.8334    0.401578    6.6909    
1    79    44    -6448.54    -19.6882    0.394681    6.7197    
1    85    45    -6450.24    -22.2052    0.407682    6.71398    
1    87    46    -6452.83    -22.0006    0.410965    6.70524    
1    91    47    -6454.8    -21.737    0.410584    6.75173    
1    92    48    -6454.3    -23.5817    0.412204    6.73235    
1    93    49    -6455.44    -22.965    0.410352    6.71966    
1    94    50    -6456.26    -23.9932    0.411008    6.73117    
1    96    51    -6454.52    -24.0889    0.410932    6.72646    
1    98    52    -6457.94    -23.8859    0.412361    6.7417    
1    99    53    -6457.77    -24.1622    0.412727    6.75439    
1    100    54    -6456.92    -23.9366    0.411722    6.75426    
