#Task    Step    numberOfAcceptedPeleSteps    currentEnergy    BindingEnergy    sasaLig    distance_A35SG_L1S1    
1    0    0    -6247.3    -2.86113    0.479667    5.62287    
1    1    1    -6388.06    -6.61043    0.418894    5.7849    
1    2    2    -6425.36    -5.59221    0.413289    5.7498    
1    4    3    -6427.34    -4.36474    0.458513    5.73305    
1    5    4    -6444.3    -16.6793    0.398201    5.83497    
1    7    5    -6453.76    -18.5569    0.406483    5.81904    
1    10    6    -6454.38    -19.3565    0.416783    5.85401    
1    12    7    -6458.24    -19.2934    0.410838    5.85138    
1    15    8    -6458.69    -19.3023    0.411309    5.84524    
1    17    9    -6456.68    -18.8522    0.409722    5.80884    
1    19    10    -6452.51    -18.5876    0.397858    5.80477    
1    21    11    -6458.28    -19.9725    0.409094    5.84853    
1    23    12    -6458.57    -19.1399    0.410484    5.80977    
1    26    13    -6458.57    -20.483    0.407879    5.82806    
1    27    14    -6456.48    -17.0291    0.394446    5.85832    
1    28    15    -6461.77    -16.6436    0.394078    5.87103    
1    31    16    -6462.35    -17.1991    0.394115    5.89335    
1    33    17    -6457.69    -17.2026    0.395666    5.91392    
1    35    18    -6459.53    -17.1239    0.390324    5.94809    
1    37    19    -6458.23    -16.9424    0.393233    5.99197    
1    38    20    -6459.66    -16.9654    0.392649    5.99054    
1    43    21    -6457.26    -14.9004    0.395891    5.98903    
1    46    22    -6455.24    -13.9064    0.435146    5.90443    
1    47    23    -6446    -17.6611    0.426922    5.84658    
1    48    24    -6447.81    -19.0397    0.415527    5.82824    
1    49    25    -6447.87    -19.5512    0.415656    5.72559    
1    51    26    -6450.99    -18.7984    0.41544    5.7855    
1    57    27    -6452.46    -20.7079    0.419041    5.72167    
1    58    28    -6457.7    -21.7358    0.419117    5.79191    
1    59    29    -6461.69    -19.0556    0.416416    5.90263    
1    61    30    -6453.27    -17.4563    0.420254    6.99665    
1    62    31    -6453.57    -18.5126    0.417424    7.02145    
1    64    32    -6456.08    -17.8315    0.415805    6.80281    
1    65    33    -6460.15    -18.6237    0.415117    6.82126    
1    66    34    -6459.42    -18.7574    0.415439    6.83648    
1    67    35    -6460.92    -19.1259    0.414858    6.85536    
1    70    36    -6462.51    -19.1788    0.414869    6.82303    
1    72    37    -6461.67    -19.0968    0.413155    6.83589    
1    74    38    -6461.41    -19.4161    0.414616    6.83253    
1    77    39    -6461.57    -19.4395    0.416434    6.8815    
1    79    40    -6461.17    -19.8485    0.418347    6.86973    
1    82    41    -6460.78    -19.6948    0.419232    6.9148    
1    84    42    -6461.42    -19.5943    0.418331    6.90145    
1    86    43    -6460.35    -19.8576    0.416081    6.88084    
1    87    44    -6458.68    -23.0459    0.414577    6.90398    
1    88    45    -6459.75    -25.0377    0.413027    6.90757    
1    89    46    -6460.7    -24.5967    0.412954    6.90397    
1    90    47    -6460.82    -24.334    0.411466    6.89166    
1    91    48    -6458.4    -23.9723    0.414466    6.87658    
1    92    49    -6456.3    -23.3883    0.411702    6.82935    
1    93    50    -6456.86    -26.2859    0.407737    6.83629    
1    94    51    -6455.45    -25.5389    0.404676    6.82852    
1    96    52    -6459.01    -25.5549    0.408357    6.85477    
1    97    53    -6458.96    -25.253    0.407973    6.79537    
1    99    54    -6459.62    -25.1904    0.40936    6.79367    
