#Task    Step    numberOfAcceptedPeleSteps    currentEnergy    BindingEnergy    sasaLig    distance_A35SG_L1S1    
1    0    0    -6247.3    -2.86113    0.479667    5.62287    
1    1    1    -6411.11    -14.826    0.440581    5.72061    
1    2    2    -6420.87    -14.6117    0.437612    5.77205    
1    3    3    -6440.31    -16.1725    0.432415    5.74128    
1    5    4    -6446.22    -17.055    0.431455    5.75587    
1    6    5    -6449.14    -16.7313    0.433794    5.78373    
1    7    6    -6450.89    -16.9779    0.432657    5.79028    
1    9    7    -6452.02    -21.4004    0.409179    5.80399    
1    10    8    -6452.15    -21.7384    0.403935    5.77614    
1    13    9    -6451.4    -22.7077    0.411699    5.93854    
1    14    10    -6453.04    -22.3019    0.413418    5.9676    
1    16    11    -6451.59    -22.1783    0.413758    5.98982    
1    17    12    -6451.56    -20.7357    0.406383    5.9348    
1    19    13    -6452.63    -19.6664    0.384702    5.92256    
1    21    14    -6451.26    -18.9387    0.388097    5.95212    
1    23    15    -6451.6    -18.7341    0.387676    5.96515    
1    24    16    -6451.18    -18.8833    0.394627    5.97899    
1    26    17    -6452.39    -19.1712    0.388354    5.97561    
1    28    18    -6459.93    -19.1765    0.404106    5.9663    
1    32    19    -6460.06    -18.9371    0.408795    5.98842    
1    33    20    -6461.75    -18.3095    0.410276    6.05286    
1    36    21    -6454.24    -16.5913    0.400583    6.08578    
1    37    22    -6455.3    -18.4714    0.39893    6.08893    
1    39    23    -6456.38    -13.2308    0.383006    6.11197    
1    41    24    -6459.29    -13.1395    0.384341    6.17969    
1    42    25    -6460.1    -13.2683    0.381332    6.17622    
1    44    26    -6459.09    -13.9634    0.37894    6.16263    
1    45    27    -6458.69    -13.8939    0.381653    6.16    
1    47    28    -6456.07    -13.0642    0.392371    6.23131    
1    49    29    -6461.04    -14.1424    0.38665    6.16216    
1    56    30    -6461.33    -13.9358    0.388306    6.16253    
1    57    31    -6457.28    -17.7796    0.418079    6.11413    
1    58    32    -6457.36    -17.5695    0.4185    6.10721    
1    59    33    -6458.89    -17.7941    0.422462    6.06966    
1    61    34    -6454.07    -18.4465    0.422852    7.04579    
1    64    35    -6457.62    -18.5601    0.420361    6.99598    
1    66    36    -6456.65    -18.8021    0.416593    6.99191    
1    67    37    -6459.45    -18.1609    0.421317    7.01786    
1    68    38    -6458.75    -18.5695    0.419554    6.99928    
1    71    39    -6456.46    -17.6282    0.409091    6.96662    
1    74    40    -6452.34    -11.1173    0.445714    6.94061    
1    75    41    -6458.62    -18.853    0.414263    6.95296    
1    77    42    -6456.71    -19.606    0.407797    7.00266    
1    78    43    -6457.04    -19.5096    0.402743    6.96296    
1    79    44    -6465.34    -17.5062    0.404724    6.86016    
1    81    45    -6457.1    -23.5244    0.379489    6.76812    
1    83    46    -6457.86    -23.7941    0.378701    6.7509    
1    84    47    -6457.36    -23.7764    0.372608    6.68801    
1    85    48    -6457.28    -24.3516    0.397269    6.63425    
1    86    49    -6458.11    -23.4648    0.3761    6.71428    
1    89    50    -6458.46    -24.3996    0.378028    6.6709    
1    91    51    -6458.97    -23.5286    0.376423    6.68486    
1    96    52    -6461.17    -24.4186    0.379156    6.66342    
