#Task    Step    numberOfAcceptedPeleSteps    currentEnergy    BindingEnergy    sasaLig    distance_A35SG_L1S1    
1    0    0    -6247.3    -2.86113    0.479667    5.62287    
1    1    1    -6426.79    -9.08621    0.416737    5.83809    
1    2    2    -6448.85    -12.6473    0.446404    5.85599    
1    3    3    -6456.58    -16.7175    0.427781    5.88907    
1    4    4    -6464.13    -18.5875    0.428844    5.92108    
1    7    5    -6462.17    -18.2772    0.435821    5.91244    
1    9    6    -6460.74    -19.3326    0.435032    5.91606    
1    10    7    -6457.52    -19.5863    0.444657    5.92538    
1    12    8    -6460.37    -20.2251    0.44715    5.91687    
1    13    9    -6457.63    -19.5175    0.443188    5.9336    
1    14    10    -6458.24    -19.5586    0.444662    5.92916    
1    19    11    -6458.41    -18.9389    0.444851    5.92303    
1    20    12    -6459.03    -18.9062    0.44514    5.94111    
1    22    13    -6459.04    -18.991    0.446989    5.91897    
1    23    14    -6459.43    -19.0891    0.448965    5.92296    
1    25    15    -6459.43    -19.1381    0.446281    5.8774    
1    26    16    -6459.9    -19.382    0.447582    5.91693    
1    28    17    -6460.53    -20.2887    0.446055    5.88109    
1    30    18    -6458.94    -19.7788    0.444851    5.92398    
1    33    19    -6458.32    -20.3311    0.445436    5.93465    
1    35    20    -6459.99    -20.179    0.448595    5.94062    
1    38    21    -6458.92    -20.1081    0.447628    5.93159    
1    39    22    -6459.95    -19.3198    0.44355    5.93378    
1    40    23    -6458.13    -19.4306    0.444861    5.94899    
1    42    24    -6460.24    -20.2298    0.447149    5.91638    
1    43    25    -6460.77    -19.0545    0.443854    5.91542    
1    44    26    -6461.49    -20.0646    0.445952    5.91442    
1    46    27    -6462.05    -20.1514    0.44648    5.92587    
1    47    28    -6462.25    -19.9362    0.444646    5.9213    
1    49    29    -6459.23    -20.6594    0.441289    5.85175    
1    51    30    -6464.01    -20.4778    0.443626    5.90436    
1    52    31    -6464.18    -20.1628    0.444855    5.89763    
1    54    32    -6463.45    -20.4279    0.442207    5.89081    
1    56    33    -6463.15    -20.1529    0.444511    5.88384    
1    59    34    -6464.42    -20.6726    0.4441    5.8753    
1    63    35    -6464.73    -19.8325    0.444881    5.86797    
1    66    36    -6465.5    -19.8792    0.444299    5.88081    
1    68    37    -6465.35    -20.2061    0.4449    5.89674    
1    70    38    -6465.97    -20.2161    0.445091    5.89187    
1    71    39    -6466.44    -19.9553    0.444488    5.88281    
1    73    40    -6467.28    -19.769    0.440799    5.84121    
1    80    41    -6466.05    -20.301    0.441029    5.86244    
1    82    42    -6468.17    -20.1423    0.44261    5.86559    
1    86    43    -6468.49    -20.6796    0.440439    5.86134    
1    94    44    -6462.46    -18.5265    0.436156    5.89329    
1    95    45    -6463.32    -12.4818    0.459569    5.86476    
1    96    46    -6464.58    -12.9674    0.459452    5.86232    
1    97    47    -6465.21    -20.391    0.423938    5.92621    
1    100    48    -6466.49    -19.8637    0.426356    5.90473    
