#Task    Step    numberOfAcceptedPeleSteps    currentEnergy    BindingEnergy    sasaLig    distance_A35SG_L1S1    
1    0    0    -6247.3    -2.86113    0.479667    5.62287    
1    1    1    -6435.76    -11.4322    0.409082    5.74726    
1    2    2    -6442    -12.672    0.419315    5.81039    
1    5    3    -6443.22    -12.382    0.426725    5.76398    
1    6    4    -6446.93    -13.1916    0.424481    5.81539    
1    7    5    -6451.16    -12.7058    0.42592    5.85018    
1    9    6    -6452.35    -14.0477    0.41928    6.9382    
1    11    7    -6454.02    -14.2546    0.40993    6.8873    
1    13    8    -6455.67    -14.2726    0.412797    6.88323    
1    14    9    -6455.5    -14.6379    0.410681    6.75096    
1    17    10    -6455.84    -14.2384    0.413081    6.80972    
1    23    11    -6462.06    -14.7697    0.416683    6.81669    
1    24    12    -6460.32    -14.2623    0.412917    6.75236    
1    26    13    -6460.69    -15.5681    0.414297    6.77384    
1    28    14    -6454.29    -15.8614    0.40322    6.75076    
1    29    15    -6457.6    -15.3259    0.416181    6.83223    
1    30    16    -6458.79    -15.5572    0.41565    6.87099    
1    31    17    -6456.1    -11.1818    0.427536    6.87234    
1    39    18    -6459.53    -14.2146    0.407291    6.85758    
1    42    19    -6460.79    -14.9928    0.410885    6.84531    
1    43    20    -6460.84    -14.6619    0.411377    6.85019    
1    44    21    -6461.43    -14.8379    0.412782    6.83307    
1    45    22    -6459.91    -15.3139    0.414063    6.81537    
1    48    23    -6460.41    -15.5743    0.412639    6.83667    
1    49    24    -6459.22    -15.3137    0.412991    6.82163    
1    53    25    -6460.48    -15.8764    0.412035    6.79184    
1    54    26    -6458.97    -15.0918    0.408571    6.77216    
1    55    27    -6460.45    -15.2322    0.411844    6.78867    
1    58    28    -6461.48    -15.532    0.411288    6.7735    
1    60    29    -6462.39    -15.3049    0.411966    6.77449    
1    63    30    -6461.08    -15.4903    0.409812    6.77585    
1    65    31    -6458.36    -15.9722    0.414355    6.76832    
1    66    32    -6461.65    -15.8748    0.414596    6.78937    
1    69    33    -6462.52    -16.3891    0.409818    5.81853    
1    70    34    -6456.6    -7.92997    0.440513    5.82036    
1    71    35    -6454.96    -12.8245    0.387404    5.8039    
1    72    36    -6459.98    -9.45262    0.437458    5.81799    
1    75    37    -6460.28    -10.6819    0.418875    5.8156    
1    76    38    -6463.03    -14.5585    0.417818    5.79792    
1    77    39    -6467.02    -16.2563    0.409027    5.87106    
1    78    40    -6469.43    -15.7614    0.410647    5.85211    
1    79    41    -6469.95    -16.8379    0.413893    5.84511    
1    92    42    -6469.11    -17.1011    0.410101    5.7846    
1    94    43    -6463.21    -8.2441    0.396401    5.82007    
1    95    44    -6467.77    -11.3852    0.387529    5.84544    
1    97    45    -6468.61    -12.2973    0.389246    5.85035    
