#Task    Step    numberOfAcceptedPeleSteps    currentEnergy    BindingEnergy    sasaLig    distance_A35SG_L1S1    
1    0    0    -6247.3    -2.86113    0.479667    5.62287    
1    1    1    -6396.92    -11.4221    0.42401    5.68994    
1    2    2    -6419.68    -14.2538    0.426642    5.65664    
1    3    3    -6423.52    -10.3891    0.417875    5.80674    
1    4    4    -6432.01    -9.89542    0.414978    5.79974    
1    5    5    -6450.31    -19.0245    0.417395    5.88881    
1    8    6    -6450.21    -20.2522    0.411332    5.91076    
1    10    7    -6451.13    -20.3464    0.41665    5.88515    
1    15    8    -6452.88    -19.5066    0.418937    5.90369    
1    20    9    -6454.35    -19.8753    0.419289    5.89763    
1    21    10    -6454.03    -20.2863    0.419193    5.92848    
1    23    11    -6453.5    -19.6143    0.420062    5.94165    
1    24    12    -6448.29    -19.3886    0.416386    5.89383    
1    25    13    -6451.42    -16.6809    0.427269    5.88782    
1    27    14    -6455.53    -17.4408    0.421514    5.83964    
1    28    15    -6457.03    -17.8233    0.422841    5.85528    
1    30    16    -6457.17    -17.9465    0.42167    5.85776    
1    34    17    -6456.36    -17.6752    0.419318    5.81691    
1    35    18    -6458.5    -18.5681    0.420983    5.83358    
1    37    19    -6457.62    -17.8874    0.421716    5.86993    
1    39    20    -6458.73    -18.1324    0.423553    5.87391    
1    44    21    -6458.63    -18.2361    0.42305    5.89923    
1    45    22    -6458.45    -14.8824    0.418891    5.90846    
1    46    23    -6458.52    -14.4876    0.415022    5.88411    
1    47    24    -6462.04    -15.0882    0.415178    5.91807    
1    48    25    -6461.85    -14.7021    0.412748    5.92671    
1    50    26    -6461.44    -14.433    0.413179    5.94087    
1    51    27    -6461.12    -14.2799    0.413698    5.93446    
1    52    28    -6461.64    -13.947    0.417204    5.88287    
1    54    29    -6461.07    -14.6267    0.414735    5.89475    
1    60    30    -6461.84    -14.1069    0.415555    5.8914    
1    67    31    -6461.96    -14.8807    0.4148    5.89232    
1    81    32    -6459.5    -14.1255    0.413458    5.87768    
1    82    33    -6460.48    -14.3482    0.414596    5.88241    
1    86    34    -6461.32    -14.3857    0.412057    5.87624    
1    87    35    -6460.36    -14.4756    0.415165    5.86579    
1    88    36    -6460.47    -14.2616    0.413885    5.82587    
1    91    37    -6459.93    -15.2983    0.414318    5.88866    
1    92    38    -6460.19    -14.3382    0.414874    5.93521    
1    93    39    -6459.48    -14.4676    0.415217    5.91267    
1    94    40    -6460.69    -15.0396    0.415141    5.89517    
1    98    41    -6460.56    -14.6733    0.415361    5.89125    
1    100    42    -6460.65    -14.379    0.411131    5.88404    
