87	3248	1.00	6.816E-67	0	352	353	0	352	353	353M
43	1121	0.304	1.577E-27	1	342	353	6	339	349	9M1I14M3D6M3I21M2I83M1I34M3I2M2I45M2D12M1D29M2I73M
53	1046	0.270	4.091E-26	1	344	353	4	338	342	7M1I35M2I9M2I16M1I10M3D2M2I31M1D15M1D6M1I32M3I8M2I58M1D24M2I47M1D28M
65	1043	0.270	4.955E-26	1	344	353	4	338	342	7M1I35M2I9M2I16M1I10M3D2M2I31M1D15M1D6M1I32M3I8M2I58M1D24M2I47M1D28M
83	1038	0.284	7.268E-26	1	344	353	4	324	334	10M3I8M1I32M4I12M1I15M1I43M11I31M2I52M2D12M1D29M2I22M1I41M1I3M1D7M
55	1037	0.270	7.268E-26	1	344	353	4	324	331	10M3I9M1I31M4I14M1I13M1I43M4I3M7I28M2I51M2D13M1D26M2I25M1I52M
10	1034	0.270	1.173E-25	1	344	353	4	324	331	10M3I7M1I33M4I13M1I14M1I43M8I3M3I28M2I52M2D12M1D26M2I25M1I41M1I3M1D7M
17	1033	0.287	1.016E-25	1	344	353	4	324	334	10M3I8M1I32M4I12M1I15M1I43M11I31M2I52M2D12M1D29M2I22M1I41M1I3M1D7M
78	1031	0.285	7.624E-26	1	344	353	4	338	342	7M1I16M2I7M2D10M2I9M1I4M1I12M1I7M2I2M4D2M1I30M1D14M1D8M1I36M5I62M1D24M2I47M1D28M
45	1029	0.252	1.894E-25	1	344	353	5	336	341	7M1I36M1I9M1I1M1I14M2I50M1I15M1I15M1I15M2I10M2I41M2D12M1D27M2I65M1I3M1D8M
54	1029	0.276	1.421E-25	1	344	353	4	338	342	9M1I33M2I9M2I16M1I9M3D3M2I31M1D15M1D6M1I32M2I5M3I61M1D24M2I47M1D28M
56	1028	0.271	1.118E-25	1	344	353	4	338	342	7M1I35M2I9M2I16M1I9M3D3M2I31M1D54M3I8M2I58M1D24M2I47M1D28M
1	1027	0.281	1.490E-25	1	344	353	4	324	333	10M3I8M1I32M4I12M1I16M1I42M11I31M2I53M2D11M1D26M2I25M1I41M1I3M1D7M
19	1021	0.304	1.066E-25	1	344	353	4	322	330	10M3I9M1I31M4I12M1I16M1I40M8I5M3I28M2I64M1D26M2I25M1I52M
2	1020	0.284	2.524E-25	1	344	353	4	324	334	10M3I8M1I32M4I12M1I15M1I43M11I31M2I52M2D12M1D29M2I22M1I41M1I5M1D5M
51	1015	0.284	3.057E-25	1	344	353	4	324	334	10M3I8M1I32M4I12M1I15M1I43M11I31M2I52M2D12M1D29M2I22M1I41M1I3M1D7M
80	1015	0.278	2.777E-25	1	344	353	4	338	342	7M1I35M2I9M2I16M1I7M2I2M4D2M1I31M1D15M1D6M1I32M2I5M3I61M1D24M2I47M1D28M
14	1013	0.287	2.648E-25	1	344	353	4	324	334	10M3I8M1I31M4I13M1I15M1I43M11I31M2I52M2D12M1D29M2I22M1I41M1I3M1D7M
85	1012	0.272	2.293E-25	1	344	353	4	338	342	7M1I35M2I9M2I16M1I7M2I2M4D2M1I31M1D15M1D6M1I32M3I8M2I58M1D24M2I47M1D28M
5	1008	0.284	4.074E-25	1	344	353	4	324	334	10M3I8M1I32M4I12M1I15M1I43M11I31M2I52M2D12M1D29M2I22M1I41M1I3M1D7M
42	1008	0.296	1.564E-25	1	346	353	7	351	359	4M2I4M3I19M1D2M1I18M1I4M1I12M1I9M1I41M1I8M2D40M2I9M2I21M3D21M4D11M3I5M2D18M4D66M2D2M1I13M
68	1006	0.287	3.364E-25	1	344	353	4	324	334	10M3I8M1I30M4I14M1I15M1I43M11I31M2I52M2D12M1D29M2I22M1I41M1I3M1D7M
71	1005	0.270	4.274E-25	1	344	353	4	338	342	7M1I35M2I9M2I16M1I9M3D3M2I31M1D15M1D6M1I32M3I8M2I58M1D24M2I47M1D28M
46	1003	0.250	7.592E-25	1	344	353	5	336	341	7M1I36M1I9M1I1M1I14M2I50M1I15M1I15M1I15M2I10M2I41M2D12M1D27M2I65M1I3M1D8M
69	999	0.270	8.354E-25	1	344	353	4	324	332	10M3I9M1I31M4I12M1I15M1I43M8I3M3I28M2I51M2D13M1D26M2I25M1I41M1I5M1D5M
41	998	0.278	5.975E-25	1	344	353	4	324	332	10M3I9M1I31M4I12M1I15M1I43M8I3M3I28M2I52M2D12M1D26M2I25M1I41M1I3M1D7M
70	997	0.270	6.576E-25	1	344	353	4	338	342	7M1I35M2I9M2I16M1I9M3D3M2I31M1D15M1D6M1I32M3I8M2I58M1D24M2I47M1D28M
62	994	0.286	6.898E-25	1	344	353	5	339	344	9M1I17M2I4M2D11M2I8M1I4M1I12M1I7M2I2M4D2M1I31M1D56M3I2M2I57M1D27M2I49M1D28M
73	986	0.272	1.113E-24	1	344	353	4	338	342	7M1I35M2I9M2I16M1I7M2I2M4D2M1I31M1D15M1D6M1I32M3I8M2I58M1D24M2I47M1D28M
74	983	0.294	1.557E-24	1	344	353	4	321	328	10M3I9M1I31M4I13M1I15M1I42M8I3M3I28M2I49M1I14M1D26M2I25M1I41M1I3M1D7M
61	980	0.266	1.349E-24	1	344	353	5	339	345	9M1I16M1D6M1I11M2I8M1I4M1I12M1I7M2I2M4D2M1I30M1D16M1D6M1I34M3I6M2I58M1D24M2I47M1D28M
40	979	0.276	5.176E-25	1	344	353	4	324	331	10M3I9M1I31M4I28M1I30M1I10M8I3M1I2M2I28M2I50M2D14M1D26M2I25M1I52M
66	979	0.279	5.696E-25	1	344	353	4	338	342	7M1I16M2I7M2D10M2I8M2I17M1I7M2I8M3D27M1D14M1D8M1I32M2I5M3I61M1D24M2I47M1D16M1I3M1D8M
7	975	0.276	6.898E-25	1	344	353	4	324	331	10M3I9M1I31M4I28M1I30M1I10M8I3M1I2M2I28M2I50M2D14M1D26M2I25M1I52M
8	974	0.276	7.237E-25	1	344	353	4	324	331	10M3I9M1I31M4I28M1I30M1I10M8I3M1I2M2I28M2I50M2D14M1D26M2I25M1I52M
49	973	0.276	7.592E-25	1	344	353	4	324	331	10M3I9M1I31M4I28M1I30M1I10M8I3M1I2M2I28M2I50M2D14M1D26M2I25M1I52M
13	972	0.276	8.354E-25	1	344	353	4	324	331	10M3I9M1I31M4I28M1I30M1I10M8I3M1I2M2I28M2I50M2D14M1D26M2I25M1I52M
16	971	0.276	8.764E-25	1	344	353	4	324	331	10M3I9M1I31M4I28M1I30M1I10M8I3M1I2M2I28M2I50M2D14M1D26M2I25M1I52M
38	970	0.276	8.764E-25	1	344	353	4	324	331	10M3I9M1I31M4I28M1I30M1I10M8I3M1I2M2I28M2I50M2D14M1D26M2I25M1I52M
60	970	0.254	1.061E-24	1	344	353	4	327	337	10M3I40M4I14M1I14M1I36M1D7M4I3M7I27M2I53M2D12M2D29M2I22M1I41M1I5M1D5M
77	969	0.249	2.901E-24	1	344	353	4	324	331	10M3I7M1I33M4I13M1I14M1I43M2D1M13I28M2I8M3D1M3I40M2D14M1D24M2I25M1I40M1I6M1D5M
76	967	0.276	1.113E-24	1	344	353	4	324	331	10M3I9M1I31M4I28M1I30M1I10M8I3M1I2M2I28M2I50M2D14M1D26M2I25M1I52M
31	966	0.276	1.168E-24	1	344	353	4	324	331	10M3I9M1I31M4I28M1I30M1I10M8I3M1I2M2I28M2I50M2D14M1D26M2I25M1I52M
35	966	0.276	1.168E-24	1	344	353	4	324	331	10M3I9M1I31M4I28M1I30M1I10M8I3M1I2M2I28M2I50M2D14M1D26M2I25M1I52M
52	966	0.276	1.168E-24	1	344	353	4	324	331	10M3I9M1I31M4I28M1I30M1I10M8I3M1I2M2I28M2I50M2D14M1D26M2I25M1I52M
57	965	0.275	1.285E-24	1	344	353	4	324	331	10M3I9M1I31M4I28M1I30M1I10M8I3M1I2M2I28M2I50M2D14M1D26M2I25M1I41M1I3M1D7M
79	964	0.276	1.285E-24	1	344	353	4	324	331	10M3I9M1I31M4I28M1I30M1I10M8I3M1I2M2I28M2I50M2D14M1D26M2I25M1I52M
32	963	0.273	1.557E-24	1	344	353	4	324	331	10M3I7M1I33M4I28M1I30M1I10M8I3M1I2M2I28M2I50M2D14M1D26M2I25M1I52M
58	963	0.276	1.349E-24	1	344	353	4	324	331	10M3I9M1I31M4I28M1I30M1I10M8I3M1I2M2I28M2I50M2D14M1D26M2I25M1I52M
36	962	0.276	1.484E-24	1	344	353	4	324	331	10M3I9M1I31M4I28M1I30M1I10M8I3M1I2M2I28M2I50M2D14M1D26M2I25M1I52M
86	960	0.303	1.885E-24	1	342	353	4	318	328	10M3I9M1I31M4I14M1I13M1I41M8I5M3I28M2I49M1I14M1D26M2I25M1I41M1I8M
15	960	0.276	1.713E-24	1	344	353	4	324	331	10M3I9M1I31M4I28M1I30M1I10M8I3M1I2M2I28M2I50M2D14M1D26M2I25M1I52M
50	960	0.276	1.633E-24	1	344	353	4	324	331	10M3I9M1I31M4I28M1I30M1I10M8I3M1I2M2I28M2I50M2D14M1D26M2I25M1I52M
18	957	0.275	2.177E-24	1	344	353	4	324	331	10M3I9M1I31M4I28M1I30M1I10M8I3M1I2M2I28M2I50M2D14M1D26M2I25M1I41M1I3M1D7M
0	956	0.276	2.075E-24	1	344	353	4	324	331	10M3I9M1I31M4I28M1I30M1I10M8I3M1I2M2I28M2I50M2D14M1D26M2I25M1I52M
33	955	0.276	2.284E-24	1	344	353	4	324	331	10M3I9M1I31M4I28M1I30M1I10M8I3M1I2M2I28M2I50M2D14M1D26M2I25M1I52M
29	954	0.276	2.396E-24	1	344	353	4	324	331	10M3I9M1I31M4I28M1I30M1I10M8I3M1I2M2I28M2I50M2D14M1D26M2I25M1I52M
30	954	0.276	2.396E-24	1	344	353	4	324	331	10M3I9M1I31M4I28M1I30M1I10M8I3M1I2M2I28M2I50M2D14M1D26M2I25M1I52M
59	954	0.279	2.396E-24	1	344	353	4	324	331	10M3I9M1I31M4I28M1I30M1I10M8I3M1I2M2I28M2I50M2D14M1D26M2I25M1I52M
34	953	0.276	2.513E-24	1	344	353	4	324	331	10M3I9M1I31M4I28M1I30M1I10M8I3M1I2M2I28M2I50M2D14M1D26M2I25M1I52M
48	953	0.276	2.513E-24	1	344	353	4	324	331	10M3I9M1I31M4I28M1I30M1I10M8I3M1I2M2I28M2I50M2D14M1D26M2I25M1I52M
9	951	0.276	3.193E-24	1	344	353	4	324	331	10M3I7M1I33M4I28M1I31M1I9M8I5M3I28M2I50M2D14M1D26M2I25M1I52M
81	950	0.276	3.043E-24	1	344	353	4	324	331	10M3I9M1I31M4I28M1I30M1I10M8I3M1I2M2I28M2I50M2D14M1D26M2I25M1I52M
12	938	0.270	1.478E-23	1	344	353	4	324	331	10M3I9M1I31M4I28M1I30M1I13M9I2M2I28M2I52M2D12M1D26M2I25M1I52M
37	937	0.273	6.548E-24	1	344	353	4	324	331	10M3I9M1I31M4I28M1I30M1I10M8I3M1I2M2I28M2I50M2D14M1D26M2I25M1I52M
4	926	0.276	1.109E-23	1	344	353	4	324	331	10M3I8M1I32M4I28M1I30M1I10M8I5M3I28M2I50M2D22M1D18M2I25M1I52M
26	926	0.276	1.626E-23	1	344	353	4	324	331	10M3I9M1I31M4I28M1I30M1I10M8I3M1I2M2I28M2I52M2D12M1D26M2I25M1I52M
28	925	0.279	1.409E-23	1	344	353	4	324	331	10M3I8M1I32M4I28M1I30M1I10M8I5M3I28M2I50M2D14M1D26M2I25M1I52M
22	924	0.276	1.790E-23	1	344	353	4	324	331	10M3I9M1I31M4I28M1I30M1I10M8I3M1I2M2I28M2I52M2D12M1D26M2I25M1I52M
39	924	0.276	1.790E-23	1	344	353	4	324	331	10M3I9M1I31M4I28M1I30M1I10M8I3M1I2M2I28M2I52M2D12M1D26M2I25M1I52M
67	922	0.273	2.066E-23	1	344	353	4	324	331	10M3I9M1I31M4I28M1I30M1I10M8I3M1I2M2I28M2I52M2D12M1D26M2I25M1I52M
63	921	0.276	2.066E-23	1	344	353	4	324	331	10M3I9M1I31M4I28M1I30M1I10M8I3M1I2M2I28M2I52M2D12M1D26M2I25M1I52M
3	920	0.282	1.877E-23	1	344	353	4	324	331	10M3I9M1I31M4I28M1I30M1I10M8I5M3I28M2I50M2D14M1D26M2I25M1I52M
21	920	0.276	2.274E-23	1	344	353	4	324	331	10M3I9M1I31M4I28M1I30M1I10M8I3M1I2M2I28M2I52M2D12M1D26M2I25M1I52M
24	919	0.276	2.385E-23	1	344	353	4	324	331	10M3I9M1I31M4I28M1I30M1I10M8I3M1I2M2I28M2I52M2D12M1D26M2I25M1I52M
11	918	0.273	2.625E-23	1	344	353	4	324	331	10M3I9M1I31M4I28M1I30M1I10M8I3M1I2M2I28M2I52M2D12M1D26M2I25M1I52M
23	915	0.273	3.031E-23	1	344	353	4	324	331	10M3I9M1I31M4I28M1I30M1I10M8I3M1I2M2I28M2I52M2D12M1D26M2I25M1I52M
84	914	0.276	3.335E-23	1	344	353	4	324	331	10M3I9M1I31M4I28M1I30M1I10M8I3M1I2M2I28M2I52M2D12M1D26M2I25M1I52M
82	913	0.273	3.670E-23	1	344	353	4	324	331	10M3I9M1I31M4I28M1I30M1I10M8I3M1I2M2I28M2I52M2D12M1D26M2I25M1I52M
75	909	0.250	3.179E-23	1	344	353	3	327	337	10M3I41M4I14M1I13M1I43M9I6M2I25M2I6M1I6M2D39M2D13M3D28M2I22M1I41M1I4M1D6M
27	907	0.279	1.280E-23	1	344	353	4	324	331	10M3I9M1I31M4I28M1I32M4I5M5I6M1I2M2I28M2I52M2D12M1D26M2I25M1I52M
6	907	0.279	3.179E-23	1	344	353	4	324	333	10M3I9M1I31M4I28M1I30M1I10M8I5M3I28M2I50M2D14M1D26M2I25M1I52M
20	906	0.276	5.383E-23	1	344	353	4	324	331	10M3I9M1I31M4I28M1I30M1I10M8I3M1I2M2I28M2I52M2D12M1D26M2I25M1I52M
25	902	0.276	6.840E-23	1	344	353	4	324	331	10M3I9M1I31M4I28M1I30M1I10M8I3M1I2M2I28M2I52M2D12M1D26M2I25M1I52M
44	772	0.201	3.639E-21	1	343	353	2	330	342	12M1I1M4I6M2I31M3I11M2I24M1I20M1I3M4I24M2I20M1I7M4I39M2I14M5D4M4D24M3D23M2D43M1I9M
47	260	0.119	5.854E-09	1	330	353	9	332	356	5M2I3M3I6M3D5M6D11M1D10M2I6M2I4M3I10M4I18M6D4M9D10M1I7M1I5M3I6M10I23M1I7M3I4M4I8M1D10M1D14M2I6M2I14M5I6M2D4M1D3M1D7M3I8M6D7M9D17M2D14M1I6M2I8M
64	253	0.116	2.357E-09	1	333	353	16	351	352	4M1D4M6D5M1D7M1I11M5D4M3I14M7I1M2D9M1D4M1D34M1I14M1I6M8I6M2I18M1I7M3I8M2I5M1I20M3I3M2D6M3D9M2D6M3I3M1I19M3I12M5D4M6D10M1D6M5D2M1D5M4D4M6I6M3I5M6D3M
72	253	0.098	6.167E-10	0	333	353	5	335	358	2M1D10M8D7M7D8M1D4M1D2M1D5M3I17M5I10M4I5M4I7M3D23M1I6M3I5M8I5M1I19M2I1M1D6M3I6M4I5M2D3M2I16M2I3M1D11M3D7M2I10M2I15M2D1M5I6M2I4M2I30M1I6M22D13M
 