
Last position-specific scoring matrix computed, weighted observed percentages rounded down, information per position, and relative weight of gapless real matches to pseudocounts
            A   R   N   D   C   Q   E   G   H   I   L   K   M   F   P   S   T   W   Y   V   A   R   N   D   C   Q   E   G   H   I   L   K   M   F   P   S   T   W   Y   V
    1 D    -2  -2   1   7  -4  -1   2  -2  -1  -4  -4  -1  -4  -4  -2  -1  -2  -5  -4  -4    0   0   2  84   0   0  13   0   1   0   0   0   0   0   0   0   0   0   0   0  1.13 0.11
    2 I    -2  -4  -4  -4  -2  -3  -4  -4  -4   5   2  -3   1  -1  -3  -3  -1  -3  -2   3    0   0   0   0   0   0   0   0   0  78   9   0   0   1   0   0   2   0   0  11  0.61 0.09
    3 V    -1  -3  -4  -4  -2  -2  -3  -4  -4   2   0  -3   0  -2  -3  -2   0  -4  -2   5    1   1   0   0   0   1   0   0   0   0   1   0   0   0   0   0   2   0   0  95  0.66 0.11
    4 M    -2  -2  -3  -4  -2  -1  -3  -4  -3   0   2  -2   8  -1  -4  -3  -2  -2  -2   0    0   0   0   0   0   0   0   0   0   0   8   0  92   0   0   0   0   0   0   0  1.08 0.16
    5 T    -1  -2  -1  -2  -2  -2  -2  -2  -3  -1  -2  -2  -1  -3  -2   1   6  -3  -3  -1    0   0   0   0   0   0   0   0   0   2   0   0   0   0   0   1  97   0   0   0  0.89 0.13
    6 Q    -2   0  -1  -1  -4   7   1  -3   0  -4  -3   0  -1  -4  -2  -1  -2  -3  -2  -3    0   0   0   0   0 100   0   0   0   0   0   0   0   0   0   0   0   0   0   0  1.25 0.16
    7 T     0  -2   0  -1  -2  -1  -1  -2  -2  -2  -2  -1  -2  -3  -2   4   5  -3  -2  -1    1   0   0   0   0   0   0   0   0   0   0   0   0   0   0  41  58   0   0   0  0.62 0.10
    8 P    -2  -3  -3  -2  -4  -2  -2  -3  -3  -4  -4  -2  -4  -5   8  -2  -2  -5  -4  -3    0   0   0   0   0   0   0   0   0   0   0   0   0   0 100   0   0   0   0   0  2.41 0.15
    9 L    -2  -3  -4  -4  -2  -3  -4  -4  -4   1   5  -3   2   0  -4  -3  -2  -2  -2   0    0   0   0   0   0   0   0   0   0   1  97   0   0   1   0   0   0   0   0   1  0.75 0.10
   10 S     1  -2   0  -1  -2  -1  -1  -1  -2  -3  -3  -1  -2  -3  -2   6   1  -4  -3  -3    1   0   0   0   0   0   0   0   0   0   0   0   0   0   0  99   0   0   0   0  0.83 0.13
   11 L    -2  -3  -4  -5  -2  -3  -4  -5  -4   1   5  -3   2   0  -4  -3  -2  -2  -2   0    0   0   0   0   0   0   0   0   0   0 100   0   0   0   0   0   0   0   0   0  0.78 0.10
   12 S     0  -2  -2  -2  -3  -2  -1  -2  -2  -3  -3  -1  -3  -4   7   3   0  -4  -2  -3    5   0   0   0   0   0   0   0   0   0   0   0   0   0  62  31   1   0   1   0  1.29 0.10
   13 V    -1  -3  -4  -4  -2  -3  -3  -4  -4   2   0  -3   0  -2  -3  -2  -1  -4  -2   5    1   0   0   0   0   0   0   0   0   5   0   0   0   0   0   0   0   0   0  94  0.70 0.11
   14 S    -1  -2  -1  -2  -2  -1  -2  -2  -2  -1  -2  -1  -1  -3  -1   1   6  -3  -2  -1    0   0   0   0   0   0   0   0   0   1   1   0   0   0   1   8  89   0   0   0  0.78 0.12
   15 P    -2  -3  -3  -2  -4  -2  -2  -3  -3  -4  -3  -2  -3  -5   8  -2  -2  -5  -4  -3    0   0   0   0   0   0   0   0   0   0   1   0   0   0  99   0   0   0   0   0  2.36 0.15
   16 G    -1  -3  -1  -2  -3  -3  -3   7  -3  -5  -5  -2  -4  -4  -3  -1  -2  -3  -4  -4    0   0   0   0   0   0   0 100   0   0   0   0   0   0   0   0   0   0   0   0  1.41 0.12
   17 E    -1  -1  -1   1  -4   2   6  -3  -1  -4  -4   0  -3  -4  -2  -1  -2  -4  -3  -3    1   0   0   0   0   9  90   0   0   0   0   0   0   0   0   0   0   0   0   0  1.02 0.12
   18 P    -1  -3  -3  -2  -4  -2  -2  -3  -3  -4  -4  -2  -3  -5   8  -1  -2  -5  -4  -3    2   0   0   0   0   0   0   0   0   0   0   0   0   0  97   1   0   0   0   0  2.29 0.15
   19 A     5  -2  -2  -3  -1  -2  -2  -1  -2  -2  -2  -1  -2  -3  -2   1   0  -3  -3  -1   99   0   0   0   0   0   0   0   0   0   0   0   0   0   0   0   1   0   0   0  0.75 0.12
   20 S     1  -2   0  -1  -2  -1  -1  -1  -2  -3  -3  -1  -2  -3  -2   6   1  -4  -3  -2    2   0   0   0   0   0   0   0   0   0   0   0   0   0   0  98   0   0   0   0  0.81 0.13
   21 I    -2  -4  -4  -4  -2  -4  -4  -5  -4   6   1  -4   1   0  -4  -3  -1  -3  -2   2    0   0   0   0   0   0   0   0   0  95   2   0   1   2   0   0   0   0   0   1  0.77 0.11
   22 S     0  -2   0  -1  -2  -1  -1  -1  -2  -3  -3  -1  -2  -3  -2   6   1  -4  -3  -3    0   0   0   0   0   0   0   0   0   0   0   0   0   0   0  99   1   0   0   0  0.83 0.13
   23 C    -1  -5  -4  -5  10  -4  -5  -4  -4  -2  -2  -4  -3  -4  -4  -2  -2  -3  -4  -2    0   0   0   0 100   0   0   0   0   0   0   0   0   0   0   0   0   0   0   0  2.16 0.18
   24 R    -2   7  -1  -2  -4   0  -1  -3  -1  -4  -3   2  -2  -4  -3  -1  -2  -4  -3  -3    0  91   0   0   0   0   0   0   0   0   0   7   1   0   0   0   1   0   0   0  1.10 0.12
   25 S     1  -2   0  -1  -2  -1  -1  -1  -2  -3  -3  -1  -2  -3  -1   5   1  -4  -3  -2    6   0   0   0   0   0   0   0   0   0   0   0   0   0   1  93   0   0   0   0  0.75 0.12
   26 S     0  -2   0  -1  -2  -1  -1  -1  -2  -3  -3  -1  -2  -3  -2   5   1  -4  -3  -2    0   0   2   0   0   0   0   2   0   0   0   0   0   0   0  93   3   0   0   0  0.75 0.12
   27 Q    -2   1  -1  -1  -4   7   1  -3   0  -4  -3   1  -1  -4  -2  -1  -2  -3  -2  -3    1   2   0   0   0  92   2   0   1   0   0   2   0   0   0   0   0   0   0   0  1.09 0.14
   28 S     0  -1   0  -1  -2  -1  -1  -1  -2  -3  -3  -1  -2  -3  -2   5   1  -4  -3  -2    0   1   1   1   0   0   0   0   0   0   0   0   0   0   0  95   3   0   0   0  0.77 0.12
   29 N    -2  -3  -3  -4  -2  -3  -4  -4  -3   1   5  -3   1   0  -3  -3  -2  -2  -2   1    0   0   1   0   0   0   0   0   0   2  94   0   0   0   1   0   0   0   0   2  0.68 0.09
   30 L    -2  -3  -4  -4  -2  -2  -2  -4  -3   1   5  -3   1   0  -3  -3  -1  -2  -2   1    0   0   0   0   0   2   2   0   0   1  87   0   0   2   0   1   1   0   0   5  0.57 0.08
   31 D    -2  -1   1   4  -4   1   0  -2   7  -4  -3  -1  -2  -1  -3  -1  -2  -3   2  -3    1   2   3  31   0   4   2   0  45   0   0   0   0   2   0   2   0   0   6   0  0.67 0.09
   32 Y    -2  -3  -3  -3  -1  -2  -3  -3   2  -2  -2  -3  -2   2  -4  -1  -2   3   8  -2    0   0   0   1   2   0   0   0   2   0   0   0   0   1   0   4   0   2  87   1  1.23 0.14
   33 L    -2  -3  -4  -4  -2  -3  -4  -4  -4   1   5  -3   2   0  -4  -3  -2  -2  -2   1    0   0   0   0   0   0   0   0   0   0  94   0   1   2   0   0   0   0   0   3  0.71 0.10
   34 N    -1  -2   2   5  -2   0   1  -2   4  -3  -3  -1  -3  -2  -2   0  -1  -3   1  -3    2   0   8  53   1   1   8   0  14   0   1   0   0   0   0   4   2   0   7   0  0.59 0.07
   35 W    -4  -4  -5  -6  -4  -3  -4  -4  -4  -4  -3  -4  -3   0  -5  -4  -4  12   1  -4    0   0   0   0   0   0   0   0   0   0   0   0   0   0   0   0   0 100   0   0  3.28 0.21
   36 Y    -3  -3  -3  -4  -4  -2  -3  -4   1  -2  -2  -3  -2   2  -4  -3  -3   1   8  -2    0   0   0   0   0   0   0   0   0   0   0   0   0   2   0   0   0   0  98   0  1.56 0.16
   37 L    -2  -3  -4  -4  -2  -2  -3  -4  -3   1   5  -3   1   0  -4  -3  -2  -2  -2   1    0   0   0   0   0   2   0   0   0   0  94   0   0   0   0   0   0   0   0   4  0.68 0.09
   38 Q    -2   0  -1  -1  -4   7   1  -3   1  -4  -3   0  -1  -4  -2  -1  -2  -3  -2  -3    0   0   0   0   0  98   0   0   2   0   0   0   0   0   0   0   0   0   0   0  1.21 0.16
   39 K    -2   2  -1  -2  -4   1   0  -2  -1  -4  -3   6  -2  -4  -2  -1  -1  -4  -3  -3    0   6   0   0   0   0   0   0   0   0   0  94   0   0   0   0   0   0   0   0  0.90 0.12
   40 A    -1  -3  -3  -2  -4  -2  -2  -3  -3  -4  -4  -2  -3  -5   8  -1  -2  -5  -4  -3    4   0   0   0   0   0   0   0   0   0   0   0   0   0  93   3   0   0   0   0  2.15 0.14
   41 G    -1  -3  -1  -2  -3  -3  -3   7  -3  -5  -5  -2  -4  -4  -3  -1  -2  -3  -4  -4    0   0   0   0   0   0   0 100   0   0   0   0   0   0   0   0   0   0   0   0  1.41 0.12
   42 Q    -2   0  -1  -1  -4   7   1  -3   0  -4  -3   1  -1  -4  -1  -1  -2  -3  -2  -3    0   1   0   0   0  96   0   0   1   0   0   1   0   0   2   0   0   0   0   0  1.15 0.15
   43 S     1  -2   0  -1  -2  -1  -1  -1  -2  -3  -3  -1  -2  -3   1   5   1  -4  -3  -2    3   0   0   0   0   0   0   0   0   0   0   0   0   0   5  92   1   0   0   0  0.74 0.12
   44 P    -2  -3  -3  -2  -4  -2  -2  -3  -3  -4  -4  -2  -4  -5   8  -2  -2  -5  -4  -3    0   0   0   0   0   0   0   0   0   0   0   0   0   0 100   0   0   0   0   0  2.41 0.15
   45 R    -1   2  -1  -1  -4   6   1  -3   2  -4  -3   1  -1  -4  -2  -1  -2  -3  -2  -3    2  13   0   0   0  77   0   0   5   0   0   3   0   0   0   0   0   0   0   0  0.87 0.12
   46 L    -2  -2  -4  -4  -2  -3  -3  -4  -3   1   5  -3   1   0  -1  -3  -2  -2  -2   1    0   2   0   0   0   0   0   0   0   2  89   0   0   0   2   0   0   0   0   5  0.61 0.09
   47 L    -2  -3  -4  -4  -2  -3  -4  -4  -4   1   5  -3   1   0  -4  -3  -2  -2  -2   0    0   0   0   0   0   0   0   0   0   0  98   0   0   0   0   2   0   0   0   0  0.74 0.10
   48 P    -2  -4  -4  -4  -2  -3  -4  -5  -4   6   1  -3   2  -1  -2  -3  -1  -3  -2   2    0   0   0   0   0   0   0   0   0  89   2   0   4   1   1   0   0   0   0   3  0.70 0.11
   49 E    -2  -2  -2  -4  -1  -2  -2  -4   3  -2  -2  -3  -2   3  -4  -1  -2   1   8  -2    0   0   1   0   1   0   1   0   5   0   2   0   0   3   0   3   0   0  84   0  1.16 0.13
   50 Q    -1   0  -2  -1  -2   0   2   0  -2   0   2   0   1  -1  -2  -1   0   0  -1  -1    0   5   0   1   0   5  20   8   0   0  38   4   5   1   0   1   7   1   1   1  0.11 0.03
   51 D     1  -3  -1  -1  -2  -2  -2   3  -3   1   0  -2  -1  -2  -2  -1   0  -3  -2   2   11   0   2   3   0   0   0  34   0   1   8   0   0   0   0   1   3   0   0  38  0.25 0.05
   52 S     0  -2   0  -1  -2  -1  -1  -1  -2  -3  -3  -1  -2  -2  -2   5   1  -4  -2  -2    0   0   0   0   0   0   0   0   0   0   0   0   0   1   0  97   2   0   0   0  0.79 0.13
   53 Q    -2  -1   6   0  -3   0  -1  -1   2  -3  -3   1  -2  -2  -3   0   0  -2   2  -3    0   1  62   0   0   1   0   0   5   0   0   9   0   0   0   4   5   0  13   0  0.59 0.09
   54 R    -2   7  -1  -3  -4   0  -1  -3  -1  -4  -3   2  -2  -4  -3  -2  -2  -4  -3  -3    0  99   0   0   0   0   0   0   0   0   0   1   0   0   0   0   0   0   0   0  1.24 0.14
   55 A     5  -2  -2  -1  -1  -2  -1  -1  -2  -2  -2  -2  -1   1  -1   0  -1  -3  -1   0   84   0   0   2   0   0   1   0   0   0   1   0   0   8   0   0   0   0   1   3  0.50 0.09
   56 S     1  -2   0  -1  -2  -1  -1  -1  -2  -3  -3  -1  -2  -3  -1   5   1  -4  -3  -2    1   0   0   0   0   0   0   0   0   0   0   0   0   1   1  96   1   0   0   0  0.78 0.13
   57 G    -1  -3  -1  -2  -3  -3  -3   6  -3  -5  -5  -2  -4  -4  -3  -1  -2   1  -4  -4    0   0   0   0   0   0   0  98   0   0   0   0   0   0   0   0   0   2   0   0  1.36 0.12
   58 V    -1  -3  -4  -4  -2  -3  -3  -4  -4   2   0  -3   0  -2  -3  -2  -1  -4  -2   6    2   0   0   0   0   0   0   0   0   0   0   0   0   0   0   0   0   0   0  98  0.73 0.12
   59 P    -2  -3  -3  -2  -4  -2  -2  -3  -3  -4  -4  -2  -4  -5   8  -2  -2  -5  -4  -3    0   0   0   0   0   0   0   0   0   0   0   0   0   0 100   0   0   0   0   0  2.41 0.15
   60 D    -3  -2   1   7  -4  -1   1  -2  -2  -4  -5  -1  -4  -4  -2  -1  -2  -5  -4  -4    0   0   0  96   0   0   4   1   0   0   0   0   0   0   0   0   0   0   0   0  1.32 0.13
   61 R    -2   7  -1  -3  -4   0  -1  -3  -1  -4  -3   2  -2  -4  -3  -2  -2  -4  -3  -3    0  99   0   0   0   0   0   0   0   0   0   1   0   0   0   0   0   0   0   0  1.24 0.14
   62 F    -3  -4  -4  -5  -3  -4  -4  -4  -2  -1   0  -4  -1   8  -5  -3  -3   0   2  -1    0   0   0   0   0   0   0   0   0   0   0   0   0  99   0   0   0   0   0   1  1.33 0.14
   63 S     0  -2   0  -1  -2  -1  -1  -1  -2  -3  -3  -1  -2  -3  -2   6   1  -4  -3  -3    0   0   1   0   0   0   0   0   0   0   0   0   0   0   0  98   1   0   0   0  0.82 0.13
   64 G     0  -3  -1  -2  -3  -3  -3   7  -3  -5  -5  -2  -4  -4  -3  -1  -2  -3  -4  -4    1   0   0   0   0   0   0  99   0   0   0   0   0   0   0   0   0   0   0   0  1.38 0.12
   65 S     0  -2   0  -1  -2  -1  -1   0  -2  -3  -3  -1  -2  -3  -2   5   1  -4  -3  -3    0   0   0   0   0   0   0   2   0   0   0   0   0   0   0  97   1   0   0   0  0.79 0.13
   66 G    -1  -3  -1  -2  -3  -3  -3   6  -3  -5  -4  -2  -4  -4  -3  -1  -2  -3  -4  -4    0   1   0   0   0   0   0  98   0   0   0   0   0   0   0   0   0   0   0   1  1.36 0.12
   67 S     1  -2   0  -1  -2  -1  -1  -1  -2  -3  -3  -1  -2  -3  -2   6   1  -4  -3  -2    2   0   0   0   0   0   0   0   0   0   0   0   0   0   0  98   0   0   0   0  0.81 0.13
   68 G     0  -3  -1   2  -3  -2  -2   6  -3  -4  -4  -2  -3  -4  -3  -1  -2  -3  -4  -4    2   0   0  14   0   0   0  84   0   0   0   0   0   0   0   0   0   0   0   0  1.09 0.10
   69 T    -1  -2  -1  -2  -2  -2  -2  -3  -3  -1  -2  -2  -1  -3  -2   1   6  -3  -3  -1    0   0   0   0   0   0   0   0   0   1   0   0   0   0   0   0  99   0   0   0  0.93 0.14
   70 D    -2  -2   1   7  -4  -1   1  -2  -1  -4  -4  -1  -4  -4  -2  -1  -2  -5  -3  -4    0   0   1  95   0   0   1   0   1   0   1   0   0   0   0   0   0   0   1   0  1.27 0.13
   71 F    -3  -4  -4  -5  -3  -4  -4  -4  -2  -1   0  -4  -1   8  -5  -3  -3   0   2  -2    0   0   0   0   0   0   0   0   0   0   0   0   0 100   0   0   0   0   0   0  1.37 0.14
   72 T    -1  -2  -1  -2  -2  -2  -2  -2  -3  -1  -2  -1  -1  -3  -2   1   6  -3  -3  -1    1   0   0   0   0   0   0   0   0   2   0   1   0   0   0   0  97   0   0   0  0.88 0.13
   73 L    -2  -3  -4  -5  -2  -3  -4  -5  -4   1   5  -3   2   0  -4  -3  -2  -2  -2   0    0   0   0   0   0   0   0   0   0   0 100   0   0   0   0   0   0   0   0   0  0.78 0.10
   74 R    -2   3  -1  -1  -4   1   0  -2  -1  -3  -3   5  -2  -4  -2  -1  -1  -4  -3  -3    0  17   0   0   0   0   2   1   1   1   0  79   0   0   0   0   0   0   0   0  0.76 0.10
   75 I    -2  -4  -4  -4  -2  -4  -4  -5  -4   6   1  -4   1  -1  -4  -3  -1  -3  -2   2    0   0   0   0   0   0   0   0   0  98   1   0   0   1   0   0   0   0   0   1  0.82 0.12
   76 G     0  -2   1  -1  -2  -1  -1  -1  -2  -3  -3  -1  -2  -3  -2   5   1  -1  -2  -2    0   0   4   0   0   0   0   2   0   1   0   0   0   0   0  91   2   1   0   0  0.70 0.12
   77 R    -2   7  -1  -2  -4   0  -1  -3  -1  -4  -3   2  -2  -4  -3  -1  -2  -4  -3  -3    0  90   1   0   0   0   1   1   0   0   0   6   0   0   0   2   0   0   0   0  1.06 0.12
   78 V    -1  -3  -4  -4  -2  -3  -3  -4  -4   2   0  -3   0  -2  -3  -2  -1  -4  -2   6    0   0   0   0   0   0   0   0   0   0   0   0   0   0   0   0   0   0   0 100  0.76 0.12
   79 E    -2  -1  -1   1  -5   1   6  -3  -1  -4  -4   0  -3  -4  -2  -1  -2  -4  -3  -3    0   0   0   0   0   0  99   0   0   0   0   1   0   0   0   0   0   0   0   0  1.13 0.13
   80 A     5  -2  -2  -3  -1  -2  -2  -1  -2  -2  -2  -1  -2  -3  -1   1   0  -3  -3  -1   96   0   0   0   0   0   0   0   0   0   0   0   0   0   1   0   3   0   0   0  0.71 0.11
   81 E    -2  -1  -1   2  -5   1   6  -2  -1  -4  -4   0  -3  -4  -2  -1  -2  -4  -3  -3    0   0   0   7   0   1  91   1   0   0   0   0   0   0   0   0   0   0   0   0  1.02 0.12
   82 D    -3  -3   1   7  -5  -1   1  -2  -2  -4  -5  -2  -4  -5  -2  -1  -2  -5  -4  -4    0   0   0 100   0   0   0   0   0   0   0   0   0   0   0   0   0   0   0   0  1.41 0.14
   83 A     0  -3  -4  -4  -1  -3  -3  -4  -4   2   0  -3   0  -1  -3  -2  -1  -4  -2   5    7   0   0   0   0   0   0   0   0   2   0   0   0   2   0   0   0   0   0  89  0.60 0.10
   84 G     0  -3  -1  -2  -3  -3  -3   7  -3  -5  -5  -2  -4  -4  -3  -1  -2  -3  -4  -4    1   0   0   0   0   0   0  99   0   0   0   0   0   0   0   0   0   0   0   0  1.39 0.12
   85 I    -1  -3  -4  -4  -2  -3  -3  -4  -4   3   1  -3   1  -1  -3  -2  -1  -3  -2   5    0   0   0   0   0   0   0   0   0  19   5   0   1   2   0   0   1   0   0  72  0.54 0.08
   86 Y    -3  -3  -3  -4  -3  -2  -3  -4   1  -2  -2  -3  -2   3  -4  -3  -3   1   8  -2    0   0   0   0   0   0   0   0   0   0   0   0   0   2   0   0   0   0  98   0  1.55 0.16
   87 Y    -3  -3  -3  -4  -3  -2  -3  -4   1  -2  -2  -3  -2   3  -4  -3  -3   1   8  -2    0   0   0   0   0   0   0   0   1   0   0   0   0   3   0   0   0   0  96   0  1.51 0.16
   88 C    -1  -5  -4  -5  10  -4  -5  -4  -4  -2  -2  -4  -3  -4  -4  -2  -2  -3  -4  -2    0   0   0   0 100   0   0   0   0   0   0   0   0   0   0   0   0   0   0   0  2.16 0.18
   89 M    -2  -2  -3  -4  -2   0  -2  -3  -2   1   1  -2   8   0  -3  -2  -1  -2  -1   1    0   0   0   0   0   4   1   1   0   3   2   0  78   3   0   1   0   0   1   6  0.73 0.13
   90 Q    -2   0   0  -1  -4   7   1  -3   1  -4  -3   0  -1  -4  -2  -1  -2  -3  -2  -3    0   0   1   0   0  97   0   0   2   0   0   0   0   0   0   0   0   0   0   0  1.18 0.15
   91 R     2   1   0  -1  -2  -1  -1   2   0  -2  -2  -1  -2  -2  -1   1   1  -3  -1  -1   31  12   4   1   0   0   0  20   2   0   0   0   0   0   1  14   9   0   3   3  0.22 0.04
   92 S    -1  -1  -2  -3  -2  -2  -2  -3  -3   2   3   0   1  -1  -3  -1   1  -2  -1   1    3   3   0   0   0   0   0   0   0  14  45   6   1   0   0   5  12   0   1  10  0.20 0.04
   93 F     0   0  -1   0  -3   5   3  -1   4  -3  -3   0  -2  -2  -1  -1  -1  -3  -1  -3    7   0   0   1   0  43  24   2  15   0   1   1   0   1   1   0   1   0   1   0  0.50 0.08
   94 Y    -1  -2  -2  -2  -2  -2  -2  -3  -2   1   1  -2   0   4  -2   0   2   1   2   0    5   0   0   1   0   0   1   0   0   6  10   0   0  30   0   3  28   2   8   6  0.25 0.05
   95 P    -2  -3  -3  -2  -4  -2  -2  -3  -3  -4  -4  -2  -3  -5   8  -2  -2  -5  -4  -3    0   0   0   0   0   0   0   0   0   0   0   0   0   0  99   0   0   0   0   0  2.37 0.15
   96 Y    -2   0  -2  -3  -3  -2  -2  -3   2  -1   0  -2  -1   3   0  -2  -2   6   5  -1    0   6   1   0   0   1   0   1   5   3  12   0   0  13   6   0   1  17  33   0  0.54 0.06
   97 T    -1  -2   0  -2  -2  -1  -2  -2  -2  -2  -2  -1  -2  -3  -2   2   6  -3  -2  -1    0   0   2   0   0   0   0   0   0   0   0   0   0   0   0   9  88   0   1   0  0.77 0.12
   98 F    -3  -4  -4  -5  -3  -4  -4  -4  -2  -1   0  -4  -1   8  -5  -3  -3   0   2  -2    0   0   0   0   0   0   0   0   0   0   0   0   0 100   0   0   0   0   0   0  1.37 0.14
   99 G    -1  -3  -1  -2  -3  -3  -3   7  -3  -5  -5  -2  -4  -4  -3  -1  -2  -3  -4  -4    0   1   0   0   0   0   0  99   0   0   0   0   0   0   0   0   0   0   0   0  1.39 0.12
  100 Q    -1   0  -1  -1  -4   6   1   1   0  -4  -3   0  -2  -4   2  -1  -2  -3  -2  -3    0   1   0   0   0  79   0  10   1   0   0   0   0   0   9   0   0   0   0   0  0.85 0.12
  101 G    -1  -3  -1  -2  -3  -3  -3   7  -3  -5  -5  -2  -4  -4  -3  -1  -2  -3  -4  -4    0   0   0   0   0   0   0 100   0   0   0   0   0   0   0   0   0   0   0   0  1.41 0.12
  102 T    -1  -2  -1  -2  -2  -2  -2  -2  -3  -2  -2  -2  -2  -3  -2   1   6  -3  -3  -1    0   0   0   0   0   0   0   0   0   0   0   0   0   0   0   1  99   0   0   0  0.93 0.14
  103 R    -2   3   0  -1  -4   1   0  -2  -1  -4  -3   6  -2  -4  -2  -1  -1  -4  -3  -3    0  12   1   0   0   0   0   0   1   0   0  86   0   0   0   0   0   0   0   0  0.82 0.11
  104 L    -1  -3  -4  -4  -2  -3  -3  -4  -4   2   3  -3   2  -1  -3  -3  -1  -3  -2   4    0   0   0   0   0   0   0   0   0   0  50   0   3   0   0   0   0   0   0  47  0.48 0.07
  105 E    -2  -1  -1   3  -5   1   6  -2  -1  -4  -4   0  -3  -4  -2  -1  -2  -4  -3  -3    0   0   0  13   0   0  86   1   0   0   0   0   0   0   0   0   0   0   0   0  0.99 0.12
  106 V    -2  -4  -4  -4  -2  -3  -4  -5  -4   6   1  -3   1  -1  -4  -3  -1  -3  -2   2    0   0   0   0   0   0   0   0   0  89   4   0   1   0   0   0   1   0   0   5  0.71 0.11
  107 R    -2   2  -1  -1  -4   1   0  -2  -1  -4  -3   6  -2  -4  -2  -1  -1  -4  -3  -3    0   5   0   0   0   0   1   0   0   0   0  93   0   0   0   0   1   0   0   0  0.89 0.12
  108 R    -2   6  -1  -2  -4   1   0  -3  -1  -4  -3   2  -2  -3  -3  -1  -2  -3  -2  -3    0  97   0   0   0   0   3   0   0   0   0   0   0   0   0   0   0   0   0   0  0.98 0.07

                      K         Lambda
PSI Ungapped         0.1758     0.3172
PSI Gapped           0.0538     0.2670
