40	5452	1.00	0.000E+00	0	703	704	0	703	704	704M
48	1510	0.566	4.750E-69	0	702	704	0	699	702	56M1D157M3I34M4I3M5D53M1D24M1D62M2I58M7I4M7D24M1I6M1D64M3I25M1D113M
5	696	0.194	8.764E-34	2	701	704	5	736	744	8M1I2M1D15M1D17M5D49M1D44M4I13M1D23M1D24M2I12M12D57M4D39M8D12M8D18M1I36M12I8M7D2M6D26M2D7M3I15M8I9M5D3M2I8M1D28M2I12M2D9M3D41M4I15M7I31M1D8M8D5M1I18M1D8M2I21M3D8M
31	676	0.209	1.571E-33	2	700	704	5	744	753	8M1I2M1D15M1D17M5D50M2D39M4I17M1D23M1D24M2I12M12D42M10D7M5D10M1D20M1D19M10D53M1D5M1I8M3D3M2D11M3I2M1I8M2D23M3I17M8I9M5D3M2I8M1D73M2D6M1D17M16I36M4D2M2D10M1I2M8D18M1D8M2I21M3D7M
4	675	0.209	5.733E-34	2	701	704	5	745	753	8M1I2M1D15M1D17M5D50M2D39M4I17M1D23M1D24M2I12M12D52M4I20M12D3M9D15M5D3M5D54M1D5M1I8M3D3M2D12M4I9M2D23M3I17M8I9M5D3M2I8M1D29M2I7M2I6M4D27M2D6M1D13M4I19M6I39M1I1M1I16M2I9M10D22M3D8M
2	672	0.195	1.205E-33	2	701	704	5	738	746	8M1I2M1D15M1D17M5D51M1D38M4I21M1D19M1D24M2I12M12D44M12D5M5D2M2D32M9D19M2I18M5I36M12I8M7D2M6D26M2D7M3I15M8I9M5D3M2I8M1D92M1I18M7I31M1D8M8D5M1I18M1D8M2I21M3D8M
3	671	0.198	2.277E-33	2	701	704	5	734	741	8M1I2M1D15M1D17M5D49M1D40M6I1M2D14M1D23M1D19M1I8M1I9M12D56M4D24M2D16M4D10M8D20M1I36M3D5M2D12M4I9M1D13M1I4M2D6M3I16M8I9M5D3M2I8M1D25M1D3M3I11M2D23M11D19M12I15M7I33M1D9M1D3M6D18M1D8M2I21M3D8M
11	670	0.205	1.060E-32	2	700	704	5	735	743	8M1I2M1D15M1D17M5D49M1D40M4I17M1D23M1D24M2I12M12D41M9D4M9D5M1D49M1D27M1I38M3D3M2D12M4I9M1D13M1D10M3I17M8I9M5D3M2I8M1D27M2I13M2D26M3D28M4I15M3I15M3I24M3D3M4D18M1D8M2I21M3D7M
10	663	0.208	4.303E-33	2	700	704	5	733	742	8M1I2M1D15M1D13M7D1M2I50M1D40M4I19M1D21M1D24M2I12M12D35M2D8M2I12M4D23M2D24M7D19M5D3M1I25M1I4M1D8M3D3M2D12M4I9M1D13M1D11M3I16M8I9M5D3M2I8M1D27M2D3M2I36M3D28M4I15M3I12M3I27M1D3M6D18M1D8M2I21M3D7M
16	659	0.190	3.870E-33	2	700	704	5	735	743	26M1D17M5D49M1D40M4I17M1D23M1D24M2I12M12D57M4D39M8D10M4D23M3D34M12I8M7D2M6D26M2D7M3I15M8I9M5D3M2I8M1D28M2I12M2D50M1I22M3I15M3I24M1I1M1I16M2I10M10D21M3D7M
8	659	0.189	7.711E-33	2	701	704	5	745	756	8M1I2M1D15M1D14M5D54M2D38M4I19M1D20M1D25M2I12M12D37M5D43M13D29M10D10M6D44M3D5M2D11M3I2M1I31M2D2M3I15M8I9M5D3M2I8M1D24M2I16M3D16M3D34M5I14M7I9M4I19M1D8M8D4M1I18M1D8M2I29M
28	658	0.214	7.475E-34	2	701	704	3	744	749	28M1D16M5D48M1D39M4I20M1D21M1D24M16D10M6I33M6D9M5D19M9D14M3D11M2I8M3D10M4I14M4I35M5D14M3I2M1I6M1I14M1D4M2D7M3I10M3D7M11I5M5D3M2I8M1D33M1I24M3D8M2D9M6I7M2D18M1D44M1D7M8D5M1I18M1D7M1I13M3D10M3D8M
7	652	0.199	3.870E-33	2	701	704	5	742	752	8M1I2M1D15M1D13M3D3M2D52M2D38M4I17M1D23M1D22M1I5M1I9M12D33M4D11M2D29M2D50M23D40M3D5M2D11M3I2M1I32M1I18M8I9M5D3M2I8M1D29M2I11M1I19M1D8M4D9M7I29M5I16M3I11M2D7M8D5M1I18M1D8M2I29M
6	647	0.194	2.754E-32	2	702	704	5	732	740	8M1I2M1D15M1D17M5D49M2D40M4I17M1D23M1D24M2I12M12D38M6D7M8I12M1D15M15D53M1D8M5D22M3D5M2D12M4I34M3I14M1I5M7I5M5D3M2I8M1D111M7I9M4I4M5I6M5D4M1D10M1D3M6D18M1D8M2I23M1D7M
9	632	0.197	4.209E-32	2	701	704	5	752	759	8M1I2M1D14M1D14M5D54M2D39M4I17M1D23M1D28M2I8M12D31M1I2M2D3M7D16M11D56M1I19M5D34M12I8M7D2M6D8M1D2M2I17M3D3M1I13M1I9M7I5M5D3M2I9M1D16M1D8M4I17M5D10M5D50M13I10M2I17M9D12M1I2M8D18M1D6M2I8M1D15M3D8M
17	599	0.282	1.368E-17	5	246	704	4	258	644	25M1D11M2D4M3D38M1I49M4I40M1D3M1D22M2I12M12D31M
0	593	0.196	1.439E-29	2	701	704	5	730	739	26M1D18M5D47M1D41M4I17M1D23M1D24M2I12M12D34M6D11M1D45M3D9M2D30M2D8M2D28M5D14M3I2M1I6M1I21M3D5M3I10M3D6M11I5M5D3M2I9M1D61M5D13M1I16M19I39M1D9M1I2M1I15M2I9M11D12M6D19M
20	389	0.169	5.800E-20	8	541	704	18	657	661	37M5D86M2I9M2I17M1D15M3D23M1I6M1I9M14D30M29D6M17D4M3D8M7D11M5I7M1D22M10D23M35D15M8I8M2D5M5I2M3D9M3I4M2I20M15I6M1I7M1I23M6D8M1D1M3D5M8D11M10D16M2D6M9I4M1D16M
42	379	0.164	1.246E-20	0	700	704	0	700	702	9M1I2M1D17M1D13M1D8M3D83M4I39M1D5M1D21M2I12M12D32M53D19M1D11M1D4M3D21M2D15M3D11M1D11M16I7M4I6M19I6M9I34M25I17M4I3M7I25M18I29M2I9M12I38M23D2M19D4M1I4M3I3M5I15M6D3M1I19M1D11M
44	379	0.181	2.072E-19	0	638	704	0	574	750	9M1I2M1D17M1D13M1D8M3D84M1I3M3I35M1D6M1D20M2I12M12D33M27D6M23D33M2D41M8D10M16I8M44I10M1D13M7I3M26I4M5I5M15I4M6I16M21I11M2D86M
47	372	0.163	3.413E-20	0	700	704	0	700	702	9M1I2M1D17M1D13M1D8M3D83M4I39M1D5M1D21M2I12M12D32M53D7M1D18M5D14M1I15M2D22M1I23M2I7M1I4M31I4M9I33M25I18M4I3M7I24M27I8M5I69M23D2M19D4M1I4M3I3M5I15M6D3M1I19M1D11M
14	365	0.169	3.339E-19	0	700	704	0	676	678	9M1I2M1D16M1D14M1D8M3D84M1I3M3I35M1D6M1D20M2I12M12D30M27D6M1I2M24D95M5I10M4I4M5I3M25I11M2I21M26I7M2I6M24I18M21I25M2I15M1I25M2D10M6D6M10D4M16D8M4I3M5I11M1I3M6D5M1I16M1D12M
19	361	0.174	8.866E-20	0	700	704	0	698	706	9M1I2M1D17M1D13M1D8M3D84M1I3M3I35M1D6M1D20M2I12M12D31M27D8M23D23M8D6M3D56M3I6M2I7M1I5M3I5M5I5M10I4M11I33M27I13M21I5M2I13M24I12M2D12M2I24M1D19M3D3M2D13M39D8M6I3M5I3M1I11M6D6M1D11M7I10M
24	361	0.173	1.096E-19	0	700	704	0	698	706	9M1I2M1D17M1D13M1D8M3D84M1I3M3I35M1D6M1D20M2I12M12D31M27D8M23D30M3D20M1I19M3D15M3I4M8I10M4I2M7I3M5D7M4I4M8I36M27I13M21I5M2I13M24I12M2D12M2I24M1D19M3D16M41D8M6I3M5I3M1I11M6D6M1D11M7I10M
33	359	0.139	7.398E-19	3	701	704	4	639	647	25M1D13M7D2M2I88M4I19M8D3M3I14M1D25M1I4M3I4M6D4M8D30M6D6M7D12M1I30M3D43M4I5M7I10M4I4M19I4M10I33M27I14M32I18M1I12M8I20M29I20M12D3M20D4M2I4M6D3M1I8M1D17M19D8M3I9M7I13M
26	356	0.172	3.444E-18	3	504	704	2	628	657	9M1D18M1D11M1D4M3D95M1I21M1D16M1D24M12D15M2D30M24D5M27D46M10D34M2D18M10D14M3I6M5I5M5D13M10I26M8D29M3D4M21D8M13D16M2D3I13M
32	356	0.142	2.253E-18	0	701	704	0	654	659	10M1I1M1D16M1D16M2D29M2D61M4I38M1D6M1D20M1D14M13D31M31D20M9D44M4I25M15I8M14I4M26I27M3I2M28I14M19I43M2I14M3I17M19I21M21D10M20D5M8D5M1I5M6I5M9I5M1I9M2I5M1I14M
49	353	0.169	1.429E-19	0	700	704	0	736	744	9M1I3M1D17M1D12M1D8M3D84M4I38M1D6M1D20M2I12M12D30M27D6M35D87M4I21M3I6M5I10M3I5M9I15M1D14M1I5M26I8M1I6M16I26M17I28M6D74M8D2M7D8M25D8M1I2M4D6M2D4M1D11M7I10M
13	348	0.174	2.848E-19	0	699	704	0	739	742	9M1I3M1D17M1D12M1D8M3D84M1I3M3I35M1D6M1D20M2I12M12D30M27D6M25D15M4D4M6D54M5D48M4I4M25I14M1D14M1I5M26I8M1I6M16I26M17I27M6D75M6D2M7D8M25D8M1I2M4D6M2D4M1D10M1I16M
37	347	0.149	3.339E-19	3	701	704	1	707	713	7M1I1M1D17M1D12M5D15M1D80M2I4M2I15M5D5M5D16M1D20M1I5M1I2M4D8M8D32M24D17M1D56M2D34M1D7M6I3M6I5M8I5M10I34M8D9M20I8M1I3M1I6M10D5M12I4M2D13M2D15M1I7M3D3M1D10M5I17M18I18M2I12M13D15M1I3M7D7M1D5M5D7M3I4M4D6M6I15M
45	346	0.181	3.712E-19	3	700	704	3	736	744	7M1I2M1D17M1D12M1D8M3D84M1I3M3I35M1D6M1D20M2I12M12D32M53D9M1D10M2D4M6D49M8D5M3I45M4I4M25I14M1D14M1I5M26I8M1I6M16I26M17I28M6D44M1I23M3D8M13D8M25D8M1I2M4D6M2D4M1D11M7I10M
27	343	0.149	1.880E-17	5	700	704	7	649	651	5M1I1M1D17M1D10M5D3M2I95M4I11M2D21M1D7M1D20M2I12M12D31M57D29M1D8M5I35M1I14M15I9M45I26M3I3M27I2M41I11M26I71M14D10M12D2M19D4M8D5M1I7M5I4M9I36M
46	340	0.159	3.553E-17	5	700	704	9	649	651	5M1I1M1D17M1D10M5D3M2I94M4I13M2D20M1D7M1D20M2I12M12D31M59D23M3I51M1I13M21I4M4I7M31I6M1I22M3I2M27I2M44I7M32I39M11D7M3I12M13D17M25D5M8D5M1I7M5I4M9I4M1I6M1I1M1I8M3D14M
25	339	0.158	2.376E-18	0	699	704	0	729	732	9M1I2M1D16M1D14M1D8M3D84M1I3M3I35M1D6M1D20M2I12M12D32M24D4M2D3M24D95M5I10M4I4M5I10M5I3M8I36M25I16M8I2M14I18M18I3M2I35M3D64M28D7M25D11M1I3M6D5M1I16M1D11M
41	333	0.166	3.632E-18	0	700	704	0	742	744	9M1I2M1D16M1D14M1D8M3D84M1I3M3I35M1D6M1D20M2I12M12D32M24D4M2D3M24D12M9D35M2D44M11I6M6I4M5I10M5I3M8I36M25I16M8I2M14I18M18I3M2I35M3D25M10D13M3D23M17D2M7D8M25D11M3D6M2D4M1D10M1I17M
15	332	0.160	3.031E-17	3	677	704	4	684	709	9M1D18M1D12M1D3M3D95M1I38M1D23M12D15M2D34M3I11M30D9M1I49M3I12M18I5M16I3M11I5M10I17M14I14M9D18M2I2M20I12M2I15M18I4M4D48M2D37M35D9M1D6M19D3M2I9M2I3M8D14M
12	331	0.164	1.521E-17	5	541	704	7	668	671	24M1D10M5D3M2I94M4I13M2D20M1D7M1D20M2I12M12D31M59D5M38D32M17D15M18D7M1D10M7D31M8I16M22I4M10I44M21D16M5I6M1I13M7D6M2D9M6I7M7I15M
34	330	0.146	1.141E-16	3	518	704	23	627	770	6M1I2M1D17M1I15M5D24M2D3M1D23M2D26M4D12M3I24M2I6M3D10M1D25M12D2M2D8M3I27M7D2M1D7M4D48M6D13M14D33M10D16M2D11M1D4M1I11M6D2M1D19M2D7M2D11M1D2M1D3M34I5M9D10M1D8M25D19M8D10M
1	328	0.170	1.691E-17	7	537	704	7	690	692	2M1I2M1D16M1D14M1D4M3D89M2I5M2I32M1D6M1D20M2I12M12D30M37D6M39D8M8D25M3I43M14D9M3I20M6I5M4I3M10I5M11I32M11D8M31D6M22D15M4I17M5D3M4D6M3D3M1D13M6D24M
22	328	0.147	6.864E-18	3	702	704	0	734	739	11M3D13M1D14M2D5M3D89M2I5M2I31M1D7M1D20M2I8M2D2M10D34M85D5M31D24M1I44M6I17M10I7M31I2M12I27M2I4M26I3M6I6M28I14M18I23M1D28M2D11M1I22M11D8M31D7M3I3M5I5M1D10M5D36M
30	326	0.178	7.081E-17	5	532	704	9	647	652	5M1I1M1D17M1D10M5D3M2I94M4I12M1I3M3D17M1D7M1D20M2I12M12D31M59D6M8D27M13D49M3D19M3D15M6I12M11I4M9I2M8D27M18D4M1D3M22D4M9I11M3I3M2I5M1I12M5D5M4D11M6I20M
39	324	0.178	3.553E-17	5	532	704	7	638	643	5M1I1M1D17M1D10M5D3M2I89M4I22M2D17M1D6M1D20M2I12M12D31M35D5M39D20M6D18M3D39M4D16M5D4M4D16M4I4M4I6M9I7M7I24M1I19M26D15M9I4M1I12M5D5M4D11M6I20M
23	319	0.175	3.098E-18	4	642	704	0	746	760	9M6D13M3D6M3D14M6D88M4I20M1D18M2D5M1D21M23D8M6I32M11D5M23D12M3D3M13D31M8D5M8D15M8D23M1I23M1I5M5I6M3D6M10D10M7I33M13D6M7I29M5I5M6I6M10D21M3D5M10I46M3I41M1D8M4D6M
50	317	0.168	8.302E-17	3	638	704	1	579	704	4M3D5M1D16M1D11M5D3M2I90M4I17M1I3M5D16M1D7M1D20M2I12M12D31M41D6M21D8M12I24M4D43M15I6M8I2M9I4M11I3M1D4M1I1M6I30M26I14M20I2M2I2M2I13M25I4M1I47M1I14M2I17M3I4M
35	314	0.128	3.476E-16	3	700	704	4	735	737	6M1I2M1D16M1D11M1D11M3D20M3D65M2I5M2I33M2D25M12D12M2I33M5D9M2D6M65D51M5I7M26D23M57I19M8I29M51I33M3D17M9I63M13D7M3D2M2I7M19D19M15D12M1I15M
38	313	0.170	9.231E-17	7	537	704	7	690	692	2M1I2M1D16M1D14M1D4M3D89M2I5M2I34M1D4M1D20M2I12M12D30M37D6M40D6M7D27M3I43M14D9M3I20M6I5M3I7M8I4M9I10M5D33M18D5M36D15M4I17M5D3M4D6M3D3M1D13M6D24M
29	306	0.140	1.411E-16	3	703	704	35	758	759	8M5D1M1D16M1D14M1D4M3D87M4I38M1D7M1D20M2I12M12D31M43D5M38D7M7D11M18I51M20I3M45I4M1I15M4I3M2I26M3I5M41I12M23I60M20D20M17D9M9I5M17D2M3I13M7D11M12D5M11D3M1D18M
43	301	0.157	7.873E-17	7	703	704	7	691	693	2M1I2M1D16M1D14M1D4M3D87M4I39M1D6M1D20M2I12M12D30M37D6M39D8M8D25M3I32M9I9M5I21M13I10M5I4M10I34M26I15M27I20M3I24M28I5M3I7M4I7M4I9M6I10M17D1M4D8M5I11M7D4M4D8M10D29M
18	298	0.162	9.231E-17	0	695	704	0	772	775	9M1I2M1D16M1D13M10D3M7D12M6D78M4I39M1D3M1D22M2I12M12D31M27D5M30D6M19D11M37D19M13D75M6I4M5I3M24I29M1I4M28I6M2I6M16I28M6I10M3I21M2D10M4D4M29D50M22I5M7I7M1I3M2D14M3D8M
36	272	0.150	2.346E-15	0	699	704	0	702	705	10M1I1M1D18M1D10M5D99M1I2M2I7M1I7M4D3M3I17M2D20M2I12M12D31M63D6M14D22M1D23M1D49M32I2M25I28M2I4M24I17M16I9M10D17M14I60M3I26M2D6M21D5M3I3M1I5M4D7M7I5M3I4M3D10M1I14M
21	259	0.152	2.001E-15	3	682	704	0	696	710	21M2D9M2D7M2D17M3D37M2D25M9D19M4I15M1D6M1D11M1D33M10D11M4D19M25D6M2I8M17D85M5I23M3I2M6I4M7I8M9I35M26I15M19I2M3I18M19I8M15D46M7D18M1D29M1I2M18D2M1D9M4I2M3D9M1D11M
 