52	10698	1.00	0.000E+00	0	1083	1084	0	1083	1084	1084M
31	5038	0.414	0.000E+00	1	982	1084	13	1031	1032	2M1D3M1D21M3D69M4D143M2D19M3D3M1D5M1I26M2D8M4D43M1D57M4D5M1D197M2D53M3D4M1D31M2D112M1D96M1D73M1D11M
8	4514	0.368	0.000E+00	3	984	1084	11	1020	1022	24M4D6M4I70M1I128M2I18M2I6M1D2M10D33M4D2M2D96M2I71M2I17M11D7M1D107M1I15M1I33M1D51M2D57M9D8M2I7M2D25M4D99M4I5M2I72M
64	4491	0.365	0.000E+00	0	982	1084	5	1013	1014	27M3D7M2I60M4D142M1I17M2I8M1D4M1I22M2D9M4D96M1I1M6D6M1D63M2D5M1I126M1I53M3D49M1D97M2D28M3D73M1D9M1D59M1D13M
56	4464	0.379	0.000E+00	3	984	1084	10	1029	1030	25M5D3M5I69M1I132M3I11M2I3M1I3M1D10M10D28M1I2M7D96M2I70M2I13M12D115M2D6M2D40M2D45M3D27M2D43M9D42M4D41M2D57M2I1M2I5M2I72M
37	4422	0.356	0.000E+00	0	982	1084	0	1024	1026	4M6D23M2D3M1D2M3I61M4D146M2I12M3I10M1D33M5D96M1I1M6D6M1D63M2D5M1I19M11D5M10D25M1I74M1I54M1D39M2I8M1D99M2D99M1D10M1D58M1D14M
59	4403	0.362	0.000E+00	3	984	1084	11	1031	1032	24M4D6M4I68M1I130M3I16M3D5M1I2M3D4M2D2M2D30M1I2M7D96M2I70M2I17M11D7M1D103M2D6M2D41M2D47M3D25M2D43M9D40M1D2M3D40M2D59M4I5M2I72M
58	4402	0.363	0.000E+00	3	984	1084	11	1030	1031	24M5D4M5I71M1I128M3I13M2I3M1I4M1D9M10D28M1I2M7D96M2I70M2I17M11D7M1D103M2D6M2D41M2D47M3D25M2D43M9D40M1D2M3D40M2D59M4I5M2I72M
44	4385	0.355	0.000E+00	4	984	1084	12	1000	1002	23M3D4M3I19M1I42M4D9M1I130M1I6M1I13M2I40M2D3M3D96M1I1M7D6M1D63M2D5M1I49M1I20M1I4M4I45M1I36M1D24M2D33M2I107M2D111M1D33M1I22M1D16M
4	4362	0.372	0.000E+00	3	982	1084	11	1034	1035	27M5D2M4I69M1I130M2I20M2D2M1I4M5D2M3D26M2D8M4D96M2I71M2I13M7D5M8D10M1D105M2D48M2D6M1D32M7D10M4I11M1D4M3D41M9D42M4D99M4I5M2I70M
35	4323	0.355	0.000E+00	4	987	1084	12	1000	1001	23M3D4M3I19M1I42M4D9M1I130M2I19M2I40M2D3M3D98M6D6M1D63M2D5M1I49M1I20M1I4M4I45M1I36M1D24M2D33M2I107M2D81M1I29M1D33M1I25M1I15M
46	4283	0.372	0.000E+00	3	986	1084	13	1025	1026	24M2D5M1I33M2I39M1I17M1D118M1I9M1I2M2I10M10D31M4D2M2D97M2I70M2I17M11D11M1D103M2D57M2D38M2D63M9D6M3I7M3D26M4D97M2I5M2I2M2I68M3I3M
7	4267	0.367	0.000E+00	3	982	1084	13	1024	1025	24M4D3M3I33M2I37M1I19M1D113M3I3M2D8M3I13M10D31M4D2M2D97M2I70M2I18M11D10M1D103M2D57M2D34M2D67M9D6M3I7M3D26M4D39M3D2M3I54M2I4M2I2M2I70M
25	4265	0.363	0.000E+00	3	985	1084	11	1040	1041	24M4D6M4I30M3D38M1I133M3I14M3D4M1I2M3D4M3D34M6D97M2I70M2I17M11D7M1D101M2D8M1D48M1I6M3D32M5D5M5D64M9D6M3I7M3D26M4D40M6D58M1I1M3I5M2I66M2I5M
5	4250	0.365	0.000E+00	3	982	1084	13	1024	1025	24M4D3M3I33M2I37M1I19M1D118M1I8M3I13M8D3M2D28M2D2M4D97M2I70M2I18M11D10M1D103M2D57M2D34M2D67M9D6M3I7M3D26M4D39M3D2M3I54M2I4M2I2M2I70M
16	4248	0.351	0.000E+00	3	980	1084	15	1024	1025	27M3D4M2I31M2I36M1I19M1D113M1I13M2I3M1I8M12D3M2I22M2D8M4D97M2I70M2I17M11D11M1D100M1D5M1D49M1D4M1D36M1D8M1D59M9D8M2I8M2D18M2D6M2D99M4I5M2I68M
18	4241	0.345	0.000E+00	3	980	1084	14	1023	1024	29M1I2D33M2I37M1I19M1D113M1I13M2I3M1I10M10D25M2D8M4D97M2I70M2I17M11D7M1D104M1D5M1D50M1D3M1D37M2D66M9D6M3I7M3D23M3D3M1D99M4I5M2I68M
40	4231	0.353	0.000E+00	3	984	1084	14	1030	1031	18M5I10M2D30M2I37M1I19M1D113M1I16M3I7M7D2M3D32M4D2M2D97M2I70M2I18M11D10M1D100M1D4M4D50M1I37M3D19M2D50M9D6M3I7M3D26M4D98M2I3M2I5M2D72M
61	4216	0.353	0.000E+00	3	982	1084	13	1021	1022	25M4D2M3I30M2I42M1I17M1D113M1I13M2I3M1I7M7D6M3D28M4D2M2D97M2I70M2I17M11D8M1D104M1I52M1D4M1D34M1D12M1D57M9D6M3I7M3D26M4D93M2I9M2I2M2I70M
60	4213	0.353	0.000E+00	3	982	1084	14	1022	1023	25M4D2M3I34M2I36M1I19M1D113M1I13M2I3M1I8M8D5M2D28M4D2M2D97M2I70M2I17M11D11M1D101M1I52M1D4M1D34M1D12M1D57M9D6M3I7M3D26M4D98M2I4M2I2M2I70M
17	4205	0.334	0.000E+00	0	984	1084	0	1024	1026	3M10D24M4D3M3I33M2I37M1I19M1D116M3I9M1I2M2I7M7D5M3D29M2D3M4D96M2I70M2I17M11D11M1D105M1D48M2D5M1D33M1D12M1D58M9D42M4D95M1I4M3I5M2I72M
32	4197	0.350	0.000E+00	3	982	1084	13	1021	1022	25M4D2M3I34M2I38M1I17M1D120M1I9M3I8M8D5M2D22M2D9M4D96M2I70M2I17M11D8M1D104M1I52M1D4M1D33M2D70M9D6M3I7M3D26M4D93M2I9M2I2M2I70M
41	4194	0.349	0.000E+00	3	982	1084	14	1022	1023	25M4D2M3I34M2I36M1I19M1D113M1I13M2I3M1I8M7D5M3D28M4D2M2D97M2I70M2I17M11D7M1D105M1I52M1D4M1D46M2D57M9D6M3I7M3D26M4D98M2I4M2I2M2I70M
38	4194	0.370	0.000E+00	3	987	1084	11	1038	1039	24M4D6M4I30M3D38M1I135M3I8M2I3M1I4M3D3M5D5M3D31M6D97M2I70M2I13M6D4M6D111M4D7M4D42M2D41M6D71M9D6M3I7M3D26M4D40M1D57M2I2M2I5M2I70M2I3M
48	4190	0.350	0.000E+00	3	982	1084	14	1022	1023	25M4D2M3I34M2I36M1I19M1D113M1I16M3I8M7D5M3D31M6D96M2I70M2I17M11D7M1D105M1I52M1D4M1D46M2D57M9D6M3I7M3D26M4D98M2I4M2I2M2I70M
47	4181	0.346	0.000E+00	3	982	1084	14	1022	1023	26M3D5M2I31M2I38M1I17M1D113M1I13M2I3M1I8M8D5M2D28M4D2M2D97M2I70M2I17M11D7M1D105M1I52M1D4M1D46M2D57M9D8M2I8M2D24M4D98M2I4M2I2M2I70M
45	4176	0.351	0.000E+00	3	982	1084	14	1022	1023	25M4D2M3I34M2I36M1I19M1D113M1I16M3I8M7D5M3D28M4D2M2D97M2I70M2I17M11D11M1D101M1I52M1D4M1D34M1D12M1D57M9D6M3I7M3D26M4D98M2I4M2I2M2I70M
15	4172	0.347	0.000E+00	3	982	1084	14	1022	1023	25M4D2M3I30M2I42M1I17M1D113M1I16M3I8M8D5M2D28M4D2M2D97M2I70M2I17M11D7M1D105M1I52M1D4M1D32M1I13M3D57M9D8M2I8M2D24M4D98M2I4M2I2M2I70M
27	4170	0.347	0.000E+00	3	982	1084	14	1022	1023	26M3D5M2I31M2I38M1I17M1D113M1I13M2I3M1I8M8D5M2D28M4D2M2D97M2I70M2I17M11D11M1D101M1I52M1D4M1D46M2D57M9D6M3I7M3D26M4D98M2I4M2I2M2I70M
49	4169	0.356	0.000E+00	3	984	1084	13	1023	1025	24M4D3M3I33M2I39M1I17M1D118M1I9M1I2M2I10M10D31M4D2M2D97M2I70M2I17M11D11M1D103M2D56M2D19M2D23M1I59M9D6M3I7M3D26M4D97M2I5M2I2M2I66M2I4M
14	4166	0.348	0.000E+00	3	982	1084	14	1022	1023	25M4D2M3I30M2I42M1I17M1D113M1I13M2I3M1I8M8D5M2D28M4D2M2D97M2I70M2I17M11D7M1D105M1I52M1D4M1D32M1I13M3D57M9D8M2I8M2D24M4D98M2I4M2I2M2I70M
28	4166	0.349	0.000E+00	3	982	1084	14	1022	1023	25M4D2M3I30M2I40M1I19M1D113M1I16M3I8M7D5M3D28M4D2M2D97M2I70M2I17M11D7M1D105M1I52M1D4M1D46M2D57M9D6M3I7M3D26M4D98M2I4M2I2M2I70M
2	4162	0.351	0.000E+00	3	982	1084	14	1022	1023	25M4D2M3I34M2I36M1I19M1D113M1I13M2I3M1I7M7D6M3D28M4D2M2D97M2I70M2I17M11D11M1D101M1I52M1D4M1D32M1I13M3D57M9D6M3I7M3D26M4D98M2I2M2I4M2I70M
20	4160	0.350	0.000E+00	3	982	1084	14	1022	1023	25M4D2M3I30M2I42M1I17M1D113M1I13M2I3M1I7M7D6M3D28M4D2M2D97M2I70M2I17M11D7M1D105M1I52M1D4M1D33M2D70M9D6M3I7M3D26M4D98M2I4M2I2M2I70M
22	4156	0.348	0.000E+00	3	984	1084	14	1022	1023	25M4D2M3I30M2I40M1I19M1D113M1I16M3I8M8D5M2D28M4D2M2D97M2I70M2I17M11D11M1D101M1I52M1D4M1D46M2D57M9D8M2I8M2D24M4D98M2I4M2I2M2I66M2I4M
62	4154	0.347	0.000E+00	3	982	1084	14	1022	1023	26M3D5M2I31M2I38M1I17M1D113M1I13M2I3M1I8M8D5M2D22M2D8M4D97M2I70M2I17M11D11M1D101M1I52M1D4M1D46M2D57M9D6M3I7M3D26M4D98M2I4M2I2M2I70M
29	4152	0.346	0.000E+00	3	982	1084	15	1023	1024	25M4D2M3I34M2I36M1I19M1D113M1I16M3I7M7D6M3D28M4D2M2D97M2I70M2I17M11D7M1D105M1I52M1D4M1D46M2D57M9D6M3I7M3D26M4D98M2I4M2I2M2I70M
13	4152	0.364	0.000E+00	3	984	1084	13	1030	1031	26M3D2M2I33M2I37M1I19M1D111M2D4M4I11M3I8M4D5M6D22M2D9M4D96M2I70M2I17M11D11M1D105M2D46M4D43M2D67M9D6M3I7M3D13M2D8M6D4M1I95M1I4M3I5M2I72M
10	4140	0.349	0.000E+00	3	982	1084	14	1022	1023	25M4D2M3I34M2I38M1I17M1D113M1I13M2I3M1I8M7D5M3D28M4D2M2D97M2I70M2I17M11D7M1D103M1I54M1D4M1D32M1I13M3D57M9D8M2I8M2D18M2D6M2D98M2I4M2I2M2I70M
12	4135	0.350	0.000E+00	3	982	1084	14	1022	1023	25M4D2M3I34M2I38M1I17M1D113M1I13M2I3M1I7M7D6M3D28M4D2M2D97M2I70M2I17M11D7M1D103M1I54M1D4M1D32M1I13M3D57M9D6M3I7M3D20M2D6M2D98M2I4M2I2M2I70M
39	4121	0.337	0.000E+00	3	984	1084	11	1031	1033	33M2I29M2I13M1D25M1I17M2D118M1I9M1I2M2I9M10D32M2D2M3D97M2I70M2I17M11D7M1D103M1I4M6D92M3D8M2D57M9D8M2I7M2D22M5D3M1D99M4I8M1D71M
24	4119	0.345	0.000E+00	3	984	1084	14	1023	1024	27M2D6M1I30M2I36M1I19M1D111M1I18M3I7M7D6M3D22M2D8M4D97M2I70M2I17M11D11M1D105M2D87M1D12M1D57M4D2M1D6M1D8M3D23M5D2M1I93M2I6M2I5M2I66M2I4M
55	4104	0.347	0.000E+00	3	980	1084	14	1028	1031	29M1I2D34M2I36M1I19M1D111M1I3M2D15M3I7M8D6M2D22M2D8M4D97M2I70M2I17M11D7M1D109M2D48M2D6M1D31M4D71M9D6M3I7M3D19M2D7M2D98M4I6M2I68M
19	4104	0.336	0.000E+00	3	985	1084	12	1049	1050	29M2D4M1I29M2I37M1I19M1D111M1I4M8D14M3I9M11D3M1I22M2D9M4D96M2I70M2I17M11D11M1D105M2D48M2D5M1D39M18D64M9D6M3I7M3D26M4D98M2I4M2I2M2I66M2I5M
3	4101	0.349	0.000E+00	3	985	1084	14	1041	1042	29M2D4M1I30M2I38M1I17M1D111M1I4M8D14M3I7M4D6M6D22M2D9M4D96M2I70M2I17M11D11M1D105M2D48M2D5M1D33M1D12M5D58M9D6M3I7M3D26M4D93M2I9M2I2M2I73M
42	4089	0.339	0.000E+00	3	980	1084	14	1048	1052	29M2D4M1I29M2I37M1I19M1D111M1I4M8D14M3I8M10D27M2D9M4D96M2I70M2I17M11D11M1D105M2D48M2D5M1D42M18D61M9D6M3I7M3D23M5D2M1I98M2I4M2I2M2I68M
43	4086	0.339	0.000E+00	3	982	1084	14	1050	1052	29M2D4M1I29M2I37M1I19M1D111M1I4M8D14M3I8M10D27M2D9M4D96M2I70M2I17M11D11M1D105M2D48M2D5M1D38M18D65M9D6M3I7M3D26M4D93M2I9M2I2M2I70M
6	4081	0.336	0.000E+00	3	985	1084	14	1051	1052	29M2D4M1I29M2I37M1I19M1D111M1I4M8D14M3I9M11D3M1I22M2D9M4D96M2I70M2I17M11D11M1D105M2D48M2D5M1D39M18D64M9D6M3I7M3D26M4D98M2I4M2I2M2I66M2I5M
21	4071	0.334	0.000E+00	3	985	1084	14	1057	1058	29M2D4M1I29M2I37M1I19M1D111M1I4M8D14M3I9M11D3M1I22M2D9M4D96M2I70M2I17M11D11M1D105M2D48M2D5M1D38M24D65M9D6M3I7M3D26M4D98M2I4M2I2M2I66M2I5M
57	4061	0.336	0.000E+00	3	985	1084	14	1051	1052	29M2D4M1I25M2I41M1I19M1D111M1I4M8D14M3I8M10D27M2D9M4D96M2I70M2I17M11D11M1D105M2D48M2D5M1D36M18D67M9D6M3I7M3D26M4D98M2I4M2I2M2I66M2I5M
23	4061	0.335	0.000E+00	3	980	1084	14	1054	1058	29M2D4M1I29M2I37M1I19M1D111M1I4M8D14M3I8M10D27M2D9M4D96M2I70M2I17M11D11M1D105M2D48M2D5M1D36M24D67M9D6M3I7M3D23M5D2M1I98M2I4M2I2M2I68M
54	4060	0.334	0.000E+00	3	985	1084	14	1057	1058	29M2D4M1I29M2I37M1I19M1D111M1I4M8D14M3I9M11D3M1I22M2D9M4D96M2I70M2I17M11D11M1D105M2D48M2D5M1D38M24D65M9D6M3I7M3D26M4D98M2I4M2I2M2I66M2I5M
11	4049	0.333	0.000E+00	3	985	1084	14	1057	1058	29M2D4M1I29M2I37M1I19M1D111M1I4M8D14M3I9M11D3M1I22M2D9M4D96M2I70M2I17M11D11M1D105M2D48M2D5M1D38M24D65M9D6M3I7M3D26M4D98M2I4M2I2M2I66M2I5M
9	4046	0.352	0.000E+00	3	980	1084	14	1025	1028	29M2D3M1I32M2I35M1I21M1D115M1D13M3I7M1I2M5D3M6D19M2D12M3D96M2I70M2I13M12D120M2D46M4D8M1I34M1D10M1D57M9D6M3I7M3D22M1D4M3D93M2I6M2I5M2I68M
26	4034	0.355	0.000E+00	3	980	1084	14	1025	1028	27M3D4M2I31M2I36M1I21M1D115M1D10M6D1M2I15M3D23M2D9M3D96M2I70M2I13M12D120M2D46M4D8M1I34M1D10M1D57M9D6M3I7M3D22M1D4M3D93M2I6M2I5M2I68M
0	3999	0.346	4.349E-104	3	980	1084	9	1024	1025	29M2D4M1I30M2I13M4D2M4D21M1I19M1D116M5I11M1I7M1I2M11D31M4D3M2D96M2I70M2I17M11D11M1D105M2D48M2D4M1D47M1I56M9D8M2I7M2D25M2D43M4D56M4I5M2I68M
1	3997	0.312	0.000E+00	0	982	1084	11	1044	1045	26M4I4M2I16M1I5M3D38M4D9M1I20M5D44M10D50M3D4M2D16M2I15M2I6M1I10M1D23M2D3M4D96M1I1M6D6M1D65M1D24M5D3M2D26M1I74M1I56M5D4M1I30M1D7M5D6M1I83M1D12M2D28M2D37M1I35M1D10M3D58M1D14M
34	3959	0.343	0.000E+00	3	982	1084	13	1025	1026	29M2D3M1I7M2D3M1I6M3I5M1D7M2I35M1I21M1D115M1D10M6D1M2I15M3D20M2D12M3D96M2I70M2I13M12D120M2D48M2D8M1D38M2D62M9D6M3I7M3D22M1D4M3D93M2I6M2I5M2I70M
50	3914	0.344	6.738E-102	3	982	1084	13	997	998	22M12I31M3I11M3D23M1I19M1D115M3I9M3I11M6I29M6D97M2I68M2D19M11D10M2I46M1I4M4I46M1D4M4D25M1I1M1D22M1D46M2D38M1D24M9D8M2I8M2D13M2D11M2D93M2I8M2I6M1D69M
30	3744	0.297	2.555E-98	3	982	1084	5	993	994	23M3I7M7D23M3I7M2I36M1I127M1D5M5I11M2I7M5I128M10D4M3I64M4D6M1D18M1D4M1D124M1D11M2I9M3D9M4D1M3I6M1I35M3D20M1D42M2I7M2I7M2D25M5D153M1I26M
33	3497	0.314	1.175E-97	0	982	1084	4	1024	1025	22M12I3M1D21M3I6M3D16M3D24M1I19M1D81M1D16M1D14M3I10M1D2M11D4M6D8M1D34M1D2M5D97M8D3M3D5M10D65M3I21M6D55M3D3M2D46M1I23M3I4M1D10M4I8M6I4M3I23M2D56M4D3M2I10M4I14M3D13M4D8M1I2M2D4M2D9M1I14M2D46M2I8M1D15M1D14M1D9M2I31M1I26M
53	3411	0.310	1.019E-94	0	982	1084	0	1014	1015	14M1D13M11I23M12D22M3D22M1I18M2D3M1D95M3I17M6I7M1D6M2I7M5I129M1D67M3I17M17D5M1I103M3D5M1D35M5D14M1D37M1I20M2I6M2I6M5I4M4I6M3D21M18D9M3D6M2I13M1I4M2D10M2D2M1I12M2D2M1I75M1D6M5D44M1I26M
63	137	0.080	1.418E-13	39	1066	1084	34	1033	1036	14M2I5M6I13M7I2M14I13M2I16M2D2M3I11M1D1M10D7M8I12M17I2M2D1M26I3M10I6M8I3M12I5M5I1M20I9M3I2M4I3M12D2M23D7M15D2M2D7M8D3M5I10M8D18M1I4M12D15M3I6M4I4M4I7M1D3M2D8M1I22M10D4M15D4M1D6M4I5M5I4M1I14M10D5M8I2M5D1M2I8M3D8M16D5M13I4M36D14M2D3M5D11M18D10M7D5M14I5M7I12M5I12M30I1M2D2M2I5M1D18M1D14M1I10M2D6M2D3M3D5M1I3M7D4M3I5M10I5M4D6M1D24M1D18M5I8M7I10M7I3M2D6M8D9M11I22M11I4M9I13M1I6M9I13M22D7M3D4M2I2M3D4M1D5M2D13M5I1M3D3M9D5M6D8M4D15M3I6M
51	132	0.089	2.710E-12	38	1058	1084	36	1080	1084	10M1D6M8I3M1I13M7I2M14I13M2I16M1I15M1D7M2D16M1D5M17I2M2D4M20I1M15I5M10I9M2I6M7I5M20D5M35D4M24I8M5I3M1I5M2D3M5I11M6D2M2D13M4I7M6D2M9D9M3I6M4I4M4I7M1D2M2D4M2I4M1D14M3I10M1I12M1D10M1D2M15D5M4D10M4D7M6I3M3D4M3D9M3D7M16D5M13I4M36D8M1I4M5D5M3I7M15D11M14D10M4I7M4D2M3I7M1D4M14I13M16D6M4D6M2D9M16I16M1D14M1I10M2D7M3D2M4D11M12I2M2D6M3D3M1I8M3D10M3D2M1D15M1D14M5I7M4D3M2I3M6I2M8I10M8D7M11I24M18I20M11I3M1I12M1D5M7D6M15D4M1I8M7D13M5I2M3D3M12D6M1I2M8D4M1D16M
36	107	0.088	2.638E-10	36	1060	1084	41	1080	1081	6M4D4M3I14M11D16M7I2M14I13M2I9M1D16M1I6M4D8M2I4M1I13M18I3M23I4M10I7M9I3M1I2M11I4M1D12M9D2M4D2M25I6M15D6M13D3M9D4M12D3M2D3M2D3M1I2M3I4M5D8M1D4M1I5M4I7M2D1M14D10M3I6M4I4M4I7M2D2M1D6M1I23M12D8M14D8M11D8M7D10M6D5M1I4M5D7M4D1M10I10M1D16M13I4M5I1M35D7M13D6M1D9M8D10M16D3M1I1M10I8M19I5M13I6M39I39M2D5M2D3M9D8M5D5M3I4M4I5M3I7M1D27M2D3M5D14M4I10M4D2M2I5M3D9M2D5M11I6M11I24M11I4M9I13M1I6M9I17M11D3M3D2M9D6M2D2M3D5M4I3M13D8M4D4M2I3M7D6M1I2M3D4M12D3M2D15M
 