134	2299	1.00	3.218E-56	0	243	244	0	243	244	244M
56	290	0.198	1.829E-11	3	239	244	13	239	244	11M7D5M2D38M3D6M4I1M1I8M3D4M3D8M5I9M12I14M6D5M2I7M5I14M1D6M1I11M2I16M2I5M1I34M
114	287	0.156	4.998E-10	14	243	244	4	227	229	4M1I3M2I15M1D19M4I11M1D22M13I19M3D12M11I3D9M7D9M1I8M13D8M3D17M4I11M1D4M2I21M
51	286	0.178	4.153E-12	17	239	244	1	236	242	8M2D9M1D5M3D18M3I3M2I3M1I4M1D8M3D4M5I2M3I8M3I8M2D11M3D9M5D5M11I10M5D8M1I7M8D1M4D8M3D20M1D12M4I1M5D18M
152	286	0.140	4.303E-11	11	243	244	18	266	267	10M3I12M1D3M1D33M1I5M3D2M1I20M13I11M3D11M7D4M11I8M5D9M1I7M10D4M8D5M5D19M2D10M4D4M5I18M2D3M
104	282	0.177	1.790E-10	13	240	244	4	224	226	6M1I2M2I32M4I15M1D19M6I3M9I13M1D2M2D8M3D4M9I11M6D9M1I9M11D7M5D14M2I4M1I7M2D4M3I21M
181	278	0.167	9.031E-11	11	243	244	13	256	257	9M1I2M2I32M3I14M2D9M2D10M6I5M7I16M3D7M5D4M11I9M4D5M3D5M1I8M19D8M5D28M2D4M2D1M5I21M
213	275	0.162	5.723E-11	11	242	244	16	261	265	8M1I3M2I32M5D6M4I1M1I8M1D5M7D11M6I6M8I14M3D8M9I5M3D9M9D4M2I6M1I7M9D2M6D5M5D28M2D4M3I18M1D5M
159	274	0.171	1.012E-10	14	242	244	5	222	225	5M3I6M2I7M2I18M1D2M1I6M3I4M1D8M1D13M6I3M9I13M3I11M6I14M6D9M1I7M11D9M5D20M1D8M2D4M3I23M
21	274	0.175	1.227E-11	18	239	244	2	236	242	7M2D9M1D5M3D18M3I3M2I3M1I4M1D8M3D4M5I2M3I8M3I9M2D10M3D9M5D5M11I10M5D8M1I7M8D1M4D8M3D20M1D12M4I1M5D18M
81	273	0.171	8.350E-10	12	242	244	3	225	228	7M1I5M2I6M2D4M2D19M7I5M1I4M1D6M4D1M1I14M13I19M3D7M5D4M11I12M5D7M1I7M9D10M5D14M3I2M1I10M1D3M4I20M
124	273	0.150	3.167E-10	12	242	244	3	227	230	6M1I3M2I12M1D22M1I7M3I4M1D22M13I3M2I2M2D10M3D14M11I2M3D7M4D4M3D5M1I8M13D8M3D17M4I7M2D2M1I2M2I23M
163	273	0.139	1.135E-10	13	242	244	4	239	242	6M3I12M1D5M3D18M5I6M1I4M1D2M4D5M1I13M6I4M5I18M3D4M2D3M3D5M11I9M5D9M1I9M12D7M4D29M4D5M3I21M
192	271	0.195	6.647E-10	7	243	244	1	222	224	3M4I4M1I3M2I11M1I3M1D17M7I5M1I4M1D8M3D14M13I17M2D3M1D6M1I8M7I9M2D3M2D6M1I5M10D11M5D13M6I2M2D38M
72	270	0.147	3.353E-10	14	233	244	4	224	227	5M1I6M2I28M1I4M4I3M1I4M1D8M3D12M11I21M3D9M2I11M2I11M5D8M1I5M10D11M5D28M2D4M2D1M5I11M
37	270	0.153	1.346E-10	13	242	244	4	239	242	6M1I2M2I13M1D2M3D18M5I6M1I4M1D2M4D5M1I13M11I20M3D6M2D3M3D4M12I5M1D4M5D9M1I9M12D7M4D29M4D5M3I21M
38	270	0.136	1.509E-10	13	242	244	4	239	242	6M3I12M1D5M3D18M5I6M1I4M1D6M4D1M1I13M6I4M5I18M3D4M2D3M3D5M11I10M5D8M1I5M8D3M4D8M4D29M4D5M3I21M
52	269	0.138	6.647E-10	14	242	244	3	225	228	5M1I5M2I5M2D5M2D19M7I5M1I4M1D8M3D14M13I19M3D9M7D2M13I9M5D8M1I5M11D11M5D17M4I11M3I23M
24	269	0.144	9.561E-11	13	239	244	4	236	242	6M3I12M1D5M3D18M5I6M1I4M1D2M4D5M1I13M6I4M5I16M3D6M2D3M3D5M11I10M5D8M1I9M12D7M4D29M4D5M3I18M
58	268	0.139	9.359E-10	12	242	244	2	224	229	7M1I5M2I6M2D4M2D19M7I5M1I4M1D8M3D14M13I19M3D7M5D4M11I12M5D7M1I7M9D12M5D10M3I4M1I11M3I23M
208	268	0.142	1.072E-10	13	242	244	4	239	242	6M3I12M1D5M3D18M5I6M1I4M1D6M4D1M1I13M6I4M5I16M3D6M2D3M3D4M12I5M1D5M5D8M1I5M9D4M3D7M4D29M4D5M3I21M
3	267	0.181	4.459E-10	26	242	244	14	225	228	7M2D4M2D19M7I5M1I4M1D6M4D1M1I14M13I19M3D7M5D4M11I10M5D9M1I7M9D12M5D12M3I2M1I10M1D3M4I20M
86	267	0.155	1.272E-10	12	243	244	3	228	229	6M1I6M2I12M1D23M2I2M3I4M1D22M13I17M3D7M7D6M13I7M5D10M1I8M12D8M5D14M2I3M2I6M4D6M5I21M
53	267	0.138	5.602E-10	11	242	244	0	227	230	3M2D5M1I5M2I5M2D5M2D19M7I5M1I4M1D8M3D14M5I5M8I12M3D11M5D2M11I10M6D11M1I5M10D9M6D2M1I14M4I12M5I2M2D18M
125	266	0.166	1.176E-09	12	242	244	3	225	228	7M1I5M2I6M2D4M2D19M7I5M1I4M1D6M4D1M1I14M13I19M3D7M5D4M11I12M5D7M1I7M9D10M5D12M6I2M2D10M1D3M4I20M
156	266	0.160	6.278E-10	11	242	244	0	228	234	14M2I30M3I8M1I4M1D2M4D6M1I11M9I2M4I17M3D16M6I12M3D3M2D6M1I9M12D7M3D17M4I9M2D6M2I20M
43	266	0.166	1.728E-11	17	239	244	1	236	242	8M2D9M1D5M3D18M3I3M2I3M1I4M1D8M3D4M5I2M3I8M3I9M2D10M3D9M5D5M11I10M2I1M7D5M1I7M8D1M4D8M3D20M1D9M4D3M3I20M
105	265	0.141	7.450E-10	14	242	244	4	224	227	4M1I3M2I34M1I7M3I4M1D24M12I4M1I13M3D8M3D4M11I10M3D3M3D5M1I5M8D4M5D7M3D17M4I8M3D1M1D3M5I20M
190	265	0.143	1.790E-10	11	239	244	17	255	265	8M3I14M1D2M1I27M3I6M3D7M5D11M7I3M9I2M1D13M3D14M6I11M3D4M5D8M1I7M15D7M5D28M2D4M3I20M
147	264	0.142	5.602E-10	16	242	244	5	226	229	9M2I5M2D5M2D19M7I5M1I4M1D8M3D14M13I19M3D7M4D5M10I11M5D8M1I7M11D9M5D13M6I2M2D13M4I3M1D17M
59	264	0.169	6.647E-10	11	242	244	0	221	231	8M2I4M1I9M1I20M7I5M1I4M1D8M3D13M6I5M6I14M2D3M1D13M9I5M1D4M3D2M3D7M1I9M9D7M5D14M2I3M2I37M
187	264	0.169	1.346E-10	11	239	244	13	252	257	9M1I2M2I32M2I5M2D2M3I4M1D8M3D12M6I6M7I13M2D3M1D3M2D3M3D4M11I9M4D2M3D8M1I8M19D8M5D28M2D4M2D1M5I17M
154	262	0.148	1.896E-10	13	239	244	4	236	242	8M3I13M1D2M3D18M5I6M1I4M1D2M4D5M1I13M6I4M5I16M3D6M2D3M3D4M12I5M1D5M5D8M1I9M12D7M4D29M4D5M3I18M
126	261	0.152	8.840E-10	14	242	244	4	223	226	5M1I6M2I8M1D2M1I19M1I7M3I4M1D22M6I3M2I3M5I13M3D12M8I12M2D4M2D7M1I3M8D4M6D7M3D17M4I8M1D7M2I20M
78	261	0.143	2.202E-09	11	242	244	0	225	228	3M2D5M1I5M2I6M2D4M2D19M7I5M1I4M1D8M3D14M13I19M3D7M5D4M11I12M5D7M1I7M9D9M6D2M1I12M3I2M1I10M1D3M4I20M
177	261	0.161	8.350E-10	11	241	244	0	241	243	7M1I3M2I10M5D5M3D18M2I4M4I6M1D6M4D2M1D14M13I19M3D5M1I13M2I10M3D4M2D8M1I5M7D1M2D8M5D29M4D4M5I14M2D5M
13	261	0.167	2.125E-10	14	243	244	20	244	247	5M1I5M2I7M2D23M4I2M4I3M2D7M1D6M2D2M2D2M2I6M6I7M7I6M2D15M8I7M4D8M5D9M1I7M7D2M1D7M4D19M2I38M
36	259	0.179	1.477E-09	14	243	244	3	223	226	7M3I33M4I2M4I2M2D4M1D2M4D5M1I14M13I17M3D9M3D4M11I9M3D5M3D5M1I9M9D7M4D13M3I4M1I38M
39	259	0.148	1.597E-10	13	242	244	5	223	226	5M4I7M1I7M2I18M1D2M1I6M3I4M1D8M1D5M2D2M11I6M6I16M1I9M10I8M2D6M5D7M1I7M11D9M6D18M1D10M2D4M3I23M
182	259	0.139	2.521E-10	13	242	244	4	239	242	6M3I12M1D5M3D18M5I6M1I4M1D2M4D5M1I13M6I4M5I16M3D6M2D3M3D4M12I5M1D4M5D9M1I9M12D7M4D29M4D5M3I21M
146	259	0.174	5.291E-10	13	239	244	4	240	247	6M3I14M2D3M1D19M1I9M1I3M1I8M2D12M4I8M9I11M2D3M1D8M8I5M2D11M7D10M1I6M19D8M3D29M4D4M5I17M
100	255	0.155	1.245E-09	14	242	244	5	224	227	4M1I3M2I39M1I5M2I24M13I3M2I2M2D10M3D14M8I12M5D9M1I7M8D2M5D7M3D13M3I4M1I7M2D4M3I23M
135	255	0.160	8.840E-10	26	242	244	14	224	227	7M2D4M2D19M7I5M1I4M1D6M4D1M1I12M6I3M7I4M1I13M3D7M5D4M11I10M5D9M1I7M9D10M5D12M6I2M2D11M3I23M
131	255	0.152	9.359E-10	13	239	244	4	230	233	5M1I5M2I8M3D5M3D19M1I7M3I4M2D22M13I17M5D14M8I12M3D4M2D5M1I7M11D9M5D17M4I7M2D4M3I20M
136	254	0.145	2.125E-10	13	242	244	4	221	224	5M4I7M1I7M2I18M1D2M1I8M1I2M1I9M1D8M17I8M2D13M1I4M1I7M10I1M3D10M5D7M1I5M7D6M4D5M5D19M1D9M2D4M3I23M
42	254	0.137	1.318E-09	14	243	244	4	225	227	4M1I3M2I11M1D3M1I23M4I7M1D22M6I3M9I2M2D10M3D14M8I12M6D9M1I5M8D4M5D7M3D13M3I4M1I7M2D7M3I21M
85	254	0.180	5.602E-10	12	243	244	4	229	230	6M1I6M2I30M1I8M3I4M1D22M6I5M7I14M3D4M2D3M3D4M11I10M4D19M12D7M5D13M1I4M3I8M4D4M5I21M
117	254	0.158	1.855E-09	14	243	244	5	233	234	6M3I15M1I18M4I11M2D8M1I14M13I19M4D4M2D8M8I12M6D9M1I8M13D8M6D19M2I7M2D4M3I24M
65	254	0.154	7.037E-10	12	239	244	3	240	247	7M1I2M2I10M2D5M1D18M2I13M1I8M2D13M12I7M1I11M3D11M8I5M2D11M7D8M1I6M11D3M8D7M3D28M2D4M2D1M5I17M
92	253	0.139	2.202E-09	16	242	244	6	225	228	6M2I38M4I7M1D25M15I2M2D12M3D12M11I1M3D8M6D9M1I5M8D4M5D7M3D13M1I4M3I15M1I21M
61	253	0.146	2.080E-09	11	242	244	0	229	232	8M1I5M2I7M2D4M2D18M3I9M1I4M1D8M3D14M13I17M3D11M7D2M13I8M6D11M1I5M10D9M3D2M2D11M3I4M1I10M2D2M5I20M
115	253	0.136	1.395E-09	13	239	244	4	230	237	5M1I5M2I8M3D5M3D19M1I7M3I4M1D8M1D14M13I19M5D12M8I12M3D4M2D5M1I7M11D9M5D17M4I7M2D4M3I20M
140	253	0.169	2.331E-09	14	239	244	4	238	257	6M3I16M1D27M3I12M4D13M11I8M1I11M2D7M1I10M5I14M4D6M1I8M19D8M5D29M4D4M5I17M
128	252	0.143	1.855E-09	14	240	244	3	221	223	4M1I3M2I38M4I7M1D22M13I3M2I2M2D10M3D14M8I12M6D9M1I5M8D4M5D7M3D13M3I4M1I7M2D7M3I18M
151	252	0.139	2.331E-09	14	242	244	4	223	227	5M1I5M2I12M1D19M1I7M3I7M2D4M1I4M1I2M1D9M12I1M1I16M3D12M8I13M5D8M1I5M7D4M5D7M4D13M3I4M1I7M1D7M3I20M
148	252	0.156	6.647E-10	14	239	244	5	224	238	4M1I6M2I35M1I3M3I3M1I8M2D14M13I19M3D9M7D2M13I8M3D4M2D5M1I9M12D7M5D13M1I4M3I7M2D4M3I20M
77	252	0.160	9.359E-10	12	239	244	3	240	247	7M1I2M2I15M3D18M2I5M3D2M3I3M1I8M2D13M13I18M3D11M8I5M2D10M4D4M3D5M1I8M19D8M3D29M4D4M5I17M
84	252	0.167	2.521E-10	13	239	244	5	241	248	6M3I17M3D19M1I5M2D2M3I3M1I8M2D12M4I8M9I11M3D11M5D2M11I12M7D9M1I3M15D6M4D5M3D29M4D4M5I17M
22	251	0.144	2.202E-09	12	242	244	3	225	228	7M1I5M2I5M2D5M2D19M7I5M1I4M1D8M3D14M13I17M3D9M5D4M11I10M5D9M1I7M9D11M4D3M1D8M6I2M2D10M1D3M4I20M
155	250	0.166	1.111E-09	11	239	244	0	219	232	8M2I4M1I9M1I20M7I5M1I4M1D8M3D13M6I5M6I14M3D16M9I5M1D3M6D10M1I5M10D13M5D12M2I3M2I34M
197	250	0.162	3.167E-10	11	239	244	17	255	265	8M1I3M2I33M2D5M4I1M1I5M2D3M1D4M5D12M7I8M7I12M3D10M5D2M11I9M3D3M4D8M1D2M15D6M2I5M5D28M2D4M3I20M
168	250	0.170	7.887E-10	15	243	244	14	256	266	42M1I5M1D3M3I8M4D17M6I3M6I4M1I13M3D7M5D4M11I10M4D3M3D6M1I5M12D4M7D9M5D26M2D4M3I24M
54	249	0.137	1.245E-09	14	242	244	3	225	228	5M1I5M2I5M2D5M2D19M7I5M1I4M1D8M3D14M6I2M9I3M2D10M3D11M7D2M13I7M6D12M1I5M10D9M1D4M4D9M3I4M1I10M3I24M
191	249	0.133	7.887E-10	14	239	244	6	243	247	7M3I10M3D5M3D18M2I3M1I6M1D5M1D21M13I17M3D11M4D4M10I10M7D8M1I7M11D4M8D7M1D4M2D30M2I17M
173	248	0.164	9.908E-10	14	242	244	5	225	235	5M2I4M1I9M1I20M5I5M3I4M1D8M3D10M7I7M5I15M3D15M10I5M2D4M6D9M1I5M11D13M5D11M6I2M2D37M
10	247	0.134	1.564E-09	14	240	244	5	223	225	4M1I3M2I11M1D3M1I24M1I2M3I4M1D21M6I3M9I3M2D10M3D14M3D11I9M6D9M1I7M8D2M5D7M3D13M3I4M1I7M2D7M3I18M
199	247	0.167	6.278E-10	11	239	244	0	240	247	3M2D7M3I12M2D3M1D19M1I2M2I4M1D5M1I8M2D12M4I8M9I11M3D9M6D4M12I8M9D4M2I4M1I6M11D3M8D7M3D29M4D4M5I17M
11	246	0.131	1.964E-09	14	239	244	4	221	224	4M1I3M2I39M1I2M3I4M1D21M6I3M9I3M2D10M3D14M3D11I9M6D9M1I7M8D2M5D7M3D13M3I4M1I7M2D7M3I17M
7	246	0.140	1.753E-09	14	239	244	5	222	225	4M1I3M2I38M4I7M1D22M6I7M7I10M3D14M8I13M2I1M8D5M1I5M8D4M5D7M3D13M3I4M1I7M2D7M3I17M
145	246	0.148	3.282E-09	12	242	244	3	225	228	7M1I5M2I7M2D3M2D19M7I5M1I4M1D8M3D14M13I15M3D11M5D4M11I11M3D3M2D5M1I7M9D11M4D3M1D8M6I2M2D10M1D3M4I20M
121	245	0.140	3.678E-09	11	242	244	0	225	228	3M2D5M1I5M2I6M2D4M2D19M7I5M1I4M1D8M3D14M13I17M3D6M2D3M3D4M11I12M5D7M1I7M9D9M6D2M1I10M3I4M1I10M1D3M4I20M
50	245	0.164	1.855E-09	13	242	244	4	233	237	6M1I6M2I7M2I19M7I5M1I4M1D6M4D1M1I13M3D10M7I1M2D13M3D10M1D4M9I11M4D3M2D6M1I7M9D4M1D5M5D14M2I3M2I7M2D8M2I20M
12	245	0.167	5.602E-10	12	243	244	17	243	246	6M4I5M1D7M2D23M4I2M4I2M2D8M1D6M2D2M2D2M2I6M6I7M7I6M2D15M8I7M4D7M9D1M4I5M1I7M7D2M1D10M4D16M2I38M
149	245	0.160	1.176E-09	12	239	244	3	240	247	7M1I2M2I15M3D18M2I5M3D2M3I3M1I8M2D12M4I8M9I11M3D11M8I5M2D10M4D4M3D5M1I8M19D8M3D29M4D4M5I17M
195	245	0.170	2.381E-10	14	242	244	5	247	251	5M3I12M3D5M3D18M2I15M1I10M1I2M2I2M5I7M2I7M1I11M3D9M4D6M11I5M1D2M9D4M2I6M1I5M16D4M4D5M3D36M1I21M
161	245	0.166	5.602E-10	16	242	244	6	250	254	10M2I9M2D19M7I5M1I4M1D8M3D13M4D9M4I7M9D13M3D7M2D5M10I9M6D3M2D7M1I7M10D9M5D14M2I3M2I7M2D8M2I20M
183	245	0.166	5.602E-10	15	243	244	14	256	266	42M1I5M1D3M3I8M4D16M4I8M9I13M3D7M6D4M12I9M4D3M3D6M1I5M12D4M2D2M5D5M5D28M2D4M3I24M
196	245	0.171	5.291E-10	15	242	244	14	255	267	42M2D6M2I3M1I2M2D22M4I8M9I13M3D7M6D3M12I10M3D4M4D5M1I7M7D2M12D7M5D28M2D4M3I23M
9	244	0.136	2.468E-09	14	239	244	5	222	225	4M1I3M2I38M4I7M1D22M6I3M9I2M2D10M3D14M8I12M6D9M1I5M8D4M5D7M3D13M3I4M1I7M2D7M3I17M
63	244	0.168	1.049E-09	14	242	244	5	231	236	5M1I5M2I34M4I3M1I16M1I1M3D8M13I17M3D9M6D4M12I10M5D8M1I5M8D3M6D8M5D17M4I13M2D2M1I21M
167	243	0.144	3.978E-10	14	242	244	3	227	235	7M3I32M1I9M3I5M2D12M3I3M5I6M3I21M3D7M5D4M11I12M5D7M1I5M8D4M4D7M3D13M3I4M1I7M4D6M4I20M
8	242	0.140	2.612E-09	14	239	244	4	221	224	4M1I3M2I11M1D3M1I23M4I7M1D22M6I3M9I2M2D10M3D14M8I12M6D9M1I5M8D4M5D7M3D13M3I4M1I7M2D7M3I17M
98	242	0.162	5.483E-09	11	243	244	0	227	228	3M2D4M1I6M2I30M4I12M1D22M13I19M3D14M6I12M5D9M1I7M7D2M4D7M5D13M3I4M1I5M4D7M5I21M
25	242	0.192	1.964E-09	12	242	244	3	226	230	7M1I6M2I8M1I2M1D17M7I5M1I4M1D2M4D5M1I13M6I5M7I2M3D13M3D12M8I12M6D9M1I5M10D12M4D12M3I4M1I7M2D8M2I20M
174	242	0.167	1.049E-09	14	242	244	5	225	233	5M2I4M1I9M1I20M5I5M3I4M1D8M3D13M6I5M6I14M3D15M10I6M4D1M4D11M1I5M11D13M5D11M6I2M2D37M
180	242	0.147	7.887E-10	17	239	244	1	233	236	8M2D12M1D2M3D18M5I6M1I4M1D8M3D13M6I4M5I16M3D6M2D3M3D5M11I10M5D8M1I5M8D3M4D8M3D31M3D5M2I17M
34	242	0.166	7.887E-10	17	239	244	1	233	237	7M2D7M1D8M3D29M1I6M5D5M1I14M6I3M9I2M2D12M3D8M3D4M11I9M5D9M1I9M11D7M5D28M2D4M3I20M
106	241	0.123	1.855E-09	14	242	244	5	225	228	4M1I3M2I34M1I7M3I3M1I8M2D10M4D6M17I13M3D8M3D4M11I9M6D9M1I7M8D2M5D7M3D15M4I7M4D7M5I20M
200	241	0.125	4.123E-09	14	243	244	4	226	228	5M1I6M2I6M1D5M1D17M7I5M1I4M1D8M3D14M13I19M3D12M11I3D11M6D7M1I7M7D4M3D5M5D13M6I2M2D7M5D5M5I21M
79	240	0.181	1.318E-09	17	243	244	1	225	228	8M2D8M2D4M2D19M5I7M1I2M3D9M1I14M6I2M6I4M1I13M3D7M5D4M11I12M5D7M1I7M9D12M5D12M3I2M1I10M1D3M4I17M1D4M
153	240	0.154	1.395E-09	16	239	244	5	220	228	9M2I12M1D26M4I3M1I5M3D2M1I4M1I2M1D10M1I3M12I12M2D2M1D11M8I11M3D3M2D7M1I5M12D11M4D13M3I4M1I8M2I24M
80	240	0.165	1.655E-09	12	239	244	3	240	247	7M1I2M2I15M3D18M2I5M3D2M3I3M1I8M2D12M4D3M17I14M3D9M8I5M2D11M3D2M4D6M1I5M11D4M8D7M3D29M4D4M5I17M
127	239	0.138	6.145E-09	14	243	244	4	225	227	4M1I3M2I38M4I7M1D22M6I3M9I2M2D10M3D14M8I12M6D9M1I5M8D4M5D7M3D13M3I4M1I7M2D7M3I21M
157	239	0.175	1.753E-09	16	242	244	7	220	227	5M3I33M4I12M1D2M3D10M5I1M5I7M4I18M3D10M5D3M12I5M1D5M2I1M7D5M1I6M2D10M5D17M4I10M2D2M2I23M
129	239	0.136	3.282E-09	14	242	244	5	225	228	4M1I3M2I38M4I6M1I5M1I2M3D14M6I2M9I3M2D12M3D12M11I1M3D8M6D9M1I5M8D4M5D7M3D13M1I4M3I7M2D4M3I23M
118	239	0.166	4.721E-10	11	239	244	0	226	230	7M1I6M1I13M3D19M1I7M3I4M5D4M3I5M5I3M5I1M1D4M4I18M2D2M1D7M3D4M11I10M6D9M1I8M12D13M3D9M2I4M1I34M
5	239	0.137	7.292E-09	14	243	244	5	230	232	5M3I11M1D6M1D18M2I6M3I9M4D3M1I14M13I19M1I8M4I6M1I12M4D3M2D6M1I5M2I1M10D8M4D17M3D11M2D6M4I21M
16	239	0.148	3.474E-09	14	243	244	6	233	234	8M5I6M1D6M1D18M2I17M4D4M1I14M13I19M1I8M8I1M1I4M4D9M6D9M1I8M8D8M4D20M3D8M2D7M3I21M
123	239	0.176	1.477E-09	12	239	244	4	241	248	7M1I2M2I11M1D1M1D3M1D18M1D9M3I3M1I8M2D12M4I8M9I13M3D9M8I5M2D11M3D2M4D6M1I5M11D4M8D7M3D29M3D1M1D3M5I17M
26	238	0.172	2.928E-09	12	242	244	2	225	229	7M1I6M2I8M1I2M1D17M7I5M1I4M1D2M4D5M1I13M6I4M4I19M3D8M3D3M11I10M6D9M1I5M10D12M4D12M6I2M2D7M2D8M2I20M
20	238	0.169	5.805E-09	15	242	244	3	225	235	4M2I4M1I32M5I3M3I4M1D8M3D10M6I8M6I14M2D3M1D11M8I12M6D9M1I8M13D10M5D12M2I3M2I37M
175	238	0.171	1.655E-09	14	242	244	5	225	235	5M2I1M1I12M1I20M5I5M3I4M1D8M3D12M7I5M5I15M3D15M10I6M4D1M4D11M1I5M11D13M5D11M6I2M2D37M
122	238	0.165	1.964E-09	14	239	244	5	240	247	7M3I12M2D3M1D18M2I13M1I8M2D12M4I8M9I11M3D11M5D2M11I12M7D9M1I3M11D4M8D7M3D28M2D2M2D3M5I17M
186	237	0.170	1.012E-10	16	242	244	12	252	255	8M1D4M1D30M4D1M6I3M2D2M8D9M9I8M8I5M5I13M10D12M10I3M2D6M2D5M2D5M1I9M12D7M5D28M1D2M1D6M2I11M4D9M
96	236	0.163	2.928E-09	26	242	244	14	222	225	12M1I17M3I3M4I2M1I4M1D8M3D20M13I11M3D14M8I12M6D9M1I5M10D11M5D13M3I4M1I15M1I21M
130	236	0.161	2.612E-09	11	243	244	0	226	228	7M1I6M2I12M1D19M4I11M1D12M5I3M5I6M3I20M3D5M4D7M12I7M4D5M3D5M1I9M13D7M3D15M4I9M2D6M3I22M
41	236	0.144	5.483E-09	24	242	244	12	226	229	9M3D23M7I5M1I4M1D3M1D9M1I1M3D8M13I19M3D9M2D3M8I13M5D8M1I7M11D9M3D4M2D9M6I2M2D13M4I3M1D17M
194	236	0.154	3.282E-09	15	243	244	7	229	230	7M5I9M1D3M1D16M1I9M2I14M3D14M6I6M7I13M1I8M6I7M1D11M6D10M1D10M3D5M4D20M3D9M1D4M2I24M
209	236	0.141	1.087E-08	11	242	244	0	224	232	7M1I6M1I10M1I2M1D27M3I4M1D28M13I11M2D11M3D2M11I10M6D9M1I5M12D11M4D17M4I8M1D4M1I2M1I21M
214	236	0.163	3.894E-09	13	242	244	4	225	235	6M2I1M1I12M1I20M5I5M3I4M1D8M3D10M3D9M15I10M2D3M1D11M8I12M6D9M1I8M11D8M5D13M6I2M2D7M5D5M5I20M
150	235	0.148	3.678E-09	15	242	244	4	219	222	6M3I12M1I2M1D21M4D2M1I7M2I8M1I12M6I4M9I11M2D5M1D6M4D5M12I9M2I1M7D5M1I10M8D6M4D17M4I7M3D5M4I21M
91	235	0.143	7.292E-09	14	240	244	4	222	224	4M1I3M2I11M1D3M1I23M4I7M1D21M6I4M9I2M2D12M3D12M8I12M6D9M1I5M8D4M5D7M3D13M3I4M1I7M2D7M3I18M
45	235	0.157	3.100E-09	13	239	244	5	220	226	6M1I5M2I11M1I17M7I5M1I4M1D8M3D14M6I3M9I2M2D10M3D14M8I12M6D9M1I5M10D11M5D13M3I4M1I7M2D4M2D1M5I17M
143	235	0.131	6.506E-09	11	242	244	0	225	228	3M2D5M1I5M2I6M2D4M2D19M7I5M1I4M1D8M3D14M13I17M3D9M5D4M11I12M5D7M1I7M9D9M3D6M2D7M3I4M1I8M5D2M8I19M
35	235	0.145	7.720E-09	11	242	244	0	225	229	3M2D5M1I5M2I6M2D4M2D19M7I5M1I12M4D14M6I2M9I3M2D12M3D7M5D4M11I11M5D8M1I7M9D11M4D1M1D10M6I2M2D7M1D6M4I20M
113	235	0.154	8.653E-09	13	243	244	4	233	234	7M3I15M1I18M4I12M1D22M13I19M4D3M2D9M8I12M6D9M1I5M13D11M6D13M3I2M1D10M2D4M3I24M
55	234	0.177	7.720E-09	12	243	244	4	230	233	9M3I9M2D4M2D20M4I2M4I5M3D23M6I7M7I8M2D14M2I8M2I10M3D8M2I5M11D11M1D3M3D12M2I42M
60	234	0.172	1.318E-09	19	242	244	5	230	234	6M2D33M4I6M1I6M1D20M6I2M9I3M2D12M3D7M6D4M12I9M4D3M1D6M1I8M14D8M5D14M2I3M2I8M4D4M4I10M1D11M
204	233	0.189	2.331E-09	15	242	244	32	254	257	4M1I6M2I5M1I5M1D18M3I2M4I2M1I3M1I9M3D4M1D1M1D8M4I4M6I4M1D14M3D12M8I11M3D5M3D5M1I5M10D14M5D14M4I37M
202	232	0.176	6.888E-09	14	242	244	3	226	229	5M1I6M2I28M7I5M1I4M1D8M3D16M3I5M8I2M2D12M3D12M8I11M3D5M3D5M1I5M10D14M5D10M3I4M1I10M2D5M2I20M
210	232	0.161	1.753E-09	23	239	244	12	241	248	11M2D5M1D18M2I5M3D2M3I3M1I8M2D13M3D1M7I3M9I13M3D9M5D3M11I11M7D7M1I5M11D4M8D7M3D32M1D4M2I17M
205	231	0.183	1.964E-09	13	243	244	2	232	233	7M4D6M2I8M1I2M1D17M7I5M1I3M1I8M5D13M6I4M5I3M2D13M3D14M3D11I9M4D4M2D5M1I5M10D11M5D13M6I2M2D38M
198	231	0.161	1.715E-08	13	243	244	4	239	241	6M1I6M2I29M4I7M1I12M4D12M4D4M4I2M3I21M3D7M2D5M10I11M6D8M1I7M10D9M5D14M2I3M2I32M1D6M
139	231	0.141	5.179E-09	11	240	244	0	239	242	8M1I7M1I9M1I1M3D18M3D1M2I3M4I1M1I6M4D5M1I23M11I12M3D12M6I15M5D8M1I9M14D7M5D15M1I13M9D3M6I18M
179	229	0.155	1.027E-08	17	239	244	1	217	222	7M2D42M3I4M1D22M6I2M9I3M2D12M3D12M7I15M5D7M1I8M9D8M4D13M3I4M1I7M2D6M4I17M
95	229	0.150	4.892E-09	16	243	244	2	222	224	4M4D5M2I11M1I17M3I3M4I2M1I4M1D6M4D1M1I14M13I19M3D12M8I11M4D3M1D7M1I9M10D7M5D13M6I2M2D6M4D6M5I21M
162	229	0.164	5.179E-09	13	242	244	4	225	234	6M2I1M1I33M5I5M3I4M1D6M1I2M4D11M8I4M2I6M2I10M3D14M8I11M4D5M2D5M1I7M10D9M5D15M3I2M1I7M2D5M2I23M
73	229	0.180	6.647E-10	15	243	244	23	253	256	10M1D3M2D11M2D18M4I2M1I4M1I4M1D10M2D2M10I9M1I3M4I9M2D15M5I11M1D7M5D9M1I9M11D7M4D14M2I12M1I5M1D25M
4	228	0.150	1.290E-08	14	242	244	4	228	231	9M3I10M1D3M1D18M1D5M7I8M4D3M1I14M13I19M1I8M8I5M3D10M6D9M1I5M2I2M10D7M4D20M3D9M3D1M1D3M5I20M
6	228	0.158	7.292E-09	14	243	244	3	228	232	9M3I6M1D7M1D17M3I6M3I5M4D7M1I14M13I19M1I8M8I5M3D9M5D2M1D8M1I5M8D11M4D20M3D8M2D2M3D2M6I21M
166	228	0.184	1.855E-09	14	242	244	4	230	234	6M4D6M2I8M1I2M1D17M7I5M1I4M2D8M2D13M6I4M4I17M3D10M3D3M11I9M6D10M1I5M10D11M4D13M3I4M1I7M2D8M2I20M
17	228	0.166	8.653E-09	11	242	244	0	228	238	8M2I4M1I9M1D4M1D17M4I5M4I4M1D8M3D10M5D4M5I4M12I9M3D14M8I13M6D8M1I8M13D8M5D17M4I37M
203	228	0.142	1.964E-09	11	239	244	0	239	243	12M3I4M2D9M3D31M7I2M1I1M10D14M1D3M3I3M11I10M2D3M1D6M4D4M12I10M5D8M1I9M18D7M3D20M1D9M1D7M2I17M
33	227	0.167	6.145E-09	16	243	244	2	222	224	4M4D6M2I10M1I17M3I3M4I2M1I8M5D3M1I14M6I2M9I3M2D12M3D12M8I12M4D2M1D7M1I5M10D11M5D13M3I4M1I15M1I22M
82	227	0.162	2.202E-09	15	242	244	0	221	230	10M2D10M3D27M1I5M1I2M3D9M1I13M7I7M7I10M3D14M5D11I10M2I1M7D5M1I8M1D8M5D13M3I4M1I10M2D3M1I2M1I20M
29	227	0.169	1.446E-08	13	243	244	4	237	239	6M1I6M2I28M7I5M1I4M1D8M3D12M4D5M1I10M5I13M3D8M1D4M9I10M4D4M2D6M1I7M10D9M5D14M2I3M2I32M1D6M
164	227	0.169	2.155E-08	13	243	244	4	239	241	6M1I6M2I28M4I8M1I12M4D22M4I3M3I1M4D13M3D7M2D5M10I12M6D7M1I7M10D9M5D14M2I3M2I32M1D6M
48	226	0.169	9.698E-09	16	239	244	6	219	226	9M2I11M1I17M7I5M1I4M1D8M3D14M13I17M3D14M8I13M6D8M1I5M10D11M5D13M3I4M1I7M2D7M3I17M
201	226	0.165	2.281E-08	11	242	244	0	226	233	8M2I4M1I9M1D4M1D17M7I5M1I4M1D8M3D13M6I5M6I14M3D16M9I5M1D4M6D9M1I8M11D10M5D15M4I10M2D5M2I20M
138	226	0.151	5.179E-09	11	242	244	0	224	234	8M2I4M1I30M5I5M3I4M1D8M3D12M4I6M9I2M1D13M3D13M10I6M4D1M3D4M1D7M1I5M11D11M5D14M2I3M2I37M
74	226	0.151	2.202E-09	11	242	244	0	226	236	8M2I4M1I11M1D2M1D17M5I5M3I4M6D5M1D4M1I9M14I19M3D14M2D10I10M5D2M1D7M1I6M11D12M5D11M6I2M2D37M
32	226	0.160	4.621E-09	13	242	244	5	234	238	6M1I6M4I26M7I5M1I3M1I8M5D12M3I18M1D11M3D14M8I11M5D2M1D8M1I8M10D8M5D14M2I3M2I8M2D7M2I20M
75	226	0.148	2.331E-09	14	239	244	5	243	251	7M3I10M3D5M3D18M2I13M1I9M2D11M4I6M8I3M2D11M3D9M5D4M11I9M9D4M2I4M1I7M13D4M4D5M3D29M3D4M5I17M
64	225	0.164	3.474E-09	15	243	244	5	223	225	4M1I17M2D19M7I5M1I4M1D6M4D1M1I12M4D3M2I1M15I11M3D6M2D3M3D4M11I9M3D4M2D6M1I7M9D14M5D8M3I4M1I11M5I22M
94	225	0.155	1.218E-08	15	243	244	2	223	225	9M2D14M1I17M3I3M4I2M1I4M1D6M4D1M1I14M13I19M3D12M8I12M5D9M1I9M10D7M5D13M3I4M1I8M4D4M5I21M
211	225	0.163	3.474E-09	15	242	244	0	224	228	9M2D15M1D17M7I5M1I4M2D8M3D13M6I5M7I13M2D3M1D11M8I12M3D4M3D5M1I7M7D4M3D5M4D13M6I2M2D7M2D5M2I23M
184	225	0.134	1.530E-08	14	242	244	5	226	229	5M1I6M2I6M1D5M1D17M7I5M1I4M1D8M3D14M13I19M3D8M3D3M11I12M6D7M1I5M10D11M5D13M3I4M1I8M3D3M2D1M5I20M
160	224	0.166	3.100E-09	16	242	244	6	250	254	10M2I9M2D19M7I5M1I4M1D8M3D13M4D20M5D13M3D14M9I7M7D5M2D6M1I7M10D9M5D14M2I3M2I7M2D8M2I20M
215	223	0.160	6.506E-09	17	243	244	0	221	223	8M2D31M7I5M1I4M4I2M10D2M1I13M5I2M7I4M1I11M2D3M1D7M3D3M11I10M2D3M2D6M1I8M10D8M5D13M6I2M2D7M2D5M2I24M
27	223	0.143	1.715E-08	14	243	244	3	231	232	6M3I15M1I18M4I12M2D7M1I9M4D7M17I13M4D4M2D8M8I12M6D9M1I8M13D8M6D14M2I12M2D4M2D1M5I21M
0	223	0.151	1.290E-08	11	242	244	0	228	234	8M2I4M1I9M1D4M1D17M7I5M1I4M1D8M3D12M7I5M5I17M3D13M10I6M4D5M4D7M1I8M13D8M5D17M4I8M3D6M3I20M
111	223	0.159	1.087E-08	13	242	244	4	233	237	6M1I6M4I26M7I5M1I4M1D8M3D9M4D12M1D6M7I10M3D14M8I11M4D3M2D7M1I7M10D9M5D14M2I3M2I37M
31	223	0.155	1.620E-08	13	242	244	4	235	239	6M1I6M2I28M7I5M1I4M1D8M3D9M4D6M1D12M7I10M3D14M8I11M3D5M3D5M1I7M10D9M5D17M4I12M1D3M1I21M
158	223	0.164	1.597E-10	16	242	244	8	252	255	2M4D3M1D7M1D28M11D11M3I9M9I5M8I6M5I15M10D7M4D5M12I7M2D5M2D5M1I9M12D7M5D28M1D2M1D6M2I11M4D9M
133	220	0.170	1.816E-08	26	243	244	15	225	226	12M1I17M7I5M1I4M1D8M3D14M13I17M3D14M8I13M6D8M1I5M10D11M5D13M3I4M1I15M1I12M1D10M
172	220	0.130	6.888E-09	16	239	244	3	223	236	9M2I29M3I9M1I3M2D11M2D12M13I19M3D7M4D5M10I14M5D5M1I9M12D7M3D13M3I4M1I6M4D3M1D3M5I17M
88	219	0.155	9.698E-09	11	242	244	0	221	228	8M2I4M1I6M1D7M1D17M7I5M1I4M1D8M3D13M5I7M10I9M3D15M10I6M8D12M1I8M9D10M5D12M2I3M2I37M
206	218	0.180	1.027E-08	17	243	244	0	224	226	7M2D12M1I2M1D17M7I5M1I4M1D8M3D12M9I1M3I7M1D12M3D14M8I12M6D9M1I5M10D12M4D12M3I4M1I5M3D10M2I21M
109	218	0.181	1.530E-08	13	242	244	4	235	239	6M1I6M2I28M7I5M1I12M4D9M4D8M1I10M5I11M3D10M1D4M9I10M4D4M2D6M1I7M10D9M5D14M2I3M2I7M2D8M2I20M
110	218	0.143	2.557E-08	13	242	244	4	235	239	6M1I6M4I4M3D4M1I17M7I5M1I4M1D8M3D12M4D5M1I10M5I11M3D14M8I13M6D8M1I7M10D9M5D14M2I3M2I37M
144	217	0.156	5.179E-09	17	243	244	1	227	228	8M2D12M4D19M7I5M1I4M1D8M2D14M6I2M9I3M2D10M2D3M1D3M2D3M3D4M11I10M2D3M2D6M1I5M1D2M9D9M5D13M3I4M1I8M5D2M8I10M4D10M
103	217	0.157	3.034E-08	14	239	244	5	231	234	4M1I4M2I5M1D8M1D1M3D17M4I5M3I1M3D4M1D22M13I19M3D7M5D5M11I9M5D11M1I7M13D7M6D13M3I4M1I15M1I18M
141	217	0.160	6.506E-09	17	241	244	1	243	245	8M2D9M1D5M3D27M3I4M2D2M4D5M1I12M6I9M7I12M6D7M4D4M12I8M3D4M2D6M1I8M16D3M2D6M3D19M1D9M1D7M2I19M
46	216	0.149	4.788E-08	16	243	244	7	224	225	3M3I16M1I17M7I5M1I4M1D8M3D14M13I19M3D12M8I13M6D8M1I5M10D11M5D13M3I4M1I8M4D4M5I15M1D6M
120	216	0.146	7.292E-09	13	243	244	3	228	232	6M1I5M2I29M3I4M2I3M1I4M1D2M4D5M1I4M1I1M1D7M6I3M9I13M3D9M4D4M11I11M3D3M3D5M1I5M8D3M6D8M5D13M6I2M2D7M2D7M3I21M
169	216	0.175	1.151E-08	13	242	244	5	236	240	6M1I6M4I6M1D3M1D17M7I5M1I4M1D8M3D9M4D7M1D8M6I2M1I11M3D14M3D11I8M4D5M2D5M1I7M10D9M5D13M3I4M1I37M
83	215	0.154	3.034E-08	11	242	244	0	226	232	8M2I4M1I7M1D6M1D17M7I5M1I4M1D8M3D10M3D3M5I6M10I10M3D14M8I13M6D8M1I5M11D11M5D14M2I3M2I37M
132	215	0.140	9.698E-09	16	242	244	6	241	244	9M2I7M5D5M3D19M1I10M4I5M4D2M1I17M14I3M2D10M1D2M3D8M3D3M11I11M5D8M1I8M16D8M6D17M4I7M2D7M3I20M
185	215	0.162	3.474E-09	16	242	244	2	250	255	9M8D31M4I4M1I3M1I2M5D23M5I9M7I12M3D7M6D4M12I9M2D3M7D6M1I8M19D8M3D35M3I5M2D10M1D5M
112	214	0.162	1.446E-08	13	242	244	4	233	237	6M1I6M4I26M7I5M1I4M1D8M3D9M4D8M3D7M9I11M3D14M8I11M4D4M2D6M1I5M10D11M5D13M3I4M1I37M
87	214	0.162	2.557E-08	13	242	244	5	238	242	6M1I6M2I9M1D1M1I17M7I5M1I4M1D8M3D4M1I1M1D6M4D4M3I3M5D5M7I10M3D14M8I11M5D4M2D6M1I5M10D11M5D14M2I3M2I37M
93	213	0.172	3.401E-08	13	239	244	4	219	226	8M3I14M1I17M7I5M1I4M1D3M4D4M1I14M6I3M9I2M2D10M3D14M8I13M6D8M1I5M10D11M5D13M3I4M1I7M2D4M4I1M1D18M
90	213	0.151	6.888E-09	17	239	244	0	228	230	7M2D13M1D2M3D18M2I7M3I2M5D9M1I13M6I9M5I11M4D13M12I10M9D8M1I7M14D9M3D17M4I11M1I22M
102	212	0.153	3.600E-08	14	239	244	5	231	234	4M1I4M2I5M1D8M1D1M3D17M4I5M3I1M3D4M1D22M13I19M3D7M5D5M11I8M3D4M2D8M1I7M13D7M6D13M3I4M1I15M1I18M
178	212	0.155	4.621E-09	22	242	244	1	233	238	34M4I4M1I3M1I3M2I4M10D2M1I6M2I4M3I6M4I3M5I11M3D9M4D5M10I10M7D3M2D6M1I7M18D10M3D34M3I5M2D15M
44	212	0.173	1.530E-08	26	243	244	14	238	240	11M1I1M1D18M5I5M3I3M1D8M3D9M4D15M1I3M5I11M4D14M8I11M4D4M2D6M1I7M10D9M5D15M3I2M1I28M1D10M
116	212	0.133	1.816E-08	16	242	244	6	241	244	9M2I7M5D5M3D19M1I10M4I4M4D3M1I17M12I17M4D12M8I12M5D9M1I5M12D4M4D7M6D17M4I15M1I21M
2	212	0.180	2.928E-09	15	239	244	0	240	247	10M2D9M3D5M3D18M3D6M7I2M1D8M2D13M3D5M16I12M1D9M4D4M11I5M1D4M4D4M3D5M1I5M16D6M3D5M3D36M1I18M
1	211	0.157	1.715E-08	13	239	244	2	225	231	7M3I15M1I18M4I11M2I7M3D14M6I3M2I3M5I11M4D6M2D8M8I13M2I1M8D5M1I9M13D7M6D13M3I4M1I7M2D4M1D2M4I17M
193	211	0.154	2.707E-08	15	239	244	7	226	234	7M5I9M1D3M1D17M5I4M1I7M1D2M2D22M4I4M8I14M1I8M8I5M3D11M6D8M1I5M8D11M4D20M3D9M3D1M2D2M6I17M
57	211	0.154	2.035E-08	20	242	244	10	234	238	6M4I4M1D5M1D17M7I5M1I4M1D8M3D14M2I7M2I4M2D3M1I11M3D9M2D5M10I9M4D3M2D7M1I7M10D9M5D13M6I2M2D37M
68	210	0.169	4.788E-08	14	242	244	5	235	239	5M1I6M4I4M1D5M1D17M7I5M1I4M1D8M3D21M4I3M3I2M3D1M2D12M3D11M1D1M9I10M5D2M1D8M1I7M10D9M5D14M2I3M2I37M
14	209	0.155	1.530E-08	14	235	244	2	217	220	5M1I5M2I30M3I17M3D3M6I2M3D7M6I2M6I2M2I2M3D10M3D10M3D4M11I13M6D5M1I8M10D9M6D12M3I4M1I7M4D5M5I13M
18	208	0.164	7.137E-08	16	242	244	7	230	237	3M2I4M1I9M1D4M1D17M5I5M3I4M1D8M3D12M7I5M5I17M3D14M9I5M1D4M6D9M1I8M13D8M5D17M4I37M
101	207	0.151	5.069E-08	14	239	244	4	230	233	4M1I4M2I5M1D8M1D1M3D17M4I5M3I1M3D3M2D8M1I14M13I19M3D7M5D5M11I10M2I1M7D7M1I7M13D7M6D13M3I4M1I15M1I18M
212	206	0.167	2.155E-08	15	242	244	0	222	225	10M2D33M1D1M6I3M1I6M1D10M1I2M3D9M12I1M1I16M3D8M1D4M9I11M2D3M2D6M1I5M10D11M5D13M6I2M2D7M2D5M2I23M
99	205	0.131	7.556E-08	14	239	244	4	230	233	4M1I4M2I12M2D2M3D26M4I4M1D22M13I19M3D7M5D5M11I8M4D2M1D10M1I3M13D11M6D13M1I4M3I7M2D4M1D1M4I18M
142	205	0.178	8.966E-08	11	242	244	0	226	233	8M2I4M1I8M1D5M1D17M5I5M3I4M1D8M3D12M7I3M7I1M2D14M2D3M1D13M9I5M1D4M6D9M1I7M11D9M5D17M4I8M3D3M3I23M
15	205	0.141	3.034E-08	14	242	244	5	230	235	9M3I12M1I18M4D7M5I3M2I7M2D20M13I11M4D6M2D8M11I2M2D7M6D9M1I9M12D7M6D17M4I7M2D4M2I2M1I21M
19	205	0.169	1.192E-07	15	242	244	3	225	235	4M2I4M1I32M5I3M3I4M1D8M3D10M6I8M6I14M2D3M1D11M8I12M6D9M1I8M13D10M5D12M2I3M2I37M
137	205	0.160	6.368E-08	11	242	244	0	228	238	8M2I4M1I13M2D17M3I4M2I1M3I4M1D8M3D11M14I9M2D10M2D3M1D13M9I5M1D4M4D4M2D5M1I8M13D10M5D15M4I37M
66	205	0.155	3.212E-08	13	242	244	4	236	239	6M1I6M4I4M1D5M1D17M7I5M1I2M5D9M1I12M4I12M3I2M3D1M2D12M3D12M3D11I10M6D8M1I7M10D9M5D14M2I3M2I32M1D5M
119	204	0.162	6.015E-08	13	242	244	4	222	226	7M1I5M2I5M1I5M1D17M7I5M1I4M1D8M1D13M6I4M9I2M2D10M3D10M3D3M11I10M4D4M2D5M1I8M10D10M4D1M1D10M3I4M1I7M2D7M2I21M
89	204	0.193	1.290E-08	13	242	244	5	236	240	6M1I6M4I6M1D3M1D17M7I5M1I4M1D8M3D9M4D7M1D8M6I2M1I11M3D9M2D5M10I9M4D5M2D5M1I8M5D3M5D5M5D13M3I4M1I7M2D8M2I20M
23	202	0.155	7.137E-08	16	242	244	4	227	230	3M1I6M2I28M1I3M6I2M1I3M1I5M2D3M2D13M5I28M3D4M2D2M2D5M12I11M6D7M1I5M10D14M4D11M2I3M2I37M
30	201	0.157	4.035E-08	14	242	244	3	234	238	12M2I5M1I5M1D17M7I5M1I12M4D14M4I10M3I2M3D1M2D12M3D8M1D4M11I7M7D3M1D8M1I7M10D9M5D14M2I3M2I12M1D3M1I21M
170	201	0.152	1.446E-08	14	242	244	1	235	239	3M1I2M4D6M4I4M1D5M1D17M7I5M1I4M1D8M3D12M4D4M1D4M2D3M9I12M3D10M1D4M9I13M6D7M1I5M7D3M3D8M2D5M3D9M2I3M2I7M4D5M4I21M
207	201	0.165	1.218E-08	14	243	244	4	236	243	5M1I6M2I7M1I3M1D17M7I5M1I3M1I8M5D13M11I8M2D12M2D3M1D9M5D1M12I11M6D7M1I5M10D11M5D13M6I2M2D7M2D8M2I11M7D10M
28	200	0.154	7.556E-08	13	243	244	4	237	239	6M1I6M2I5M1I5M1D17M7I5M1I3M1I9M3D5M2D6M4D4M1D3M2D5M9I13M3D12M3D11I8M5D2M1D8M1I7M10D9M5D14M2I3M2I32M1D6M
176	200	0.127	2.707E-08	15	242	244	0	250	254	5M4D7M1I9M1D19M7I5M1I4M1D8M3D9M4D13M4I7M9D13M3D12M8I12M6D4M3D5M1I7M10D9M5D14M2I3M2I7M5D5M5I20M
47	199	0.192	1.923E-08	13	239	244	4	232	239	6M1I6M4I6M1D3M1D17M7I5M1I3M1I8M5D9M4D7M1D8M6I2M1I11M3D14M8I11M4D5M2D5M1I7M10D9M5D13M3I4M1I7M2D8M2I17M
71	198	0.148	1.005E-07	11	243	244	0	224	225	27M1I17M7I5M1I4M1D6M1D6M1I1M3D8M13I19M3D8M3D4M11I9M4D2M1D7M1I5M10D11M5D13M3I4M1I8M4D4M5I15M1D6M
70	198	0.154	1.005E-07	13	243	244	4	237	239	6M1I6M2I30M1D1M6I3M1I2M3D9M1I12M4D5M1I10M5I13M3D8M1D4M9I10M4D3M2D7M1I7M10D9M5D14M2I3M2I32M1D6M
107	197	0.139	1.586E-07	14	242	244	5	235	239	5M1I6M2I28M7I5M1I2M5D9M1I9M4D7M1I11M5I13M3D12M3D11I10M6D8M1I7M10D9M5D14M2I3M2I37M
189	195	0.142	1.778E-07	12	242	244	3	222	226	8M1I5M2I28M7I5M1I3M1I6M4D1M1I13M6I4M9I2M2D10M3D14M3D11I9M4D4M2D5M1I8M10D10M5D11M1I4M3I7M2D8M2I20M
69	195	0.151	1.778E-07	13	243	244	4	235	237	6M1I6M2I28M7I5M1I3M1I8M5D9M4D14M3I2M5I13M3D11M4D12I10M6D8M1I7M10D9M5D14M2I3M2I7M2D8M2I15M1D6M
165	194	0.165	8.000E-08	16	243	244	5	237	239	3M1D7M2I5M1I5M1D17M7I5M1I3M1I9M5D11M4D8M3D4M9I13M3D11M1D1M9I12M2I1M8D5M1I7M10D9M5D14M2I3M2I7M2D8M2I15M1D6M
188	192	0.164	1.064E-07	11	243	244	0	224	225	27M1I20M10I4M1D6M1I2M4D3M1I1M3D8M13I19M3D8M3D4M11I9M5D9M1I5M10D11M5D13M3I4M1I15M1I16M1D6M
171	192	0.114	8.966E-08	17	242	244	3	231	238	8M2D11M1D2M1I19M1D22M1I14M13I17M3D12M12I1M7D9M5D9M1I9M10D10M6D14M4I10M2D5M2I20M
76	191	0.165	1.679E-07	26	239	244	15	233	240	31M3I2M4I2M1I4M1D8M3D9M4D8M2D7M8I12M3D14M8I14M6D7M1I7M10D9M5D13M3I4M1I34M
62	190	0.143	3.212E-08	17	242	244	1	235	239	7M2D12M1D2M1I19M1D1M6I3M1I2M3D9M1I12M4D4M11I6M5D11M3D14M10I6M2D3M5D4M3D6M1I7M10D9M5D13M6I2M2D37M
108	190	0.139	1.192E-07	13	242	244	4	235	239	6M1I6M2I28M7I5M1I2M5D9M1I9M4D7M1I11M5I13M3D12M10I8M7D3M1D8M1I7M10D9M5D14M2I3M2I37M
49	187	0.146	4.523E-08	14	242	244	5	235	239	5M1I6M2I30M1D1M10D9M1I10M10I8M1I11M5I13M3D7M2D5M10I9M5D2M1D8M1I9M10D7M5D14M2I3M2I37M
40	186	0.144	2.233E-07	15	242	244	0	234	238	5M4D6M2I28M7I5M1I2M5D9M1I9M4D7M4I2M3I4M1I4M2D12M3D12M3D11I8M4D3M2D7M1I7M10D9M5D14M2I3M2I37M
67	174	0.153	1.415E-07	14	243	244	5	237	239	5M1I6M2I5M1I5M1D19M1D1M10D9M1I10M1I2M9I6M9I4M2I2M5D13M3D8M1D4M9I10M5D2M1D8M1I7M10D9M5D14M2I3M2I32M1D6M
97	144	0.130	5.142E-06	26	242	244	13	225	229	12M1I21M3I5M1I2M1D1M2I7M3D13M6I3M3D3M9I5M2D17M1D2M9I10M4D3M4D7M1I8M10D8M5D13M6I2M2D11M1D4M2I20M
 