40	2959	1.00	8.868E-69	0	353	354	0	353	354	354M
58	2062	0.642	1.205E-49	0	343	354	0	342	344	165M1I178M
62	2036	0.647	5.185E-49	0	342	354	0	341	343	165M1I177M
63	2022	0.642	1.167E-48	0	343	354	2	344	346	165M1I178M
44	1976	0.619	5.299E-48	3	349	354	5	351	353	347M
43	1964	0.625	9.604E-48	3	349	354	5	351	353	347M
42	1949	0.625	1.070E-47	3	349	354	38	384	386	347M
74	1946	0.643	3.515E-47	0	341	354	0	340	342	165M1I176M
95	1878	0.575	1.286E-46	2	338	354	0	338	341	164M2D173M
41	1761	0.638	2.864E-44	24	349	354	0	325	327	326M
110	743	0.306	3.569E-24	5	318	354	15	324	352	12M1I29M4D2M4D29M4I22M2I58M7I5M7D10M4D2M5I28M4I94M
68	739	0.283	4.677E-24	7	351	354	3	350	377	43M5D24M4I28M2I38M3D4M3I9M5D8M3D16M5D35M7D7M4D49M2I21M1I14M17I20M
65	725	0.310	2.938E-23	5	324	354	3	314	348	4M1D8M1I29M3D11M1I16M2I3M2I22M2I64M1D51M4I62M3D16M4I18M
99	723	0.278	3.381E-24	7	338	354	3	376	378	43M5D24M4I28M2I36M2I7M2D6M4I2M12D24M5D32M7D7M4D49M2I16M1I18M24D11M2I12M
64	717	0.280	5.325E-23	5	351	354	1	351	374	44M5D25M4I28M2I53M8D26M5D32M2I4M13D52M2I21M1I14M16I21M
66	703	0.296	3.850E-23	5	351	354	3	331	338	4M1D8M1I41M4D19M4I22M2I56M2D59M4I62M3D19M11I4M6I25M
112	692	0.287	3.203E-24	6	341	354	1	370	372	43M5D25M2I4M2I24M2I53M8D27M5D31M2I4M13D52M2I15M23D25M7I4M3I9M
94	690	0.299	1.198E-22	5	352	354	3	335	338	4M1D8M1I41M4D16M2I3M2I22M2I58M2D54M7I2M3D54M1D6M2D16M4I13M10I23M
8	676	0.286	1.455E-23	7	344	354	3	374	376	42M5D29M4I24M2I52M6D1M1I8M3D17M3D2M2D30M2I4M13D52M2I14M24D20M7I9M2I3M2I9M
75	672	0.283	1.455E-23	6	342	354	1	372	374	41M5D31M4I24M2I53M8D26M5D32M2I4M13D52M2I11M23D27M7I5M2I12M
96	657	0.268	2.219E-21	7	313	354	3	370	384	43M5D28M4I24M2I24M41D14M3D4M3I7M4I8M3D7M9D10M5D30M11D58M2I21M1I13M
28	611	0.247	9.049E-21	3	312	354	21	328	336	14M1D32M5D9M1I15M2I4M2I24M1I44M1I36M4D2M4I27M4I50M3D38M
35	600	0.287	5.745E-22	10	321	354	9	321	350	8M1I31M13D26M3I2M1I22M2I38M3I43M6D31M4I51M6D9M8I10M1I12M1I5M
97	595	0.281	1.160E-21	10	350	354	7	346	348	8M1I30M13D29M4I22M2I38M3I43M6D31M4I62M1I4M1I16M1I6M1I5M1I6M2D5M3I14M
25	591	0.291	8.388E-22	10	347	354	9	345	350	8M1I28M1D3M12D26M3I2M1I22M2I38M3I39M6D35M4I55M1D5M2I5M1I10M1I13M2I10M2D5M3I11M
61	587	0.284	2.219E-21	10	353	354	7	349	350	8M1I30M13D27M3I2M1I22M2I39M3I42M6D31M4I53M1I13M1I16M1I7M2I11M2D4M3I17M
15	586	0.290	7.289E-21	9	318	354	4	319	349	9M1I28M6D2M8D29M4I22M2I38M3I43M6D31M4I94M
59	565	0.285	5.270E-21	10	349	354	7	346	350	8M1I28M6D2M8D29M4I22M2I38M3I43M6D31M4I54M1D24M2I19M2I8M3I13M
24	563	0.277	9.552E-21	10	353	354	5	348	349	8M1I28M6D3M8D28M4I22M2I39M3I16M3D3M3I16M6D35M4I54M1I44M2I8M3I17M
23	561	0.281	1.064E-20	10	353	354	7	350	351	8M1I28M6D3M8D28M4I22M2I38M3I39M6D35M4I54M1I11M2I30M2D5M2I4M3I17M
109	526	0.331	5.050E-18	1	277	354	0	262	336	8M3I5M1I28M4D3M3D9M1I16M2I3M2I24M2I37M3I15M2I5M2D21M1D22M1I6M3I15M4I36M
10	522	0.251	1.380E-18	10	352	354	12	367	372	8M1I15M2I11M6D14M1I14M5I1M1D24M2I51M8I12M9D37M4I57M1I8M2I11M8D33M8D2M7D19M
89	499	0.285	8.215E-18	9	313	354	6	310	322	8M1I31M3D12M1I16M4I22M2I39M3I43M1D30M4I10M2I3M2I45M14D5M3D10M2I10M
5	494	0.251	1.336E-17	9	313	354	4	306	323	9M1I31M4D11M1I13M2I3M2I22M2I39M3I43M1D23M7I6M3D11M4I36M1I11M8D9M3D8M1D4M1D3M
13	494	0.277	1.366E-16	5	284	354	20	296	363	42M6D2M3D10M1I15M2I3M2I24M2I36M3I17M3I5M6D45M3I3M1D13M1I3M2I43M
22	493	0.277	1.042E-16	0	282	354	1	261	349	7M6I4M1I57M2I3M2I24M2I36M3I4M1D40M1D30M4I13M4I41M
30	492	0.317	1.489E-17	7	288	354	26	305	340	10M1I35M1D4M2D2M4D19M4I22M2I39M3I18M2D1M4I50M4I13M4I23M5D13M6D11M
47	490	0.274	2.501E-18	1	353	354	0	337	338	8M3I5M1I29M4D2M3D9M1I16M2I3M2I24M2I37M3I16M1I5M1D21M1D22M1I6M3I15M4I33M3I5M2D10M11D22M11I28M
26	490	0.259	3.349E-17	1	290	354	27	307	349	16M1I35M1D5M3D4M3D16M4I22M2I39M3I18M2D2M4I50M2I14M4I23M5D11M3I12M
46	488	0.275	2.758E-16	5	284	354	21	297	364	42M6D2M3D10M1I15M2I3M2I24M2I36M3I17M1I9M4D43M3I3M1D13M1I3M2I43M
1	487	0.249	6.985E-18	9	313	354	6	310	326	8M1I32M4D11M1I14M5I1M1D22M2I39M3I16M11I16M12D26M4I17M4I36M7D5M1I16M4D9M4D5M
32	487	0.293	1.076E-17	1	288	354	21	305	340	9M1I6M1I35M1D4M2D4M2D6M2D11M4I22M2I39M3I19M1D4M3I47M4I13M4I23M5D13M6D11M
6	485	0.243	8.215E-18	9	313	354	4	311	323	9M1I31M4D8M3I6M2D8M2I3M2I22M2I38M3I44M1D23M7I6M3D11M4I36M1I9M15D4M3D22M
16	485	0.294	3.651E-18	1	288	354	21	305	340	9M1I6M1I35M1D4M2D4M2D6M2D7M4I26M2I38M3I17M8I2M6D47M4I13M4I23M5D13M6D11M
18	485	0.294	3.459E-18	1	288	354	21	305	340	9M1I6M1I35M1D4M2D4M2D6M2D7M4I26M2I38M3I17M8I2M6D47M4I13M4I23M5D13M6D11M
107	482	0.257	7.702E-16	6	285	354	0	263	322	12M1I31M4D13M1I11M2I3M2I22M2I38M3I17M2I4M2D16M5D1M4I30M4I13M4I36M2I6M
101	482	0.261	5.627E-18	3	353	354	0	337	338	7M1I6M1I29M4D2M3D9M1I16M2I3M2I24M2I37M3I37M5I1M6D22M1I6M3I15M4I34M6D6M5I9M6D10M3D9M11I28M
76	480	0.268	5.568E-16	5	283	354	20	295	362	42M6D2M3D10M1I15M2I3M2I24M2I37M3I16M2I10M5D42M3I2M1D13M1I3M2I42M
31	479	0.283	1.020E-17	3	288	354	23	305	340	7M1I6M1I35M1D4M2D4M2D6M2D11M4I22M2I38M3I17M8I2M6D47M4I13M4I23M5D13M6D11M
106	473	0.230	4.633E-17	9	313	354	3	308	322	8M1I33M4D10M1I13M2I3M2I22M2I39M3I16M11I5M11D11M1D30M4I13M4I36M2I10M8D10M4D9M5D5M
48	473	0.289	7.783E-18	1	288	354	21	305	340	9M1I6M1I35M1D9M8D2M2I8M4I26M2I38M3I17M8I2M6D47M4I13M4I23M5D13M6D11M
50	473	0.289	7.783E-18	1	288	354	21	305	340	9M1I6M1I35M1D9M8D2M2I8M4I26M2I38M3I17M8I2M6D47M4I13M4I23M5D13M6D11M
85	472	0.301	3.243E-16	7	288	354	2	284	339	10M1I29M8D31M4I22M2I39M3I18M5D2M4I49M4I13M4I23M4D13M2D4M4D7M
7	472	0.249	2.015E-18	1	324	354	0	346	361	8M4I4M1I29M3D12M3D19M4I22M2I38M3I45M1D29M4I13M4I37M2D8M20D18M10D9M6D11M
0	471	0.271	1.410E-17	1	353	354	0	337	338	8M3I5M1I28M4D3M3D9M1I16M2I3M2I24M2I37M3I16M1I5M1D15M5I1M6D26M4I17M4I33M3I5M2D10M11D22M11I28M
49	471	0.289	9.661E-18	1	288	354	21	305	340	9M1I6M1I35M1D9M8D2M2I8M4I26M2I38M3I17M8I2M6D47M4I13M4I23M5D13M6D11M
17	470	0.278	2.294E-17	1	288	354	22	306	341	9M1I6M1I35M1D4M2D4M2D6M2D11M4I22M2I38M3I17M8I2M6D47M4I13M4I23M5D13M6D11M
34	468	0.278	2.556E-17	1	288	354	22	306	341	9M1I6M1I35M1D4M2D4M2D6M2D11M4I22M2I38M3I17M8I2M6D47M4I13M4I23M5D13M6D11M
14	467	0.282	2.848E-17	1	288	354	22	306	341	9M1I6M1I35M1D4M2D4M2D6M2D11M4I22M2I38M3I17M8I2M6D47M4I13M4I23M5D13M6D11M
69	466	0.300	3.243E-16	3	288	354	0	284	338	6M2I6M1I29M8D31M4I22M2I39M3I18M5D2M4I49M4I13M4I23M4D13M2D4M4D7M
27	466	0.282	3.173E-17	1	288	354	22	306	341	9M1I6M1I35M1D4M2D4M2D6M2D11M4I22M2I38M3I17M8I2M6D47M4I13M4I23M5D13M6D11M
103	464	0.282	3.732E-17	1	288	354	22	306	341	9M1I6M1I35M1D4M2D4M2D6M2D11M4I22M2I38M3I17M8I2M6D47M4I13M4I23M5D13M6D11M
37	462	0.282	2.698E-17	1	288	354	23	307	342	9M1I6M1I35M1D4M2D4M2D6M2D5M2I6M2I22M2I38M3I17M8I2M6D47M4I13M4I23M5D13M6D11M
111	459	0.297	2.758E-16	3	288	354	0	284	338	6M2I6M1I29M8D31M4I22M2I39M3I16M3D2M2D2M4I49M4I13M4I23M4D8M6D16M
84	459	0.212	1.751E-17	11	351	354	1	352	381	6M1I29M3D14M1I13M2I5M2I64M2I14M2I5M3D50M4I15M3I38M20D7M4D22M1D15M3I24M
3	458	0.288	5.878E-16	11	288	354	6	284	337	6M1I29M8D31M4I22M2I39M3I16M1I9M2D47M4I13M4I23M4D8M6D16M
81	454	0.293	5.568E-16	5	288	354	0	284	337	12M1I29M8D31M4I22M2I39M3I15M3D3M2D2M4I49M4I13M4I23M4D8M6D16M
80	452	0.278	4.998E-16	0	288	354	0	284	338	5M5I7M1I29M8D31M4I22M2I39M3I16M1I5M2D51M4I13M4I22M4D9M6D16M
56	451	0.293	7.702E-16	5	288	354	0	283	337	12M1I29M8D31M4I22M2I39M3I15M3D3M2D2M4I49M4I13M5I22M4D8M6D16M
4	450	0.294	8.215E-18	7	322	354	26	335	355	10M1I35M1D9M6D13M4I24M2I40M3I19M1D4M3I43M5I16M4I23M5D13M6D8M5D7M8I22M
21	449	0.268	5.878E-16	3	294	354	0	274	320	7M1I6M1I29M8D11M1I19M4I22M2I39M3I16M6I2M4D49M4I13M4I23M5D13M8I9M
108	448	0.288	1.555E-15	12	288	354	7	284	337	5M1I29M8D31M4I22M2I39M3I16M2I8M3D47M4I13M4I23M4D9M6D15M
2	446	0.210	1.889E-16	6	313	354	0	310	322	11M1I32M4D8M3I6M2D8M2I3M2I22M2I39M3I38M5D4M4I18M1I8M3I14M4I36M1I9M15D4M3D22M
20	445	0.292	1.294E-16	7	288	354	22	300	338	3M1I6M1I29M3I1M6D10M2D6M2D11M4I22M2I39M3I16M1D5M3I49M4I13M4I23M5D13M6D11M
88	441	0.275	2.294E-17	13	351	354	34	362	364	5M1I27M4D7M3D5M1I17M1I2M3I24M2I36M2I6M1I11M2I4M2D19M1D32M4I13M4I33M3I5M1D5M10D27M2I6M5I24M
102	440	0.269	1.733E-15	11	283	354	1	264	384	7M1I28M3D12M3D16M2I4M2I63M3I19M3I5M3D12M4D2M4I27M4I11M1I5M2I40M
90	434	0.275	7.139E-17	13	313	354	34	350	364	5M1I27M4D7M3D5M1I17M1I2M3I24M2I36M2I3M1I14M2I4M2D19M1D32M4I13M4I34M3I4M1D4M24D15M5D12M
71	420	0.256	3.814E-16	5	350	354	19	355	360	13M1I28M6D2M3D10M1I15M2I3M2I24M2I36M3I17M3I5M6D45M3I3M1D13M1I3M2I36M1I5M1I4M12D9M6D10M2D6M18I5M5I9M
33	414	0.238	2.105E-16	3	331	354	0	350	365	14M1I33M1D6M2D2M4D19M4I62M3I18M7D5M5I1M17D45M4I15M2I23M4D12M2D5M2D6M5D13M5D10M8I13M
82	412	0.290	4.439E-14	27	282	354	0	252	321	20M6D1M3D11M1I15M2I3M2I24M2I36M3I17M3I7M6D43M3I3M1D13M1I3M2I41M
19	410	0.269	2.105E-16	0	335	354	0	324	327	7M4D4M1I5M1I29M3I3M6D8M2D6M2D11M4I22M2I39M3I16M1D5M3I49M4I13M4I23M5D11M9D7M1D7M18I24M2D4M
67	405	0.260	5.392E-15	6	292	354	6	289	339	11M1I16M1I12M3I3M7D9M3D13M2I3M2I24M2I36M3I22M6D7M1D55M2I5M4I23M3D11M3I14M
91	404	0.242	7.297E-16	8	317	354	3	316	343	9M1I32M7D16M1I8M2I3M2I20M1I41M2I15M11I19M12D30M4I13M4I34M8D5M4I12M7D6M2D15M
105	400	0.245	8.581E-16	8	317	354	3	316	343	9M1I29M4D7M3D9M1I11M2I3M2I20M1I41M2I15M9I3M2I16M12D30M4I13M4I34M8D4M4I13M7D6M2D15M
73	397	0.237	1.396E-15	8	317	354	3	316	340	9M1I28M4D8M3D11M1I9M2I3M2I20M1I41M2I15M9I3M2I16M12D30M4I13M4I33M3I8M9D12M5D5M2D15M
38	395	0.223	1.065E-15	0	324	354	0	352	367	6M8D12M4D29M14D14M1I19M2I13M4I1M4D6M6D39M3I27M10D17M3D28M4I16M6D6M4D38M16I6M1I17M
12	387	0.201	2.975E-15	1	320	354	0	340	357	6M7D5M5D6M1I28M20D2M11D9M1I22M2I14M6I4M3D38M3I16M1I4M2D18M7D1M4I29M4I15M2I39M3I5M14I4M7D14M
104	373	0.230	2.643E-13	9	312	354	39	318	347	8M1I28M2D1M1D3M4D27M2I3M2I9M1I12M2I38M2I38M1I24M1D2M7I6M1I8M2I39M1I3M10I23M
57	371	0.231	2.819E-15	3	334	354	0	322	343	6M2I5M1I32M9D9M3I6M2D7M4I26M2I38M3I19M4I9M4D42M4I13M4I31M5I7M5I7M2I8M9D6M7D12M1I9M
29	364	0.244	3.388E-14	5	288	354	31	314	349	12M1I16M2D14M3I2M2I7M14D2M2I12M4I22M2I39M3I16M6I2M4D16M4D4M4I24M4I14M4I23M5D13M6D11M
36	361	0.194	2.530E-15	7	353	354	14	383	384	7M1D3M2I29M2D12M4D16M2I10M2I14M3I38M3I15M2D5M4I13M4I2M5D23M1D4M19D23M3D51M3D5M3D57M
77	361	0.200	2.270E-15	12	353	354	18	385	386	3M1D2M2I29M2D14M4D14M2I10M2I14M3I38M3I16M2D4M4I14M1D28M1D5M18D3M1D18M3D52M3D5M3D38M3D19M
60	359	0.190	2.670E-15	11	353	354	18	383	384	3M1D3M2I29M2D12M4D16M2I10M2I14M3I38M3I18M4I8M2D7M4I2M5D23M1D8M2I3M8D6M13D8M3D57M6D16M3D6M6I5M3D23M
87	352	0.198	2.530E-15	0	351	354	1	374	376	8M3I9M1I26M2I2M3D10M4D6M2D7M4I28M2I36M3I17M8I5M1D5M7D5M1D3M2D30M1I17M4I23M1D10M8D17M17D14M11D8M3I11M4I20M
83	352	0.196	1.253E-15	11	352	354	18	385	388	3M1D3M2I29M2D12M4D16M2I10M2I14M3I38M3I19M4I7M2D7M1D21M18D12M2D23M3D56M6D10M2I27M5D17M
11	346	0.206	1.931E-15	11	335	354	18	358	376	3M1D3M2I29M2D12M2D7M2D9M2I10M2I14M3I38M3I18M4I8M2D10M1D26M1D4M19D23M3D51M3D5M3D25M7I7M
79	346	0.204	4.839E-15	15	351	354	19	380	382	3M1D30M2D12M4D16M2I10M2I14M3I38M3I15M2D5M4I16M1D26M1D7M19D20M3D51M3D5M3D24M5I6M5D20M
92	342	0.191	1.771E-14	12	353	354	3	377	378	5M1I30M2D12M4D17M4D2M3I11M1I12M2I37M3I20M1I11M5D7M2D34M11D12M9D7M3D36M5D3M15D30M5I11M8I4M3I14M
70	341	0.225	7.458E-15	11	344	354	2	372	377	6M1I29M3D4M1I8M4D17M1D16M1I12M1I8M1I29M3I19M4I4M3D4M5D10M2D29M20D23M3D34M3I5M3D7M2D8M3D32M2D7M1D8M
93	334	0.204	1.427E-14	5	315	354	4	348	366	5M1I9M1I26M2I2M3D10M4D6M2D7M4I36M2I29M3I16M1I3M3I8M4D8M3D33M1I17M4I23M1D12M8D14M18D11M13D14M
9	333	0.188	1.869E-14	0	318	354	0	354	356	7M4I7M15D29M3D4M1D16M2D8M2D14M1I14M3I36M3I22M2I16M3D2M2I31M11D7M8D5M4D49M3D11M1I25M
53	333	0.197	4.789E-13	3	351	354	0	363	388	8M1I23M2I13M2D15M2D9M2I4M2I19M2D5M2I22M2D20M2I7M4D2M1I7M2D3M7I54M1D4M2D5M3I25M2I5M1D3M38D34M17I21M
55	333	0.184	3.463E-13	0	351	354	0	372	392	5M1D12M1I28M1I3M9D12M1I11M4I28M2I38M3I12M2I2M3I3M7D50M4I39M1D9M1D10M2D26M1I13M11D9M11D20M
78	329	0.180	4.585E-15	15	351	354	20	383	385	3M1D30M2D12M4D16M2I10M2I14M3I38M3I18M4I8M2D7M4I4M5D13M18D12M2D22M3D58M6D9M2I16M3I4M7D20M
54	323	0.176	1.137E-12	0	351	354	0	372	393	5M1D12M1I28M1I3M9D12M1I12M2I6M2I21M2I38M3I12M2I1M4D57M4I39M1D9M1D18M2D41M21D20M
45	310	0.183	1.240E-13	0	322	354	0	354	356	7M4I7M15D29M3D4M1I8M4D15M2D17M1I11M3I36M3I21M4I9M2D6M6D2M5I28M20D9M1I2M4D57M5I8M3D20M
72	308	0.195	6.841E-14	0	322	354	1	355	357	8M4I6M15D29M3D4M1D16M2D8M2D17M1I11M3I36M2I2M1I22M2I14M6D2M5I28M11D7M8D13M4D49M5I8M3D20M
100	301	0.197	4.072E-13	1	324	354	2	354	355	5M2D5M7D3M1D3M2I27M5D13M1D20M2D13M1I11M3I38M3I13M2I22M4I4M5D21M1D4M19D17M4D5M1I49M5I8M3D22M
98	287	0.195	3.539E-12	17	351	354	21	371	380	30M1D12M3D15M2I7M2I19M3D2M1I25M3D13M3I22M2D9M1D5M1D4M3D2M4I16M1I6M3D15M3I2M6D9M2D9M3D16M2I13M9I22M4D18M8D17M
86	261	0.180	3.076E-11	5	349	354	0	384	391	13M7D16M1I12M2D13M5D16M12D2M6D15M1I8M9D2M3I41M4I8M3I18M6D5M9D28M2D2M6I8M3D8M4I35M2I17M8D19M1D6M1I6M2I7M3I10M
39	260	0.175	1.066E-10	11	353	354	12	386	387	6M1I5M1D14M10D13M5D8M3D8M1I8M4D6M5D23M2I24M2D20M2I9M5I20M1D5M21D23M3I10M3D4M2I11M2D13M2D8M2D6M2I8M6D11M1D22M18I22M
52	258	0.172	1.324E-10	6	312	354	1	362	387	13M5D7M1D13M10D12M5D7M3D5M1I13M4D6M5D21M2I24M2D20M2I18M4D11M21D4M8I67M2D5M2D7M2I9M6D30M
51	245	0.182	5.397E-10	7	284	354	3	280	372	11M1I15M2D15M11D14M1D11M4I28M2I38M2I12M15D7M8I9M3I6M2D19M3D7M3D2M9I4M8I23M1D5M2I8M1D5M
 