#Task    Step    numberOfAcceptedPeleSteps    currentEnergy    BindingEnergy    sasaLig    distance_A35SG_L1S1    
1    0    0    -6437.82    -17.5466    0.404408    6.72586    
1    1    1    -6464.25    -19.6381    0.404762    8.67356    
1    3    2    -6472.12    -21.3534    0.420662    9.25468    
1    5    3    -6466.77    -22.9937    0.39389    8.95976    
1    6    4    -6470.72    -24.4884    0.404506    9.50147    
1    7    5    -6470.93    -27.5484    0.372984    9.61311    
1    13    6    -6470.32    -28.8179    0.371281    9.53867    
1    17    7    -6468.27    -27.0067    0.375149    9.26886    
1    19    8    -6469.64    -25.6138    0.371107    9.73505    
1    24    9    -6468.38    -24.5039    0.389294    10.4484    
1    28    10    -6466.15    -20.1238    0.393778    9.64318    
1    29    11    -6473.56    -25.1917    0.403616    10.1066    
1    44    12    -6470.86    -23.5051    0.407798    10.1485    
1    45    13    -6469.36    -26.5988    0.402622    9.6793    
1    81    14    -6467.05    -30.4329    0.371505    9.17006    
1    82    15    -6466.05    -31.1375    0.368696    9.44292    
1    85    16    -6465.95    -26.1136    0.389717    8.9936    
1    89    17    -6462.68    -28.1534    0.388478    8.98067    
1    90    18    -6463.99    -27.5906    0.393084    8.89475    
1    92    19    -6466.12    -28.1735    0.410489    9.32552    
1    96    20    -6464.63    -25.797    0.41877    9.99223    
1    99    21    -6467.75    -25.7671    0.424659    9.40331    
