#Task    Step    numberOfAcceptedPeleSteps    currentEnergy    BindingEnergy    sasaLig    distance_A35SG_L1S1    
1    0    0    -6434.1    -21.0867    0.435763    6.73212    
1    3    1    -6431.44    -5.04637    0.429484    8.83108    
1    5    2    -6448.47    -17.3424    0.421094    8.58256    
1    7    3    -6447.21    -21.2958    0.41952    8.98436    
1    11    4    -6454.03    -23.3807    0.471244    9.26677    
1    12    5    -6451.85    -19.1221    0.47024    9.46572    
1    15    6    -6452.87    -26.7842    0.411278    8.92166    
1    16    7    -6451.87    -24.9176    0.411384    8.88656    
1    18    8    -6454.83    -24.2922    0.424409    8.99454    
1    19    9    -6458.4    -22.8983    0.424037    9.39164    
1    21    10    -6459.37    -25.7427    0.412774    8.91345    
1    24    11    -6457.93    -24.1624    0.418679    9.11183    
1    28    12    -6464.15    -27.7458    0.408369    8.84258    
1    39    13    -6464.89    -30.1238    0.407082    8.6536    
1    41    14    -6458.5    -30.8464    0.380145    6.8458    
1    43    15    -6460.35    -26.0722    0.371587    6.57949    
1    49    16    -6459.94    -27.6039    0.377416    6.80157    
1    61    17    -6453.29    -26.3569    0.362888    6.43865    
1    62    18    -6447.24    -19.1213    0.377474    6.60987    
1    63    19    -6453.17    -21.4057    0.424937    6.9536    
1    64    20    -6454.81    -22.1519    0.378841    7.61996    
1    65    21    -6453.21    -26.8393    0.398679    5.98439    
1    67    22    -6461.4    -27.9674    0.459148    5.21242    
1    68    23    -6462.95    -26.9033    0.481614    5.45835    
1    70    24    -6468.12    -29.4307    0.46281    6.44104    
1    74    25    -6466.56    -25.205    0.449458    8.21411    
1    82    26    -6468.82    -24.3121    0.470439    9.82736    
1    89    27    -6471.7    -26.8817    0.474923    7.69043    
