#Task    Step    numberOfAcceptedPeleSteps    currentEnergy    BindingEnergy    sasaLig    distance_A35SG_L1S1    
1    0    0    -6443.76    -19.4899    0.409943    5.89967    
1    1    1    -6456.63    -16.6557    0.416664    9.07225    
1    15    2    -6462.36    -27.7691    0.411809    9.12078    
1    19    3    -6465.49    -28.5565    0.418661    9.49921    
1    20    4    -6467.32    -29.7198    0.428164    9.54271    
1    25    5    -6461.1    -24.8613    0.449349    9.7703    
1    27    6    -6460.48    -22.6821    0.458708    10.7874    
1    34    7    -6454.36    -18.4601    0.49578    11.1091    
1    37    8    -6464.64    -26.7917    0.454281    10.51    
1    41    9    -6465    -24.9522    0.439836    10.2803    
1    47    10    -6461.86    -22.9714    0.437917    9.91796    
1    48    11    -6462.23    -21.6267    0.442259    10.3539    
1    53    12    -6467.4    -26.2728    0.424411    9.55495    
1    57    13    -6464.79    -27.1096    0.416741    9.59033    
1    62    14    -6465.34    -25.2539    0.442839    9.80801    
1    66    15    -6460.49    -22.7847    0.440053    10.055    
1    67    16    -6467.7    -27.6369    0.425721    9.58565    
1    69    17    -6465.18    -27.9699    0.42012    10.4483    
1    74    18    -6464.67    -27.9095    0.412808    10.1921    
1    76    19    -6466.75    -29.7808    0.398694    10.3896    
1    86    20    -6467.04    -30.8491    0.398247    10.1959    
1    87    21    -6466.97    -27.6443    0.413398    10.5036    
1    95    22    -6466.97    -27.9186    0.426318    8.44113    
1    96    23    -6464.56    -23.7112    0.439114    7.72586    
1    97    24    -6464.25    -26.3794    0.404637    6.46613    
1    98    25    -6463.46    -24.0024    0.419522    5.96148    
