#Task    Step    numberOfAcceptedPeleSteps    currentEnergy    BindingEnergy    sasaLig    distance_A35SG_L1S1    
1    0    0    -6417.21    -23.3405    0.400942    5.58588    
1    1    1    -6422.78    -4.65151    0.412273    9.52364    
1    2    2    -6425.34    -3.43851    0.375979    9.18826    
1    3    3    -6425.82    -12.4827    0.406665    9.75975    
1    4    4    -6430.45    -3.54832    0.577396    6.59975    
1    5    5    -6436.6    -7.88909    0.479284    7.78314    
1    6    6    -6439.61    -6.70451    0.454808    8.76712    
1    8    7    -6440.06    -8.13286    0.471737    10.0737    
1    11    8    -6443.94    -8.57528    0.485879    10.8397    
1    12    9    -6447.19    -8.71999    0.513847    11.5661    
1    18    10    -6446.27    -9.04013    0.493985    11.4986    
1    20    11    -6445.78    -9.58821    0.508355    11.5899    
1    21    12    -6444.52    -7.34849    0.533664    11.2984    
1    22    13    -6446.59    -6.3477    0.518643    11.2696    
1    24    14    -6445.92    -5.61815    0.526319    11.4519    
1    25    15    -6447.53    -6.61961    0.539241    11.6999    
1    26    16    -6446.82    -8.99303    0.556708    11.8477    
1    29    17    -6447.38    -6.17918    0.525719    11.2626    
1    31    18    -6437.45    3.09036    0.590235    10.5694    
1    33    19    -6442.67    -5.57327    0.490978    10.3157    
1    34    20    -6444.78    -8.88908    0.520773    10.4387    
1    35    21    -6445.14    -11.8289    0.516611    10.5299    
1    37    22    -6449.11    -13.2691    0.494942    10.3791    
1    47    23    -6445.74    -7.93398    0.540468    11.7668    
1    48    24    -6445.66    -5.39935    0.553892    11.5728    
1    49    25    -6444.94    -7.12561    0.551485    11.3204    
1    51    26    -6443.98    -6.60137    0.587616    11.5434    
1    52    27    -6445.66    -8.49455    0.580366    12.1952    
1    56    28    -6446.99    -8.84539    0.586655    12.3756    
1    63    29    -6446.88    -9.46086    0.552375    12.4685    
1    66    30    -6449.15    -9.40307    0.57731    12.4582    
1    71    31    -6450.28    -8.27172    0.646072    11.9934    
1    73    32    -6451.49    -11.2843    0.558571    10.7983    
1    74    33    -6452.62    -11.3132    0.576337    11.4741    
1    76    34    -6457.03    -16.4206    0.466484    11.3508    
1    78    35    -6455.15    -13.6453    0.474284    11.7812    
1    83    36    -6456.23    -15.2363    0.497491    12.4238    
1    84    37    -6455.47    -13.8527    0.482704    11.7417    
1    85    38    -6452.84    -12.2807    0.502344    10.9202    
1    87    39    -6455.3    -17.3688    0.457067    10.4935    
1    91    40    -6454.21    -19.7563    0.431144    10.4051    
1    97    41    -6448.84    -18.031    0.387913    9.55233    
