#Task    Step    numberOfAcceptedPeleSteps    currentEnergy    BindingEnergy    sasaLig    distance_A35SG_L1S1    
1    0    0    -6446.17    -18.8598    0.41419    5.86778    
1    1    1    -6470.87    -20.1355    0.389701    7.62653    
1    2    2    -6471.4    -20.6289    0.386745    8.01728    
1    11    3    -6474.83    -22.8243    0.379335    7.2223    
1    19    4    -6475.69    -23.2016    0.409369    6.93768    
1    23    5    -6471.49    -21.4113    0.441298    7.69761    
1    25    6    -6481.48    -27.7019    0.409956    6.85438    
1    26    7    -6480.83    -26.6138    0.421162    6.66688    
1    51    8    -6478.29    -26.115    0.419723    7.7877    
1    57    9    -6481.13    -28.2188    0.41172    6.74157    
1    67    10    -6475.88    -23.3484    0.419202    7.06636    
1    69    11    -6482.47    -27.477    0.402601    6.81867    
1    82    12    -6482.41    -27.5131    0.402617    6.94393    
1    91    13    -6480.84    -26.4058    0.405588    6.77555    
