#Task    Step    numberOfAcceptedPeleSteps    currentEnergy    BindingEnergy    sasaLig    distance_A35SG_L1S1    
1    0    0    -6438.97    -10.0892    0.409712    5.82588    
1    1    1    -6459.27    -13.5936    0.435317    5.45857    
1    2    2    -6461.07    -11.9245    0.45262    5.41482    
1    4    3    -6469.75    -17.3365    0.416072    5.75337    
1    5    4    -6474.51    -20.7765    0.397153    5.37218    
1    10    5    -6467.98    -15.0927    0.414994    6.14099    
1    13    6    -6468.54    -18.4098    0.408735    5.48037    
1    14    7    -6467.01    -14.5551    0.44851    5.5055    
1    16    8    -6464.57    -10.4947    0.490868    7.0671    
1    21    9    -6470.65    -18.8375    0.390427    5.38704    
1    23    10    -6471.21    -15.8567    0.430579    6.51202    
1    33    11    -6473.72    -18.1455    0.418362    7.21214    
1    37    12    -6476.65    -22.2872    0.41137    6.61651    
1    42    13    -6479.49    -24.0183    0.415825    6.4811    
1    47    14    -6479.28    -26.369    0.42314    6.55836    
1    49    15    -6479.94    -25.7605    0.422159    6.78117    
1    53    16    -6479.88    -23.6688    0.419557    7.16515    
1    55    17    -6482.77    -22.2635    0.426117    6.55573    
1    79    18    -6479.93    -20.5282    0.414771    6.82043    
1    81    19    -6481.39    -22.3764    0.413533    6.6097    
1    83    20    -6481.57    -20.593    0.422027    6.72167    
1    88    21    -6481.94    -23.435    0.401812    6.89309    
1    90    22    -6482.92    -23.159    0.423076    6.55259    
1    91    23    -6481.81    -24.4171    0.429322    6.32949    
1    93    24    -6481.81    -22.7512    0.445579    6.56163    
1    99    25    -6481.24    -20.6827    0.446025    6.51683    
