#Task    Step    numberOfAcceptedPeleSteps    currentEnergy    BindingEnergy    sasaLig    distance_A35SG_L1S1    
1    0    0    -6427.16    -14.8586    0.379959    6.11782    
1    1    1    -6442.77    -2.95363    0.498254    3.90014    
1    2    2    -6442.33    2.23421    0.530301    6.13835    
1    3    3    -6450    -10.1365    0.455493    7.67026    
1    4    4    -6448.95    -6.56374    0.483929    7.98431    
1    7    5    -6449.83    -9.68433    0.418795    7.76129    
1    9    6    -6452.39    -9.8001    0.437816    7.36363    
1    14    7    -6447.01    -0.933346    0.464186    7.62932    
1    15    8    -6448.6    -7.27023    0.370508    6.7218    
1    17    9    -6461.05    -13.2899    0.414725    7.40378    
1    21    10    -6457.86    -14.9719    0.441564    7.7647    
1    23    11    -6459.29    -12.9951    0.432084    7.42038    
1    26    12    -6460.94    -13.3004    0.421882    7.33455    
1    29    13    -6455.37    -7.68288    0.451583    7.39234    
1    30    14    -6453.47    -4.55783    0.523746    5.99831    
1    31    15    -6459.12    -11.2868    0.470974    6.80536    
1    33    16    -6453.04    -10.3596    0.430756    6.78305    
1    34    17    -6455.56    -11.8625    0.4349    7.05763    
1    36    18    -6449.63    -6.03658    0.47012    7.55622    
1    37    19    -6455.43    -14.1814    0.436042    7.19879    
1    39    20    -6457.48    -11.974    0.433438    7.10549    
1    41    21    -6455.3    -10.4382    0.475211    6.98619    
1    46    22    -6451.52    -6.67815    0.55623    8.06397    
1    51    23    -6454.68    -4.83126    0.545756    4.33739    
1    53    24    -6457.72    -11.2283    0.552352    5.22023    
1    54    25    -6457.85    -10.2927    0.539581    5.25268    
1    57    26    -6458.35    -10.6867    0.545318    5.57917    
1    60    27    -6459.44    -11.5936    0.545095    5.30038    
1    65    28    -6456.63    -11.0399    0.534163    5.57136    
1    69    29    -6456.67    -10.7615    0.526946    5.43501    
1    70    30    -6459.47    -14.6419    0.555711    4.97262    
1    72    31    -6459.98    -13.2928    0.562931    4.82453    
1    79    32    -6460.78    -13.6227    0.538587    5.55153    
1    80    33    -6458.68    -11.5217    0.504207    5.61905    
1    83    34    -6459.02    -16.8997    0.47233    4.00702    
1    84    35    -6458.43    -15.7052    0.499921    3.74426    
1    85    36    -6464.63    -17.7153    0.475205    4.36118    
1    86    37    -6468.42    -17.8238    0.489016    4.76399    
1    92    38    -6468.7    -16.8767    0.460149    5.64517    
1    94    39    -6468.33    -18.1628    0.468102    4.64562    
1    95    40    -6465.7    -21.7311    0.448628    3.86222    
1    97    41    -6472.02    -23.346    0.43594    3.78437    
