#Task    Step    numberOfAcceptedPeleSteps    currentEnergy    BindingEnergy    sasaLig    distance_A35SG_L1S1    
1    0    0    -6418.49    -16.8494    0.401158    5.77783    
1    1    1    -6438.68    -6.71063    0.424711    3.89819    
1    2    2    -6444.83    -6.78577    0.51807    4.03039    
1    3    3    -6449.7    -11.3752    0.491413    4.62624    
1    5    4    -6459.21    -21.7317    0.416097    5.79932    
1    11    5    -6462.45    -24.0667    0.416912    5.26853    
1    13    6    -6461.23    -22.6548    0.408584    5.78035    
1    16    7    -6463.7    -26.6266    0.397394    6.20286    
1    17    8    -6462.21    -26.6047    0.411532    5.98629    
1    20    9    -6461.46    -22.6649    0.419121    5.55527    
1    22    10    -6462.88    -25.9344    0.391773    6.29383    
1    25    11    -6465.72    -29.8316    0.414859    6.95093    
1    41    12    -6464.56    -19.9445    0.413732    6.33995    
1    46    13    -6465.49    -17.2027    0.43624    6.59403    
1    49    14    -6468.1    -18.7687    0.407409    6.48632    
1    68    15    -6468.09    -17.5998    0.426824    6.10392    
1    72    16    -6468.32    -17.0831    0.424789    7.15434    
1    74    17    -6471.18    -20.9038    0.42501    6.28124    
1    77    18    -6465.21    -19.6844    0.414332    7.41918    
1    78    19    -6467.19    -20.5047    0.417323    7.80741    
1    81    20    -6469.85    -26.5317    0.385281    6.57958    
1    83    21    -6464.2    -20.1256    0.426855    6.58457    
1    85    22    -6460.3    -23.2102    0.41571    6.55361    
1    87    23    -6459.53    -19.289    0.472928    7.09979    
1    90    24    -6457.57    -15.1952    0.453663    6.36546    
1    91    25    -6463.24    -18.6753    0.511785    6.73181    
1    93    26    -6464.61    -22.0828    0.447728    6.34038    
1    95    27    -6463.6    -22.5455    0.461439    6.2426    
1    99    28    -6467.57    -20.9008    0.465659    6.61023    
