#Task    Step    numberOfAcceptedPeleSteps    currentEnergy    BindingEnergy    sasaLig    distance_A35SG_L1S1    
1    0    0    -6423.5    -17.0183    0.385995    5.82931    
1    3    1    -6455.05    -19.092    0.478071    3.98277    
1    5    2    -6457.85    -23.834    0.44805    3.83059    
1    11    3    -6456.48    -22.0794    0.513533    5.83486    
1    12    4    -6457.72    -22.2254    0.522358    4.28715    
1    14    5    -6467.86    -25.3064    0.513665    4.37111    
1    16    6    -6468.51    -25.1384    0.531191    4.66876    
1    17    7    -6468.12    -26.1203    0.528476    4.53738    
1    30    8    -6466.67    -24.2331    0.530564    4.71888    
1    33    9    -6468.56    -25.6512    0.522555    4.20391    
1    41    10    -6468.38    -25.8216    0.509715    4.16348    
1    43    11    -6464.59    -22.1007    0.515434    6.04449    
1    45    12    -6464.17    -22.2855    0.486871    5.27762    
1    52    13    -6463.41    -19.8233    0.470543    4.99782    
1    54    14    -6460.35    -19.4206    0.459761    4.56524    
1    56    15    -6465.18    -21.791    0.526989    5.07166    
1    61    16    -6462.32    -22.7721    0.457305    4.43685    
1    62    17    -6462.67    -21.9469    0.498006    5.02332    
1    70    18    -6463.09    -21.185    0.484532    5.22534    
1    74    19    -6468.89    -24.8267    0.447833    3.7123    
1    78    20    -6468.03    -24.5008    0.445432    3.70804    
1    86    21    -6468.63    -24.28    0.455325    3.74971    
1    92    22    -6464.08    -20.7801    0.462746    3.81054    
1    96    23    -6467.82    -24.1693    0.470441    3.93321    
