#Task    Step    numberOfAcceptedPeleSteps    currentEnergy    BindingEnergy    sasaLig    distance_A35SG_L1S1    
1    0    0    -6442.49    -15.999    0.386766    6.04772    
1    1    1    -6461.1    -18.7649    0.455576    5.17839    
1    2    2    -6455.27    -5.54013    0.571707    6.13882    
1    3    3    -6472.83    -22.1641    0.492989    4.29332    
1    7    4    -6476.14    -22.4183    0.500305    3.90715    
1    8    5    -6474.01    -19.8063    0.579665    4.34931    
1    19    6    -6476.08    -22.9301    0.566203    3.85899    
1    20    7    -6473.66    -20.6848    0.593342    4.14398    
1    23    8    -6475.81    -22.0878    0.540022    3.86081    
1    28    9    -6474.33    -20.9678    0.571844    3.96201    
1    29    10    -6466.1    -23.2022    0.545892    3.76319    
1    31    11    -6464.09    -26.3642    0.471251    6.81197    
1    33    12    -6465.45    -28.7361    0.488368    7.14218    
1    36    13    -6469.12    -25.5826    0.504095    7.28594    
1    37    14    -6467.49    -32.4283    0.465322    6.95097    
1    39    15    -6467.12    -29.0984    0.47743    7.48165    
1    45    16    -6468.48    -33.6831    0.465732    6.79974    
1    49    17    -6472.6    -34.5128    0.480998    6.97925    
1    57    18    -6474.01    -33.9061    0.490871    7.05236    
1    65    19    -6473.04    -35.3021    0.48849    6.85371    
1    69    20    -6469.53    -35.1536    0.473869    6.80115    
1    83    21    -6466.25    -35.5195    0.467378    6.7609    
1    93    22    -6469.76    -34.3902    0.474654    6.83927    
