#Task    Step    numberOfAcceptedPeleSteps    currentEnergy    BindingEnergy    sasaLig    distance_A35SG_L1S1    
1    0    0    -6444.82    -18.4255    0.410669    5.78368    
1    1    1    -6461.92    -14.7581    0.454835    4.28968    
1    3    2    -6461.92    -15.9434    0.447458    4.11039    
1    4    3    -6459.01    -13.2371    0.4556    5.73796    
1    5    4    -6461.79    -18.6001    0.418383    4.39239    
1    7    5    -6465.88    -16.7131    0.445479    3.95953    
1    10    6    -6465.15    -16.1611    0.469303    4.51028    
1    11    7    -6467.01    -15.9453    0.476819    5.78221    
1    15    8    -6466.6    -14.7111    0.516106    7.45266    
1    25    9    -6466.21    -16.3319    0.483538    7.89186    
1    26    10    -6469.71    -16.8533    0.492481    7.54226    
1    29    11    -6471.37    -21.6809    0.480728    6.90607    
1    33    12    -6473.74    -22.8613    0.466042    6.69682    
1    37    13    -6470.55    -22.4751    0.456792    6.75862    
1    47    14    -6466.28    -19.6694    0.485489    6.56241    
1    52    15    -6469.3    -19.2918    0.474669    6.56358    
1    59    16    -6471.42    -21.9804    0.472914    6.62132    
1    66    17    -6471.26    -21.6403    0.470052    6.63194    
1    71    18    -6471.19    -21.0782    0.464047    6.81066    
1    82    19    -6472.09    -22.4006    0.454106    6.79914    
