#Task    Step    numberOfAcceptedPeleSteps    currentEnergy    BindingEnergy    sasaLig    distance_A35SG_L1S1    
1    0    0    -6433.9    -26.8155    0.40969    6.74504    
1    1    1    -6450.23    -14.3182    0.461681    7.01801    
1    4    2    -6451.83    -14.3104    0.455316    7.06914    
1    5    3    -6452.76    -14.5378    0.483193    8.01889    
1    6    4    -6450.71    -10.817    0.484446    9.19827    
1    7    5    -6457.63    -18.472    0.469553    8.3335    
1    9    6    -6463.06    -18.8027    0.447147    4.41392    
1    11    7    -6467.44    -20.0491    0.481128    4.5211    
1    12    8    -6466.21    -19.4872    0.478994    4.51407    
1    13    9    -6469.12    -21.1669    0.492161    4.59797    
1    25    10    -6466.7    -23.7853    0.508813    8.22821    
1    30    11    -6465.73    -19.7127    0.548746    9.48976    
1    37    12    -6458.35    -17.4681    0.417937    6.23484    
1    39    13    -6465.58    -18.7626    0.431178    6.34703    
1    44    14    -6462.58    -17.6554    0.478911    7.11183    
1    49    15    -6455.5    -14.4662    0.490093    8.97236    
1    51    16    -6458.39    -14.4441    0.507895    9.43691    
1    53    17    -6459.78    -21.1081    0.51521    9.97916    
1    57    18    -6446.85    -10.785    0.532767    4.83722    
1    59    19    -6452.39    -17.7714    0.459642    7.30531    
1    60    20    -6451.5    -15.3002    0.494031    7.35669    
1    67    21    -6453.75    -19.2322    0.509384    9.97382    
1    68    22    -6456.58    -22.8108    0.532927    10.2493    
1    70    23    -6461.73    -23.0262    0.559019    11.1648    
1    72    24    -6465.9    -26.2688    0.532249    10.5537    
1    73    25    -6455.29    -24.1008    0.474735    9.01131    
1    75    26    -6462.21    -30.8269    0.475908    9.43473    
1    88    27    -6458.5    -24.094    0.505355    9.12385    
1    89    28    -6461.64    -31.5614    0.477122    9.35177    
1    94    29    -6461.86    -32.007    0.474701    9.26939    
