#Task    Step    numberOfAcceptedPeleSteps    currentEnergy    BindingEnergy    sasaLig    distance_A35SG_L1S1    
1    0    0    -6436.12    -17.7376    0.40672    6.80586    
1    1    1    -6443.72    -4.5199    0.422013    6.73229    
1    3    2    -6445.25    -3.75905    0.424018    7.68485    
1    5    3    -6451.22    -8.47331    0.428489    6.41623    
1    6    4    -6453.48    -7.63128    0.442539    6.32954    
1    7    5    -6445.44    1.31912    0.623742    7.52915    
1    8    6    -6450.31    -1.51697    0.635072    5.22127    
1    9    7    -6454.48    -10.6394    0.608968    5.12708    
1    11    8    -6457.38    -11.6943    0.588291    5.04902    
1    12    9    -6457.71    -10.695    0.606702    5.90353    
1    15    10    -6458.11    -6.48023    0.573959    6.44611    
1    16    11    -6452.65    -1.71924    0.594583    7.64926    
1    18    12    -6452.16    0.375838    0.614767    8.98089    
1    19    13    -6450.47    -3.44427    0.52752    6.79602    
1    22    14    -6451.35    -6.10404    0.540931    6.26186    
1    25    15    -6453.16    -5.96529    0.540748    5.0323    
1    31    16    -6452.16    -3.75675    0.598056    5.68505    
1    32    17    -6454.85    -5.61419    0.606904    5.22809    
1    34    18    -6455.9    -5.67958    0.575967    5.13718    
1    37    19    -6456.39    -5.9096    0.574696    5.3823    
1    39    20    -6459.89    -13.5314    0.501708    7.36963    
1    41    21    -6460.69    -17.945    0.510153    7.39398    
1    43    22    -6456.61    -13.4964    0.540092    7.05592    
1    45    23    -6453.79    -13.5255    0.510166    5.67495    
1    48    24    -6452.99    -12.82    0.541607    6.73317    
1    50    25    -6453.02    -11.9498    0.527982    6.52364    
1    54    26    -6458.65    -20.0766    0.523492    7.33512    
1    56    27    -6460.47    -17.9798    0.539206    7.21029    
1    62    28    -6456.02    -16.1647    0.547767    7.59129    
1    66    29    -6456.13    -12.9512    0.563577    7.07386    
1    69    30    -6465.22    -21.5339    0.502511    7.29252    
1    84    31    -6466.19    -23.4311    0.503974    7.56309    
1    95    32    -6465.37    -22.5593    0.484063    7.19238    
1    97    33    -6464.57    -22.0333    0.500467    7.17304    
1    100    34    -6462.63    -21.3015    0.51108    7.8443    
