#Task    Step    numberOfAcceptedPeleSteps    currentEnergy    BindingEnergy    sasaLig    distance_A35SG_L1S1    
1    0    0    -6432.88    -15.914    0.412965    5.935    
1    2    1    -6449.2    -10.5214    0.528395    4.65981    
1    3    2    -6461.75    -18.9793    0.402064    7.43516    
1    9    3    -6460.58    -24.2145    0.400702    7.35599    
1    18    4    -6448.89    -19.1491    0.455201    8.39087    
1    22    5    -6448.25    -18.7199    0.438471    8.81228    
1    25    6    -6445.81    -15.7727    0.442277    3.55553    
1    29    7    -6447.43    -6.81818    0.476773    3.87272    
1    30    8    -6447.14    -6.86087    0.474308    4.23048    
1    33    9    -6449.81    -8.0838    0.46101    4.97381    
1    40    10    -6448.74    -6.80291    0.46703    4.11958    
1    41    11    -6449.89    -10.8926    0.500497    4.70186    
1    45    12    -6446.29    -7.29947    0.482021    4.75743    
1    47    13    -6444.72    -4.37407    0.494029    11.4395    
1    49    14    -6448.74    -12.5759    0.448564    10.8043    
1    51    15    -6452.36    -16.3076    0.455134    10.7388    
1    52    16    -6450.55    -14.0983    0.505495    10.91    
1    55    17    -6456.79    -11.957    0.508516    10.8293    
1    59    18    -6458.26    -14.5064    0.424885    10.7495    
1    62    19    -6452.47    -9.99591    0.499436    10.3174    
1    63    20    -6452.84    -10.1108    0.447066    11.0448    
1    65    21    -6450.01    -12.7462    0.398285    10.3366    
1    71    22    -6446.36    -11.3402    0.385737    10.6419    
1    73    23    -6447.48    -12.8454    0.391097    10.2671    
1    75    24    -6450.98    -17.1151    0.381195    10.1195    
1    77    25    -6454.9    -25.7746    0.380358    8.80932    
1    89    26    -6456.26    -30.6541    0.393732    8.83394    
1    97    27    -6463.57    -30.0402    0.401039    8.63438    
