#Task    Step    numberOfAcceptedPeleSteps    currentEnergy    BindingEnergy    sasaLig    distance_A35SG_L1S1    
1    0    0    -6441.32    -23.947    0.404092    5.8682    
1    3    1    -6459.53    -19.9558    0.425489    6.22789    
1    10    2    -6462.95    -14.761    0.504036    7.60772    
1    11    3    -6470.65    -31.3659    0.425336    8.08275    
1    17    4    -6469.03    -35.8428    0.398685    6.74054    
1    31    5    -6469.16    -29.6019    0.393811    8.09121    
1    41    6    -6475.83    -35.004    0.409417    8.38334    
1    55    7    -6470.67    -31.3225    0.435252    8.05527    
1    56    8    -6463.86    -25.4969    0.468064    8.38964    
1    57    9    -6473.03    -34.84    0.414237    8.06639    
1    77    10    -6474.35    -35.9256    0.409886    7.67838    
1    85    11    -6472.08    -36.9858    0.398627    7.09718    
