#Task    Step    numberOfAcceptedPeleSteps    currentEnergy    BindingEnergy    sasaLig    distance_A35SG_L1S1    
1    0    0    -6435.86    -19.6172    0.402255    6.95777    
1    3    1    -6439.65    -5.00087    0.54675    8.01136    
1    5    2    -6446.34    -10.5418    0.551932    9.05592    
1    8    3    -6443.94    -4.27684    0.601998    9.84863    
1    10    4    -6443.75    -5.27674    0.540457    9.84581    
1    14    5    -6452.92    -9.14562    0.560945    9.17669    
1    15    6    -6457.28    -9.04324    0.595099    9.64293    
1    19    7    -6458.69    -10.8666    0.576082    9.4537    
1    20    8    -6457.44    -9.17787    0.565222    9.27116    
1    22    9    -6457.19    -13.0219    0.555787    9.6563    
1    23    10    -6461.02    -12.7523    0.538197    9.14744    
1    26    11    -6459.7    -11.2026    0.552178    8.46215    
1    27    12    -6462.09    -13.0026    0.553454    8.12306    
1    31    13    -6461.35    -14.4106    0.516177    7.62963    
1    36    14    -6461.31    -12.2298    0.545096    8.31711    
1    38    15    -6460.45    -12.3191    0.477035    8.00613    
1    39    16    -6461.86    -11.7158    0.442565    8.63898    
1    42    17    -6463.29    -13.4784    0.45746    9.91381    
1    51    18    -6460.79    -13.7979    0.40759    9.35727    
1    52    19    -6459.89    -12.8263    0.424291    8.73072    
1    62    20    -6458.12    -4.277    0.548954    6.47809    
1    64    21    -6460.21    -4.23261    0.491243    5.96039    
1    65    22    -6459.57    -6.10869    0.527808    6.4345    
1    66    23    -6461.07    -6.35784    0.515555    5.87918    
1    75    24    -6462.15    -8.52458    0.505743    5.59811    
1    78    25    -6458.18    -3.58741    0.493856    5.57272    
1    81    26    -6463.79    -8.06642    0.519785    5.68285    
1    84    27    -6456.99    0.0823288    0.543258    6.6811    
1    85    28    -6467.3    -15.8377    0.465098    11.1281    
1    94    29    -6463.88    -13.0341    0.472972    10.6161    
