#Task    Step    numberOfAcceptedPeleSteps    currentEnergy    BindingEnergy    sasaLig    distance_A35SG_L1S1    
1    0    0    -6437.38    -13.0935    0.423269    5.92403    
1    1    1    -6451.64    -13.9486    0.49425    3.64542    
1    3    2    -6443.44    -15.7959    0.428243    3.90837    
1    4    3    -6455.89    -22.0495    0.394911    4.12226    
1    5    4    -6459.34    -15.7597    0.393716    5.14999    
1    6    5    -6465.72    -17.4246    0.391208    5.90846    
1    7    6    -6471.23    -19.9096    0.412911    5.87338    
1    8    7    -6472.31    -20.2272    0.40659    5.43665    
1    10    8    -6473.3    -21.8496    0.405418    4.26979    
1    12    9    -6470.93    -16.3858    0.462884    5.4594    
1    16    10    -6469.63    -17.3096    0.442266    4.24633    
1    20    11    -6470.53    -19.0595    0.419024    4.73605    
1    23    12    -6469.74    -26.0885    0.393209    3.91511    
1    26    13    -6471.43    -27.1492    0.405212    3.78105    
1    27    14    -6467.08    -22.6795    0.428325    4.3154    
1    28    15    -6470.94    -22.9485    0.417107    4.61603    
1    32    16    -6474.89    -24.629    0.400743    5.0161    
1    33    17    -6475.39    -26.7201    0.41302    4.28227    
1    57    18    -6476.76    -27.6741    0.408593    4.49632    
1    63    19    -6476.21    -23.9887    0.418903    4.08288    
1    65    20    -6475.08    -24.5782    0.396661    4.53205    
1    72    21    -6473.97    -25.2465    0.399584    4.24917    
1    76    22    -6473.17    -23.8661    0.425422    4.10589    
1    78    23    -6472.44    -21.0007    0.427709    5.28266    
1    80    24    -6473.59    -23.336    0.414139    4.08161    
1    84    25    -6473.74    -23.1072    0.424079    4.61186    
1    87    26    -6475.98    -24.8372    0.407145    4.67894    
1    93    27    -6473.6    -22.8679    0.393726    5.38935    
1    99    28    -6473.03    -23.8471    0.404208    4.24483    
1    100    29    -6471.97    -22.1562    0.40446    4.18701    
