#Task    Step    numberOfAcceptedPeleSteps    currentEnergy    BindingEnergy    sasaLig    distance_A35SG_L1S1    
1    0    0    -6449.43    -17.7372    0.453389    6.20076    
1    1    1    -6455.3    -13.9474    0.44931    7.37994    
1    3    2    -6469    -17.3073    0.454859    8.62621    
1    7    3    -6469.17    -16.0714    0.490521    8.34725    
1    11    4    -6477.05    -20.5757    0.430642    6.71759    
1    16    5    -6470.96    -20.8273    0.41098    6.03227    
1    21    6    -6478.95    -22.6897    0.421852    5.78832    
1    26    7    -6480.36    -23.8249    0.411024    6.06906    
1    28    8    -6479.85    -23.6252    0.411397    5.73766    
1    29    9    -6480.39    -27.3462    0.418006    7.13031    
1    34    10    -6478.98    -24.2144    0.449072    6.83958    
1    35    11    -6474.71    -26.2476    0.422454    7.15693    
1    36    12    -6477.62    -21.8453    0.483492    6.82931    
1    37    13    -6481.22    -29.3552    0.419966    6.93957    
1    38    14    -6483.47    -27.2324    0.408899    7.29107    
1    41    15    -6483.79    -30.1718    0.424267    6.80125    
1    53    16    -6467.64    -22.3269    0.413893    3.89866    
1    58    17    -6470.01    -26.1605    0.392163    3.6954    
1    61    18    -6469.77    -27.3863    0.397629    3.76803    
1    65    19    -6471.01    -26.2702    0.396165    3.6728    
1    81    20    -6470.84    -22.5726    0.424325    3.91976    
1    84    21    -6476.22    -28.8346    0.400588    3.87926    
1    89    22    -6484.15    -36.9797    0.395001    4.10155    
1    94    23    -6471.98    -24.7121    0.440424    5.07402    
1    95    24    -6480.11    -33.3412    0.380065    8.50063    
