#Task    Step    numberOfAcceptedPeleSteps    currentEnergy    BindingEnergy    sasaLig    distance_A35SG_L1S1    
1    0    0    -6443.34    -17.3359    0.418053    6.18532    
1    1    1    -6465.83    -21.0404    0.390121    7.83677    
1    2    2    -6467.12    -21.6284    0.401819    7.32189    
1    5    3    -6473.04    -27.7899    0.384179    7.16908    
1    11    4    -6471.66    -23.5052    0.355472    5.98376    
1    13    5    -6462.65    -21.438    0.378021    7.83379    
1    14    6    -6465.18    -22.0379    0.380921    7.43498    
1    15    7    -6465.08    -23.3378    0.3923    7.20028    
1    19    8    -6466.32    -24.7445    0.389289    7.01056    
1    20    9    -6463.94    -21.6684    0.395956    7.81319    
1    21    10    -6473.67    -26.5695    0.389895    7.04716    
1    25    11    -6474.76    -25.2912    0.382393    7.25641    
1    28    12    -6470.05    -21.4482    0.398277    6.97251    
1    29    13    -6470.34    -27.9951    0.382385    6.8648    
1    33    14    -6474.78    -28.1149    0.38706    7.11007    
1    36    15    -6471.94    -26.9679    0.406159    6.76466    
1    37    16    -6471.43    -26.2538    0.397937    7.34249    
1    52    17    -6470.57    -26.7757    0.395223    6.9265    
1    53    18    -6470.76    -28.7364    0.38148    6.96834    
1    67    19    -6469.6    -27.43    0.396375    7.11564    
1    71    20    -6471.62    -29.3792    0.394754    6.69411    
1    81    21    -6475.78    -30.5845    0.334874    5.83447    
1    83    22    -6477.32    -31.1799    0.337686    5.75269    
1    92    23    -6475.2    -29.0727    0.347277    5.52942    
1    94    24    -6469.24    -22.8179    0.399292    5.66885    
1    97    25    -6478.7    -32.5449    0.342657    5.73803    
