#Task    Step    numberOfAcceptedPeleSteps    currentEnergy    BindingEnergy    sasaLig    distance_A35SG_L1S1    
1    0    0    -6426.05    -13.1739    0.411768    6.76303    
1    1    1    -6451.99    -22.6774    0.306931    3.78922    
1    2    2    -6454.85    -21.2415    0.3198    3.9737    
1    6    3    -6451.86    -15.5786    0.334999    4.12106    
1    8    4    -6451.11    -16.5482    0.361779    4.09067    
1    9    5    -6451    -13.6805    0.337889    4.8471    
1    11    6    -6454.84    -9.30777    0.431964    9.05097    
1    13    7    -6459.54    -13.5803    0.44954    9.85225    
1    17    8    -6455.73    -13.6534    0.436207    9.81981    
1    18    9    -6455.65    -10.7376    0.44317    9.76331    
1    34    10    -6454.48    -8.6827    0.455356    10.0163    
1    37    11    -6453.95    -14.9143    0.430508    10.1756    
1    39    12    -6453.75    -11.9322    0.404749    10.3144    
1    41    13    -6455.06    -13.0125    0.417516    10.6077    
1    45    14    -6453.26    -18.1643    0.48335    4.96823    
1    50    15    -6455.71    -16.1185    0.49525    6.09044    
1    51    16    -6456.86    -17.0754    0.480873    5.28055    
1    52    17    -6458.56    -20.1181    0.465708    6.46042    
1    56    18    -6459.99    -23.3973    0.48841    5.72337    
1    60    19    -6460.25    -24.5311    0.484723    5.17143    
1    64    20    -6462.1    -22.7766    0.487638    5.66999    
1    75    21    -6463.73    -24.2025    0.488719    5.28726    
1    91    22    -6464.35    -25.7651    0.484728    4.78081    
1    92    23    -6466    -25.2429    0.478746    5.67236    
1    99    24    -6469.42    -26.6697    0.47666    5.81455    
