#Task    Step    numberOfAcceptedPeleSteps    currentEnergy    BindingEnergy    sasaLig    distance_A35SG_L1S1    
1    0    0    -6448.47    -18.3871    0.401505    5.92372    
1    1    1    -6448.61    -9.16778    0.465531    7.61291    
1    2    2    -6448.32    -5.83491    0.493198    7.5068    
1    5    3    -6453.08    -9.85393    0.457615    7.47859    
1    6    4    -6451.77    -9.16428    0.497374    7.1731    
1    7    5    -6452.04    -8.32722    0.447686    7.51446    
1    17    6    -6451.46    -8.2687    0.467465    5.77734    
1    18    7    -6454.45    -8.53049    0.521755    6.18448    
1    20    8    -6453.92    -7.22251    0.572582    6.551    
1    22    9    -6456.47    -9.71737    0.505096    6.21139    
1    24    10    -6457.18    -10.2227    0.486285    6.24393    
1    26    11    -6457.43    -9.98334    0.517623    6.34772    
1    30    12    -6454.01    -5.34979    0.564754    6.5383    
1    31    13    -6455.21    -7.08217    0.487207    5.40591    
1    36    14    -6455.07    -6.98073    0.495916    5.53444    
1    37    15    -6455.36    -8.4882    0.469783    4.86972    
1    39    16    -6456.27    -1.49049    0.565019    4.80244    
1    40    17    -6457.75    -2.91091    0.56206    4.41919    
1    41    18    -6460.56    -13.1411    0.576163    7.34095    
1    43    19    -6461.46    -11.4291    0.529502    8.77792    
1    46    20    -6468.02    -14.4465    0.559465    8.34023    
1    47    21    -6468.25    -16.8383    0.522817    6.82414    
1    51    22    -6467.65    -16.5109    0.519825    7.61095    
1    53    23    -6462.34    -12.6138    0.472678    8.07994    
1    55    24    -6462.65    -10.6282    0.504791    8.01843    
1    56    25    -6460.87    -8.295    0.574489    7.60352    
1    62    26    -6457.4    -5.67801    0.592773    8.39393    
1    63    27    -6457.07    -10.8791    0.509911    7.92977    
1    75    28    -6455.39    -10.3193    0.434623    9.70812    
1    81    29    -6454.47    -18.7436    0.435437    10.1652    
1    83    30    -6462.82    -9.9542    0.541691    6.40261    
1    86    31    -6463.09    -9.48722    0.545181    6.24099    
1    87    32    -6461.67    -10.9752    0.527397    8.04991    
1    89    33    -6464.84    -11.3438    0.456495    9.90067    
1    94    34    -6464.22    -10.074    0.458082    10.6254    
1    97    35    -6465.58    -13.2651    0.389119    9.18762    
1    100    36    -6463.24    -12.2034    0.39449    9.36868    
