#Task    Step    numberOfAcceptedPeleSteps    currentEnergy    BindingEnergy    sasaLig    distance_A35SG_L1S1    
1    0    0    -6418.56    -16.2409    0.402803    7.22219    
1    1    1    -6440.23    -14.5287    0.381898    4.38179    
1    5    2    -6441.58    -20.5213    0.374209    4.39403    
1    8    3    -6441.64    -15.4504    0.436721    4.95189    
1    9    4    -6439.26    -11.1125    0.542836    5.71892    
1    12    5    -6446.3    -8.89372    0.596607    5.82132    
1    13    6    -6446.96    -20.5114    0.522258    5.12684    
1    14    7    -6449.9    -17.982    0.525972    5.36623    
1    15    8    -6453.14    -19.6699    0.557361    5.96746    
1    18    9    -6457.96    -23.2987    0.545145    5.01336    
1    19    10    -6458.27    -24.053    0.536182    4.9363    
1    20    11    -6457.71    -21.9904    0.508681    4.85185    
1    21    12    -6456.47    -23.5044    0.478602    4.91996    
1    22    13    -6457.9    -24.3998    0.542164    4.99642    
1    25    14    -6457.96    -23.3462    0.472214    4.62179    
1    28    15    -6458.88    -23.1811    0.427516    4.58097    
1    47    16    -6459.38    -19.8064    0.454619    4.88143    
1    49    17    -6459.5    -19.4394    0.446462    5.02342    
1    53    18    -6460.54    -20.4635    0.498976    6.68277    
1    59    19    -6459.04    -25.8135    0.514438    7.91501    
1    63    20    -6461.06    -25.6734    0.536322    7.56707    
1    66    21    -6459.21    -18.7015    0.509003    7.06697    
1    71    22    -6460.65    -27.0116    0.495363    7.13801    
1    79    23    -6465.76    -29.6686    0.459882    6.56046    
1    87    24    -6463.55    -30.3674    0.472393    6.4365    
1    89    25    -6460.6    -28.3283    0.461814    6.49244    
