#Task    Step    numberOfAcceptedPeleSteps    currentEnergy    BindingEnergy    sasaLig    distance_A35SG_L1S1    
1    0    0    -6426.5    -16.9575    0.38147    5.8297    
1    1    1    -6440.14    -15.8602    0.402189    6.55665    
1    2    2    -6442.91    -11.3951    0.421153    7.38548    
1    3    3    -6449.99    -15.2644    0.387267    7.84483    
1    9    4    -6445.39    -11.5707    0.474074    4.93671    
1    11    5    -6449.76    -14.0319    0.495688    5.88866    
1    13    6    -6453.71    -17.146    0.607513    7.80961    
1    21    7    -6460.75    -21.123    0.609084    7.78142    
1    22    8    -6460.3    -21.6816    0.594597    8.22082    
1    33    9    -6466.15    -21.4852    0.596145    7.62052    
1    35    10    -6464.18    -20.8059    0.498968    7.76816    
1    39    11    -6471.06    -28.1342    0.459489    6.85275    
1    67    12    -6469.92    -23.5432    0.488891    7.54456    
1    88    13    -6467.69    -18.4864    0.529201    6.48851    
1    91    14    -6469.21    -21.0306    0.496768    6.16659    
1    99    15    -6466.1    -17.0042    0.515936    8.63251    
1    100    16    -6463.07    -12.6406    0.4713    7.49086    
