#Task    Step    numberOfAcceptedPeleSteps    currentEnergy    BindingEnergy    sasaLig    distance_A35SG_L1S1    
1    0    0    -6421.08    -21.3264    0.373137    7.83812    
1    1    1    -6453.56    -19.9093    0.408449    8.56707    
1    9    2    -6453.12    -21.4519    0.378687    8.17758    
1    15    3    -6454.91    -18.8742    0.412479    8.07255    
1    21    4    -6470.33    -26.168    0.392655    7.97139    
1    25    5    -6470.99    -25.6604    0.386452    7.97119    
1    57    6    -6471.2    -25.8254    0.365623    7.93543    
1    58    7    -6471.95    -26.8941    0.349392    7.88501    
1    73    8    -6472.32    -28.0771    0.366337    8.0165    
1    79    9    -6474.92    -26.7288    0.356887    8.04579    
1    82    10    -6470.07    -21.0093    0.374122    8.75745    
1    89    11    -6471.11    -23.0195    0.360555    8.44639    
1    93    12    -6470.34    -28.7437    0.367346    7.91505    
1    95    13    -6468.09    -19.807    0.420337    8.33771    
1    97    14    -6471.37    -27.1789    0.374265    8.12423    
