#Task    Step    numberOfAcceptedPeleSteps    currentEnergy    BindingEnergy    sasaLig    distance_A35SG_L1S1    
1    0    0    -6440.18    -23.6312    0.404986    5.90773    
1    1    1    -6443.74    -10.0308    0.452072    3.5717    
1    3    2    -6443.26    -7.65132    0.417421    4.91383    
1    4    3    -6450.77    -8.39205    0.440762    4.87935    
1    5    4    -6462.73    -24.94    0.391782    4.64365    
1    6    5    -6459.55    -23.3149    0.407867    5.33116    
1    9    6    -6467.61    -25.8806    0.436125    3.74055    
1    13    7    -6466.92    -25.0439    0.418877    4.80985    
1    17    8    -6468.02    -25.5846    0.416029    4.00688    
1    20    9    -6467.61    -23.911    0.456797    3.88556    
1    28    10    -6465.35    -22.264    0.467351    4.82606    
1    36    11    -6466.36    -22.0998    0.465078    5.52166    
1    40    12    -6468.18    -24.3357    0.460754    3.75413    
1    50    13    -6468.06    -26.0205    0.419522    4.87212    
1    55    14    -6469.2    -26.1063    0.396683    5.13891    
1    65    15    -6466.98    -24.1702    0.420386    3.99689    
1    69    16    -6468.55    -25.1557    0.436303    3.92027    
1    77    17    -6457.95    -10.3165    0.567577    4.47945    
1    79    18    -6459.66    -14.1763    0.486601    3.7292    
1    80    19    -6460.21    -14.5086    0.450963    3.78296    
1    81    20    -6474.26    -30.9679    0.416267    3.73824    
1    99    21    -6472.98    -28.7639    0.406912    3.81304    
