#Task    Step    numberOfAcceptedPeleSteps    currentEnergy    BindingEnergy    sasaLig    distance_A35SG_L1S1    
1    0    0    -6436.51    -18.2392    0.406956    5.8088    
1    1    1    -6460.14    -16.5575    0.437671    6.928    
1    4    2    -6462.75    -17.2635    0.436907    6.64954    
1    7    3    -6461.84    -16.6925    0.449677    8.01164    
1    8    4    -6465.8    -20.2911    0.406504    7.24027    
1    10    5    -6465.06    -17.5254    0.431596    7.81884    
1    13    6    -6462.1    -16.8466    0.443985    6.49314    
1    20    7    -6462.84    -16.8192    0.460871    5.84033    
1    21    8    -6467.95    -20.4143    0.44967    6.56118    
1    27    9    -6469.72    -19.7867    0.465307    6.62693    
1    28    10    -6472.23    -21.59    0.463439    6.60615    
1    35    11    -6473.28    -18.2953    0.49277    6.72026    
1    36    12    -6476.66    -17.1183    0.485523    6.10079    
1    37    13    -6479.85    -17.4542    0.478107    6.52985    
1    38    14    -6479.69    -16.408    0.483917    5.81422    
1    41    15    -6477.14    -15.3949    0.46965    6.59469    
1    43    16    -6479.78    -14.9163    0.480516    6.6448    
1    49    17    -6480.05    -18.2563    0.448961    5.47555    
1    50    18    -6477.13    -16.3788    0.463625    5.25933    
1    51    19    -6477.98    -18.069    0.475358    6.3146    
1    57    20    -6478.96    -20.1337    0.429408    5.68354    
1    66    21    -6479.95    -21.8517    0.424544    5.80631    
1    78    22    -6481.45    -21.1429    0.424637    5.98724    
1    81    23    -6480.26    -16.1654    0.423845    6.51792    
1    83    24    -6483.05    -18.8003    0.423144    5.76045    
1    86    25    -6484.04    -18.8431    0.424037    6.03391    
1    87    26    -6484.46    -21.1956    0.40289    5.81176    
1    95    27    -6483.97    -21.3643    0.396207    6.38116    
