#Task    Step    numberOfAcceptedPeleSteps    currentEnergy    BindingEnergy    sasaLig    distance_A35SG_L1S1    
1    0    0    -6412.98    -11.9601    0.382939    5.83537    
1    1    1    -6442.36    -12.8826    0.442129    7.17632    
1    2    2    -6445.16    -12.1413    0.410191    7.5762    
1    4    3    -6456.32    -16.7326    0.399752    6.80315    
1    5    4    -6457.93    -14.9903    0.410762    6.69199    
1    6    5    -6457.22    -13.2397    0.452123    6.49562    
1    8    6    -6459.92    -12.8085    0.458366    6.13403    
1    9    7    -6460.16    -16.6899    0.449099    5.75093    
1    11    8    -6460.6    -19.6998    0.398562    6.63344    
1    17    9    -6464.38    -22.4494    0.38355    6.75009    
1    19    10    -6462.43    -22.9656    0.375664    6.59944    
1    21    11    -6464.23    -27.0875    0.373154    6.6892    
1    39    12    -6451.55    -5.2574    0.590292    4.43902    
1    40    13    -6459.56    -4.86499    0.616542    4.93354    
1    42    14    -6458.16    -3.56099    0.59109    5.03752    
1    43    15    -6471.77    -15.8899    0.519203    5.60869    
1    46    16    -6474.29    -16.196    0.524485    5.58365    
1    50    17    -6474.25    -15.6796    0.52881    5.4318    
1    55    18    -6477.82    -25.4043    0.413115    6.88123    
1    64    19    -6475.18    -21.0517    0.448738    7.52025    
1    71    20    -6473.21    -24.1303    0.461557    6.84115    
1    77    21    -6481.8    -38.343    0.409725    6.42633    
1    82    22    -6478.26    -36.0889    0.433227    6.31268    
1    87    23    -6481.68    -38.0367    0.408693    6.50216    
1    90    24    -6482.2    -32.9631    0.419053    7.37022    
