#Task    Step    numberOfAcceptedPeleSteps    currentEnergy    BindingEnergy    sasaLig    distance_A35SG_L1S1    
1    0    0    -6433.65    -20.299    0.431155    6.19591    
1    1    1    -6435.89    4.0814    0.485849    9.04418    
1    2    2    -6438.48    2.08324    0.504361    9.56574    
1    5    3    -6443.49    -3.31472    0.530179    10.0663    
1    6    4    -6448.99    -6.47043    0.481491    8.99193    
1    7    5    -6457.9    -17.0518    0.41019    8.84757    
1    20    6    -6452.98    -7.18687    0.511358    9.45807    
1    21    7    -6449.17    -10.2816    0.503182    6.94653    
1    22    8    -6449.79    -8.89275    0.506409    7.92004    
1    23    9    -6453.27    -10.5444    0.512741    7.12126    
1    27    10    -6451.08    -7.79346    0.503095    8.58033    
1    29    11    -6461.69    -24.0589    0.474243    9.40142    
1    39    12    -6457.05    -17.5037    0.441219    9.7081    
1    45    13    -6458.89    -27.2096    0.40359    9.54141    
1    47    14    -6456.57    -37.7589    0.388671    9.93675    
1    49    15    -6468.09    -44.3114    0.362094    9.77845    
1    53    16    -6468.55    -47.648    0.357002    9.7725    
1    56    17    -6463.63    -40.1117    0.372031    10.2625    
1    62    18    -6462.89    -47.7777    0.357459    10.001    
1    67    19    -6467.48    -46.2027    0.372104    9.99378    
1    71    20    -6467    -48.579    0.362649    9.92569    
1    73    21    -6464.18    -39.7622    0.384713    9.4904    
1    74    22    -6466.57    -39.1942    0.398584    9.5569    
1    77    23    -6477.57    -51.3627    0.347506    9.65587    
