#Task    Step    numberOfAcceptedPeleSteps    currentEnergy    BindingEnergy    sasaLig    distance_A35SG_L1S1    
1    0    0    -6436.78    -17.9795    0.403785    6.078    
1    1    1    -6442.92    -2.20266    0.509906    4.11024    
1    2    2    -6449.19    -6.72848    0.519634    3.81647    
1    3    3    -6463.12    -15.357    0.468392    5.62817    
1    5    4    -6463.95    -14.64    0.449822    7.0053    
1    8    5    -6463.2    -16.4286    0.454646    7.22079    
1    9    6    -6462.6    -15.4763    0.469221    7.10035    
1    14    7    -6461.12    -11.2911    0.495291    6.9433    
1    15    8    -6471.41    -19.9704    0.434679    5.4926    
1    18    9    -6471.38    -15.9268    0.475562    5.7915    
1    19    10    -6472.38    -15.8222    0.467568    7.4826    
1    21    11    -6471.27    -20.1583    0.426189    7.33083    
1    22    12    -6467.69    -16.1118    0.408329    7.48981    
1    24    13    -6478.45    -20.9964    0.420818    7.58419    
1    33    14    -6477.38    -22.1072    0.443699    6.94889    
1    45    15    -6480.2    -23.982    0.435034    6.84875    
1    46    16    -6480.72    -22.3724    0.442817    7.24835    
1    48    17    -6482.52    -23.64    0.447988    7.01731    
1    57    18    -6481.03    -22.733    0.435359    7.21276    
1    58    19    -6475.36    -14.4793    0.474728    8.02349    
1    59    20    -6472.94    -14.5272    0.457503    8.45651    
1    68    21    -6473.18    -13.7844    0.448994    8.60251    
1    69    22    -6472.3    -19.9838    0.415481    6.48595    
1    75    23    -6474.06    -16.5627    0.449888    6.47187    
1    80    24    -6477.47    -16.9425    0.446334    5.54429    
1    81    25    -6478.4    -19.4302    0.413593    5.39115    
