#Task    Step    numberOfAcceptedPeleSteps    currentEnergy    BindingEnergy    sasaLig    distance_A35SG_L1S1    
1    0    0    -6437.11    -14.026    0.411568    5.88369    
1    1    1    -6448.69    -8.69099    0.456265    8.2027    
1    10    2    -6448.69    -5.10516    0.495071    8.82045    
1    16    3    -6453.68    -11.5401    0.447392    8.04396    
1    18    4    -6453.32    -10.6402    0.495738    9.06986    
1    20    5    -6454.94    -11.9133    0.476042    8.63032    
1    25    6    -6455.78    -9.24095    0.454792    8.2527    
1    26    7    -6459.27    -8.19823    0.472755    8.5678    
1    27    8    -6460.41    -5.16467    0.460561    7.33809    
1    28    9    -6467.08    -8.05242    0.495217    7.29559    
1    30    10    -6465.98    -5.15577    0.508243    7.87945    
1    34    11    -6467.82    -5.84896    0.483348    6.96881    
1    43    12    -6465.85    -7.10435    0.444959    7.11765    
1    53    13    -6466.38    -9.20794    0.442046    6.91661    
1    54    14    -6468.15    -9.95468    0.428374    7.16025    
1    58    15    -6467.05    -7.81282    0.454739    7.1653    
1    62    16    -6467.09    -6.5212    0.486654    7.86103    
1    64    17    -6462.01    -0.158316    0.525137    7.63296    
1    66    18    -6463.15    2.66896    0.591756    3.91413    
1    67    19    -6469.73    -2.63007    0.583475    3.82247    
1    68    20    -6465.93    1.76906    0.60527    7.76739    
1    69    21    -6466.81    -0.520536    0.51332    7.9468    
1    70    22    -6474.86    -6.95574    0.467495    7.29927    
1    75    23    -6470.62    -6.44388    0.476794    8.22641    
1    78    24    -6472.36    -7.08778    0.479012    8.333    
1    79    25    -6474.94    -7.29361    0.469997    7.29273    
1    80    26    -6475.23    -7.05269    0.467144    7.34569    
1    81    27    -6474.25    -8.18    0.491105    7.33129    
1    86    28    -6475.99    -7.87469    0.50735    7.19096    
1    96    29    -6477.35    -9.15382    0.479166    7.37316    
