#Task    Step    numberOfAcceptedPeleSteps    currentEnergy    BindingEnergy    sasaLig    distance_A35SG_L1S1    
1    0    0    -6446.51    -20.5348    0.439998    7.1692    
1    1    1    -6451.01    -2.00647    0.524704    5.0269    
1    3    2    -6457.58    -5.59056    0.549535    6.87652    
1    4    3    -6461.55    -8.78221    0.57162    6.80025    
1    6    4    -6462    -9.30225    0.545922    6.72344    
1    34    5    -6458.22    -7.82011    0.562535    6.62435    
1    39    6    -6463.26    -9.83316    0.505455    3.56806    
1    40    7    -6452.69    0.635942    0.531418    3.44592    
1    41    8    -6442.72    -4.7927    0.510993    6.8792    
1    42    9    -6442.48    -1.59188    0.611617    5.99876    
1    43    10    -6455.08    -10.2715    0.551945    7.62831    
1    49    11    -6459.45    -10.5702    0.53352    6.3513    
1    50    12    -6459.97    -12.6033    0.549075    7.08799    
1    55    13    -6455.08    -4.9143    0.645825    10.5241    
1    56    14    -6456.45    -8.75288    0.637302    11.5038    
1    58    15    -6460.77    -13.1845    0.620596    11.1707    
1    59    16    -6455.22    -1.57767    0.727794    9.67586    
1    60    17    -6456.19    -1.31334    0.79269    9.74776    
1    62    18    -6455.64    -0.144753    0.757868    10.2303    
1    63    19    -6458.9    -7.73191    0.664209    10.2195    
1    64    20    -6461.99    -11.6886    0.654486    8.79334    
1    65    21    -6460.02    -12.7492    0.658918    10.547    
1    66    22    -6462.32    -13.0498    0.64993    10.4659    
1    67    23    -6459.9    -13.0901    0.677718    12.566    
1    70    24    -6460.56    -10.6257    0.692704    12.7485    
1    71    25    -6461.41    -14.4129    0.610424    10.4142    
1    74    26    -6461.83    -14.8197    0.587605    9.29414    
1    75    27    -6464.08    -19.3558    0.562232    8.05895    
1    76    28    -6466.14    -20.198    0.518488    6.76962    
1    78    29    -6466.03    -17.6507    0.523676    6.56284    
1    80    30    -6470.03    -20.4935    0.544474    6.16568    
1    83    31    -6471.8    -21.114    0.532508    6.80528    
1    87    32    -6472.68    -19.4035    0.547103    4.35854    
1    88    33    -6474.32    -21.6489    0.517513    3.95636    
1    91    34    -6473.95    -21.8892    0.493988    4.06283    
1    97    35    -6472.19    -23.189    0.47282    3.93626    
1    98    36    -6464.16    -18.7713    0.506432    5.54504    
1    99    37    -6472.34    -23.8382    0.508468    5.6338    
