#Task    Step    numberOfAcceptedPeleSteps    currentEnergy    BindingEnergy    sasaLig    distance_A35SG_L1S1    
1    0    0    -6440.72    -21.2206    0.525032    7.84353    
1    1    1    -6454.92    -17.3578    0.510619    8.00314    
1    3    2    -6457.96    -17.423    0.483804    7.22444    
1    11    3    -6457.69    -8.7089    0.677468    8.48682    
1    15    4    -6459.98    -7.1335    0.65651    7.89131    
1    16    5    -6463.66    -8.84521    0.672589    8.44314    
1    18    6    -6466.42    -10.8742    0.628148    8.26927    
1    20    7    -6458.04    -1.88097    0.680869    7.9079    
1    21    8    -6460.01    -12.0965    0.564821    5.95103    
1    22    9    -6467.02    -16.2594    0.524482    7.53612    
1    24    10    -6467.54    -17.4539    0.535916    6.86781    
1    32    11    -6465.93    -16.9501    0.517106    8.00831    
1    35    12    -6466.31    -17.7681    0.509655    6.83492    
1    40    13    -6472.16    -21.0949    0.471367    7.05881    
1    42    14    -6470.71    -21.6963    0.445684    7.3932    
1    46    15    -6472.16    -22.0705    0.476332    7.16747    
1    47    16    -6467.73    -20.496    0.447209    7.73081    
1    58    17    -6465.78    -17.6783    0.459581    7.28384    
1    59    18    -6469.29    -17.3751    0.482056    5.71969    
1    79    19    -6465.27    -14.7864    0.446783    6.53635    
1    83    20    -6467.4    -15.1066    0.434307    6.38862    
1    94    21    -6466.1    -14.1597    0.448175    5.49833    
1    95    22    -6463.45    -14.979    0.430048    5.38166    
1    97    23    -6465.32    -17.6064    0.437545    5.33917    
