#Task    Step    numberOfAcceptedPeleSteps    currentEnergy    BindingEnergy    sasaLig    distance_A35SG_L1S1    
1    0    0    -6451.34    -11.6619    0.608987    12.9564    
1    1    1    -6463.77    -12.8691    0.576147    13.2728    
1    2    2    -6468.04    -12.1342    0.571709    13.1049    
1    3    3    -6471.71    -11.9613    0.57924    13.1217    
1    6    4    -6472.83    -13.5128    0.553818    12.9643    
1    7    5    -6471.9    -12.5109    0.58259    12.9631    
1    8    6    -6467.17    -10.4866    0.567808    13.4845    
1    10    7    -6467.52    -8.36586    0.554806    13.5833    
1    11    8    -6473.16    -14.3658    0.495898    13.1782    
1    13    9    -6468.17    -15.7687    0.433911    12.9312    
1    17    10    -6471.41    -18.3655    0.449222    13.0448    
1    18    11    -6470.9    -13.5088    0.474451    13.0235    
1    21    12    -6472.08    -13.3915    0.490704    12.3846    
1    24    13    -6472.07    -13.6857    0.476991    11.9968    
1    27    14    -6475.27    -13.418    0.484036    12.8549    
1    30    15    -6476.02    -13.9139    0.473487    12.5598    
1    34    16    -6476.1    -14.065    0.475    13.1591    
1    37    17    -6476.86    -16.2132    0.446191    12.8387    
1    61    18    -6473.8    -14.994    0.453124    12.4275    
1    67    19    -6469.86    -13.0937    0.468502    13.1501    
1    68    20    -6474.06    -13.8981    0.436592    12.7312    
1    73    21    -6474.96    -21.1673    0.364543    12.4415    
1    85    22    -6479.74    -21.9857    0.354178    12.3301    
