#Task    Step    numberOfAcceptedPeleSteps    currentEnergy    BindingEnergy    sasaLig    distance_A35SG_L1S1    
1    0    0    -6432.89    -11.7277    0.564781    11.4892    
1    1    1    -6457.05    -14.7671    0.569884    11.6841    
1    6    2    -6454.92    -13.7028    0.578596    11.9062    
1    8    3    -6457.15    -13.0203    0.609535    11.9413    
1    12    4    -6458.42    -13.31    0.617459    11.5307    
1    14    5    -6459.71    -13.7012    0.591896    11.3514    
1    16    6    -6457.18    -11.9397    0.608511    12.0574    
1    19    7    -6453.66    -11.7314    0.591622    11.7213    
1    20    8    -6452.04    -6.77514    0.58772    10.207    
1    21    9    -6455.64    -11.3986    0.59874    11.7442    
1    22    10    -6453.39    -9.06483    0.611808    10.8312    
1    23    11    -6452    -10.5798    0.668171    10.2581    
1    24    12    -6450.81    -4.8009    0.687716    10.1049    
1    27    13    -6455.26    -11.6964    0.653515    10.6924    
1    28    14    -6458.34    -13.5009    0.582447    11.4608    
1    33    15    -6457.4    -13.1472    0.575394    11.1396    
1    36    16    -6459.19    -13.475    0.582024    11.257    
1    38    17    -6459.02    -12.3613    0.61602    11.0972    
1    41    18    -6459.68    -13.539    0.622331    10.2297    
1    44    19    -6456.92    -11.6549    0.588767    10.2724    
1    47    20    -6455.76    -13.4147    0.543398    10.208    
1    49    21    -6459.87    -13.0803    0.550735    10.2022    
1    51    22    -6456.29    -9.66634    0.55905    10.5079    
1    53    23    -6460.05    -14.9211    0.563861    9.55223    
1    56    24    -6460.84    -14.1124    0.581186    9.54605    
1    57    25    -6456.31    -10.9913    0.637763    11.4619    
1    62    26    -6455.43    -9.60442    0.645389    11.4479    
1    64    27    -6455.57    -9.89656    0.664026    11.5868    
1    66    28    -6456.04    -11.0319    0.677996    11.6252    
1    67    29    -6454.31    -10.4193    0.704558    11.2486    
1    68    30    -6459.32    -16.0274    0.591165    9.68333    
1    71    31    -6457.83    -14.5155    0.60756    9.95072    
1    72    32    -6460.08    -15.6104    0.594514    9.60951    
1    81    33    -6465.14    -20.2893    0.575633    9.29041    
1    99    34    -6462.76    -18.4832    0.584461    9.85861    
