#Task    Step    numberOfAcceptedPeleSteps    currentEnergy    BindingEnergy    sasaLig    distance_A35SG_L1S1    
1    0    0    -6439.39    -32.0014    0.483419    9.2697    
1    1    1    -6453.6    -25.6999    0.537977    9.26445    
1    6    2    -6451.72    -18.9294    0.557318    8.5056    
1    7    3    -6457.76    -27.6072    0.549963    9.11336    
1    14    4    -6459.15    -28.9452    0.520672    8.85822    
1    17    5    -6462.04    -25.1605    0.537186    10.0319    
1    25    6    -6465.66    -31.5997    0.505758    9.44868    
1    35    7    -6474.14    -31.0718    0.510726    9.74146    
1    37    8    -6479.46    -33.3186    0.472442    9.35263    
1    41    9    -6478.27    -32.2858    0.47673    9.37771    
1    69    10    -6478.66    -34.5761    0.456662    9.58974    
