#Task    Step    numberOfAcceptedPeleSteps    currentEnergy    BindingEnergy    sasaLig    distance_A35SG_L1S1    
1    0    0    -6457.66    -21.5696    0.463189    6.44597    
1    1    1    -6477.02    -19.3047    0.458558    6.30814    
1    7    2    -6474.08    -19.4774    0.491758    6.06593    
1    10    3    -6475.27    -16.1725    0.510849    6.53402    
1    14    4    -6478.15    -19.7612    0.494945    6.0653    
1    16    5    -6480.98    -22.4826    0.455217    6.17718    
1    28    6    -6478.76    -22.5451    0.454931    6.15236    
1    29    7    -6476.6    -21.4436    0.476642    6.16999    
1    30    8    -6476.07    -21.3042    0.463205    5.93203    
1    33    9    -6473.79    -22.3375    0.460702    6.17501    
1    36    10    -6476.91    -22.5479    0.472276    5.86912    
1    43    11    -6475.51    -21.0035    0.458181    6.20678    
1    46    12    -6478.06    -22.3784    0.460605    6.30235    
1    53    13    -6478.77    -23.9754    0.443046    6.49774    
1    61    14    -6476.87    -22.823    0.442933    6.62496    
1    63    15    -6474.52    -21.5285    0.457458    6.81926    
1    69    16    -6478.23    -24.0105    0.446012    6.61364    
1    86    17    -6474.62    -21.753    0.457788    6.90492    
1    89    18    -6479.4    -24.4169    0.435981    6.60591    
