#Task    Step    numberOfAcceptedPeleSteps    currentEnergy    BindingEnergy    sasaLig    distance_A35SG_L1S1    
1    0    0    -6460.12    -24.2873    0.384714    6.69732    
1    5    1    -6469.39    -16.7407    0.430269    7.18226    
1    7    2    -6471.38    -17.8955    0.39408    7.16432    
1    11    3    -6463.6    -7.74265    0.457957    3.82627    
1    13    4    -6463.82    -15.5772    0.443868    4.18274    
1    16    5    -6466.63    -13.5093    0.494018    4.09302    
1    19    6    -6465.02    -12.5699    0.474812    4.20868    
1    20    7    -6467.21    -11.5327    0.49957    4.25267    
1    21    8    -6468.83    -10.4289    0.421684    7.14552    
1    30    9    -6472.16    -12.9778    0.413872    7.52359    
1    37    10    -6472.87    -15.0294    0.396276    7.86946    
1    40    11    -6473.43    -14.5763    0.388898    7.30611    
1    47    12    -6472.27    -15.1798    0.39358    7.67692    
1    55    13    -6470.54    -13.0377    0.406637    8.07185    
1    61    14    -6455.72    -6.09121    0.52183    4.67425    
1    63    15    -6458.83    -9.08606    0.437468    4.57647    
1    64    16    -6463.64    -11.9116    0.413246    4.09839    
1    65    17    -6466.72    -11.7944    0.478385    6.18717    
1    69    18    -6472.91    -17.0007    0.465607    6.46762    
1    71    19    -6473.26    -18.2225    0.422853    6.602    
1    72    20    -6472.05    -16.2733    0.376015    6.75495    
1    74    21    -6474.99    -18.2902    0.414707    6.33449    
1    77    22    -6474.32    -20.2755    0.379734    6.69812    
1    78    23    -6477.19    -20.9062    0.38641    6.479    
1    82    24    -6475.57    -18.7135    0.395399    6.12071    
1    85    25    -6475.86    -20.2287    0.388974    6.48331    
1    91    26    -6476.53    -20.3322    0.389926    6.64096    
1    93    27    -6475.76    -21.9023    0.380346    6.66543    
