#Task    Step    numberOfAcceptedPeleSteps    currentEnergy    BindingEnergy    sasaLig    distance_A35SG_L1S1    
1    0    0    -6436.25    -20.6725    0.553461    5.00994    
1    1    1    -6445.86    -2.9743    0.581529    11.3515    
1    2    2    -6450.98    -5.73226    0.619639    10.7497    
1    4    3    -6454.79    -8.78313    0.551225    9.38269    
1    7    4    -6450.16    -6.93657    0.540569    9.40088    
1    9    5    -6447.81    -18.049    0.455522    3.6754    
1    10    6    -6447.43    -17.8062    0.495509    4.04691    
1    11    7    -6444.93    -16.1226    0.539908    4.40907    
1    13    8    -6444.18    -20.3439    0.477693    3.61346    
1    15    9    -6443.54    -16.9957    0.485164    3.94921    
1    16    10    -6447.75    -20.084    0.459768    3.69797    
1    17    11    -6448.89    -18.1285    0.469321    3.78126    
1    19    12    -6452.98    -22.2203    0.456787    3.73386    
1    22    13    -6454.06    -21.8565    0.491165    3.87279    
1    24    14    -6454.29    -25.265    0.452381    3.51237    
1    29    15    -6453.97    -28.9584    0.415686    3.57886    
1    37    16    -6456.82    -28.9126    0.415773    3.5994    
1    43    17    -6457.2    -28.1985    0.430256    3.60275    
1    44    18    -6458.64    -27.5105    0.433745    3.62784    
1    51    19    -6459    -25.5652    0.462362    3.71741    
1    54    20    -6458.5    -24.4137    0.456897    3.6022    
1    61    21    -6459.07    -28.6519    0.406069    3.59508    
1    74    22    -6459.8    -29.3148    0.421867    3.65216    
1    79    23    -6459.45    -25.3965    0.40787    3.64852    
1    80    24    -6456.22    -20.4696    0.447631    4.10014    
1    83    25    -6457.73    -20.8557    0.496182    4.02834    
1    90    26    -6461.84    -24.8812    0.451735    3.68965    
1    91    27    -6458.94    -21.887    0.449749    3.60278    
1    98    28    -6457.08    -22.4236    0.438514    3.58208    
1    99    29    -6460.49    -30.7332    0.414636    3.4882    
