#Task    Step    numberOfAcceptedPeleSteps    currentEnergy    BindingEnergy    sasaLig    distance_A35SG_L1S1    
1    0    0    -6441.14    -29.9821    0.397639    8.63482    
1    1    1    -6469.76    -32.7014    0.379607    8.68157    
1    11    2    -6473.83    -31.1618    0.385061    8.6275    
1    13    3    -6477    -35.2955    0.393499    8.26309    
1    20    4    -6470.18    -28.8676    0.402122    8.61657    
1    21    5    -6477.55    -34.3349    0.399931    8.09375    
1    35    6    -6477.55    -33.3895    0.397509    8.13714    
1    37    7    -6478.26    -35.8773    0.40102    9.13312    
1    44    8    -6476.68    -35.4717    0.411763    9.0299    
1    45    9    -6480.21    -37.66    0.405108    9.05445    
1    47    10    -6478.93    -36.7395    0.398434    9.20439    
1    49    11    -6479.7    -40.2937    0.37334    8.9964    
1    51    12    -6480.36    -40.9412    0.372654    9.0241    
1    53    13    -6476.42    -44.1664    0.368542    8.95902    
1    55    14    -6468.43    -40.5963    0.367543    8.05084    
1    57    15    -6472.92    -36.4873    0.38658    9.15685    
1    61    16    -6480.82    -41.948    0.379098    9.01894    
1    69    17    -6483.08    -45.5194    0.366048    8.97535    
1    81    18    -6482.65    -45.2474    0.371482    8.99906    
1    95    19    -6484.94    -46.6072    0.365876    8.97428    
