#Task    Step    numberOfAcceptedPeleSteps    currentEnergy    BindingEnergy    sasaLig    distance_A35SG_L1S1    
1    0    0    -6458.12    -33.9791    0.391829    8.50837    
1    1    1    -6485.14    -41.2381    0.37402    8.67568    
1    2    2    -6481.64    -35.5707    0.394713    9.1352    
1    3    3    -6477.88    -29.206    0.416455    7.93714    
1    11    4    -6485.64    -32.2849    0.401965    7.60437    
1    32    5    -6482.77    -26.02    0.414247    7.98079    
1    47    6    -6482.36    -24.9868    0.45488    8.45614    
1    53    7    -6482.94    -26.3414    0.499637    8.14631    
1    58    8    -6475.76    -19.4906    0.52035    7.74814    
1    59    9    -6481.65    -23.1765    0.521921    8.10935    
1    61    10    -6483.43    -27.9404    0.487444    7.48518    
1    76    11    -6478.97    -24.2722    0.521558    7.93454    
1    84    12    -6476.47    -22.6431    0.53667    8.0804    
1    85    13    -6484.01    -27.2459    0.484873    7.53489    
1    87    14    -6478.59    -20.8244    0.513617    7.59266    
1    90    15    -6481.94    -24.4256    0.525279    8.03215    
1    92    16    -6482.41    -26.2587    0.50485    8.43584    
1    94    17    -6481.77    -27.9717    0.499674    8.29451    
1    95    18    -6485.15    -29.6862    0.468184    8.09717    
1    96    19    -6492.88    -32.1888    0.460292    7.8069    
