#Task    Step    numberOfAcceptedPeleSteps    currentEnergy    BindingEnergy    sasaLig    distance_A35SG_L1S1    
1    0    0    -6457.36    -18.2357    0.394214    7.01912    
1    4    1    -6476.42    -14.6768    0.442897    7.0908    
1    5    2    -6479.54    -18.8848    0.440778    6.61274    
1    7    3    -6476.45    -19.4067    0.438483    7.151    
1    12    4    -6472.88    -15.6472    0.425082    6.59417    
1    13    5    -6469.79    -11.287    0.468295    7.79126    
1    20    6    -6472.83    -13.6699    0.440044    7.77082    
1    26    7    -6471.33    -13.5826    0.429345    6.74614    
1    27    8    -6475.36    -16.7778    0.4519    7.19926    
1    29    9    -6477.75    -20.152    0.401291    6.74404    
1    36    10    -6473.91    -16.7846    0.43817    6.57503    
1    38    11    -6474.58    -17.1408    0.414165    6.71214    
1    43    12    -6474.77    -17.0288    0.417929    7.19224    
1    44    13    -6469.68    -11.5224    0.444993    7.27168    
1    54    14    -6471.18    -10.056    0.478904    7.55656    
1    55    15    -6476.7    -18.628    0.45542    7.02289    
1    59    16    -6475.38    -16.9107    0.461569    6.74712    
1    64    17    -6474.93    -14.5967    0.473015    7.45685    
1    67    18    -6468.28    -7.38915    0.4979    7.64234    
1    70    19    -6472.7    -11.2497    0.477448    7.59753    
1    82    20    -6470.1    -7.84848    0.500456    6.89854    
1    88    21    -6474.49    -12.6737    0.462598    7.55456    
1    91    22    -6470.75    -11.4242    0.4783    7.47622    
1    92    23    -6470.35    -7.77902    0.513086    7.77972    
1    98    24    -6472.95    -12.456    0.434398    7.48284    
1    100    25    -6479.43    -19.0206    0.403187    6.78664    
