#Task    Step    numberOfAcceptedPeleSteps    currentEnergy    BindingEnergy    sasaLig    distance_A35SG_L1S1    
1    0    0    -6462.07    -21.236    0.406019    6.37618    
1    1    1    -6472.05    -17.9755    0.416477    6.97125    
1    5    2    -6470.53    -18.5607    0.398259    6.76289    
1    7    3    -6466.23    -14.1564    0.437782    7.47888    
1    11    4    -6467.26    -11.9086    0.613621    5.52939    
1    12    5    -6467.13    -3.88532    0.610655    6.82843    
1    13    6    -6471.77    -15.5525    0.573671    6.20914    
1    18    7    -6470.16    -10.7665    0.580963    5.97309    
1    20    8    -6469.95    -10.7125    0.58439    6.32276    
1    22    9    -6474.22    -15.5589    0.583344    6.81008    
1    30    10    -6477.05    -16.6242    0.567972    6.8508    
1    33    11    -6470.26    -1.36863    0.619894    8.11384    
1    35    12    -6469.98    -1.23783    0.655632    9.24839    
1    36    13    -6462.48    5.21478    0.574742    9.77781    
1    38    14    -6470.14    -3.2671    0.53031    9.58336    
1    44    15    -6472.67    -5.01544    0.52555    9.54017    
1    45    16    -6470.17    -3.07407    0.539912    9.25519    
1    50    17    -6469.53    -3.01509    0.51331    9.11089    
1    56    18    -6471.2    -3.90155    0.522618    8.93311    
1    59    19    -6468.13    -1.80457    0.513411    9.33628    
1    60    20    -6461.72    4.21054    0.539578    10.1232    
1    61    21    -6460.6    -1.03476    0.582325    9.9751    
1    63    22    -6455.94    -3.93339    0.569154    9.68875    
1    65    23    -6453.79    1.23116    0.58278    8.68006    
1    70    24    -6456.31    1.86177    0.58437    9.00218    
1    71    25    -6458.66    0.593278    0.506606    8.53045    
1    74    26    -6454.41    3.06417    0.515977    9.02758    
1    76    27    -6459.68    -0.205854    0.51113    8.37026    
1    77    28    -6456.64    -2.49857    0.552798    8.63662    
1    80    29    -6457.8    -1.50735    0.526968    8.35048    
1    81    30    -6458.91    -4.05764    0.504977    8.1868    
1    83    31    -6456.7    -12.2513    0.587072    8.68717    
1    86    32    -6461.18    -12.0305    0.552883    8.65052    
1    87    33    -6465.35    -13.5685    0.579343    9.79449    
1    88    34    -6465.64    -12.2642    0.571027    9.6442    
1    89    35    -6465.29    -15.7368    0.5369    9.28163    
1    91    36    -6466.83    -16.7052    0.536335    9.46586    
1    97    37    -6469.66    -18.5678    0.53139    10.1571    
