#Task    Step    numberOfAcceptedPeleSteps    currentEnergy    BindingEnergy    sasaLig    distance_A35SG_L1S1    
1    0    0    -6453.77    -25.4691    0.408081    7.01179    
1    5    1    -6471.79    -24.1925    0.446632    6.64197    
1    6    2    -6472.11    -25.2524    0.431209    6.63424    
1    11    3    -6473.15    -23.6771    0.447838    6.55157    
1    22    4    -6474.44    -23.1936    0.429638    7.09518    
1    26    5    -6474.72    -23.3997    0.436758    6.57153    
1    27    6    -6473.54    -22.7798    0.44315    7.02657    
1    28    7    -6476.64    -23.9636    0.413805    7.06584    
1    30    8    -6472.64    -19.439    0.410074    7.44743    
1    32    9    -6470.14    -17.6937    0.423776    6.94985    
1    39    10    -6477.15    -23.4688    0.448051    6.70685    
1    63    11    -6476.17    -22.5157    0.457442    6.53976    
1    67    12    -6477.91    -24.6859    0.42505    6.71756    
1    75    13    -6477.84    -25.0605    0.435627    6.82682    
1    78    14    -6473.36    -22.8986    0.456    6.65137    
1    84    15    -6476.19    -25.1127    0.423795    7.0203    
1    91    16    -6474.61    -22.9702    0.464888    6.8147    
1    96    17    -6474.88    -22.6378    0.466752    7.25408    
1    97    18    -6473.64    -31.9042    0.419456    7.52398    
