#Task    Step    numberOfAcceptedPeleSteps    currentEnergy    BindingEnergy    sasaLig    distance_A35SG_L1S1    
1    0    0    -6444.34    -11.1189    0.5386    5.98215    
1    1    1    -6470.55    -14.4377    0.515946    5.40844    
1    6    2    -6470.51    -13.9597    0.505685    5.70513    
1    7    3    -6469.24    -15.0169    0.490999    5.2105    
1    12    4    -6467.85    -13.3246    0.508578    5.0277    
1    14    5    -6466.07    -12.9452    0.500478    4.84066    
1    17    6    -6471.69    -15.2694    0.48364    7.12487    
1    18    7    -6475.31    -16.8019    0.464491    7.8199    
1    19    8    -6478.78    -19.4547    0.436057    7.3238    
1    20    9    -6481.11    -20.6631    0.443139    7.60736    
1    26    10    -6479.86    -19.1545    0.46452    7.25785    
1    28    11    -6479.05    -19.7274    0.446749    7.25947    
1    31    12    -6481.38    -20.0835    0.464884    7.36582    
1    33    13    -6476.63    -21.5638    0.464295    7.59853    
1    39    14    -6474.56    -21.5924    0.466077    7.48868    
1    41    15    -6474.85    -22.2574    0.448797    7.21    
1    44    16    -6475.67    -22.1563    0.456063    7.55745    
1    45    17    -6479.29    -25.2167    0.433584    7.47685    
1    55    18    -6477.85    -21.7936    0.447495    7.7525    
1    56    19    -6477.03    -22.0193    0.449952    7.14323    
1    57    20    -6480.04    -26.6735    0.415461    7.36148    
1    62    21    -6478.09    -24.426    0.425323    7.81377    
1    68    22    -6477.22    -20.0374    0.469296    7.44589    
1    69    23    -6477.73    -24.9702    0.428041    7.49733    
1    75    24    -6478.88    -25.3664    0.43927    7.2217    
1    77    25    -6477.86    -26.6923    0.423823    7.40303    
1    89    26    -6481.73    -24.7615    0.432582    7.62781    
1    95    27    -6481.65    -25.7575    0.422744    7.35051    
1    97    28    -6483.86    -25.486    0.431879    7.57619    
