#Task    Step    numberOfAcceptedPeleSteps    currentEnergy    BindingEnergy    sasaLig    distance_A35SG_L1S1    
1    0    0    -6443.38    -25.8131    0.453465    9.40496    
1    1    1    -6447.53    -18.5886    0.522194    10.4057    
1    3    2    -6449.83    -7.90975    0.575521    9.39237    
1    6    3    -6451.08    -8.00807    0.566061    10.1249    
1    11    4    -6450.25    -13.3469    0.528217    8.82608    
1    19    5    -6458.54    -17.5253    0.467702    7.94956    
1    23    6    -6457.4    -11.2475    0.54461    9.05638    
1    24    7    -6455.55    -10.8734    0.520387    9.10146    
1    29    8    -6452.05    -14.234    0.531181    9.16886    
1    33    9    -6456.83    -14.2951    0.540424    11.1069    
1    36    10    -6458.06    -15.1888    0.571658    11.7123    
1    37    11    -6460.7    -17.4362    0.519235    9.63888    
1    40    12    -6460.41    -16.0151    0.516099    8.58799    
1    41    13    -6459.74    -14.5247    0.555438    9.83487    
1    43    14    -6460.23    -16.7458    0.585873    9.18527    
1    44    15    -6453.98    -5.58049    0.609444    8.12268    
1    45    16    -6455.35    -6.83247    0.594264    4.69405    
1    50    17    -6454.87    -6.40699    0.628419    5.02133    
1    52    18    -6456.69    -7.69624    0.646815    5.56111    
1    53    19    -6450    -6.94642    0.539324    11.2552    
1    54    20    -6452.27    -5.96479    0.54976    10.1735    
1    55    21    -6452.72    -3.26944    0.536788    8.71743    
1    56    22    -6457.99    -2.72875    0.580652    8.42988    
1    58    23    -6460.31    -1.29941    0.641043    6.29088    
1    60    24    -6461.03    -1.36457    0.651244    5.88185    
1    62    25    -6460.1    0.0173701    0.64246    6.14283    
1    63    26    -6460.65    -5.76148    0.619396    8.34238    
1    65    27    -6465.08    -8.6573    0.590255    8.3029    
1    66    28    -6466.61    -11.0991    0.576525    8.62892    
1    67    29    -6464.02    -16.1977    0.561203    8.92163    
1    68    30    -6469.34    -16.7761    0.579766    8.67711    
1    72    31    -6467.47    -15.4495    0.577756    8.1809    
1    75    32    -6471.32    -17.836    0.561479    8.54296    
1    79    33    -6464.01    -11.6433    0.583374    11.051    
1    80    34    -6465.22    -12.1429    0.604731    11.3965    
1    82    35    -6465.15    -12.5968    0.60574    11.0274    
1    86    36    -6464.83    -14.1633    0.559394    9.80824    
1    92    37    -6462.57    -10.8666    0.556427    8.97534    
1    97    38    -6464.58    -22.2793    0.504544    9.26186    
1    98    39    -6465.77    -20.605    0.495528    8.84213    
