#Task    Step    numberOfAcceptedPeleSteps    currentEnergy    BindingEnergy    sasaLig    distance_A35SG_L1S1    
1    0    0    -6437.43    -28.2994    0.464964    6.48788    
1    1    1    -6451.23    -7.07123    0.5958    9.33739    
1    2    2    -6455.42    -6.65348    0.602667    9.2485    
1    6    3    -6458.49    -7.23231    0.556862    9.42585    
1    10    4    -6459.05    -7.05814    0.524919    10.5891    
1    12    5    -6463.07    -9.12724    0.52595    9.1433    
1    16    6    -6462.25    -8.40972    0.505552    8.81728    
1    17    7    -6459.74    -10.8179    0.476275    7.28838    
1    19    8    -6466.79    -16.7048    0.494151    7.87265    
1    27    9    -6467.34    -16.6425    0.485912    7.71711    
1    31    10    -6460.18    -10.8122    0.516449    8.43882    
1    33    11    -6461.49    -18.3009    0.468881    7.82607    
1    35    12    -6463.98    -16.8501    0.461907    7.27293    
1    37    13    -6453.18    -7.31841    0.509945    9.99754    
1    38    14    -6455.07    -8.21654    0.525683    9.94622    
1    39    15    -6456.8    -10.7911    0.490702    9.80044    
1    42    16    -6447.47    -1.22873    0.513173    9.79419    
1    44    17    -6449.3    -1.79226    0.561316    7.14404    
1    45    18    -6447.76    1.39969    0.578001    8.61405    
1    46    19    -6446.23    3.2345    0.574193    5.28002    
1    48    20    -6459.91    -10.8659    0.541914    5.14919    
1    49    21    -6457.24    -13.2749    0.529729    5.03933    
1    58    22    -6458.58    -10.2012    0.546978    5.38704    
1    59    23    -6458.99    -11.3279    0.465682    6.08225    
1    60    24    -6461.06    -12.6506    0.426303    6.34315    
1    67    25    -6457.86    -17.488    0.426262    5.79814    
1    70    26    -6458.35    -17.9063    0.433049    5.72137    
1    71    27    -6458.82    -17.1568    0.42633    5.84847    
1    75    28    -6457.74    -14.7174    0.445559    5.7214    
1    81    29    -6460.38    -15.8909    0.433958    5.88148    
1    82    30    -6460.21    -15.3556    0.430589    4.98624    
1    85    31    -6460.03    -18.8868    0.401839    5.41589    
1    88    32    -6456.67    -15.703    0.397297    6.35681    
1    89    33    -6457.8    -17.4826    0.408163    5.51245    
1    93    34    -6456.43    -18.6986    0.397867    5.47459    
1    98    35    -6451.42    -14.2179    0.396235    6.68167    
1    99    36    -6457    -18.157    0.397085    5.69156    
