#Task    Step    numberOfAcceptedPeleSteps    currentEnergy    BindingEnergy    sasaLig    distance_A35SG_L1S1    
1    0    0    -6448.85    -26.752    0.498957    7.69203    
1    1    1    -6463.58    -13.8623    0.502767    4.17283    
1    5    2    -6466.89    -20.7056    0.475016    4.22081    
1    14    3    -6470.06    -22.6515    0.498445    4.51597    
1    15    4    -6471.1    -20.3563    0.511652    4.72824    
1    16    5    -6471.33    -19.4874    0.518365    5.25835    
1    20    6    -6474.06    -23.2256    0.522177    4.64249    
1    21    7    -6469.4    -21.136    0.49463    4.19597    
1    28    8    -6469.93    -20.7582    0.557261    4.46878    
1    30    9    -6467.78    -18.4372    0.531296    4.83531    
1    31    10    -6473.62    -20.5219    0.517554    3.93543    
1    33    11    -6469.32    -18.9102    0.491696    4.30526    
1    34    12    -6469.44    -18.5971    0.528405    4.43728    
1    36    13    -6476.1    -21.1937    0.548147    4.0949    
1    41    14    -6475.98    -27.183    0.495004    3.78321    
1    42    15    -6469.6    -23.736    0.538601    4.50763    
1    46    16    -6471.06    -23.0197    0.550359    4.63281    
1    50    17    -6459.71    -13.2258    0.584158    5.01607    
1    53    18    -6464.05    -19.3147    0.556443    4.81332    
1    54    19    -6463.12    -18.6612    0.559279    4.66809    
1    55    20    -6462.21    -18.787    0.520819    5.6277    
1    56    21    -6462.3    -18.5931    0.61091    6.52508    
1    57    22    -6462.96    -21.3338    0.542892    5.72221    
1    61    23    -6459.53    -23.7347    0.489856    5.60115    
1    63    24    -6457.68    -19.7893    0.535523    4.61944    
1    65    25    -6459.61    -20.0888    0.54025    4.66186    
1    67    26    -6460.1    -19.0525    0.518827    5.21696    
1    68    27    -6461.54    -20.4379    0.538441    4.84121    
1    69    28    -6478.51    -24.8524    0.477117    6.39185    
1    74    29    -6478.11    -23.1614    0.479432    7.34132    
1    75    30    -6478.35    -21.6128    0.508287    6.78759    
1    76    31    -6476.14    -19.1147    0.526672    5.8929    
1    78    32    -6484    -24.339    0.479082    6.55004    
1    82    33    -6482.51    -22.0147    0.49524    6.38666    
1    85    34    -6478.6    -23.2852    0.464821    6.72362    
1    91    35    -6474.43    -21.5574    0.46885    6.72366    
1    93    36    -6476.89    -22.5609    0.46849    6.72118    
