#Task    Step    numberOfAcceptedPeleSteps    currentEnergy    BindingEnergy    sasaLig    distance_A35SG_L1S1    
1    0    0    -6447.07    -26.1076    0.486209    5.82316    
1    1    1    -6453.48    -13.5097    0.396613    4.07801    
1    5    2    -6449.58    -27.8489    0.399271    4.12207    
1    8    3    -6451    -23.0647    0.44539    5.56224    
1    9    4    -6453.68    -25.408    0.381418    5.12893    
1    12    5    -6452.57    -19.5714    0.386547    5.30631    
1    20    6    -6451.26    -16.476    0.383921    5.14478    
1    21    7    -6465.37    -23.2402    0.385455    5.79066    
1    23    8    -6463.61    -21.9936    0.390196    5.17688    
1    29    9    -6463.92    -25.18    0.420298    5.8911    
1    35    10    -6464.73    -22.8278    0.39103    6.42237    
1    48    11    -6460.97    -17.5351    0.443036    6.52811    
1    49    12    -6458.33    -21.0881    0.381385    6.7423    
1    58    13    -6461.11    -21.8798    0.381134    6.78372    
1    59    14    -6465.88    -23.8979    0.408379    6.8993    
1    68    15    -6463.06    -22.4741    0.424414    7.18349    
1    71    16    -6466.76    -23.9819    0.441148    7.29015    
1    74    17    -6451.8    -4.00818    0.677856    5.67883    
1    76    18    -6453.94    -3.7451    0.602493    6.32415    
1    77    19    -6458.61    -15.3579    0.474654    7.07828    
1    78    20    -6460.05    -10.5598    0.532211    7.4737    
1    85    21    -6453.43    -7.24207    0.547596    6.10127    
1    87    22    -6454.32    -10.5071    0.530026    9.04323    
1    93    23    -6460.25    -19.5093    0.45538    7.40646    
1    94    24    -6454.18    -11.9952    0.484153    7.84436    
1    97    25    -6454.84    -9.12845    0.587845    5.43907    
1    98    26    -6458.16    -8.10351    0.583389    5.67997    
1    99    27    -6455.15    -7.96549    0.573206    7.66922    
1    100    28    -6454.33    -5.39022    0.60335    9.58771    
