#Task    Step    numberOfAcceptedPeleSteps    currentEnergy    BindingEnergy    sasaLig    distance_A35SG_L1S1    
1    0    0    -6450.55    -33.4143    0.382514    7.1483    
1    1    1    -6472.97    -34.5809    0.406034    9.74116    
1    6    2    -6470.26    -32.3415    0.442993    10.9279    
1    9    3    -6471.49    -34.762    0.416111    9.22339    
1    17    4    -6472    -33.2434    0.410615    8.35113    
1    21    5    -6474.27    -33.6926    0.400218    8.04057    
1    25    6    -6473    -34.9824    0.410722    8.22706    
1    26    7    -6471.25    -31.411    0.437074    8.01738    
1    27    8    -6475.43    -33.2163    0.436769    8.92446    
1    33    9    -6475.12    -35.0964    0.412229    9.20714    
1    45    10    -6469.61    -34.2471    0.398311    9.00437    
1    49    11    -6474.21    -36.7137    0.397079    9.37368    
1    50    12    -6472.79    -36.2088    0.382083    8.41959    
1    53    13    -6477.24    -35.2905    0.39866    8.39396    
1    63    14    -6474.55    -33.9746    0.402918    8.07483    
1    69    15    -6476.14    -35.3933    0.403543    7.80908    
1    79    16    -6476.75    -35.5333    0.405297    9.0045    
1    82    17    -6475.83    -32.8952    0.40479    8.16046    
1    83    18    -6475.94    -30.6948    0.43836    8.26426    
1    85    19    -6475.97    -30.0892    0.452603    9.05776    
1    87    20    -6474.99    -28.9024    0.447443    9.27025    
1    89    21    -6478.05    -34.582    0.439407    8.73014    
1    90    22    -6474.92    -28.7459    0.454924    8.27222    
1    93    23    -6477.01    -36.2741    0.411075    8.97374    
1    97    24    -6478.45    -36.3298    0.414745    9.33848    
