#Task    Step    numberOfAcceptedPeleSteps    currentEnergy    BindingEnergy    sasaLig    distance_A35SG_L1S1    
1    0    0    -6442.7    -21.2034    0.417367    9.97659    
1    1    1    -6454.31    -20.9719    0.447494    9.00857    
1    6    2    -6440.51    -5.98892    0.506042    9.87625    
1    8    3    -6449.94    -16.9253    0.444629    8.63862    
1    15    4    -6450.01    -13.2238    0.441901    6.57626    
1    17    5    -6457.1    -17.3301    0.425833    9.3196    
1    19    6    -6455.63    -19.9703    0.462738    8.2442    
1    23    7    -6460.62    -16.6985    0.47575    8.01071    
1    25    8    -6465.32    -27.0087    0.437132    4.11327    
1    31    9    -6463.85    -24.5068    0.450793    4.29794    
1    33    10    -6459.61    -26.1946    0.445418    3.82545    
1    39    11    -6465.18    -25.9094    0.46171    3.74889    
1    44    12    -6464.54    -27.0433    0.446257    4.05699    
1    49    13    -6463.78    -31.7167    0.474422    5.73694    
1    56    14    -6463.08    -30.2532    0.477843    5.98375    
1    57    15    -6466.19    -31.6531    0.471885    6.05924    
1    61    16    -6465.24    -32.0675    0.452161    5.04586    
1    63    17    -6462.36    -29.4963    0.441126    4.58444    
1    73    18    -6461.03    -26.4963    0.408513    4.71483    
1    79    19    -6464.82    -30.7724    0.440565    5.00105    
1    89    20    -6463.98    -32.1365    0.438158    4.62443    
1    91    21    -6466.91    -31.2569    0.442784    4.82601    
1    96    22    -6466.82    -31.6444    0.45046    5.21544    
