#Task    Step    numberOfAcceptedPeleSteps    currentEnergy    BindingEnergy    sasaLig    distance_A35SG_L1S1    
1    0    0    -6446.14    -3.03003    0.754731    13.7962    
1    1    1    -6441.04    -4.55363    0.821547    16.2366    
1    2    2    -6467.41    -4.77463    0.842474    15.6307    
1    3    3    -6469.68    -2.07301    0.879383    15.2204    
1    4    4    -6474.18    -5.04152    0.795036    14.5183    
1    6    5    -6473.59    -4.08375    0.862841    15.1498    
1    7    6    -6472.37    -2.86466    0.786648    15.448    
1    8    7    -6471.94    -3.4623    0.759525    13.6715    
1    10    8    -6470.47    -3.59733    0.724768    13.2899    
1    11    9    -6468.74    -1.3057    0.710405    13.4265    
1    12    10    -6468.84    -1.66005    0.715942    13.2236    
1    14    11    -6468.61    -1.0174    0.750631    14.2485    
1    15    12    -6470.92    -3.15671    0.769305    13.5367    
1    17    13    -6467.72    -3.00061    0.722188    13.0892    
1    18    14    -6469.08    -2.30067    0.771973    14.4541    
1    19    15    -6468.15    1.34739    0.729697    12.0877    
1    20    16    -6469.28    1.61675    0.781509    12.4096    
1    22    17    -6470.09    1.38338    0.797349    13.5954    
1    23    18    -6469.95    1.73551    0.789276    13.527    
1    24    19    -6469.75    2.7988    0.772116    14.3361    
1    26    20    -6472.81    -0.0171861    0.782879    10.3494    
1    28    21    -6474.3    -1.27293    0.764387    9.73499    
1    30    22    -6472.9    -0.167823    0.758311    10.8671    
1    31    23    -6470.15    0.724967    0.78858    11.9012    
1    32    24    -6471.21    1.94654    0.742652    11.0976    
1    34    25    -6475.74    -2.54513    0.724429    10.228    
1    35    26    -6477.18    -2.0349    0.775046    12.4997    
1    36    27    -6478.61    -3.23656    0.791289    12.6707    
1    38    28    -6477.86    -2.6158    0.79404    14.0308    
1    42    29    -6477.1    -3.84691    0.783746    14.4426    
1    43    30    -6478.53    -6.37833    0.759263    13.8251    
1    44    31    -6478.16    -6.30087    0.746792    14.7032    
1    45    32    -6475.03    -7.06456    0.722394    14.6007    
1    48    33    -6474.69    -5.85472    0.718314    13.7621    
1    49    34    -6465.68    0.300302    0.66034    14.4443    
1    50    35    -6471.2    -7.89637    0.661744    14.5087    
1    51    36    -6470.6    -9.69709    0.646897    13.1339    
1    56    37    -6470.46    -8.49808    0.65978    12.5102    
1    59    38    -6474.49    -10.901    0.63309    9.54528    
1    60    39    -6481.09    -13.3363    0.633767    10.5973    
1    63    40    -6481.88    -14.521    0.654747    10.0786    
1    73    41    -6483.6    -17.9832    0.635655    10.8888    
1    76    42    -6481.67    -16.6416    0.647544    10.0089    
1    81    43    -6482.93    -18.5158    0.643713    11.1997    
1    82    44    -6481.48    -16.8291    0.64345    10.8406    
1    86    45    -6482.43    -15.5968    0.640999    9.7603    
1    97    46    -6484.48    -19.5644    0.640464    11.0607    
1    99    47    -6478.7    -5.8866    0.742471    9.6652    
1    100    48    -6480.96    -7.28476    0.753705    10.9138    
