#Task    Step    numberOfAcceptedPeleSteps    currentEnergy    BindingEnergy    sasaLig    distance_A35SG_L1S1    
1    0    0    -6455.98    -32.4779    0.342105    5.73416    
1    1    1    -6466.21    -23.2565    0.406858    7.29211    
1    6    2    -6466.09    -22.6376    0.425534    6.73629    
1    9    3    -6466.71    -21.5994    0.42807    7.46726    
1    19    4    -6469.25    -22.7269    0.423809    7.94358    
1    20    5    -6468.29    -22.0051    0.434591    7.40711    
1    29    6    -6471.27    -23.2964    0.413272    7.71412    
1    40    7    -6463.56    -17.828    0.438489    8.26885    
1    45    8    -6467.8    -26.186    0.400917    7.6557    
1    47    9    -6468.12    -23.5705    0.403277    7.91929    
1    58    10    -6466.89    -24.3053    0.420784    7.91017    
1    60    11    -6462.56    -19.2695    0.428777    7.19347    
1    61    12    -6468.83    -23.8593    0.397131    7.80829    
1    63    13    -6467.14    -27.4204    0.366159    3.77998    
1    66    14    -6468.45    -27.1173    0.353334    4.21536    
1    67    15    -6468.99    -27.266    0.372846    5.59755    
1    69    16    -6472.76    -33.975    0.354113    6.16741    
1    71    17    -6474.29    -36.0664    0.360467    5.96435    
1    73    18    -6479.8    -42.1323    0.367201    6.85568    
1    76    19    -6478.8    -39.3403    0.370136    6.23238    
1    81    20    -6482.87    -41.7226    0.354585    6.5911    
