#Task    Step    numberOfAcceptedPeleSteps    currentEnergy    BindingEnergy    sasaLig    distance_A35SG_L1S1    
1    0    0    -6455.17    -26.513    0.407577    6.80506    
1    2    1    -6475.5    -24.7877    0.442272    6.77596    
1    5    2    -6473.92    -25.2376    0.423405    6.81401    
1    14    3    -6469.16    -20.5486    0.448481    6.43019    
1    15    4    -6473.59    -23.2219    0.398585    6.63407    
1    18    5    -6473.01    -22.379    0.414523    6.79169    
1    23    6    -6472.78    -22.1593    0.406759    7.04309    
1    26    7    -6471.83    -20.7526    0.406631    7.59611    
1    29    8    -6472.07    -25.0853    0.383099    6.8986    
1    35    9    -6466.3    -19.3557    0.407518    7.51977    
1    39    10    -6473.51    -23.4573    0.400205    6.87233    
1    49    11    -6472.59    -23.7563    0.38932    6.79205    
1    60    12    -6466.81    -19.1835    0.387308    6.52833    
1    61    13    -6467.12    -22.8454    0.379045    6.75553    
1    65    14    -6470.27    -24.7595    0.378842    6.733    
1    69    15    -6470.53    -23.3856    0.377387    6.86301    
1    72    16    -6471    -23.5843    0.382861    6.70467    
1    91    17    -6471.7    -23.3084    0.382222    6.7398    
