#Task    Step    numberOfAcceptedPeleSteps    currentEnergy    BindingEnergy    sasaLig    distance_A35SG_L1S1    
1    0    0    -6450.71    -33.7114    0.448226    4.87374    
1    3    1    -6462.96    -27.353    0.451687    3.57621    
1    5    2    -6465.04    -30.9644    0.445988    3.80503    
1    6    3    -6465.72    -28.5945    0.458479    4.27708    
1    10    4    -6466.36    -27.7016    0.444401    4.12933    
1    13    5    -6467.32    -31.8924    0.455157    3.91202    
1    19    6    -6459.73    -27.649    0.459091    4.04379    
1    27    7    -6459.07    -14.7882    0.454334    3.72604    
1    33    8    -6468.98    -19.7681    0.443543    3.7771    
1    42    9    -6468.43    -16.7131    0.498434    4.46087    
1    45    10    -6472.42    -18.5535    0.547722    4.05934    
1    71    11    -6472.43    -19.578    0.477313    4.48953    
1    72    12    -6472.28    -21.6378    0.48485    4.43882    
1    73    13    -6469.49    -26.3326    0.465784    4.37707    
1    77    14    -6473.55    -30.3655    0.442985    4.15648    
1    78    15    -6473.68    -31.6632    0.443649    4.42203    
1    99    16    -6476.97    -30.4075    0.457843    4.22523    
