#Task    Step    numberOfAcceptedPeleSteps    currentEnergy    BindingEnergy    sasaLig    distance_A35SG_L1S1    
1    0    0    -6449.64    -27.8752    0.457683    4.04581    
1    1    1    -6477.53    -32.2403    0.437719    3.78297    
1    3    2    -6475.2    -27.2714    0.437792    4.00858    
1    4    3    -6474.59    -26.7653    0.454703    4.42249    
1    7    4    -6478.58    -29.9404    0.456673    4.39745    
1    9    5    -6478.27    -28.0499    0.450401    4.40484    
1    16    6    -6477.88    -27.5815    0.442426    4.03215    
1    34    7    -6478.85    -27.5258    0.45282    4.50889    
1    37    8    -6473.28    -23.0372    0.445538    4.96128    
1    42    9    -6466.9    -19.8253    0.432048    3.9805    
1    47    10    -6469.03    -23.069    0.457737    4.52689    
1    49    11    -6470.95    -28.1327    0.455239    4.57741    
1    64    12    -6474.45    -27.4345    0.446117    4.12104    
1    65    13    -6476.56    -27.6179    0.447702    4.15402    
1    73    14    -6476.24    -27.2625    0.447798    4.00123    
1    75    15    -6478.45    -27.8349    0.451463    4.52399    
1    76    16    -6479.37    -26.3576    0.446612    4.1616    
1    77    17    -6476.64    -27.0228    0.447683    4.48325    
1    84    18    -6477.25    -28.9857    0.47116    4.77472    
1    87    19    -6477.86    -28.1459    0.446112    4.32534    
1    94    20    -6473.19    -21.8274    0.450495    3.93126    
1    98    21    -6473.16    -18.1718    0.488536    3.96663    
