1	908	1.00	4.293E-21	0	101	102	0	101	102	102M
2	757	0.811	3.664E-18	0	100	102	0	100	103	101M
8	707	0.683	3.476E-17	0	100	102	0	100	103	101M
18	499	0.533	3.141E-13	2	100	102	0	102	105	29M2D44M2D26M
62	491	0.537	2.139E-13	0	101	102	0	107	108	31M2D45M2D23M2D3M
5	487	0.552	3.703E-13	0	100	102	2	106	110	31M2D44M2D26M
137	423	0.415	4.375E-12	0	100	102	4	99	104	29M1I21M2I5M2I41M
3	413	0.461	2.033E-11	2	101	102	0	103	105	29M2D42M2D29M
108	412	0.451	7.168E-12	0	101	102	2	101	104	31M2D20M2I5M2I42M
83	403	0.436	2.148E-11	1	100	102	0	98	101	30M1D20M2I5M2I13M2D28M
7	396	0.415	2.148E-11	0	100	102	4	99	104	27M1I23M2I5M2I41M
6	395	0.396	3.520E-11	0	100	102	0	95	100	29M1I21M2I5M2I41M
4	395	0.419	1.463E-11	0	101	102	2	101	103	31M3D5M1I14M2I5M2I42M
63	394	0.366	1.636E-10	0	96	102	0	100	102	34M1D22M1D19M2D22M
139	391	0.405	6.093E-11	3	98	102	0	100	105	29M3D45M2D22M
34	390	0.356	2.153E-10	0	96	102	0	100	102	34M1D22M1D19M2D22M
82	388	0.438	9.451E-11	6	101	102	3	93	94	21M3I3M2D18M2I5M2I42M
138	386	0.270	1.549E-10	4	98	102	3	102	105	6M1D19M1D39M1D7M2D24M
123	377	0.485	1.055E-10	0	101	102	0	97	99	12M1D23M1I15M2I5M2I42M
107	376	0.417	4.892E-11	0	101	102	2	96	98	27M3I5M1I7M1D8M2I5M2I42M
88	376	0.287	3.527E-10	0	96	102	0	100	102	34M1D21M1D20M2D22M
42	375	0.471	5.768E-11	0	101	102	0	98	100	12M1D17M1D6M1I15M2I5M2I42M
76	373	0.475	7.589E-11	0	100	102	0	97	100	12M1D17M1D6M1I15M2I5M2I41M
60	372	0.485	1.388E-10	0	101	102	0	97	99	12M1D23M1I15M2I5M2I42M
86	370	0.306	5.780E-10	0	96	102	0	100	102	34M1D21M1D20M2D22M
87	369	0.306	5.780E-10	0	96	102	8	108	110	34M1D21M1D20M2D22M
39	368	0.480	1.929E-10	1	101	102	0	96	98	11M1D23M1I15M2I5M2I42M
73	368	0.485	1.243E-10	0	101	102	2	99	101	12M1D23M1I15M2I5M2I42M
45	367	0.297	8.033E-10	0	96	102	8	108	110	34M1D22M1D19M2D22M
38	366	0.490	1.177E-10	0	98	102	0	94	99	12M1D23M1I15M2I5M2I39M
84	366	0.336	8.487E-10	0	96	102	9	109	111	34M1D22M1D19M2D22M
15	365	0.456	2.681E-10	0	101	102	0	97	99	12M1D23M1I15M2I5M2I42M
71	365	0.485	1.929E-10	0	101	102	0	97	99	12M1D23M1I15M2I5M2I42M
72	365	0.456	1.636E-10	0	101	102	5	102	104	12M1D23M1I15M2I5M2I42M
58	363	0.495	2.274E-10	0	101	102	0	97	99	13M1D22M1I15M2I5M2I42M
43	363	0.316	8.965E-10	0	96	102	0	100	102	34M1D22M1D19M2D22M
24	361	0.436	2.681E-10	0	101	102	0	97	99	12M1D23M1I15M2I5M2I42M
56	361	0.490	1.728E-10	0	98	102	0	94	99	12M1D23M1I15M2I5M2I39M
20	360	0.460	2.538E-10	0	98	102	0	94	99	12M1D23M1I15M2I5M2I39M
109	360	0.466	3.161E-10	0	101	102	0	97	99	12M1D23M1I15M2I5M2I42M
110	360	0.484	2.038E-10	0	97	102	0	93	99	12M1D23M1I15M2I5M2I38M
77	359	0.470	3.161E-10	0	98	102	0	94	99	12M1D23M1I15M2I5M2I39M
136	358	0.287	1.316E-09	0	96	102	0	100	102	34M1D21M1D20M2D22M
85	358	0.346	1.057E-09	0	96	102	6	106	108	34M1D21M1D20M2D22M
89	357	0.278	9.471E-10	4	96	102	1	97	99	30M1D21M1D20M2D22M
80	355	0.407	4.903E-10	0	101	102	0	97	99	12M1D23M1I15M2I5M2I42M
61	355	0.313	1.391E-09	0	97	102	8	109	110	34M1D21M1D20M2D23M
116	355	0.306	1.391E-09	0	96	102	8	108	110	34M1D21M1D20M2D22M
127	355	0.356	5.471E-10	0	96	102	8	108	110	34M1D21M1D20M2D22M
69	353	0.484	3.161E-10	0	97	102	0	93	99	12M1D23M1I15M2I5M2I38M
70	353	0.446	4.641E-10	0	101	102	0	97	99	12M1D23M1I15M2I5M2I42M
115	353	0.287	1.246E-09	0	96	102	0	100	102	34M1D21M1D20M2D22M
99	353	0.300	3.527E-10	0	98	102	0	102	103	30M1D27M1D18M2D24M
21	352	0.470	3.161E-10	0	98	102	0	94	99	12M1D23M1I15M2I5M2I39M
40	352	0.346	1.391E-09	0	96	102	8	108	110	31M1D24M1D20M2D22M
68	348	0.450	4.641E-10	0	98	102	0	94	99	12M1D23M1I15M2I5M2I39M
27	348	0.287	2.279E-09	0	96	102	0	100	102	35M1D21M1D19M2D22M
105	348	0.316	7.198E-10	0	96	102	2	102	104	30M1D27M1D18M2D22M
96	347	0.329	7.198E-10	4	96	102	3	99	101	25M1D29M1D17M2D22M
47	347	0.313	1.469E-09	0	97	102	0	101	102	29M1D27M1D19M2D23M
113	347	0.419	3.726E-10	0	98	102	0	100	105	12M1D17M5D22M2I5M2I39M
29	346	0.390	7.604E-10	0	98	102	0	94	99	12M1D23M1I15M2I5M2I39M
67	346	0.450	5.471E-10	0	98	102	0	94	99	12M1D23M1I15M2I5M2I39M
111	346	0.460	5.471E-10	0	98	102	0	94	99	12M1D23M1I15M2I5M2I39M
93	345	0.329	7.198E-10	4	96	102	3	99	101	26M1D27M1D18M2D22M
17	343	0.456	5.780E-10	1	101	102	0	97	98	11M1D23M1I15M2I5M2I38M1D4M
124	343	0.470	6.814E-10	0	100	102	0	96	99	12M1D23M1I15M2I5M2I41M
55	342	0.460	3.726E-10	0	97	102	0	94	100	12M1D17M1D6M1I15M2I5M2I38M
90	342	0.277	3.167E-09	0	96	102	0	100	102	34M1D21M1D20M2D22M
118	342	0.326	9.471E-10	0	96	102	0	100	102	29M1D29M1D17M2D22M
81	341	0.401	8.487E-10	1	101	102	6	102	104	11M1D23M1I15M2I5M2I42M
41	340	0.393	1.001E-09	0	97	102	0	93	99	12M1D23M1I15M2I5M2I38M
46	340	0.298	9.471E-10	4	96	102	3	99	101	26M1D27M1D18M2D22M
102	340	0.340	1.316E-09	0	96	102	0	99	101	29M1D47M2D21M
36	340	0.303	1.117E-09	4	98	102	3	101	102	26M1D27M1D18M2D24M
14	339	0.470	8.487E-10	1	101	102	0	96	98	13M1D21M1I15M2I5M2I42M
117	338	0.340	1.316E-09	4	96	102	3	99	101	25M1D29M1D17M2D22M
129	338	0.356	8.033E-10	0	96	102	0	100	102	30M1D26M1D19M2D22M
64	337	0.360	1.117E-09	4	96	102	3	99	101	25M1D28M1D18M2D22M
98	337	0.316	1.180E-09	0	96	102	0	100	102	29M1D29M1D17M2D22M
94	336	0.280	1.117E-09	0	96	102	0	99	101	29M1D46M2D22M
97	336	0.329	1.469E-09	4	96	102	3	99	101	25M1D29M1D17M2D22M
35	336	0.356	1.469E-09	0	96	102	0	100	102	29M1D29M1D17M2D22M
119	335	0.313	1.639E-09	4	98	102	3	101	102	25M1D28M1D18M2D24M
28	335	0.300	1.639E-09	0	96	102	0	102	104	30M1D27M3D18M2D22M
125	333	0.300	2.042E-09	0	96	102	0	98	100	31M1D25M1I19M2D21M
32	333	0.309	1.469E-09	4	96	102	3	99	101	26M1D27M1D18M2D22M
92	333	0.319	1.639E-09	4	96	102	3	99	101	25M1D29M1D17M2D22M
130	330	0.375	1.391E-09	4	96	102	0	95	97	26M1D45M2D22M
59	330	0.450	1.117E-09	0	97	102	0	93	99	12M1D20M1D2M2I15M2I5M2I38M
106	330	0.336	2.407E-09	2	96	102	1	98	100	28M1D43M2D24M
53	328	0.320	2.543E-09	0	96	102	0	99	101	31M1D45M2D21M
79	327	0.440	2.279E-09	0	98	102	1	95	100	12M1D23M1I15M2I5M2I39M
95	327	0.312	2.838E-09	4	96	102	3	98	100	27M1D45M2D21M
135	327	0.320	2.838E-09	0	96	102	0	99	101	31M1D45M2D21M
51	327	0.287	6.119E-09	0	96	102	0	100	102	29M1D25M1D21M2D22M
0	326	0.404	1.933E-09	0	97	102	0	93	99	12M1D23M1I15M2I5M2I38M
13	326	0.336	1.732E-09	0	100	102	0	101	104	12M1D17M5D6M1I15M2I5M2I41M
114	325	0.326	2.543E-09	0	98	102	0	94	99	12M1D20M1D2M2I15M2I5M2I39M
50	325	0.274	4.402E-09	0	98	102	0	100	101	31M1D25M1I19M2D23M
91	325	0.309	2.838E-09	4	96	102	3	99	101	26M1D27M1D18M2D22M
128	325	0.386	1.732E-09	0	96	102	0	100	102	29M1D28M1D18M2D22M
78	322	0.314	1.933E-09	0	101	102	0	102	104	12M1D17M5D6M1I15M2I5M2I42M
33	319	0.282	3.734E-09	4	96	102	3	101	103	26M1D28M3D17M2D22M
75	319	0.346	1.830E-09	0	97	102	0	98	104	12M1D17M5D6M1I15M2I5M2I38M
66	318	0.349	2.279E-09	0	99	102	0	100	104	12M1D17M5D6M1I15M2I5M2I40M
16	317	0.379	2.407E-09	0	101	102	0	101	104	12M1D17M5D6M1I15M2I5M2I38M1I3M
57	317	0.355	1.391E-09	0	97	102	0	98	104	12M1D17M5D6M1I15M2I5M2I38M
26	315	0.329	1.059E-08	7	98	102	6	96	98	5M1D21M2I29M1I10M1D24M
10	315	0.360	1.057E-09	4	96	102	5	99	101	8M2I15M1D28M1D18M2D22M
132	314	0.309	3.734E-09	4	96	102	3	99	101	25M1D29M1D17M2D22M
103	314	0.303	1.394E-08	1	96	102	3	101	103	33M1D41M2D22M
74	314	0.311	2.998E-09	0	101	102	0	103	105	12M1D16M6D7M1I15M2I5M2I42M
131	313	0.340	3.945E-09	4	96	102	0	96	98	26M1D29M1D16M2D22M
112	313	0.379	3.346E-09	0	101	102	0	101	104	12M1D17M5D6M1I15M2I5M2I38M1I3M
19	313	0.306	1.119E-08	1	96	102	3	103	105	33M3D41M2D22M
9	312	0.346	2.998E-09	0	97	102	0	98	104	12M1D17M5D6M1I15M2I5M2I38M
22	312	0.311	3.346E-09	0	101	102	0	103	105	12M1D16M6D7M1I15M2I5M2I42M
31	309	0.288	1.182E-08	0	97	102	0	103	104	29M1D28M3D18M2D23M
11	308	0.290	1.059E-08	1	96	102	3	102	104	30M2D44M2D22M
37	308	0.262	7.620E-09	0	96	102	0	102	104	29M1D29M3D17M2D22M
49	305	0.297	1.119E-08	0	96	102	0	100	102	30M1D29M1D16M2D22M
44	303	0.267	1.472E-08	0	96	102	0	100	102	30M1D29M1D16M2D22M
48	302	0.267	2.412E-08	0	96	102	0	100	102	34M2D41M2D22M
120	302	0.297	2.412E-08	1	96	102	3	103	105	33M3D41M2D22M
100	301	0.259	2.284E-08	0	98	102	0	103	104	34M3D41M2D24M
12	300	0.323	4.167E-09	1	97	102	0	97	103	11M1D17M4D22M2I5M2I38M
25	299	0.254	5.792E-09	4	98	102	1	101	103	6M1D18M1D31M3D7M1I8M2D24M
121	298	0.284	4.176E-08	0	96	102	0	101	103	34M3D41M2D22M
122	298	0.290	3.004E-08	1	96	102	3	102	104	33M2D41M2D22M
52	298	0.297	3.004E-08	1	96	102	3	103	105	33M3D41M2D22M
54	292	0.259	2.162E-08	0	98	102	0	103	104	30M1D5M2D40M2D24M
101	291	0.242	2.162E-08	0	98	102	0	103	104	29M6D2M3I41M2D24M
65	287	0.320	1.833E-08	1	97	102	0	95	98	9M1D52M4I9M2D23M
134	281	0.250	3.742E-08	0	96	102	0	101	103	29M5D2M2I42M2D22M
133	263	0.257	4.660E-08	4	96	102	5	99	101	8M2I14M2D47M2D22M
23	260	0.320	6.477E-08	1	97	102	0	97	103	11M1D17M5D6M1I15M2I5M2I38M
104	252	0.282	1.475E-07	4	96	102	3	99	101	30M1D12M3D5M1I4M1I18M2D22M
30	245	0.278	2.050E-07	0	96	102	0	103	105	29M3D25M2D18M2D25M
126	242	0.234	4.670E-07	4	96	102	1	97	99	30M1D22M1I5M2D13M2D22M
 