3	5338	1.00	0.000E+00	0	605	606	0	605	606	606M
39	5043	0.953	0.000E+00	0	605	606	0	605	606	606M
164	5041	0.988	0.000E+00	0	605	606	0	605	606	606M
33	3787	0.608	3.147E-89	4	605	606	3	604	605	61M2D200M2D4M4I333M
28	3587	0.593	4.273E-87	4	605	606	2	597	598	61M2D6M1D197M5I10M4I319M
91	3516	0.580	9.280E-87	6	605	606	4	611	612	260M1D11M5D10M1D121M1D198M
77	3487	0.591	9.025E-86	7	605	606	5	611	612	261M6D14M1D126M1D198M
8	3411	0.534	1.632E-84	9	605	606	7	608	609	255M2D22M1D122M1D149M1D49M
163	3407	0.521	8.535E-84	5	605	606	4	619	620	60M2I137M4D60M1D8M4D12M3D2M4D122M1D198M
29	3381	0.530	6.086E-83	7	605	606	5	615	616	269M10D132M1D146M1D52M
63	3304	0.508	4.445E-81	5	605	606	3	618	619	60M2I142M4D55M1D19M6D3M5D122M1D198M
143	1496	0.251	3.952E-49	15	605	606	10	578	580	26M1D179M1D13M9I10M2I6M12I8M13I18M8D41M1I10M3D48M2D42M8I46M1D24M4D2M1I13M1D9M1I23M3D5M1D21M
7	1475	0.250	1.232E-48	15	605	606	5	573	575	26M1D179M1D13M9I10M17I5M6I6M4I18M3D3M5D41M1I10M3D48M2D42M8I45M1D27M3D14M1D9M1I23M7D7M3I16M
67	1466	0.254	1.681E-48	15	605	606	9	575	577	26M1D179M1D13M9I10M17I5M2I7M10I15M3D2M5D42M1I10M3D48M2D42M8I46M1D26M3D14M1D9M1I23M7D7M3I16M
49	1434	0.241	1.198E-47	15	605	606	10	579	581	26M1D179M1D13M9I5M11I15M5I5M10I17M8D17M1D6M1I32M2D45M2D42M8I46M1D24M2D2M1D14M1D9M1I23M7D7M3I16M
69	1414	0.211	1.133E-45	11	603	606	7	607	618	237M3I10M8I10M16I12M2D5M11D14M1I8M2D1M1D1M1D13M1I12M1D11M1D10M1I29M2D42M5D4M3D48M8D26M7D2M2I15M1I3M4I19M5D4M1I3M3I13M
0	1410	0.253	4.047E-48	13	605	606	7	576	578	28M1D178M1D12M4I4M5I3M11I7M1I5M4I6M5I3M6I17M8D16M4I2M4D23M2D57M2D39M8I70M3D16M1D9M1I25M1D4M3D20M
68	1390	0.230	1.707E-43	10	603	606	2	613	623	195M7D43M3I10M7I5M8I8M6I16M13D15M1I3M4D20M1I7M3D3M2I10M1D11M1I29M2D42M6D2M2D44M4D5M4D26M2I2M3D2M4D11M8I4M3D22M1I7M2D12M
34	1379	0.237	1.503E-44	13	605	606	7	589	598	226M5I2M3I19M27I13M1I3M9D14M1I8M1D18M8D10M3D90M8I43M13D29M3D13M3I1M9I4M5D16M3D3M2D24M
51	1378	0.257	1.030E-49	17	598	606	15	564	566	244M6I9M12I3M3I16M4D2M3D14M1I8M1D4M1I12M3I5M3I17M1D29M2I43M1I94M5I7M4I34M
135	1378	0.238	9.438E-45	12	605	606	6	589	598	226M1D6M2I4M7I11M27I13M1I3M9D14M1I8M1D18M8D10M3D90M8I42M13D30M3D13M3I1M9I4M5D19M5D24M
61	1354	0.250	1.334E-49	17	598	606	15	564	566	244M6I9M12I3M1D7M4I7M3D5M4D16M1I4M1D8M1I8M6I22M1D29M2I43M1I94M5I6M4I35M
15	1344	0.248	1.728E-49	17	598	606	15	564	566	244M6I9M15I18M3D5M4D16M1I4M1D4M1I12M6I22M1D29M2I43M1I94M5I7M4I34M
57	1343	0.250	1.405E-49	17	596	606	15	562	566	244M6I9M12I3M3I6M1D2M1I6M3D5M4D16M1I4M1D4M1I12M6I22M1D29M2I43M1I95M7I5M2I33M
83	1343	0.262	3.466E-48	17	598	606	15	564	566	244M6I9M12I3M3I3M5I1M5D7M4D2M3D18M1I4M1D4M1I12M2I6M4I15M1D30M2I43M1I98M9I18M1I8M1D10M
147	1341	0.262	3.125E-48	17	595	606	16	562	568	244M6I9M12I3M3I5M1D3M1I7M4D2M3D14M1I8M1D4M1I12M4D4M10I13M1D30M2I43M1I98M9I18M1I8M1D7M
11	1339	0.250	7.349E-49	17	596	606	14	561	565	244M6I9M12I3M1D7M4I8M4D2M3D18M1I4M1D4M1I12M6I22M1D29M2I43M1I95M7I5M2I33M
95	1337	0.262	3.649E-48	17	598	606	15	565	567	150M1D94M6I9M15I8M1D3M1I6M4D3M3D14M1I8M1D4M1I12M2I6M4I15M1D30M2I43M1I98M9I18M1I8M1D10M
178	1337	0.247	2.752E-49	17	599	606	15	565	567	244M6I9M12I3M1D7M4I7M3D5M4D16M1I4M1D4M1I12M6I21M1D30M2I43M1I94M5I6M4I36M
14	1335	0.250	3.384E-49	17	599	606	15	565	567	244M6I9M12I3M3I15M3D5M4D16M1I4M1D4M1I12M6I22M1D29M2I43M1I94M5I6M4I36M
12	1332	0.249	3.052E-49	17	596	606	15	562	566	244M6I9M12I3M1D7M4I7M3D5M4D16M1I4M1D4M1I12M6I21M1D30M2I43M1I94M5I6M4I33M
137	1332	0.245	1.138E-47	15	600	606	11	563	568	235M1D11M8I9M14I21M7D17M1I4M1D4M1I12M3I5M3I44M2I45M1I94M9I43M
118	1331	0.250	3.052E-49	17	596	606	15	562	566	244M6I9M12I3M3I6M2I1M2D6M3D5M4D16M1I4M1D4M1I12M6I22M1D29M2I43M1I95M7I5M2I33M
10	1330	0.249	4.382E-49	17	597	606	15	563	566	244M6I9M12I3M3I3M4D1M4I7M3D5M4D16M1I4M1D4M1I12M6I21M1D30M2I43M1I94M5I7M4I33M
18	1329	0.250	2.018E-49	17	596	606	15	562	566	244M6I9M12I3M3I6M2I1M2D6M3D5M4D16M1I4M1D4M1I12M6I22M1D29M2I43M1I94M5I6M4I33M
17	1324	0.251	1.203E-49	17	596	606	15	562	566	244M6I9M12I3M3I7M3D13M4D16M1I4M1D4M1I12M6I22M1D29M2I43M1I94M5I7M4I32M
72	1323	0.253	3.200E-47	15	597	606	11	562	564	246M6I9M12I3M3I5M2I8M1D3M7D14M1I6M1D6M1I12M2I5M4I14M3D32M2I43M1I94M5I6M4I34M
102	1321	0.262	4.726E-48	17	598	606	15	564	567	244M6I9M12I3M3I3M5I1M5D7M4D2M3D14M1I8M1D4M1I12M2I6M4I15M1D30M2I43M1I96M1D5M10I14M1I8M1D10M
86	1321	0.237	7.088E-44	12	605	606	7	590	599	217M4D11M4I5M8I11M27I13M1I3M9D14M1I8M1D18M8D10M3D90M8I42M13D30M3D13M3I1M9I4M5D16M3D3M2D24M
20	1318	0.262	1.329E-47	17	595	606	15	561	566	244M6I9M12I3M3I6M1D2M1I6M4D3M3D14M1I8M1D4M1I12M4D4M10I13M1D30M2I43M1I98M9I18M1I8M1D7M
6	1316	0.247	2.357E-49	17	596	606	15	562	566	243M9I4M10I10M2I14M3D5M4D16M1I4M1D4M1I12M6I22M1D29M2I43M1I95M7I5M2I33M
13	1316	0.249	8.149E-49	17	596	606	16	563	567	244M6I9M12I3M1D7M4I7M3D5M4D16M1I4M1D4M1I12M6I21M1D30M2I43M1I94M5I6M4I33M
149	1315	0.232	4.047E-48	15	599	606	11	564	568	244M22I9M2I17M3D2M5D18M9D5M1D5M1I12M7I2M2I46M2I93M5I40M4I6M4I37M
9	1314	0.251	4.161E-49	17	596	606	15	562	567	244M6I9M12I3M3I7M3D13M4D16M1I4M1D4M1I12M6I22M1D29M2I43M1I94M5I6M4I33M
114	1314	0.247	2.116E-47	15	600	606	11	563	568	235M1D11M8I9M14I21M7D17M1I4M1D4M1I12M3I5M3I44M2I45M1I94M5I7M4I36M
116	1310	0.230	8.788E-48	15	600	606	13	567	569	244M22I9M2I19M8D17M8D7M2D4M1I12M6I4M2I1M1I43M2I92M5I41M4I6M4I38M
25	1309	0.250	2.955E-46	15	596	606	10	560	563	246M6I9M12I8M5I8M1D3M7D14M1I6M1D6M1I12M2I5M4I13M3D31M2I45M1I94M5I4M4I35M
113	1306	0.246	2.010E-47	15	600	606	12	564	569	235M1D11M8I9M14I21M7D17M1I4M1D4M1I12M3I8M3I41M2I45M1I94M6I6M3I16M1I5M1D15M
16	1301	0.246	1.681E-48	17	596	606	15	562	567	243M8I9M5I6M4I6M4I7M3D5M4D16M1I4M1D4M1I12M2I5M4I17M1D29M2I43M1I94M5I7M4I32M
30	1299	0.245	2.282E-46	15	595	606	10	560	562	235M1D9M3I2M4I9M11I3M3I15M6D21M1I4M1D8M1I8M3I5M3I44M2I48M1D92M5I4M4I19M1D15M
180	1294	0.256	1.439E-48	17	597	606	15	563	566	244M6I9M12I3M3I15M4D3M3D14M1I8M1D4M1I12M9I2M3D17M1D29M2I43M1I94M5I7M4I33M
107	1283	0.244	6.759E-46	19	601	606	9	561	573	149M1D83M1D21M17I4M1I5M1I2M1I9M6D23M1D8M1I8M2I5M4I44M2I49M1I94M9I40M
32	1282	0.245	1.856E-46	15	598	606	11	562	566	235M1D9M3I2M4I9M11I3M3I15M6D21M1I4M1D4M1I12M3I5M3I44M2I48M1D92M5I4M4I25M2I3M1D7M
109	1280	0.247	1.552E-47	15	597	606	11	562	564	245M8I5M11I9M2I4M2I12M8D13M1I8M1D4M1I12M2I5M4I14M3D30M2I45M1I94M5I6M4I34M
161	1279	0.239	1.762E-46	19	601	606	9	561	572	149M1D79M4D13M3I9M16I5M2I2M2D1M3I1M1I9M6D23M1D8M1I8M2I5M4I46M2I43M1I98M9I40M
108	1278	0.243	2.167E-46	19	601	606	9	561	572	149M1D83M1D21M17I4M1I3M2D1M3I1M1I9M6D23M1D8M1I8M2I5M4I46M2I43M1I98M9I18M1I5M1D16M
26	1274	0.258	1.762E-46	12	598	606	10	564	568	7M3I9M2D129M1D92M2I10M3I6M4I2M3I2M8I17M6D21M1I4M1D4M1I12M3I5M3I44M2I48M1D92M5I4M4I25M2I3M1D7M
24	1272	0.245	3.634E-46	15	598	606	10	561	565	235M1D9M3I2M4I9M11I3M3I16M2D1M4D19M1I4M1D4M1I12M3I5M3I44M2I48M1D92M5I4M4I25M2I3M1D7M
43	1271	0.231	1.361E-46	15	598	606	11	562	566	237M2I10M4I9M14I18M6D21M1I4M1D8M1I8M3I5M3I44M2I48M1D92M5I4M4I25M2I3M1D7M
70	1270	0.251	1.468E-45	17	599	606	15	571	572	60M1D172M3I9M6I10M9I7M2I2M3I9M1D2M4D19M1I4M1D4M1I12M2I6M3I44M1D3M6D96M2I1M1D40M9I28M3I2M3D9M
87	1268	0.244	4.956E-46	15	598	606	11	562	566	235M1D9M3I2M4I9M11I3M3I16M2D1M4D19M1I4M1D4M1I12M3I5M3I44M2I48M1D92M5I4M4I25M2I3M1D7M
56	1268	0.227	3.451E-46	15	601	606	11	566	573	22M5D214M1D10M3I5M12I2M4I2M5I3M4I10M6D19M1I4M1D7M1I16M4I3M2D43M2I43M1I100M9I38M
82	1267	0.230	3.634E-46	17	601	606	13	566	573	20M5D214M1D10M3I4M13I2M3I3M5I3M4I10M6D19M1I4M1D7M1I16M4I3M2D43M2I43M1I100M9I38M
31	1266	0.232	2.058E-46	15	598	606	11	562	566	237M2I10M4I9M14I18M6D21M1I4M1D8M1I8M3I5M3I44M2I48M1D92M5I4M4I25M2I3M1D7M
115	1265	0.241	4.469E-46	13	598	606	11	556	560	8M1I235M12I10M9I3M3I16M2D2M7D23M1D4M1I12M7I3M2I45M2I92M5I41M4I6M4I36M
75	1265	0.248	6.759E-46	13	598	606	11	556	561	8M1I238M21I10M3I16M2D2M7D16M1D11M1I15M9I45M2I92M5I41M4I6M4I36M
129	1265	0.253	4.977E-48	15	597	606	11	562	564	245M8I5M11I9M2I4M2I8M1D3M7D14M6I2M6D5M1I12M2I5M4I14M3D32M2I43M1I94M5I6M4I34M
181	1263	0.219	1.022E-45	15	594	606	10	573	575	238M2I24M16I5M2I11M15D31M1I7M6I49M2I100M1D47M3I36M
158	1262	0.239	6.950E-47	15	595	606	11	561	565	219M1I19M1D7M7I5M13I7M2I6M2I6M3D2M4D19M1I4M1D8M1I8M6I51M2I44M1I48M2D3M4D42M5I6M4I32M
168	1259	0.238	2.531E-46	16	596	606	12	562	565	218M1I19M1D7M9I3M11I6M2I9M2I6M1D3M6D18M1I4M1D8M1I8M6I51M2I44M1I49M6D46M4I4M5I33M
125	1258	0.245	1.076E-45	13	601	606	11	559	561	8M1I238M21I10M3I16M2D2M7D17M3I2M4D5M1I15M8I2M1I43M2I92M5I41M4I6M4I39M
99	1258	0.231	4.244E-46	16	601	606	12	566	573	21M5D214M1D10M3I3M9I4M7I2M5I3M4I10M6D19M1I4M1D7M1I16M4I3M2D40M2I46M1I96M4I4M5I38M
176	1257	0.245	1.628E-45	15	598	606	10	561	565	235M1D9M3I2M4I9M11I3M3I16M2D1M4D19M1I4M1D4M1I12M3I5M3I44M2I48M1D92M5I4M4I25M2I3M1D7M
145	1254	0.250	2.471E-47	15	596	606	12	562	565	245M8I5M11I9M2I4M2I8M7D3M1D14M1I8M1D4M1I12M2I5M4I13M3D31M2I45M1I94M5I6M4I33M
48	1252	0.238	1.193E-45	13	598	606	10	556	564	246M18I4M4I8M2I15M2D2M7D17M1D10M1I12M7I3M2I45M2I92M5I43M4I5M4I35M
159	1252	0.237	2.741E-47	10	594	606	8	565	567	250M4I9M16I8M2I8M1D4M6D19M1I4M1D9M1I11M2I8M4D43M2I45M1I3M1I88M5I6M4I16M1I8M1D6M
183	1250	0.227	1.394E-45	16	601	606	12	566	573	21M2D4M3D210M1D10M3I4M1I1M11I2M4I2M5I3M4I10M6D19M1I4M1D7M1I16M4I3M2D40M2I46M1I100M9I38M
171	1248	0.243	4.364E-47	11	594	606	11	566	568	9M1I239M4I9M16I8M2I8M1D4M6D19M1I4M1D9M1I21M2D43M2I45M1I3M1I88M4I5M5I17M1I8M1D6M
46	1244	0.217	2.955E-46	16	602	606	12	567	576	233M3D13M3I5M6I3M12I10M2I8M8D28M1I12M2I5M4I46M2I43M1I94M5I6M4I39M
169	1243	0.236	4.956E-46	15	596	606	11	562	565	219M1I19M1D7M7I8M15I10M2I6M1D3M6D18M1I4M1D8M1I8M6I51M2I44M1I49M6D44M5I6M4I33M
173	1243	0.217	2.531E-46	16	602	606	13	568	576	245M6I12M12I7M1I13M7D27M1I12M2I5M4I46M2I43M1I94M5I7M4I38M
90	1240	0.242	3.277E-46	15	596	606	11	561	564	245M8I5M11I6M2I7M2I10M8D15M6I2M6D5M1I12M2I5M4I12M3D34M2I43M1I94M5I6M4I33M
27	1240	0.257	1.433E-46	19	599	606	17	563	567	241M4I7M16I7M1I14M3D2M5D19M1I4M1D8M1I8M6I51M2I43M1I100M9I27M2I7M
42	1237	0.257	1.107E-46	19	599	606	17	563	567	241M4I7M16I7M1I14M3D2M5D19M1I4M1D8M1I8M6I51M2I43M1I94M5I4M4I29M2I7M
136	1235	0.234	1.394E-45	15	598	606	11	562	566	236M1D8M3I2M4I9M14I18M6D21M1I4M1D8M1I8M3I5M3I44M2I48M1D92M5I4M6I2M2D21M2I3M1D7M
53	1235	0.237	1.762E-46	15	595	606	12	566	573	63M1D169M4D14M3I5M19I5M2I4M1I2M1I8M4D19M1I4M1D8M1I8M2I6M3I47M7D97M1I42M9I27M3I2M3D5M
45	1231	0.229	2.337E-45	15	595	606	13	562	571	22M2D4M3D210M1D10M3I4M1I1M11I2M4I2M5I3M4I10M6D19M1I4M1D7M1I16M4I3M2D40M2I46M1I96M4I4M5I32M
58	1231	0.238	6.921E-45	18	595	606	28	570	578	19M2D5M2D202M3I13M10I10M7I2M6I3M4I6M3D4M3D18M1I3M1D5M1I19M4I3M2D43M2I43M1I96M4I4M5I32M
155	1227	0.237	2.337E-45	15	597	606	11	563	564	219M1I19M1D7M7I5M13I7M2I6M2I6M1D3M6D18M1I4M1D8M1I8M6I51M2I44M1I48M2D3M4D42M5I6M4I34M
165	1221	0.250	3.277E-46	17	599	606	15	571	573	60M1D170M4D14M13I5M9I5M2I4M1I2M1I8M4D19M1I4M1D4M1I12M2I6M3I47M7D97M1I45M7I7M2I17M3I2M3D9M
146	1220	0.242	7.892E-46	17	599	606	14	570	573	59M1D170M4D15M3I3M19I5M2I6M1I2M1I8M4D18M3I2M3D9M1I8M2I7M3I46M7D95M2I2M1D41M9I27M3I2M3D9M
76	1217	0.226	9.666E-44	13	599	606	11	569	573	8M1I169M1I69M1I7M7I3M11I7M2I14M8D26M1I19M4I1M2D43M1I95M5I43M2I5M2I40M
103	1215	0.245	8.752E-46	15	599	606	13	571	573	63M1D169M4D14M3I5M19I5M2I4M1I2M1I8M4D19M1I4M1D4M1I12M2I6M3I44M7D99M2I1M1D40M9I28M3I2M3D9M
148	1215	0.194	1.042E-42	14	603	606	12	591	597	23M6D2M1D2M1D126M5D64M2D12M2I12M6D12M5I8M4I24M2D21M6D18M1I2M9I2M1I19M2D1M2I67M8I21M1I14M3I6M3I22M2D15M1I9M6I20M3D22M
162	1213	0.214	5.496E-46	6	603	606	1	606	617	242M3I10M1I6M7I4M16I12M2D5M11D14M1I9M3D1M1D13M1I12M1D11M1D10M1I29M2D42M5D4M3D43M6D7M2D24M7D2M2I12M8I3M3D24M4D3M3I13M
126	1203	0.216	1.707E-43	15	598	606	11	568	572	176M1I85M18I2M2I14M8D17M1I4M1D4M1I19M4I1M2D43M1I95M5I43M2I9M2I35M
1	1202	0.226	1.667E-44	15	595	606	13	560	569	23M4D3M2D200M3I2M1D15M3I5M8I2M8I2M5I3M4I10M6D19M1I4M1D7M1I10M3I5M1I4M2D44M2I42M1I96M4I4M5I32M
120	1200	0.215	1.355E-44	18	599	606	22	579	582	45M5D198M6I5M13I5M2I20M11D23M1D4M1I12M2I6M4I45M2I91M2I2M2I41M3I7M4I37M
134	1199	0.224	2.520E-44	5	598	606	1	559	565	246M1D8M7I5M12I7M3I4M3D1M2I2M2I9M3D11M4I6M4D5M1I12M3I7M4I44M1I45M3D93M9I22M2D9M3I7M
160	1198	0.216	4.936E-44	14	600	606	4	555	557	67M3D19M1D167M24I18M3D2M6D24M1D4M1I12M4I3M5I45M2I93M5I40M4I6M4I38M
111	1198	0.219	4.227E-44	15	599	606	5	562	565	66M11D21M1D165M24I18M3D2M6D24M1D5M1I11M1I3M8I45M2I93M5I40M4I6M4I37M
94	1195	0.222	6.392E-44	4	598	606	1	560	566	247M1D8M7I5M12I7M3I4M1I15M3D11M4I6M4D5M1I12M3I7M4I46M1I44M3D92M9I22M2D9M3I7M
128	1192	0.202	5.198E-44	18	601	606	15	574	576	47M3I141M1I44M1D7M7I3M13I9M2I2M1I1M2I12M10D6M1I22M1I10M1D54M2I47M1I47M2D3M3D44M3I4M4I40M
35	1190	0.211	3.027E-45	14	603	606	11	589	593	241M2I26M3I9M7D3M2I13M8D26M1I12M2I5M4I46M2I44M1I93M5I6M4I16M1I5M1D18M
36	1188	0.240	7.288E-45	18	599	606	16	571	572	60M1D169M4D14M13I5M9I5M2I3M1I3M1I8M4D18M3I3M3D8M1I8M2I7M3I46M7D97M1I45M9I24M3I2M3D9M
44	1188	0.218	1.901E-45	15	597	606	11	575	576	222M2D5M4I29M14I4M2I2M1I8M4D5M10D33M1I7M6I51M2I98M1D47M3I26M2I11M
93	1184	0.226	7.088E-44	5	598	606	1	559	564	247M1I12M2I10M18I2M1I15M3D11M4I6M4D5M1I12M3I7M4I46M1I43M3D93M9I22M2D9M3I7M
152	1181	0.217	8.716E-44	18	599	606	22	579	581	45M5D198M6I5M13I5M2I20M11D23M1D4M1I12M2I5M4I46M2I68M1D4M1I18M2I2M2I41M3I7M4I17M1I5M1D14M
127	1179	0.226	1.018E-43	5	598	606	1	559	565	247M1I12M2I10M18I2M1I15M3D11M4I6M4D5M1I12M3I7M4I46M1I43M3D93M9I22M2D9M3I7M
64	1179	0.228	2.328E-43	13	598	606	11	569	574	8M1I169M1I67M8I3M7I11M3I6M2I14M8D17M3I2M3D4M1I19M4I1M2D43M1I95M5I43M2I9M2I35M
122	1159	0.188	2.201E-41	14	603	606	12	591	602	23M6D4M2D126M5D66M2D13M5I11M9D8M3I16M6I15M2D19M6D20M2I4M9I89M8I21M1I14M3I6M3I21M2D16M1I9M6I23M3D19M
167	1146	0.193	1.217E-42	18	598	606	15	571	576	47M3I141M1I44M1D7M7I3M13I8M1I4M4I12M10D6M1I22M1I10M1D54M2I47M1I47M2D3M3D44M3I6M4I35M
38	1143	0.244	2.050E-44	18	599	606	16	571	572	60M1D169M4D14M13I5M11I8M1I3M1I10M1I3M5I5M9D8M1D8M1I8M2I5M3I48M7D46M2D6M2I43M1I45M9I24M3I2M3D9M
59	1135	0.220	1.014E-41	15	599	606	13	573	575	176M1I79M18I8M2I10M2D2M6D19M1I4M1D4M1I67M1I95M5I42M2I6M2I21M4D4M4I11M
175	1135	0.211	1.156E-42	15	597	606	13	574	581	23M2D170M1I51M6I5M13I13M5I8M9D21M1I3M1D4M1I12M1I54M1I4M1I45M1I44M4D4M1D44M3I6M4I34M
117	1124	0.214	3.605E-42	14	597	606	10	572	580	27M2D167M1I51M6I5M13I13M5I8M9D21M1I3M1D4M1I12M1I54M2I49M1I44M4D4M1D44M3I6M4I34M
62	1115	0.211	7.828E-42	14	597	606	12	574	582	27M2D167M1I51M6I5M13I13M5I8M9D21M1I3M1D4M1I12M1I54M2I49M1I48M5D44M3I6M4I34M
5	1113	0.213	5.740E-42	15	597	606	17	578	584	26M2D167M1I51M6I10M13I8M5I8M9D21M1I3M1D4M1I12M1I54M1I4M1I45M1I44M4D4M1D44M3I6M4I34M
174	1111	0.215	6.045E-42	15	597	606	13	574	580	26M2D167M1I51M6I5M13I13M5I8M9D21M1I3M1D4M1I12M1I1M2D8M1I2M1I41M2I49M1I44M4D4M1D44M3I6M4I34M
112	1110	0.190	4.311E-41	18	598	606	14	570	575	47M3I141M1I44M1D7M7I3M13I10M2I1M1I1M2I9M10D8M1I23M1I10M1D54M2I47M1I47M2D3M3D44M3I4M4I18M1I8M1D10M
96	1092	0.212	9.361E-41	14	597	606	10	572	580	24M2D170M1I51M6I5M13I13M5I8M9D21M1I3M1D4M1I12M1I58M2I45M1I48M5D44M3I4M4I36M
110	1089	0.225	2.041E-42	15	599	606	11	554	558	254M13I2M8I17M2D2M6D18M1D11M1I11M2I5M4I42M9I37M1I7M1D3M2I13M5D9M3I8M3I6M2I43M4I5M4I36M
153	1083	0.200	4.668E-42	15	604	606	13	601	604	131M2D27M1D35M1I51M8I10M12I5M4I11M8D8M1I7M1I26M3I8M2D43M2I47M1I15M15D30M2D4M5D43M4I7M4I17M6D4M4I10M3D6M
121	1081	0.206	7.229E-41	15	597	606	13	574	582	26M2D167M1I51M6I10M13I8M5I8M9D21M1I3M1D4M1I12M1I54M1I4M1I45M1I44M4D4M1D44M3I6M4I34M
21	1072	0.200	1.533E-41	15	604	606	12	600	603	131M2D27M1D35M1I51M8I10M12I5M4I11M8D8M1I7M1I26M3I8M2D43M2I47M1I15M15D30M2D4M5D43M4I7M4I17M6D4M4I10M3D6M
97	1069	0.209	1.277E-40	15	598	606	16	582	586	158M1D36M1I28M2I4M2D2M6D14M23I9M2I3M4I8M1D3M9D18M1I4M1D7M1I9M1I54M2I47M1D48M4D5M2D42M3I6M4I16M1I7M1D11M
92	1065	0.219	2.707E-41	15	601	606	13	558	560	255M21I18M2D2M6D18M3I2M4D6M1I11M2I5M4I42M9I37M1I8M1D2M2I15M1D6M1D12M3I6M2I43M4I5M4I38M
154	1062	0.190	9.858E-41	18	601	606	17	592	600	150M2D40M2I37M4D12M10I7M13I4M2I2M3I9M1D2M7D12M9D7M1I4M1D4M1I20M3I3M2D41M1I94M2D5M3D18M1D26M3I5M4I7M3D32M
85	1058	0.198	4.414E-40	14	595	606	13	550	554	27M1D184M1I5M9I3M3I3M23I26M1D13M6D18M1D10M1I12M2I8M2I41M2I49M2D47M5I43M4I4M3I34M
89	1055	0.208	1.416E-40	14	601	606	12	579	581	174M1D3M1I16M1I51M6I5M13I13M3I2M1I5M5D4M3D5M3D14M1I2M1D9M1I16M1I46M2I47M3D4M3I44M4D44M3I9M4I35M
177	1053	0.215	7.433E-42	14	601	606	12	559	562	24M1D127M1D2M2I101M17I3M3I20M8D16M3I2M4D6M1I11M6I47M9I37M1I8M1D2M2I13M5D9M3I8M3I6M2I43M4I5M4I38M
101	1053	0.195	3.887E-41	15	601	606	12	594	603	131M2D27M1D35M1I51M6I7M2I3M12I5M4I11M8D8M1I7M1I26M3I8M2D43M2I47M1I17M15D28M2D4M5D43M4I7M4I17M6D4M4I13M
65	1051	0.200	2.772E-40	14	598	606	15	582	587	7M1I151M1D41M1I22M2I3M6D5M2D14M23I13M5I7M1D3M9D18M1I4M1D7M1I9M1I54M2I49M1D44M2D5M4D44M3I6M4I16M1I7M1D11M
23	1050	0.212	1.124E-41	15	601	606	13	559	561	23M1D127M1D3M2I98M7I3M13I22M8D16M3I2M4D6M1I11M2I5M4I42M9I37M1I8M1D2M2I13M5D9M3I8M3I6M2I43M4I5M4I38M
140	1049	0.190	6.020E-40	15	597	606	13	579	584	158M1D41M1I22M2I5M1D2M7D15M23I13M5I7M1D3M9D18M1I4M1D4M1I12M1I54M2I49M1D44M2D5M2D2M2D42M3I4M4I36M
71	1047	0.217	1.741E-40	14	595	606	14	580	586	159M1D36M1I26M8D8M2I15M23I12M5I8M1D3M9D18M1I4M1D4M1I12M1I54M2I45M1I5M2D12M1D30M3D5M1D2M2D42M3I6M4I32M
66	1046	0.214	1.790E-41	15	601	606	13	559	561	23M1D127M1D2M2I99M7I3M13I22M8D16M3I2M4D6M1I11M2I5M4I42M9I37M1I8M1D2M2I13M5D9M3I8M3I6M2I43M4I5M4I38M
144	1046	0.204	6.020E-40	15	598	606	16	582	586	158M1D36M1I27M7D7M1I15M23I9M2I3M4I8M1D3M9D14M1I8M1D7M1I9M1I54M2I47M1D46M2D5M2D2M2D42M3I6M4I16M1I7M1D11M
166	1046	0.221	2.772E-40	18	601	606	14	577	592	41M2D180M4D10M13I5M11I4M7I8M1I1M2I9M9D6M4D14M1I4M1D4M1I12M2I3M3I50M2I44M1I45M2D5M4D2M1D21M2D7M3D10M1I1M2I6M5I4M1I13M1I8M2D13M
2	1043	0.194	2.707E-41	15	604	606	13	601	604	131M2D27M1D35M1I51M8I10M12I5M4I11M8D8M1I7M1D10M1I5M1I10M3I8M2D43M2I47M1I17M15D28M2D4M5D43M4I7M4I16M8D4M8I7M5D6M
133	1042	0.215	1.491E-40	15	601	606	11	577	592	44M2D176M6I8M3I28M21I8M3D2M6D5M4D14M1I4M1D4M1I12M2I6M3I46M2I45M1I45M2D5M4D2M1D21M2D5M3D12M1I1M2I6M5I4M1I13M1I8M2D13M
22	1034	0.205	3.409E-40	13	599	606	9	573	582	190M6D5M4D3M5I24M3I18M7I8M12I3M2D3M8I11M10D13M1D2M1D5M1I8M1I10M5I8M2D44M2I44M1I49M2D3M2D40M4I6M3I38M
172	1030	0.201	5.717E-40	14	601	606	9	618	620	50M51D93M4I3M5I81M4D11M23I13M5I10M10D27M1I13M2I7M1D45M1I3M1I44M1I50M4D18M1D26M3I4M4I18M1I2M2D19M
100	1028	0.200	8.645E-40	15	601	606	11	621	623	49M53D93M4I3M5I81M4D11M23I13M5I10M10D27M1I13M2I6M1D46M1I3M1I44M1I50M4D18M1D26M3I4M4I18M1I2M1D3M1D16M
142	1025	0.208	3.871E-39	14	597	606	13	552	554	27M1D184M1I11M3I15M3I11M19I2M5I2M4I10M6D17M1D11M1I12M1I1M4I5M1D42M2I48M2D48M5I43M4I4M3I36M
105	1024	0.208	1.527E-39	14	598	606	13	551	554	27M1D184M1I11M3I15M3I11M19I2M5I2M4I10M6D24M1D4M1I12M2I8M2I41M2I48M2D48M5I43M4I4M3I26M2I9M
52	1020	0.214	3.237E-40	18	601	606	16	559	562	20M1D127M1D3M2I98M7I3M13I22M8D18M1D9M1I11M2I5M4I42M9I37M1I8M1D2M2I13M5D9M3I8M3I6M2I43M4I5M4I38M
78	1018	0.210	7.030E-40	14	601	606	10	613	615	48M39D5M6D90M4I3M5I80M3I7M9I5M7I17M5I10M10D27M1I13M2I6M1D46M1I3M1I44M1I50M4D18M1D26M3I6M4I16M1I2M2D19M
50	1016	0.203	1.307E-39	14	597	606	11	572	583	189M6D12M1I43M10I7M12I3M2D3M8I11M10D13M1D2M1D5M1I6M1I12M5I8M2D45M2I45M1I47M2D3M2D40M4I6M3I36M
131	1014	0.207	7.983E-39	14	601	606	12	565	575	238M18I10M7I2M10I14M17D13M6I2M7D8M1I16M4I3M2D43M2I2M2I36M1I4M2D5M2I21M2D15M3I4M2I41M1I6M5I41M
19	1013	0.211	2.192E-39	15	597	606	11	571	582	201M5D24M3I18M7I8M12I2M3I6M3I11M10D13M1D2M1D5M1I8M1I10M5I8M2D44M2I48M1I45M2D3M2D40M4I6M3I36M
73	1008	0.206	2.082E-39	15	597	606	11	571	582	186M6D7M4D3M5I24M3I16M7I5M13I13M5I11M10D13M1D2M1D5M1I8M1I9M5I7M2D48M2I42M1I49M2D3M2D40M4I6M3I36M
54	1006	0.203	3.061E-38	14	603	606	12	566	573	235M7I7M17I5M1I5M10I12M16D13M6I2M7D5M1I12M3I8M1D40M2I8M2I36M1I5M2D4M2I16M1D5M1D15M3I4M2I41M2I9M4I40M
74	999	0.216	1.608E-39	14	597	606	11	574	580	194M1I51M6I5M13I13M3I2M1I5M5D4M1D3M6I8M2D2M8D3M1D9M1I16M1I46M2I96M2D3M2D43M3I6M4I14M1D10M1I9M
157	991	0.206	4.293E-39	13	597	606	10	572	582	188M6D7M2D10M3I17M3D6M3I12M10I7M12I3M2D3M8I11M10D13M1D2M1D5M1I8M1I10M5I8M2D46M2I42M1I47M1D3M3D42M4I6M3I36M
123	981	0.216	7.199E-39	14	597	606	12	575	581	200M1I45M6I5M13I13M3I2M1I3M2D4M4D5M6I6M10D7M1D5M1I20M1I46M2I47M3D4M3I44M4D44M3I6M4I14M1D2M1I17M
106	969	0.199	3.224E-38	15	601	606	13	573	583	235M7I6M5I11M9I3M10I9M20D3M1D13M6I2M7D5M1I19M4I3M2D39M1I3M1I3M2I36M1I5M2D4M2I21M2D15M3I4M2I25M2D3M2I8M1I6M1I6M2I3M2I14M4D4M4I13M
124	914	0.187	3.381E-36	15	601	606	10	578	586	220M1D24M20I4M3I4M5I2M1I14M6D22M1D5M1I14M2D6M4D2M2D45M2D44M1I4M4D6M1D17M3D21M1I4M4I40M3I6M5I39M
170	912	0.183	1.870E-37	18	598	606	15	597	630	19M3D41M6D175M2D8M6I15M7I3M3I5M1I12M6I5M40I40M2I7M1I76M1D10M1D3M4D26M20D2M35D29M4I35M
81	904	0.188	5.113E-36	15	601	606	10	578	586	219M1D10M4I13M5I6M19I6M1I14M6D22M1D5M1I13M4I4M4D1M8D45M2D44M1I3M4D7M1D17M3D21M3I3M2I41M3I6M5I39M
141	892	0.188	7.732E-36	15	601	606	10	578	586	219M1D10M4I13M8I6M11I4M5I2M1I14M6D22M1D5M1I12M2I5M2D4M8D43M2D45M1I3M4D7M1D17M3D21M1I4M4I40M3I6M5I39M
60	868	0.170	4.240E-33	15	598	606	10	580	588	46M1D16M2D92M3D69M1D22M3I4M15I5M8I5M1I8M3D2M5D28M1I12M5I54M1I35M1D9M3D22M2D5M1I10M1D6M8I2M1D18M4D5M3D8M1D12M1D7M2I18M1I8M1D10M
55	854	0.171	1.392E-32	15	598	606	10	580	588	49M1D14M2D91M3D63M3I26M9I3M3I4M2I5M8I5M1I8M9D2M1I27M1I12M6I6M1D48M1I34M1D9M3D22M2D8M1D3M1I10M8I2M1D18M4D1M2D5M1D9M1D11M1D6M2I18M1I8M1D10M
88	770	0.181	3.546E-34	18	582	606	16	635	639	155M13D2M13I10M1I24M5D3M2D11M4D8M16I22M5I6M8D2M5I2M4D4M58D1M4D4M14D18M1I4M1D8M1I8M5I101M1I90M5I6M1I1M3I14M1I3M
151	764	0.196	2.600E-34	17	584	606	14	636	639	157M9D1M9I14M1I24M5D4M6D18M16I19M7D6M20D3M2I2M28D10M19D3M2D5M4D19M1I4M1D8M1I8M3I7M2I18M2D3M2I71M1I90M5I6M1I1M3I14M1I5M
182	749	0.199	4.360E-34	17	584	606	14	636	639	157M9D1M9I14M1I24M7D14M4D9M15I3M1I18M4I12M3D4M4D4M42D2M19D3M14D18M1I4M1D8M1I8M3I7M2I18M2D3M2I71M1I90M5I6M1I1M3I14M1I5M
104	740	0.188	2.165E-33	19	582	606	16	630	634	155M9I1M8D6M1D8M1I24M7D17M3I3M15I22M2I14M3D4M4D4M57D1M4D4M14D18M1I4M1D8M1I8M5I101M1I90M5I6M1I1M3I14M1I3M
119	737	0.196	1.226E-33	18	578	606	15	628	638	55M1D101M9I1M8D5M1D9M1I7M3I14M8D4M2D10M4D9M15I25M7D2M14D3M32D4M6D3M1I6M7D3M4D6M4D16M1I4M1D4M1I12M5I25M2D3M2I71M1I90M5I6M1I1M3I14M
179	315	0.139	2.778E-16	19	604	606	12	535	572	58M1I19M3D94M1I22M3I25M2I2M2I12M6I3M18I2M6I10M7D5M6I5M5I8M4I10M4I4M1I4M4I6M12I2M1I4M5D11M1I2M11I3M1I14M1D5M5I3M2I10M6D4M1D6M4I14M15D1M1D6M19D5M3I6M3I4M17I3M1D5M3I7M9D13M2I3M2I17M4I2M4D13M
132	294	0.143	2.996E-15	17	597	606	10	546	552	55M1D28M3D58M1I5M1D27M1I13M1D7M4I26M2I3M1D9M24I7M7I3M1I4M2D3M6D5M6I3M6I7M6D8M1D5M2D4M6D3M3D8M4I3M1D2M3D5M2I10M14I5M21I4M1I7M26D11M14D6M1D5M7I3M6I8M1I9M1D5M13D7M1D7M1I16M8I8M11I11M1I1M7I9M3I4M2D5M
156	292	0.158	1.380E-15	17	604	606	10	529	552	55M1D28M3D58M1I5M1D27M1I13M1D7M4I26M2I3M1D9M3D6M2D7M1D1M1D12M6I9M11I2M6I2M14I8M1D5M2D4M6D3M3D8M4I3M1D2M3D5M2I10M14I5M21I4M1I7M8I7M5I4M1D5M7D3M5I7M1D6M9D2M2D4M17D4M3I6M3I4M17I3M1D5M3I7M9D11M2I4M5I4M3D9M6I3M1I2M2D1M5I3M
80	289	0.144	6.179E-15	17	597	606	10	546	553	55M1D28M3D58M1I5M1D27M1I13M1D7M4I26M2I3M1D9M24I7M7I3M1I4M2D3M6D5M6I3M6I7M6D8M1D5M2D4M6D3M3D8M4I3M1D2M3D5M2I10M14I5M21I4M1I7M26D11M14D6M1D5M7I3M6I8M1I8M1D6M13D7M1D7M1I14M2D5M10I3M11I11M1I1M7I9M3I4M2D5M
4	288	0.144	4.531E-15	17	597	606	10	546	552	55M1D28M3D58M1I5M1D27M1I13M1D7M4I26M2I3M1D9M24I7M7I3M1I4M2D3M6D5M6I3M6I7M6D8M1D5M2D4M6D3M3D8M4I3M1D2M3D5M2I10M14I5M21I4M1I7M26D28M8D4M6I8M1I8M1D6M13D7M1D7M1I16M8I8M11I11M1I1M7I9M3I4M2D5M
130	119	0.097	1.548E-08	3	598	606	20	591	600	19M1D8M20I3M5I9M10I4M11I22M2D37M2D32M2I3M5I23M8I29M1I21M27D15M12D13M5I5M13I11M1D5M1D9M8I3M2I8M2I17M1D2M1I4M3D5M6D11M28D7M1I4M1I6M2D5M2I11M1I3M6I12M2I18M2D7M3I3M3I13M1D10M2D5M1D6M1I2M1I5M12I14M4D6M5D6M2D3M1I5M
84	116	0.103	2.465E-08	3	598	606	20	590	600	10M1D17M20I3M5I9M10I4M11I22M8D68M11I23M8I29M1I10M23D19M2I12M20D2M7I7M5I1M4I5M4I5M1D7M1D7M8I3M2I8M2I17M1D2M1I4M3D5M6D8M3D3M25D10M2I25M1I3M6I14M1D2M1I22M3I3M3I13M1D10M1D2M1D3M1D6M1I2M1I5M12I14M4D6M5D15M
37	114	0.113	1.162E-07	1	604	606	26	578	581	20M1D4M2D5M18I5M2I12M4I10M10I30M2I5M3I36M1I15M9I26M5I3M2I10M1I15M3D19M2D16M2I10M8I12M3I6M3I9M1D10M8I2M4I12M1D26M5I2M3I13M1D13M3I2M2D6M1I3M1I1M5I13M1D5M1I5M2I6M3D5M1I3M20D4M14D2M5D13M1D11M2D5M1D5M1I2M1I5M12I14M1D8M10D13M2I1M1D3M
98	114	0.102	4.133E-08	3	598	606	20	590	600	10M1D17M20I3M5I9M10I4M11I22M8D68M11I23M8I29M1I17M23D12M2I12M20D2M7I7M5I1M4I5M4I5M1D7M1D7M8I3M2I8M2I17M1D2M1I4M3D5M6D6M9D5M19D7M1I4M1I24M1I3M6I14M1D2M1I22M3I3M3I13M1D10M2D5M1D6M1I2M1I5M12I14M4D6M5D15M
139	104	0.101	1.253E-06	4	604	606	1	555	559	17M3I18M6I6M1I16M9I14M2D34M5I54M5I16M1D11M10I6M13D5M1I5M1I23M4I30M1D9M21I2M1I7M1D7M8I3M4I13M1I16M2D9M5I1M3I13M1D11M2I6M1D1M1D4M1I1M1I3M5I13M1D25M8I2M2D12M1D13M1I6M1D4M22D6M2D7M2D7M1D16M3D2M4D11M1I3M1I5M
79	102	0.098	4.693E-07	1	604	606	17	608	614	10M1D19M20I4M1I12M10I15M7I83M11I23M8I29M1I10M3D7M11D18M3D6M36D5M2I2M2I7M13I11M1D5M1D9M8I3M2I8M2I17M1D2M1I4M3D5M6D8M3D3M25D7M1I4M1I11M1I1M1D11M1I3M6I14M1D2M1I22M3I3M3I13M1D10M1D2M3D10M3I5M12I14M1D8M8D13M2I4M
47	101	0.102	1.190E-06	94	604	606	27	570	574	8M11D25M2D3M5D31M4D18M14I27M3I2M3I36M34D19M8D6M2D6M5D3M2I8M3D18M14I9M18D10M2I5M5D13M2I10M1D2M1I4M3D4M1I4M7I13M1D10M2I8M2D6M2I2M5I13M1D3M1D4M3I8M2D6M1I3M5I14M1D10M1I1M1I7M2D4M18I2M3D12M1D2M1I7M8D11M2I4M
40	80	0.084	7.871E-07	98	597	606	2	632	634	4M4D23M8D12M4D7M4D26M7D10M23D7M3D3M1I4M1I25M4I2M8D2M7D10M20D6M6D1M13D23M12D15M3D3M2I12M5I3M19D17M12I3M2I8M2I5M6D10M6I6M2I1M6I9M2D6M1I2M7I13M1D11M2I5M1D2M1D4M1I3M2I5M38D13M1D11M2I6M2D3M3I6M3I11M2I13M1D3M1D4M1D6M12D13M1I4M3D3M13I16M
138	79	0.103	3.909E-06	94	583	606	33	543	573	34M10D13M2D40M11I34M2I16M3I14M2D22M21D4M2I10M3I10M4I2M5D4M7I11M11I8M5D16M1D7M3D1M4D15M2D4M1I4M7I13M1D11M2I6M1D1M1D4M4D5M3D5M19D5M9D9M1D11M2I5M2D6M1I3M5I14M1D10M2I3M1D5M1D5M16I3M1D18M
41	79	0.088	1.219E-05	16	573	606	1	534	579	19M2D7M20I7M12I18M4D13M10I9M8D14M2D4M2I8M1I4M5I14M4D14M12D24M4I3M5D11M18D5M4I12M9I11M7D3M1I1M21I2M4I14M1I2M5I2M8I6M4D6M15D6M7D4M27D12M1D13M3I4M3D4M1I4M7I13M1D24M1I1M1I3M5I13M1D26M3I2M3I13M1D25M3I4M12I8M
150	74	0.081	3.091E-05	128	598	606	58	577	579	4M3D8M1I7M2I6M1I9M9I10M5I20M1I9M1I15M5I3M11D13M4D4M8D28M21D9M10D13M2D5M8I2M8I2M8I6M4D6M18D5M4D5M18D7M1D5M9D13M3I4M3D4M1I4M7I13M1D24M1I1M1I3M5I13M1D26M3I2M3I13M1D11M2I2M1D3M1D7M3I4M12I7M7D9M6I4M17D7M
 