57	6797	1.00	0.000E+00	0	731	732	0	731	732	732M
2	86	0.107	1.291E-09	0	722	732	0	634	681	4M2I10M1I7M7I1M25D14M1I7M5D7M7D2M5I8M7D9M9I14M3D2M2D6M1I10M7I7M4I2M10I3M4I9M1I4M5D11M5I2M2D11M2D11M4D6M4D2M1D10M3D4M6I12M1I2M41I11M1I7M5D10M17I7M1I8M5D11M1D3M6D5M1I7M6D2M2I8M1D4M1I3M2I5M5I13M9I10M10I8M7I9M1I2M4D16M3D3M1D5M2D4M2D4M1D8M4I3M4D7M1I1M3I7M7D8M44I4M3I13M3D8M9D4M2I2M1D2M4D22M1D3M4D4M10I2M1I13M1D7M1D13M
1	83	0.100	3.004E-08	33	722	732	40	622	673	2M1I15M3I7M4D13M17D11M11I7M2D4M1D25M1D6M3I4M24I9M5D14M1I25M3D4M4D5M3D9M3D10M12I3M41I17M4D2M1D11M4I7M9I4M3I5M3D6M2I6M5D7M1D7M8D1M2I7M4D2M4I3M6I6M2D9M8I6M1I7M11I25M4D3M14D7M14I3M6D4M1I11M2D2M3I2M4I7M1D3M4D13M1D1M46I16M3D17M4D9M1D17M5D4M1I2M10I6M1I8M2D9M1D9M
36	81	0.102	1.224E-09	0	727	732	1	639	690	4M4I8M2I4M6I4M13D11M10D15M9D3M4I3M3D17M5I6M3D12M3D2M2D6M1I9M7I8M19I18M5D11M5I8M4D16M4D12M1D5M4D2M3D3M6I3M2I10M13I2M5I5M24I9M4D2M1D8M9I4M10I3M1I8M5D16M1D2M3D12M2D9M1D8M2I5M5I12M9I11M10I8M7I9M3D11M6D5M3I3M1D6M4D4M1I9M7D2M5I5M1I6M2I6M7D8M44I4M3I13M3D6M4D6M4D6M5D7M5D3M5I4M3D13M7I23M1D10M4D8M
73	80	0.096	2.725E-09	0	727	732	1	639	690	4M4I8M2I4M6I4M13D11M10D15M9D3M4I5M5D5M5D10M9I14M3D2M2D6M1I9M7I8M19I18M5D11M5I8M4D16M4D4M9I7M16D7M7I10M21I3M2I3M19I9M4D2M1D8M9I4M10I3M1I8M5D16M1D2M3D12M2D9M1D8M2I5M5I12M9I11M10I8M7I11M1D7M5D1M3D6M3I3M1D6M4D4M1I9M7D2M5I5M1I6M2I6M7D8M44I4M3I13M3D6M4D6M4D6M5D7M5D3M5I16M4I27M1D10M4D8M
14	79	0.089	9.889E-10	0	729	732	0	642	696	5M2I9M4I3M6I5M17D1M8D20M9D12M1I19M5I4M3D10M5D11M1D5M13I6M4I7M6I2M4I3M1I10M5D11M5I2M2D11M2D12M8D7M1D10M3D4M6I3M2I10M41I11M1I6M5D9M9I4M10I3M1I8M5D14M4D5M1I5M6D4M2I8M1D1M4I3M6I15M2I2M5I5M1D9M10I8M7I9M3D11M6D5M3I3M3I7M7D7M1D1M8D2M7I5M1I6M2I6M3D11M27I3M6I2M10I13M3D6M8D7M1D2M2D5M3D5M5D3M5I3M3D14M7I23M1D11M2D9M
94	77	0.100	1.150E-08	24	727	732	42	646	698	3M6I20M5D8M5D1M4I4M4D5M5D8M11I5M4D7M3D11M1I8M7I8M4I4M17I4M2D8M5D9M2D5M5I8M4D7M2I4M4D4M4D4M1D10M3D4M6I12M1I2M2I2M16I5M9I3M15I6M4D2M1D11M12I3M5I3M1I8M5D14M4D5M1I7M6D2M2I8M5I3M4I11M2I8M5I5M1D9M10I8M7I11M1D7M5D2M2I10M3D5M1D4M2D8M9D2M7I4M3I13M3D11M40I5M3I13M3D8M9D8M1D2M4D7M5D3M5I11M5D4M5I3M4I3M1D10M1D7M1D10M4D8M
46	77	0.099	4.403E-09	0	727	732	0	647	700	4M2I10M2I2M22D8M4I4M1I19M1D2M8D9M1I14M2I7M5D9M3I3M3D6M3I3M2D8M7I4M2I2M4I3M13I17M5D9M2D5M5I11M2D11M8D7M1D10M3D4M6I8M1I6M41I12M1I4M3D3M2D9M19I6M1D8M5D14M4D5M1I7M6D2M2I6M1D6M11I3M1D5M2I8M5I5M1D9M10I6M7I11M1I1M2D7M5D2M2I10M3D5M4D7M1D10M4D1M4I3M3I13M3D11M40I5M3I13M3D8M9D8M1D2M4D7M5D3M5I5M2D6M3D3M7I26M1D13M4D5M
82	76	0.093	3.031E-09	0	729	732	0	642	696	5M2I9M4I3M6I5M17D1M8D20M1D3M8D9M1I19M5I4M1D7M2D3M5D11M1D5M13I6M4I7M6I2M4I3M1I10M5D11M5I2M2D11M2D12M8D7M1D10M3D4M6I3M2I10M41I11M1I6M5D9M9I4M10I3M1I8M5D14M4D5M1I5M6D4M2I8M5I3M4I17M2I2M5I5M1D9M10I8M7I9M3D11M6D5M3I3M1D5M2D4M2D4M1D10M3D1M3I5M1I6M2I6M3D11M27I3M6I2M10I13M3D7M8D6M1D5M5D7M5D3M5I4M3D13M7I23M1D11M2D9M
53	76	0.106	5.451E-09	0	722	732	16	653	703	4M2I10M1I8M9D14M9D6M1D9M5D7M7D2M5I17M4I9M4D3M2I12M6D9M9I8M4I2M10I5M3I1M2I10M5D11M5I2M2D11M2D11M4D4M4D4M1D10M3D1M2I11M5I6M41I11M1I7M5D10M17I7M1I8M5D11M3D4M4D4M1I7M6D2M2I8M1D4M1I2M2I6M5I13M9I10M9I2M10I9M2D4M1I2M4D17M3D2M1D5M2D4M2D4M1D5M7D2M7I4M3I13M7D8M44I4M3I13M3D6M3D8M4D2M1D2M4D22M1D3M2D1M1I2M7I26M1D13M
87	75	0.103	6.396E-09	169	722	732	55	520	696	9M9D9M4I27M4D4M9I6M4I6M1D6M4I5M4D5M2I3M1D7M15I4M12I10M5D11M19I6M1D9M3D13M6D5M1D6M4D4M2I7M5D2M4I1M7I4M3I9M5I8M1I8M15I4M4I13M5D20M4D6M2D8M1D13M2I3M2I10M3D13M32I1M10I4M3I13M3D14M6D5M1D6M5D3M5I8M2D5M4D3M5I26M1D13M
43	75	0.118	4.645E-09	32	727	732	45	646	699	3M1I17M5D7M4D7M1I16M5D1M9I8M4D4M3D11M1I6M11I6M4I7M11I15M5D9M2D5M5I10M2D12M8D7M1D10M3D4M6I7M1I7M41I13M1I3M4D2M1D11M12I3M5I3M1I7M5D15M4D5M1I7M6D2M2I8M5I3M4I11M2I8M5I5M1D9M10I8M7I11M1D7M5D2M3D5M3I3M1D6M4D7M1D10M4D1M4I3M3I13M4D2M3D6M44I4M3I13M3D8M9D12M5D5M5D3M5I11M5D4M5I3M4I3M1D10M1D7M1D13M4D5M
3	75	0.095	3.373E-09	0	729	732	0	674	718	16M2I4M9D11M10D6M2I11M8D9M1D15M7D7M1I1M10I7M4D4M3D11M1D5M13I6M2I8M12I4M1I10M5D11M5I6M2D7M2D14M8D5M1D6M3D8M6I12M1I2M41I7M1I9M3D3M2D7M10I6M7I3M1I8M7D14M4D5M1I7M6D2M2I7M4I5M4I10M1D7M8I6M1D9M10I8M7I9M1I14M5D8M3D5M5D3M2I8M4D1M7I4M3I13M3D13M43I16M3D8M9D9M29D3M3D4M2D1M3D3M5I10M6D2M1I2M9I7M1D4M2I5M4D5M1I11M2D8M
58	75	0.094	7.918E-09	164	722	732	55	526	718	15M9D13M6I9M4D5M2I4M4D4M4D7M1D8M2D2M1D10M11I2M10I6M14I7M13I8M3D2M2D10M19I5M1D9M3D13M6D5M1I7M6D2M2I8M6D1M11I8M2D12M9I11M10I6M9I10M7D20M4D6M2D4M2D15M3I5M1I9M2I3M5D9M32I1M10I3M5I9M2D3M3D16M4D4M3D5M5D3M5I7M1D9M5I5M3I4M2I4M5D8M1D13M
7	75	0.104	4.403E-09	2	727	732	8	745	790	3M2I9M4D5M7D2M5D2M8I4M3I12M2D9M6D25M5I5M3D6M7D15M3I4M10I3M2I1M14I8M4D6M1I5M2D5M4D3M2D6M2D3M2I13M31D9M7D6M15D10M17D10M5I7M6I18M1I7M14D9M7I18M3D12M18I6M1I8M3D9M1D5M6D5M1D10M4D9M4D2M4I3M6I4M1D3M1D8M8I6M1I7M1D1M7I5M3I20M1D2M1D15M3D4M1D19M1D3M5I4M3I13M3D11M8I7M35I11M3D16M6D10M5D4M3I10M6D4M9I28M5D14M
39	74	0.098	7.116E-09	0	727	732	0	638	689	4M4I8M2I4M6I6M13D9M10D15M9D9M1I16M2D3M6I9M4D4M3D11M1D4M9D9M35I1M2I10M5D11M5I5M2D6M4D7M2I4M4D11M5D7M3D4M6I4M2I11M18I5M13I2M11I7M4D2M1D9M9I3M10I3M1I8M5D17M1D3M1D7M6D2M2I8M5I3M4I9M1D8M3I1M4I15M10I8M7I11M1D7M5D2M2I11M1I6M8D1M1I9M7D2M5I5M1I6M2I6M7D8M44I4M3I13M3D6M4D8M5D4M4D7M5D3M5I16M4I27M1D10M4D8M
59	74	0.102	1.213E-08	169	722	732	55	519	690	9M9D14M4I23M4D3M9I8M17D10M11I1M10I10M27I12M5D11M20I1M3D3M1I9M3D8M2I4M8D4M1D6M4D4M2I8M6I11M2D13M9I15M21I12M5D20M3D8M5D2M2I15M2I3M2I7M1D4M2D12M32I1M10I4M3I13M3D12M2D4M2D3M3D6M5D3M5I11M8D3M7I5M3I4M2I4M5D8M1D13M
32	74	0.092	1.502E-08	0	727	732	2	640	691	4M4I8M2I4M6I2M8D4M16D3M1I20M9D12M1D5M5D10M9I12M5D10M1I7M11I5M2I7M8I5M3I1M2I10M5D11M5I2M2D11M2D11M4D4M9I7M16D7M7I9M41I7M1I9M4D2M1D8M9I4M10I3M1I8M5D16M3D3M1I5M6D4M2I8M1D1M2I12M5I12M9I11M10I8M7I11M1D7M5D1M3D6M3I3M1D6M4D4M1I9M7D2M5I5M1I6M2I6M3D13M43I16M3D6M4D6M4D3M4D4M1D6M5D3M5I4M3D13M7I23M1D4M4D14M
50	74	0.119	1.671E-08	33	728	732	46	648	700	25M9D9M1I17M4I14M2D3M5D11M1I8M7I4M2I2M4I8M13I12M5D9M2D5M5I10M2D14M8D5M1D10M3D4M6I8M1I6M41I13M1I3M4D2M1D11M12I3M5I3M1I7M5D15M4D5M1I7M6D2M2I6M1D3M4I3M7I3M1D5M2I8M5I5M1D9M10I8M7I11M1D7M5D2M3D5M3I3M1D6M1D4M2D8M9D2M7I4M3I13M3D11M40I5M3I13M3D6M3D2M6D8M1D2M4D7M5D3M5I11M5D6M7I2M1I13M1D7M1D13M4D6M
52	74	0.111	5.749E-09	0	722	732	16	653	703	4M2I10M1I7M8D3M1D12M9D6M1D9M5D7M7D2M5I17M4I9M4D3M2I12M6D9M9I8M4I2M10I5M3I1M2I10M5D11M5I2M2D11M2D11M4D4M4D4M1D10M3D1M2I11M5I6M41I11M1I5M3D2M2D10M17I7M1I8M5D8M1D7M6D4M1I7M6D2M2I8M1D4M1I2M2I6M5I13M9I10M19I11M2D4M1I2M2D5M8D8M3I3M1D5M2D4M2D4M1D5M7D2M7I4M3I13M7D8M44I4M3I13M3D6M3D8M4D2M1D2M4D20M9D7M2I1M1I2M12I10M1D7M1D13M
27	73	0.094	7.116E-09	0	727	732	0	638	689	4M4I8M2I4M6I6M13D9M10D15M9D9M1I17M5I6M3D12M3D2M2D7M1D4M9D9M35I1M2I10M5D11M5I5M2D8M2D11M4D4M9I7M16D3M5I11M2I2M41I7M1I9M4D2M1D8M9I4M10I3M1I8M5D18M3D1M1I7M6D2M2I8M1D3M10I9M2I5M2I9M2I10M10I8M7I11M1D7M5D2M2I11M1I6M8D1M1I9M7D2M5I5M1I6M2I6M3D13M43I16M3D6M4D6M4D3M4D4M1D6M5D3M5I4M3D9M7I27M1D10M4D8M
67	73	0.108	7.506E-09	6	727	732	3	638	689	10M2I4M1D2M22D4M5I3M1I21M9D3M4I2M3D18M4I9M7D2M3I3M1D4M2D6M1I7M11I5M2I7M8I3M1I1M3I8M1I4M5D9M8I2M5D10M2D11M4D4M9I6M3I14M9I5M1I3M9I4M4I5M7I8M1I9M4D2M1D8M9I4M10I3M1I8M5D18M1I1M3D6M3D3M1D10M5I3M4I10M2D5M4I2M5I5M1D9M10I8M7I9M3D11M6D5M3I3M1D7M4D3M1I7M9D2M7I5M1I6M2I6M7D8M44I4M3I13M3D6M4D6M4D3M2D3M3D7M5D3M5I16M4I27M1D13M4D5M
15	73	0.091	1.280E-08	0	730	732	1	642	695	4M4I8M2I5M16D2M5D5M3I2M1I19M1D3M8D7M1I21M5I4M3D10M5D2M7D4M6I4M13I6M4I7M6I2M4I3M1I10M5D11M5I2M2D9M4D7M2I5M8D7M1D10M3D4M6I3M2I10M41I11M1I6M5D9M21I5M1I8M7D15M4D3M1D12M2D9M1D1M4I3M2I2M4I6M2I9M5I5M1D9M10I8M7I9M1I1M2D7M5D2M2I11M1D4M6D7M1D8M4I3M4D4M1I6M2I6M3D11M29I4M14I14M3D7M8D6M1D4M4D2M1D6M5D3M5I6M3D8M7I26M1D9M2D12M
45	73	0.098	2.181E-08	33	727	732	45	646	697	25M9D9M1I19M4I12M2D5M3D3M3D5M2I8M7I7M7I5M10I4M2I10M5D9M2D5M5I10M4D5M2I4M4D6M4D2M1D10M3D4M6I12M1I2M41I11M1I5M4D2M1D11M19I4M1I4M2D4M5D14M4D5M1I7M6D2M2I8M1D1M4I3M7I3M1D5M2I8M5I5M1D9M10I8M7I11M1D7M5D2M2I10M3D5M1D4M2D8M9D2M7I4M3I13M5D9M42I5M3I13M3D8M9D8M4D3M1D6M5D3M5I11M5D4M5I3M4I3M1D10M1D7M1D10M4D8M
11	72	0.104	3.958E-09	0	725	732	1	636	689	4M4I8M2I4M7I5M14D2M1I3M11D18M9D9M1I8M7D5M13D5M4D3M1I7M4I5M3I3M4I9M1D5M12I1M25I10M5D11M5I2M2D12M2D10M4D4M4D4M1D6M3D8M6I7M2I5M11I4M6I5M24I10M5D9M10I2M9I3M3I5M4D3M5D15M4D4M1I5M6D4M2I8M5I3M4I11M2I4M5I9M1D9M10I8M7I11M1D7M5D2M2I11M1D4M2I2M7D8M9D2M7I5M1I6M2I6M3D13M43I16M3D10M6D10M7D5M5D3M5I6M3D8M7I7M2D5M3I11M1D16M
33	72	0.100	3.752E-09	6	727	732	4	640	690	10M2I4M6I2M8D4M16D3M1I20M9D9M1I17M5I6M1D3M4D7M3D11M1D4M5D1M3D3M1D5M35I1M2I10M5D11M5I2M2D11M2D11M4D4M9I7M16D7M7I12M24I3M15I1M3I9M4D2M1D8M9I4M10I3M1I8M5D16M1D2M3D12M2D9M1D3M10I10M1I4M6I9M1D9M10I8M7I9M3D11M6D5M3I3M1D6M4D4M1I7M9D2M7I5M1I6M2I6M7D8M44I4M3I13M3D6M4D6M4D3M2D3M3D7M5D3M5I16M4I27M1D10M4D8M
34	72	0.101	4.175E-09	0	727	732	2	640	691	4M4I8M2I4M6I4M13D10M11D7M1I8M9D3M4I2M3D15M20D8M3D5M11I2M8I5M9D9M35I2M1I5M1I4M5D9M8I2M5D10M2D11M4D4M9I7M16D3M4I4M3I9M41I12M1I4M4D2M1D6M1I2M8I4M10I3M1I8M5D17M3D2M1I5M6D4M2I8M5I3M4I10M2I5M5I9M1D9M10I8M7I9M3D11M6D5M3I3M1D6M4D4M1I7M9D2M7I4M3I13M3D13M43I16M3D6M4D8M6D4M3D7M5D3M5I6M3D7M7I27M1D10M4D8M
18	72	0.100	2.322E-09	0	729	732	0	643	697	5M2I9M2I4M10D2M6D1M5D5M3I2M1I19M1D3M6D3M3D2M2I11M7D9M9I12M5D11M1D4M9D9M35I1M2I10M5D11M5I2M2D11M2D12M4D3M4D4M1D10M3D4M6I3M2I10M41I12M1I5M5D7M8I6M11I3M1I8M5D14M4D5M1I10M4D9M1D1M4I3M2I2M4I7M3D10M9I10M10I8M7I9M3D11M6D5M3I3M1D5M2D4M2D4M1D5M7D2M7I7M2D21M2I5M43I14M3D7M8D6M1D2M2D5M3D5M5D3M5I16M4I27M1D13M3D7M
21	72	0.095	7.918E-09	0	722	732	0	633	697	5M2I9M2I4M6I1M23D29M7D3M3D5M2I17M5I6M3D10M5D10M1I7M11I6M4I3M6I8M3I1M2I10M5D11M5I2M2D5M2D18M4D3M9I7M15D7M6I12M18I5M9I3M15I7M5D9M2D2M21I3M1I8M5D14M4D5M1I5M6D4M2I8M1D1M4I3M2I2M4I7M3D10M9I10M10I8M7I9M3D11M6D5M3I3M1D7M1D3M2D7M1D1M8D2M7I5M1I6M2I6M3D15M43I14M3D7M8D6M1D2M2D5M3D5M5D3M5I6M3D11M7I23M1D13M
22	72	0.104	1.961E-08	0	729	732	0	642	697	5M2I9M4I3M4I5M13D8M10D15M7D6M2D6M1I19M5I4M1D7M4D3M1D4M2D7M1D5M13I6M4I5M6I4M5I13M5D11M5I2M2D11M2D12M8D7M1D10M3D4M12I1M7I6M21I5M9I8M1I9M3D13M7I3M10I3M1I8M5D15M4D3M1D6M2D3M2D2M2I8M1D1M4I3M2I2M3I14M8I6M1D9M10I8M7I11M1D7M5D2M2I11M1D4M6D7M1D10M3D1M3I7M2D22M42I5M3I13M3D6M2D3M4D4M3D4M4D2M1D6M5D3M5I6M3D11M7I23M1D11M2D9M
54	72	0.095	2.583E-09	0	729	732	2	643	697	4M4I8M2I4M10D3M11D5M3I2M1I18M5D4M4D9M1I17M8I6M8D5M3D14M1D4M13I6M4I4M11I18M5D11M5I2M2D11M2D12M4D3M9I7M16D3M5I11M14I4M6I5M9I3M15I6M3D3M2D8M9I3M10I3M1I8M5D18M5D9M4D2M2I8M1D1M4I3M2I2M4I6M2I9M5I5M1D9M10I8M7I9M3D11M6D5M3I3M1D7M4D6M1D5M7D2M7I5M1I6M3D17M42I5M3I13M3D7M8D6M1D2M2D5M3D5M5D3M5I6M3D11M7I23M1D13M3D7M
42	72	0.098	1.090E-08	33	727	732	45	646	698	25M9D9M1I16M6D1M8I15M3D3M3D5M2I6M11I6M4I4M10I8M1I10M5D9M2D5M5I9M4D6M2I5M8D7M1D10M3D4M6I12M13I2M29I13M1I3M4D2M1D11M19I5M1D9M5D13M4D5M1I5M6D4M2I8M1D1M4I3M7I3M1D5M2I8M5I5M1D9M10I8M7I11M1D7M5D2M2I10M3D5M1D4M2D8M9D2M7I4M3I13M3D11M40I5M3I13M3D8M9D8M1D2M4D7M5D3M5I11M5D3M7I5M1I13M1D7M1D10M4D8M
63	72	0.105	1.090E-08	32	727	732	45	646	699	3M1I19M1D3M8D5M3I4M2D15M4I10M4D7M3D11M1I6M11I6M4I7M10I11M1I4M5D9M2D5M5I10M2D12M8D7M1D10M3D4M6I12M13I5M6I4M24I9M4D2M1D11M12I3M5I3M1I8M5D14M4D5M1I7M6D2M2I8M1D8M2I5M5I10M7I3M2I10M10I8M7I11M1D7M5D2M3D5M3I3M1D6M1D4M2D8M9D2M7I4M3I13M3D11M40I5M3I13M3D8M9D8M1D2M4D7M5D3M5I12M5D2M7I5M1I13M1D7M1D13M4D5M
29	71	0.101	2.560E-08	0	727	732	2	640	688	4M4I8M2I4M6I2M8D4M16D3M1I20M7D1M8D4M5I7M5D10M9I14M3D3M3D2M2I8M13I13M10I4M2I8M1I4M5D11M5I2M2D11M2D11M4D4M9I7M16D7M7I10M39I6M1I3M2I6M4D2M1D6M1I4M8I2M10I3M1I8M5D17M3D2M1I7M6D2M2I8M5I3M4I11M2I4M5I9M1D9M10I8M7I9M1I1M2D7M5D1M3D6M3I3M1D7M4D3M1I9M7D2M5I7M3I10M7D8M44I4M3I13M3D6M5D5M3D4M4D4M1D20M3D11M7I23M1D4M4D14M
81	71	0.093	8.809E-09	3	730	732	1	641	688	13M4I3M5I5M14D3M1I3M9D13M5D5M4D4M3I5M4D5M1I1M1I7M5I6M1D6M4D4M3D10M9D5M1D9M35I1M2I10M5D11M5I2M2D11M2D11M4D4M9I7M16D3M5I12M11I3M9I5M13I2M11I7M4D2M1D8M2I2M7I2M10I3M1I8M5D15M4D4M1I7M6D2M2I5M1D4M2I12M5I10M7I3M2I10M5I1M5I7M7I9M1I2M4D8M6D5M3I3M3I7M7D8M9D2M7I4M3I13M3D13M43I16M3D6M2D4M2D6M7D2M3D7M5D3M5I6M3D11M7I23M1D11M2D10M
38	71	0.100	1.859E-08	0	727	732	0	638	689	4M4I8M2I4M6I4M13D9M9D11M2D6M8D4M3I5M2D15M5I6M1D7M2D5M3D2M2D8M1I7M7I4M2I2M4I8M12I8M1I4M5D9M8I2M5D10M2D11M4D4M9I7M16D7M7I12M27I7M15I6M4D2M1D9M9I3M10I3M1I8M5D16M3D3M1I7M6D2M2I8M5I3M4I13M2D2M4I2M5I5M1D9M10I8M7I11M1D7M5D2M2I11M1I7M7D10M7D2M5I5M1I6M2I6M3D11M40I5M3I13M3D6M4D8M5D4M4D7M5D3M5I16M4I27M1D10M4D8M
75	71	0.099	2.181E-08	0	727	732	0	638	689	4M4I8M2I4M6I4M13D11M10D12M1D3M8D4M3I4M2D16M5I6M3D10M5D12M1I7M7I4M2I2M4I8M12I8M1I4M5D9M8I2M5D10M2D11M4D4M9I7M16D7M7I12M27I7M15I6M4D2M1D8M9I4M10I3M1I8M5D18M4D12M2D9M5I3M4I16M7I8M1D9M10I8M7I9M3D11M6D5M3I3M1D6M4D4M1I7M9D2M7I5M1I6M2I6M4D2M3D6M44I4M3I13M3D6M4D6M4D3M2D3M3D7M5D3M5I16M4I27M1D10M4D8M
55	71	0.101	5.451E-09	0	727	732	0	638	691	4M4I8M2I4M6I4M13D11M10D10M3D5M6D3M1D5M2I16M2D3M6I5M2D4M2D4M3D10M1I6M11D7M35I1M2I10M5D9M8I2M5D10M2D11M4D4M9I5M17D4M6I11M2I4M18I5M13I2M11I7M4D2M1D9M9I3M10I3M1I8M5D18M4D6M2D3M2D2M2I8M5I3M4I10M2I5M2I9M2I10M10I8M7I9M1I1M2D7M5D2M2I10M3D5M4D4M1I9M7D2M5I5M1I6M2I6M3D11M30I1M10I4M5I11M5D6M4D8M6D4M3D7M5D3M5I13M1D1M5I28M1D12M4D6M
76	71	0.097	7.506E-09	0	727	732	0	640	691	4M2I10M2I4M6I4M13D11M10D15M9D4M3I5M2D15M8I5M6D10M3D2M2D8M1I5M11I5M2I11M12I8M1I4M5D9M8I2M5D10M2D11M4D4M9I7M16D7M7I9M13I2M5I5M13I2M11I7M4D2M1D8M9I4M10I3M1I9M5D15M3D3M1I7M6D2M2I8M1D1M2I12M5I12M9I11M10I8M7I11M1D7M5D1M3D6M3I3M1D6M4D4M1I7M9D2M7I4M3I13M7D8M44I4M3I13M3D6M4D6M4D6M5D7M5D3M5I16M4I27M1D10M4D8M
48	71	0.105	6.747E-09	0	727	732	2	639	692	4M4I8M4I3M7D5M3I3M7D6M6D3M2D15M9D3M4I5M3D15M5I6M3D10M5D12M1I5M11I5M2I7M8I3M1I1M3I8M1I4M5D10M6I3M3D10M2D11M4D4M9I7M15D7M16I11M9I4M21I1M3I10M5D7M8I6M11I3M1I8M5D16M1D2M3D12M2D9M1D1M2I12M5I12M9I11M10I8M7I9M3D11M6D5M3I3M1D6M4D4M1I9M7D2M5I5M1I6M2I6M3D11M7I2M36I16M3D6M4D8M6D6M3D5M5D3M5I6M3D11M7I2M2I19M3D12M4D6M
77	71	0.086	1.213E-08	0	727	732	2	641	695	4M4I8M2I4M6I6M15D7M8D14M1D3M8D4M3I6M2D14M5I4M1D9M2D5M3D2M2D6M1I7M12I3M1D2M2I3M15I10M3D2M1I4M5D9M8I2M5D10M2D11M4D4M4D4M1D11M3D3M6I11M2I2M41I7M1I9M4D2M1D9M9I3M10I3M1I8M5D14M4D5M1I8M3D2M1D9M1D1M2I12M5I10M7I3M2I10M10I8M7I9M1I14M5D9M1I6M8D1M1I7M9D2M7I5M1I11M3D12M9I2M36I16M3D6M4D6M8D7M1D6M5D3M5I3M3D14M7I2M3I4M2I6M5D6M1D4M4D14M
92	71	0.094	8.809E-09	1	729	732	0	642	696	4M2I9M2I4M10D4M5I4M12D20M1D3M8D3M4I2M3D20M5I4M3D10M5D11M1D4M14I4M1D2M2I5M13I17M5D11M5I2M2D11M2D11M4D4M4D4M1D10M3D4M6I3M1I4M1I7M41I6M1I10M5D11M9I2M10I3M1I8M5D12M1I2M5D4M1I5M6D4M2I8M1D1M4I4M2D6M5I10M8I3M1I10M10I8M7I9M1I15M3I1M10D2M1D6M4D9M1D8M3D1M3I5M1I6M3D17M42I5M3I13M3D7M8D6M1D5M5D7M5D3M5I6M3D11M7I23M1D13M3D7M
93	71	0.105	1.280E-08	32	727	732	44	646	698	26M9D9M1I16M10D5M1D4M1I5M7I11M1I8M7I4M8I8M10I10M1I4M5D9M2D5M5I10M2D11M4D9M5D9M3D4M6I12M1I2M41I13M1I4M5D11M19I6M1D8M5D14M4D5M1I7M6D2M2I8M1D1M4I3M7I3M1D5M2I8M5I5M1D9M5I1M5I7M7I11M1D7M5D2M3D5M3I3M3I7M7D8M9D2M7I4M3I13M3D11M40I5M3I13M3D8M9D8M1D2M4D7M5D3M5I11M5D6M7I2M1I13M1D7M1D4M4D14M
95	71	0.104	1.502E-08	33	727	732	45	646	699	25M9D9M1I16M8D1M10I11M5D11M1I9M7I7M19I18M5D9M2D5M5I8M4D7M2I7M8D5M1D10M3D4M6I7M1D5M2I1M41I13M1I4M5D12M12I3M5I3M1I8M5D14M4D5M1I7M6D2M2I8M1D1M4I3M7I3M1D5M2I8M5I5M1D9M5I4M5I4M7I11M1D7M5D2M2I10M3D5M1D4M2D8M9D2M7I4M3I13M3D11M40I5M3I13M3D6M5D8M4D2M1D2M4D7M5D3M5I11M5D6M7I2M1I13M1D7M1D13M4D5M
79	70	0.115	1.150E-08	169	722	732	55	523	689	9M9D14M4I22M4D4M9I6M4I21M1D5M2I3M1D7M14I6M13I7M3D14M5I2M1D1M11I3M1I9M3D13M6D5M1I7M6D2M2I8M6D1M3I4M3I4M3I15M9I10M19I16M1D1M4D19M4D6M2D4M2D1M1I18M4I6M2I6M7D8M20I1M27I16M3D8M4D13M1D4M7D3M5I7M2D6M4D3M5I8M2D6M2I10M1D13M
12	70	0.096	1.671E-08	33	731	732	47	646	696	2M1I19M1D3M8D9M1I19M5I4M3D10M5D9M9D8M1D7M35I1M2I10M5D9M2D5M5I10M2D11M4D4M9I7M15D11M3I5M2I2M41I11M1I6M5D11M19I6M1D8M5D14M4D5M1I7M6D2M2I8M5I3M4I14M4I4M3I6M1D9M10I8M7I9M1I1M2D7M5D2M2D5M3I1M4D12M1D8M8D4M6I10M3I6M5D9M32I2M13I16M3D8M3D5M3D3M1D2M4D7M5D3M5I16M4I6M3I4M2I4M5D8M1D4M4D18M
25	70	0.092	2.848E-08	1	729	732	0	641	696	4M2I9M2I4M6I6M15D1M8D20M1D3M8D9M1I17M4I13M4D4M3D11M1D4M14I4M1D2M2I5M13I17M5D11M5I2M2D11M2D12M8D7M1D10M3D4M6I3M1I4M1I6M41I7M1I10M5D9M9I4M10I3M1I8M5D12M1I2M5D4M1I5M6D4M2I8M1D1M4I3M2I2M4I7M3D7M8I3M1I10M10I8M7I9M1I14M5D8M3D5M4D7M1D10M3D1M3I5M1I6M2I6M3D11M40I5M3I13M3D6M8D7M1D2M2D5M3D5M5D3M5I6M3D11M7I23M1D9M2D11M
8	69	0.097	1.570E-07	5	724	732	7	655	668	7M8D15M4I4M8D14M1I1M3I4M5D2M4I6M3D4M3D2M17D2M1I6M6I12M2D4M1D2M1I27M8I4M17I7M1I4M5D12M1D6M2I20M4D18M10D4M6I3M10I4M24I7M7I12M2D8M7D8M17I9M1I7M1D3M2D8M4D7M2D2M1I10M6D8M4D2M4I6M3D2M1I1M4I11M9I13M7I7M1I3M5I26M4D3M1D6M1D5M6D15M5I5M1I6M2I7M7D11M25I2M18I15M3D8M2D1M2I4M3D4M1D7M1D20M5D3M7I3M1I24M3D11M
31	69	0.101	1.424E-08	0	727	732	1	638	689	4M4I8M1I7M5D1M4I5M15D24M9D9M1I17M5I6M3D10M5D12M1I5M11I5M2I7M8I3M1I1M3I8M1I4M5D10M6I3M3D10M2D11M4D4M9I7M15D7M7I9M2I3M36I1M1I3M1I3M2I7M5D7M8I6M11I3M1I8M5D16M3D3M1I7M6D2M2I8M1D9M2I4M5I12M9I11M10I8M7I11M1D7M5D1M3D6M3I3M1D6M4D4M1I9M7D2M5I5M1I6M2I6M7D8M44I4M3I13M3D6M4D6M4D3M2D5M3D5M5D3M5I13M1D1M5I28M1D10M4D8M
28	69	0.084	3.525E-08	0	727	732	1	639	690	4M4I8M2I4M6I5M24D4M1I20M7D2M2D1M4I3M5D6M1I2M1I7M5I6M3D12M3D3M6D1M5I7M11I5M2I9M15I5M3D2M1I4M5D9M2D5M5I8M4D7M2I4M4D4M9I7M16D7M7I10M12I2M6I4M9I3M15I6M4D2M1D9M9I3M10I3M1I8M5D16M1D4M1D7M6D2M2I8M5I3M4I11M2I8M5I5M1D9M10I8M7I11M1D7M5D2M2I11M1I6M8D1M1I9M7D2M5I4M3I13M7D8M44I4M3I13M3D6M4D6M4D3M4D4M1D6M5D3M5I6M3D11M7I23M1D10M4D8M
72	69	0.100	8.351E-09	9	727	732	6	639	690	7M2I4M6I4M13D10M11D7M1I8M9D3M4I2M3D16M20D7M3D5M11I2M8I5M9D9M35I2M1I5M1I4M5D9M8I2M5D10M2D11M4D4M9I7M15D7M6I10M41I12M1I4M4D2M1D6M1I2M8I4M10I3M1I8M5D17M3D2M1I5M6D4M2I8M5I3M4I10M2I5M5I9M1D9M10I8M7I9M3D11M6D5M3I3M1D6M4D4M1I7M9D2M7I4M3I13M7D8M44I4M3I13M3D6M4D8M6D4M3D7M5D3M5I4M3D9M7I27M1D10M4D8M
80	69	0.104	8.809E-09	33	730	732	45	641	690	2M1I17M5D5M4D8M1I7M7D7M4D4M8I7M3I3M3D11M1D4M9D9M35I1M2I10M5D11M5I2M2D11M2D12M8D7M1D10M3D4M19I6M4D1M5I5M6I4M22I6M2I3M4D2M1D9M9I3M10I3M1I8M5D14M4D5M1I7M6D2M2I8M1D1M4I3M6I8M2I5M5I9M1D9M19I10M2D5M1I1M2D6M2D3M6D5M3I3M1D5M2D4M2D4M1D1M2D4M5D2M7I5M3I12M3D11M40I5M3I13M3D7M17D10M3I5M5D3M5I13M1D1M5I28M1D11M2D10M
62	69	0.099	1.961E-08	0	727	732	0	638	691	4M4I8M2I4M6I4M13D11M10D15M9D9M1I8M7D7M11I8M4D4M3D10M1I7M11I5M4I10M10I9M1I4M5D11M5I5M2D6M4D7M2I4M4D11M5D7M3D4M6I4M2I11M18I5M13I2M11I7M4D2M1D9M9I3M10I3M1I8M5D18M4D6M2D3M2D2M2I8M1D1M2I12M5I10M9I13M10I8M7I11M1D7M5D2M2I11M1I7M7D10M7D2M5I5M1I6M2I6M7D8M44I4M3I13M3D6M4D8M5D4M4D7M5D3M5I4M3D13M7I23M1D10M4D8M
71	69	0.096	2.427E-08	6	727	732	4	640	691	10M2I4M6I2M8D3M16D25M8D3M4I2M3D18M5I6M3D14M5D6M1I7M11I5M4I6M6I4M4I9M1I4M5D9M8I2M5D10M2D11M4D4M9I7M16D7M7I12M24I3M15I1M3I9M4D2M1D8M9I4M10I3M1I8M5D16M1D2M3D12M2D9M1D3M10I10M2I8M5I5M1D9M10I8M7I9M3D11M6D5M3I3M1D6M4D4M1I7M9D2M7I5M1I6M2I6M7D8M44I4M3I13M3D6M4D8M6D4M3D7M5D3M5I16M4I27M1D10M4D8M
4	69	0.102	1.280E-08	0	729	732	0	643	697	5M2I9M2I4M6I4M13D8M10D15M7D6M2D6M1I19M5I4M1D2M2D10M3D2M2D7M1D4M9D9M35I1M2I10M5D11M5I8M4D17M8D7M1D10M3D4M12I1M7I6M21I5M9I12M1I5M3D13M7I3M10I3M1I8M5D14M4D4M1D6M2D3M2D2M2I8M1D1M4I3M2I2M3I14M8I6M1D9M10I8M7I11M1D7M5D2M2I11M1D4M6D7M1D10M3D1M3I7M2D22M42I5M3I13M3D7M8D6M1D5M5D7M5D3M5I6M3D11M7I23M1D13M3D7M
89	69	0.089	2.301E-08	1	729	732	15	657	711	4M2I9M2I4M6I5M23D22M1D3M8D8M1I18M5I6M3D10M5D10M1I7M11I6M4I3M6I8M3I1M2I10M5D11M5I2M2D5M2D18M4D3M9I7M15D8M4I7M2I4M18I5M9I3M15I7M5D9M2D2M21I3M1I8M5D14M4D5M1I7M6D2M2I8M1D1M4I3M6I14M7I8M1D9M10I8M7I9M3D11M6D5M3I3M1D7M4D6M1D8M4I3M4D4M1I6M2I6M3D15M43I14M3D6M8D7M1D2M2D5M3D5M5D3M5I6M3D8M7I26M1D13M3D7M
30	68	0.095	1.090E-08	33	727	732	46	638	689	3M1I18M1D3M8D9M1I19M5I4M3D10M5D10M1I7M11I5M2I4M15I10M3D2M1I4M5D9M8I2M5D10M2D11M4D4M9I7M15D7M7I9M13I2M5I5M9I3M15I6M4D2M1D6M8I6M11I3M1I8M5D18M3D1M1I6M3D3M1D10M1D1M2I12M5I12M9I11M10I8M7I11M1D7M5D1M3D6M3I3M1D7M4D3M1I9M7D2M5I5M1I6M2I6M7D8M44I4M3I13M3D6M4D6M4D6M5D7M5D3M5I6M3D11M7I23M1D10M4D8M
13	68	0.090	2.560E-08	33	730	732	45	641	690	3M1I18M1D3M8D4M3I5M4D5M1I1M1I7M5I6M1D6M4D4M3D10M1I9M7I4M2I2M4I6M15I4M2D8M5D11M5I2M2D11M2D11M4D4M9I7M16D3M5I12M11I3M9I5M13I2M11I7M4D2M1D8M2I2M7I2M10I3M1I8M5D15M4D4M1I7M6D2M2I5M1D4M2I12M5I10M7I3M2I10M19I9M2D6M1I2M4D8M6D5M3I3M3I7M7D8M9D2M7I4M3I13M3D11M40I5M3I13M3D6M2D5M7D4M2D5M3D5M5D3M5I5M10D2M2I6M1I3M11I17M1D11M2D10M
69	68	0.085	7.847E-08	0	727	732	2	640	691	4M4I8M2I4M6I2M8D4M16D3M1I20M9D3M4I3M5D7M5D10M9I12M3D4M2D5M1I8M11I5M2I9M15I4M2D8M5D11M5I2M2D11M2D11M4D4M9I7M16D7M7I10M39I6M3I9M4D2M1D9M9I3M10I3M1I8M5D16M3D3M1I7M6D2M2I8M1D1M2I12M5I12M9I11M10I8M7I11M1D7M5D2M3I5M6D12M2D1M1I9M7D2M5I5M1I6M2I6M7D8M44I4M3I13M3D6M4D8M5D4M4D7M5D3M5I4M3D13M7I23M1D10M4D8M
83	68	0.098	2.848E-08	0	730	732	1	642	695	4M4I8M2I5M5D5M12D27M1D3M6D3M3D5M2I19M5I4M1D6M4D2M3D13M1D5M13I6M4I7M6I2M4I3M1I10M5D9M8I2M5D8M4D7M2I5M8D7M1D10M3D4M6I3M2I10M41I11M1I6M5D7M8I6M11I3M1I8M5D15M4D4M1I5M6D4M2I8M1D1M2I12M5I10M7I3M2I10M10I8M7I9M1I1M2D7M5D2M2I11M1D4M6D7M1D8M4I3M4D4M1I6M2I6M3D11M29I4M14I14M3D7M8D6M1D4M4D2M1D6M5D3M5I7M1D2M7D6M1I3M11I17M1D9M2D12M
47	67	0.107	4.562E-07	33	727	732	48	660	662	2M1I13M1I1M3I4M5D3M1I13M20D3M1I6M6I12M2D4M1D2M1I27M8I4M17I7M1I4M5D12M1D6M2I20M4D18M10D3M2I12M8I2M8I7M1D5M1D4M2D10M24I11M10I5M5I3M1I8M3D11M2D6M2D2M1I10M6D8M4D2M4I3M4D5M6I11M9I13M7I7M1I3M5I26M4D1M2I2M3D4M1D5M6D11M1D6M1I4M4I2M1I7M4D16M25I3M18I14M3D8M2D1M2I4M3D4M1D7M1D20M5D5M7I1M1I6M2I7M2D9M5D14M
37	67	0.095	3.719E-08	0	727	732	1	638	689	4M4I8M2I4M6I5M24D4M1I17M1I3M5I3M14D18M5I6M3D10M5D10M1I7M11I5M2I9M15I4M2D8M5D9M2D5M5I11M2D10M4D4M9I6M3I15M9I4M1I10M7I3M12I12M1I5M4D2M1D9M9I3M10I3M1I9M5D15M1D4M1D7M6D2M2I8M1D1M4I5M1D5M5I12M9I11M10I8M7I11M1D7M5D1M3D6M3I3M1D6M4D4M1I9M7D2M5I5M1I6M2I6M4D2M3D6M44I4M3I13M3D6M4D6M4D3M4D4M1D6M5D3M5I6M3D11M7I23M1D4M4D14M
66	67	0.103	1.961E-08	0	727	732	3	641	689	4M4I8M2I4M10D3M13D1M5I4M1I22M9D3M4I2M3D18M5I6M3D12M3D2M2D6M1I6M13I13M10I4M2I8M1I4M5D11M5I2M2D11M2D11M4D4M9I7M16D7M7I9M41I7M1I9M4D2M1D6M1I3M8I3M10I3M1I8M5D17M3D2M1I7M6D2M2I8M1D1M2I12M5I12M9I11M10I8M7I9M3D11M6D20M2D1M1I9M7D2M5I5M1I6M2I6M7D8M44I4M3I13M3D6M5D5M3D7M5D7M5D3M5I16M4I27M1D10M4D8M
68	67	0.089	4.364E-08	168	722	732	55	518	689	5M8D14M4I28M4D3M9I6M4I20M3D4M4I3M1D9M27I12M5D11M19I5M1I3M2D6M3D5M2I6M8D5M1D6M4D4M2I9M7I9M2D10M10I6M1I7M15I3M4I14M5D20M3D8M5D2M2I17M4I7M2I6M5D9M32I1M10I4M3I13M3D8M4D1M5D9M2I5M5D3M5I11M8D6M7I2M3I4M2I4M5D8M1D13M
49	67	0.097	4.603E-08	0	727	732	0	640	690	5M2I9M12D2M9D10M5I3M1I21M9D3M4I2M1D3M4D5M5D10M9I14M3D2M2D6M1I7M12I8M1I6M15I5M3D2M1I4M5D9M8I2M5D10M2D11M4D5M9I6M16D7M6I3M1I6M41I11M1I5M4D2M1D9M9I3M10I3M1I9M5D17M3D1M1I7M6D2M2I8M1D1M2I12M5I12M9I11M10I8M7I9M1I1M2D7M5D2M2I11M1I7M7D8M9D2M7I5M1I6M2I6M3D11M30I2M13I16M3D6M4D8M5D4M4D6M2D1M3D3M5I13M1D1M5I28M1D12M4D6M
26	67	0.091	5.167E-09	0	727	732	2	640	691	4M4I8M2I4M6I2M8D3M16D25M8D9M1I17M5I6M3D10M5D11M1D4M9D9M35I1M2I10M5D9M8I2M7D21M4D4M9I7M16D3M4I4M2I3M1I6M41I7M1I9M4D2M1D8M9I4M10I3M1I8M5D18M4D7M4D4M2I8M1D9M2I4M5I12M9I11M10I8M7I9M3D11M6D5M3I3M1D6M4D4M1I9M7D2M5I7M2D22M32I1M10I4M3I13M3D6M4D6M4D6M5D7M5D3M5I16M4I27M1D10M4D8M
19	67	0.101	2.560E-08	169	722	732	56	521	697	9M9D9M4I27M4D4M9I6M4I6M1D6M4I5M4D5M2I3M1D7M15I4M12I10M5D11M19I6M1D9M3D13M6D5M1D5M2D3M2D2M2I7M5D2M3I8M7I5M1D8M11I8M15I4M4I13M1D1M2D8M2D11M4D6M2D8M1D13M2I3M2I10M3D13M32I1M10I4M3I13M3D14M6D5M1D5M2D1M3D3M5I11M8D3M7I5M3I4M2I4M5D8M1D13M
44	67	0.099	3.922E-08	33	727	732	45	646	699	25M9D9M1I16M6D1M8I13M5D11M1I6M11I6M2I8M15I5M2D7M5D9M2D5M5I11M2D11M8D7M1D10M3D4M16I16M9I5M11I4M3I2M10I3M4D2M1D10M19I6M1D9M5D13M4D5M1I7M6D2M2I8M1D1M4I3M7I3M1D5M2I8M5I5M1D9M5I4M5I4M7I11M1D7M5D2M2I10M3D5M4D7M1D10M4D1M4I3M3I13M4D2M3D6M44I4M3I13M3D8M9D8M1D2M4D7M5D3M5I11M5D4M5I3M4I3M1D10M1D7M1D10M4D8M
51	67	0.108	1.762E-08	31	727	732	44	687	751	8M2I9M2D3M7D17M3D6M7D5M2D4M6I9M3I3M3D10M1I9M10I4M2I7M8I3M4I9M1I4M5D9M3I10M1D1M1D15M5D6M4D4M1D10M3D4M6I12M1I3M21I3M2I3M19I9M4D2M1D13M6I1M11I3M1I8M5D6M6D3M24D2M6D3M6D5M1I7M3D2M2D2M1D8M3I12M5I10M7I3M4I7M15I3M2I10M2D5M1I2M4D8M6D5M3I3M1D7M5D2M2I9M4D3M4D1M4I4M1I6M3D7M2D9M44I4M3I13M3D11M7D9M5D5M5D3M5I11M3D3M7I15M2I3M3D6M1D13M3D5M
9	66	0.092	2.823E-07	0	727	732	4	660	662	3M2I7M8D15M4I4M8D14M1I1M3I4M5D3M1I18M19D5M6I12M2D4M1D2M1I15M12I5M2D9M15I7M1I4M5D13M1D5M2I20M4D18M10D4M6I3M10I4M24I7M7I12M2D8M7D8M17I9M1I8M5D9M2D12M1D7M8D1M2I7M4D2M4I3M4D5M6I11M8I3M3I7M1D3M6I6M1I5M3I12M1D2M3I9M4D1M2I2M3D3M3D7M2D3M1D9M1D2M5I5M1I10M5D16M25I3M18I14M3D8M2D1M2I4M3D4M1D7M1D20M5D3M7I3M1I6M2I7M2D5M1D4M4D14M
70	66	0.088	8.730E-08	0	727	732	1	639	690	4M4I8M2I4M10D3M11D5M3I25M8D9M1I18M5I5M3D10M3D4M2D6M1I6M12I9M1I3M13I17M5D11M5I2M2D11M2D11M4D4M9I7M16D7M7I10M9I1M9I5M9I3M15I6M4D2M1D6M1I3M8I3M10I3M1I8M5D18M1I1M3D7M6D2M2I8M1D3M10I10M2I4M5I9M1D9M10I8M7I9M3D9M3D2M2I11M1I7M7D10M7D2M5I5M1I6M2I6M7D8M44I4M3I13M3D7M6D7M3D4M4D7M5D3M5I4M3D13M7I23M1D4M4D14M
20	66	0.085	8.730E-08	0	722	732	0	633	697	5M2I9M2I4M6I4M13D8M10D12M1D6M6D3M2D6M1I17M4I13M4D4M3D11M1D5M13I6M2I5M13I17M5D11M5I2M2D9M4D7M2I5M8D7M1D10M3D4M19I5M1D5M2I4M6I5M24I10M5D10M9I3M10I3M1I8M5D12M1I1M5D5M1I7M6D2M2I8M1D1M2I10M7I9M8I6M1D9M19I10M2D5M1I1M2D6M2D3M6D5M3I3M1D5M2D2M3D2M2I6M2D4M4I3M4D3M3I13M3D11M30I1M10I4M3I13M3D7M8D6M1D5M5D21M3D11M7I2M3I4M2I4M7D8M1I12M
86	66	0.094	1.350E-08	0	722	732	0	633	697	5M2I9M2I4M6I5M23D22M1D3M8D9M1I8M7D9M11I6M4D4M3D11M1D4M9D9M35I1M2I10M5D11M5I2M2D11M2D12M4D3M4D4M1D10M3D4M6I3M2I10M41I7M1I10M5D7M8I6M11I3M1I8M5D14M4D5M1I10M4D9M1D1M4I3M2I2M4I7M3D10M9I10M10I8M7I9M3D11M6D5M3I3M3I7M7D8M9D2M7I7M2D21M2I5M43I14M3D6M2D3M4D4M3D4M4D2M1D6M5D3M5I7M1D2M7D6M1I3M11I17M1D13M
60	66	0.101	7.918E-09	0	726	732	0	666	727	4M2I10M2I4M6I5M24D4M2I6M2D4M1I5M5D3M4D9M1I17M4I11M13I10M5I2M7D3M5D6M1D2M2I6M8I5M3I1M2I10M5D8M6D9M8D4M2D8M2D18M5I8M15D4M4I9M2I3M11I4M18I2M11I7M1I5M4D2M1D10M19I6M1D8M5D15M4D4M1I7M6D2M2I8M1D1M4I6M2D4M5I13M9I10M10I8M7I11M1D7M5D2M2I10M3D4M2D4M2D4M1D8M4I3M4D9M3I7M5D9M9I6M35I13M3D11M5D3M4D1M4D4M1D6M5D3M5I11M8D4M1I3M16I4M7D8M1D10M4D7M
16	65	0.097	3.004E-08	0	730	732	0	643	696	5M2I9M2I4M6I4M13D7M1D8M9D8M1D3M8D7M1I20M5I5M3D13M1I2M3I3M10D3M9D9M35I1M2I10M5D11M5I2M2D11M2D12M8D7M1D10M3D4M6I3M2I11M29I9M13I7M5D10M19I6M1I9M5D11M1I1M5D5M1I7M6D2M2I8M1D1M4I3M6I8M2I9M5I5M1D9M10I8M7I11M1D7M5D2M3D5M3I3M1D5M2D2M1I2M2D7M1D1M8D2M7I5M1I6M2I6M3D11M29I4M14I14M3D7M8D6M1D4M4D2M1D5M2D1M3D3M5I3M3D6M5D6M1I3M11I17M1D11M2D10M
84	65	0.100	1.081E-07	3	566	732	110	618	697	2M2I7M1D7M4I5M2D4M15D10M4D5M1I2M2D7M2D8M4D20M8I3M6D10M1D3M4D6M3I17M2I6M24I9M5D13M5I14M2D6M4D6M4D3M1D7M2D3M1D14M23I7M18I4M11I8M3D2M2D10M19I4M1I7M1D3M2D12M8D5M1D5M2D3M2D2M2I8M6I4M1I2M4D10M3I7M5I5M1D9M19I16M1D1M2D6M4D7M5D6M6D10M2D6M2D11M7I6M2I5M3D10M
91	65	0.103	4.603E-08	6	729	732	1	643	697	3M3D7M2I4M10D2M6D1M5D5M3I2M1I19M1D3M8D9M1I17M5I6M3D10M5D11M1D4M9D9M35I1M2I10M5D11M5I2M2D11M2D12M8D7M1D10M3D4M12I1M7I7M2D5M7I4M23I1M1I3M2I7M5D9M2D2M21I3M1I8M5D15M4D3M1D6M2D3M2D2M2I7M1D2M4I3M2I2M4I6M2I9M5I5M1D9M10I8M7I9M1I1M2D6M2D1M3D2M2I11M1D4M6D7M1D5M7D2M7I5M1I6M2I6M3D11M29I4M14I14M3D7M8D6M1D5M5D7M5D3M5I7M1D2M7D6M1I3M11I17M1D13M3D7M
65	64	0.100	4.603E-08	0	727	732	0	638	689	4M4I8M2I4M6I6M13D9M10D15M9D9M1I17M5I6M3D12M3D2M2D7M1D4M9D9M35I1M2I10M5D11M5I5M2D8M2D11M4D4M9I7M16D3M5I11M2I2M41I7M1I9M4D2M1D8M9I4M10I3M1I8M5D18M4D6M2D3M2D2M2I8M1D3M10I9M2I5M2I9M2I10M10I8M7I11M1D7M5D1M3D6M3I3M1D6M4D4M1I9M7D2M5I5M1I6M2I6M3D13M43I16M3D6M4D6M4D3M2D3M3D7M5D3M5I16M4I27M1D10M4D8M
0	64	0.112	1.584E-08	31	727	732	44	687	751	8M2I9M2D3M7D17M3D15M5I6M1D4M13I11M3I4M9I8M6D6M5D6M4I3M1I10M5D9M8I2M5D3M1D1M1D15M5D6M4D4M1D10M3D4M6I12M1I3M21I3M2I3M19I9M4D2M1D13M6I1M11I3M1I8M5D6M6D3M24D2M6D3M6D5M1I7M3D2M2D2M1D6M1I4M10I8M1D8M8I6M1I7M2D1M10I8M7I9M1I2M4D6M3D2M2I11M1I4M9D2M2I9M4D3M4D1M4I4M1I6M3D7M2D9M44I4M3I13M3D11M7D9M5D5M5D3M5I11M3D3M7I15M2I3M3D6M1D13M3D5M
61	63	0.091	1.570E-07	6	727	732	3	639	690	10M2I4M10D3M11D5M3I3M1I21M9D3M4I2M3D18M5I6M3D10M5D10M1D5M9D9M35I1M2I10M5D9M8I2M5D10M2D11M4D4M9I7M16D7M7I9M41I7M1I9M4D2M1D9M9I3M10I3M1I8M5D16M1D4M1D7M6D2M2I8M5I3M4I11M2I8M5I5M1D9M10I8M7I9M3D11M6D5M3I3M1D6M4D4M1I9M7D2M5I7M2D21M2I3M43I16M3D6M4D8M5D4M4D7M5D3M5I4M3D13M7I23M1D10M4D8M
85	63	0.097	3.312E-07	6	566	732	109	618	698	7M3D23M2D6M6D3M9D7M1D7M4D6M2D21M10D4M2I7M7I4M2D7M3I17M8I3M18I12M5D14M5I13M2D5M4D7M4D3M1D12M2D10M12I3M10I7M18I4M11I8M5D12M19I4M1I3M2D6M3D13M6D5M1D5M2D3M2D2M2I8M6I4M1I2M4D10M3I7M5I5M1D9M19I16M1D17M9D3M8D10M2D6M2D11M7I6M2I5M3D10M
40	62	0.088	7.847E-08	2	727	732	0	641	695	14M2I4M6I5M24D4M2I5M1D11M1D3M8D4M3I6M4D4M3D4M14D4M1D7M3D4M1D3M22I5M12I3M1D2M2I5M13I17M5D9M8I2M5D10M2D11M4D4M9I7M2D1M13D7M6I9M41I7M1I9M4D2M1D8M9I4M10I3M1I8M5D14M4D5M1I8M4D11M1D1M2I12M5I10M7I3M2I10M10I8M7I9M1I14M5D9M1D5M6D3M1I7M9D2M7I5M1I11M3D12M9I2M18I1M18I15M3D6M4D6M8D7M1D17M3D14M7I2M3I4M2I3M3D9M3D4M4D14M
56	62	0.102	2.405E-07	32	727	732	60	662	715	26M9D9M1I17M4I8M2D11M3D3M3D5M2I6M11I6M4I10M11I12M5D9M2D5M5I10M2D14M8D5M1D10M3D4M6I12M1I2M41I13M1I3M4D2M1D10M19I5M1I5M2D3M5D14M4D5M1I5M6D4M2I6M1D3M4I3M7I3M1D5M2I8M5I5M1D9M10I8M7I11M1D7M5D2M3D5M3I3M1D6M1D4M2D8M9D2M7I4M3I13M3D11M40I5M3I13M3D8M9D7M4D4M1D6M5D3M5I11M5D3M7I26M1D13M4D5M
6	61	0.088	5.647E-07	5	727	732	7	660	670	7M8D15M4I4M8D13M2I8M3D2M4I6M3D4M24D5M2D18M8I7M3I11M30I5M5D12M1I4M5D13M1D5M2I20M4D18M10D8M2I7M8I2M8I7M1D5M1D6M2D8M24I8M10I4M7I5M1I7M1D3M2D11M4D3M2D3M1I10M6D8M4D2M4I6M3D2M1I1M4I11M9I13M7I7M1I3M5I26M4D1M2I2M3D4M1D5M4D4M1D8M2D5M1I4M4I4M4I6M9D10M27I3M18I14M3D16M4D10M1D11M1I5M8D4M9I5M1I4M2I9M2D7M5D14M
24	61	0.082	3.312E-07	169	722	732	56	521	696	9M9D12M4I24M4D4M9I9M16D1M1D8M11I2M10I9M27I12M5D11M19I6M1D8M3D14M6D5M1I7M6D2M2I8M6D1M12I7M2D12M11I8M15I3M4I14M5D20M4D7M5D3M2I15M2I3M2I2M3I6M1D3M5D9M9I2M36I16M1I2M4D8M2D5M2D5M1D4M3D10M1D10M6D5M7I23M1D13M
88	61	0.095	1.746E-07	0	729	732	1	642	696	4M4I8M2I4M6I4M13D8M10D15M1D3M8D9M1I17M5I6M1D7M2D3M5D2M7D4M6I4M13I6M2I5M8I4M7I3M2D8M5D11M5I2M2D11M2D12M8D7M1D10M3D4M19I5M21I7M9I8M1I10M5D10M9I3M10I3M1I8M5D15M4D4M1I7M6D2M2I8M1D1M4I3M2I2M4I6M2I9M5I5M1D9M9I2M10I8M2D5M1I1M2D6M2D3M6D5M3I3M3I7M7D7M1D2M1D2M4I3M4D4M1I6M2I6M4D2M3D6M44I4M3I13M3D7M8D6M1D5M5D7M5D3M5I6M3D11M7I23M1D13M3D7M
90	61	0.093	8.730E-08	0	729	732	0	643	697	5M2I9M2I4M6I4M13D7M9D13M2D6M8D9M1I8M7D9M9I12M3D4M2D7M1D5M13I6M4I6M6I3M4I9M1I4M5D11M5I6M1D1M3D18M8D7M1D10M3D4M6I11M2I2M41I13M1I4M5D7M8I6M11I3M1I8M5D15M4D3M1D9M4D2M2I8M1D1M4I5M2D5M5I10M9I13M10I8M7I9M1I1M2D6M2D3M6D5M3I3M3I7M7D8M9D2M7I5M1I6M2I6M3D11M29I4M14I14M3D7M8D6M1D5M5D7M5D3M5I7M1D2M7D6M1I3M11I17M1D13M3D7M
23	61	0.089	1.268E-07	0	729	732	2	643	698	4M4I8M2I4M6I4M13D7M9D13M2D6M8D9M1I8M7D9M9I12M3D4M2D7M1D5M13I6M4I6M6I3M4I9M1I4M5D11M5I6M1D1M1D4M4D7M2I5M8D7M1D10M3D4M6I11M2I2M41I13M1I4M5D9M9I4M10I3M1I8M5D18M5D12M2D9M1D1M4I5M2D5M5I10M9I13M19I10M2D5M1I2M2D5M2D3M6D5M3I3M3I7M7D8M9D2M7I5M1I6M2I6M3D11M29I4M14I14M3D7M8D6M1D5M5D7M5D3M5I7M1D2M7D6M1I3M11I17M1D13M3D7M
74	60	0.085	1.570E-07	5	727	732	2	638	689	11M2I4M10D3M11D5M3I3M1I21M9D3M4I2M3D18M5I4M1D8M4D6M1D2M2D7M1D4M9D9M35I1M2I10M5D9M8I2M5D8M2D13M4D4M9I7M16D7M7I11M18I5M9I3M15I6M4D2M1D11M8I1M11I3M1I8M5D16M3D3M1I7M6D2M2I8M1D1M4I5M1D5M5I12M9I11M10I8M7I11M1D7M5D2M2I10M3D5M4D4M1I7M9D2M7I5M1I6M3D17M42I5M3I13M3D6M4D6M4D3M2D3M3D7M5D3M5I16M4I27M1D10M4D8M
35	59	0.095	2.162E-07	33	727	732	47	641	692	2M1I22M9D9M1I17M5I6M1D2M4D8M3D12M1I5M11I6M4I3M13I9M2D8M5D9M8I2M5D10M2D11M4D4M9I7M16D7M6I3M1I9M38I4M4I9M4D2M1D8M9I4M10I3M1I8M5D17M2D1M3D12M2D9M1D1M2I12M5I10M9I13M10I8M7I9M3D11M6D5M3I3M1D6M4D4M1I9M7D2M5I7M2D12M2D9M44I4M3I13M3D6M4D8M6D6M3D5M5D3M5I16M4I27M1D10M4D8M
41	59	0.086	7.776E-07	0	722	732	0	636	696	4M2I10M2I5M10D3M3I6M12D19M5D7M5D5M2I19M5I4M1D6M4D4M3D12M1D4M13I6M2I6M12I12M1I4M5D9M2D5M5I10M2D11M4D4M4D4M1D10M3D4M6I12M13I5M6I4M22I6M2I3M4D2M1D10M17I7M1I8M5D15M4D4M1I10M4D9M1D1M4I3M7I8M2I4M5I9M1D9M10I8M7I9M1I1M2D7M5D2M2D5M4I4M1D5M6D6M1D10M3D1M3I5M1I6M2I6M5D9M42I5M3I13M3D7M3D6M5D4M4D2M1D6M5D3M5I3M3D14M7I23M1D13M
5	59	0.079	6.339E-08	166	722	732	53	568	752	12M11D13M6I11M2D10M4D5M9I8M13D1M2D5M15I4M4I3M1D9M27I12M5D12M19I1M2D3M1I9M3D9M1D4M6D5M1D5M2D3M2D2M2I8M5I18M3I3M5I9M1I3M2D5M10I8M7I10M3D9M43D5M4I2M3D7M4D9M7D8M11I24M30I1M10I4M3I13M3D8M4D1M5D3M3I4M1D6M5D3M5I6M4D7M4D3M5I26M1D13M
10	58	0.091	2.823E-07	0	723	732	2	638	693	4M4I8M12D2M9D9M5I5M2I4M1D12M1D3M8D9M1I8M7D5M13D5M4D3M1I2M7I6M1D8M5I7M1D5M35I1M2I10M5D11M5I2M2D12M2D17M5I8M16D3M5I8M1I6M9I2M32I11M1I4M5D11M19I5M1I8M7D14M4D4M1D12M2D9M1D1M4I4M1D6M5I13M9I10M10I8M7I9M1I1M2D6M2D13M6D10M2D1M1I7M9D2M7I7M2D22M42I5M5I11M5D6M8D9M4D4M1D6M5D3M5I8M1D12M4I23M1D4M2D10M
17	58	0.096	2.977E-07	169	722	732	56	521	698	9M9D14M4I23M4D3M9I6M4I24M1I6M1D5M15I6M12I10M5D11M19I6M1D8M3D9M2I3M8D5M1D5M2D3M2D2M2I7M16I5M12D13M11I7M15I4M4I14M3D8M2D11M4D7M5D3M2I15M2I3M2I6M2I6M7D8M44I4M3I13M3D14M6D5M1D5M2D1M3D3M5I8M2D4M6D5M7I2M3I4M1I2M4D11M1D13M
96	57	0.091	1.071E-06	0	722	732	0	636	696	4M2I10M2I4M10D4M3I6M12D19M5D7M5D5M2I19M5I4M1D6M4D4M3D12M1D4M13I6M2I6M12I12M1I4M5D9M2D5M5I8M4D4M2I8M8D7M1D10M3D4M6I12M13I5M6I4M22I6M2I3M4D2M1D10M17I7M1I8M5D15M4D4M1I7M6D2M2I8M1D1M4I3M7I8M2I4M5I9M1D9M10I8M7I9M1I1M2D6M2D11M1D5M1D5M6D6M1D10M3D1M3I4M3I13M5D9M42I5M3I13M3D7M3D6M5D4M4D2M1D6M5D3M5I3M3D14M7I23M1D13M
64	56	0.096	1.398E-06	4	724	732	4	655	668	3M2D5M1D4M4I5M4D5M3D5M8D14M4I5M5D3M1I12M20D4M1I6M8I6M4D8M1D2M1I4M2D15M7I3M1D2M4I4M17I7M1I4M3D12M3D6M2I20M4D18M10D4M6I3M10I4M24I7M7I12M2D8M7D8M17I9M1I8M3D15M4D2M2D2M1I8M8D1M2I7M4D2M4I3M4D5M6I11M8I3M3I7M11I39M4D1M2I2M8D2M4I3M3D10M3D5M5I16M4D16M25I3M18I14M3D8M2D1M2I4M3D4M1I5M3D18M7D4M9I3M1I6M2I7M2D5M1D4M2D11M
78	52	0.089	7.307E-06	0	723	732	1	637	692	4M4I8M2I4M23D5M5I5M2I4M1D12M1D3M8D9M1I8M7D9M9I12M3D4M2D8M1D4M13I6M2I11M11I1M2I10M5D11M5I2M2D12M2D10M4D4M9I7M16D3M5I12M13I4M29I11M1I4M5D11M19I6M1D8M5D14M4D5M1I7M6D2M2I8M1D1M4I4M1D6M5I13M9I10M10I8M7I9M1I1M2D7M5D2M3D6M7I2M1D6M7D8M9D2M7I7M2D22M32I1M10I4M5I11M5D6M8D9M4D4M1D6M5D3M5I8M9D7M1I3M11I17M1D4M2D10M
 