#Task    Step    numberOfAcceptedPeleSteps    currentEnergy    BindingEnergy    sasaLig    distance_A43SG_L1S1    
1    0    0    -6420.27    -23.5648    0.661267    8.89659    
1    1    1    -6427.17    -6.35289    0.725034    10.1995    
1    3    2    -6428.88    -8.36933    0.690239    8.24567    
1    5    3    -6427.86    -3.84916    0.66485    7.43851    
1    7    4    -6433.83    -8.52179    0.652955    6.25865    
1    8    5    -6431.22    -5.21313    0.669439    5.08423    
1    9    6    -6433.7    -8.83579    0.666406    5.49066    
1    10    7    -6433.01    -7.15686    0.675369    5.85729    
1    13    8    -6430.04    -5.97478    0.644384    8.81906    
1    14    9    -6429.41    -11.2811    0.655439    8.31351    
1    15    10    -6431.37    -9.49086    0.660367    8.64291    
1    16    11    -6435.07    -11.6831    0.666246    8.32811    
1    20    12    -6436.8    -13.7871    0.640606    8.43339    
1    21    13    -6438.65    -11.9697    0.668826    8.3096    
1    23    14    -6437.51    -11.4257    0.672903    8.43493    
1    25    15    -6438.42    -11.7185    0.680829    8.45817    
1    26    16    -6437.56    -12.8462    0.686756    8.67677    
1    31    17    -6437.29    -18.555    0.706939    9.46651    
1    32    18    -6432.83    -13.3699    0.683821    9.11449    
1    33    19    -6436.39    -13.9252    0.664552    9.63989    
1    35    20    -6435.77    -20.3223    0.61167    9.77141    
1    38    21    -6435.75    -21.6879    0.602316    9.79876    
1    40    22    -6436.77    -21.8381    0.61867    9.97771    
1    41    23    -6439.31    -24.2812    0.607254    9.90106    
1    50    24    -6438.85    -20.8131    0.642533    10.0449    
1    51    25    -6439.72    -21.6349    0.645611    10.0782    
1    52    26    -6439.76    -19.1142    0.64278    10.0239    
1    53    27    -6437.66    -18.9295    0.656852    10.1647    
1    55    28    -6439.19    -24.5566    0.607744    9.94578    
1    58    29    -6437.25    -23.087    0.581591    9.75893    
1    59    30    -6437.31    -27.7511    0.537247    9.47445    
1    61    31    -6437.39    -27.4904    0.547092    9.70689    
1    77    32    -6439.01    -27.9668    0.5261    8.57247    
1    82    33    -6434.86    -23.74    0.520856    7.88718    
1    85    34    -6433.98    -8.69604    0.542885    5.65985    
1    87    35    -6437.93    -19.3756    0.577341    8.71711    
1    91    36    -6429.32    -4.59981    0.67933    6.99949    
1    92    37    -6435.74    -9.00915    0.655911    7.29923    
1    94    38    -6434.67    -9.3786    0.617775    7.22514    
1    95    39    -6442.55    -18.6514    0.652175    6.94549    
1    96    40    -6441.83    -17.7901    0.642941    7.13868    
1    98    41    -6445.18    -20.4388    0.615698    7.26776    
1    99    42    -6446.54    -19.2891    0.597228    7.03936    
