#Task    Step    numberOfAcceptedPeleSteps    currentEnergy    BindingEnergy    sasaLig    distance_A43SG_L1S1    
1    0    0    -6418.44    -34.1669    0.552851    8.8091    
1    1    1    -6425.85    -24.084    0.514545    9.25235    
1    2    2    -6432.56    -31.8479    0.546521    9.33109    
1    5    3    -6441.08    -36.1318    0.530195    9.26454    
1    9    4    -6437.67    -39.5735    0.50878    9.08448    
1    11    5    -6440.95    -40.6944    0.516273    9.2812    
1    13    6    -6440.74    -39.5541    0.523978    8.49429    
1    16    7    -6442.35    -40.4605    0.517191    8.2718    
1    19    8    -6440.72    -41.1299    0.515295    8.80097    
1    21    9    -6442.43    -42.0105    0.523586    8.66953    
1    33    10    -6443.15    -43.513    0.518062    8.89654    
1    37    11    -6446.07    -44.1867    0.522489    8.92623    
1    63    12    -6448.4    -43.6405    0.519031    8.95124    
1    73    13    -6446.68    -44.7747    0.527662    8.86043    
1    75    14    -6449.01    -43.8698    0.53575    9.06349    
1    85    15    -6449.83    -44.4295    0.528197    8.86898    
1    89    16    -6453.3    -44.9536    0.523591    9.09207    
1    93    17    -6451.8    -44.5822    0.503285    8.94367    
