#Task    Step    numberOfAcceptedPeleSteps    currentEnergy    BindingEnergy    sasaLig    distance_A43SG_L1S1    
1    0    0    -6435.04    -39.4267    0.556738    7.44595    
1    1    1    -6441.01    -22.3928    0.559699    9.57183    
1    3    2    -6442.72    -20.4575    0.560005    9.66962    
1    14    3    -6444.41    -21.9191    0.554402    10.1765    
1    16    4    -6441.49    -17.2116    0.574745    9.97818    
1    18    5    -6437.01    -13.6862    0.586099    9.74664    
1    20    6    -6439.75    -16.08    0.594855    11.299    
1    21    7    -6440.24    -20.2015    0.585529    9.25251    
1    26    8    -6441.16    -20.2541    0.577596    8.9768    
1    29    9    -6440.6    -17.8014    0.608041    9.81988    
1    30    10    -6439.93    -14.7087    0.609578    9.03421    
1    31    11    -6437.53    -13.6671    0.60158    10.2033    
1    32    12    -6435.4    -10.2285    0.643413    10.9806    
1    33    13    -6437.63    -16.9634    0.657711    7.92406    
1    34    14    -6439.9    -16.8284    0.62464    7.29855    
1    35    15    -6439.16    -19.9042    0.621949    8.28069    
1    36    16    -6443.72    -23.4003    0.609404    8.60759    
1    37    17    -6447.07    -25.7551    0.599893    9.10303    
1    40    18    -6447.53    -25.7501    0.591472    9.13033    
1    42    19    -6447.06    -24.8891    0.575125    8.28352    
1    49    20    -6446.22    -26.4511    0.569497    8.38156    
1    50    21    -6445.28    -24.0981    0.589972    9.25285    
1    56    22    -6447.21    -24.0925    0.585808    9.48839    
1    58    23    -6446.08    -23.5645    0.590661    10.2656    
1    63    24    -6447.39    -24.2888    0.587834    10.506    
1    65    25    -6449.98    -27.2996    0.584257    9.39807    
1    67    26    -6449.46    -26.3689    0.616262    6.88522    
1    69    27    -6454.42    -29.7441    0.570671    5.99346    
1    70    28    -6453.48    -29.3331    0.578647    6.2614    
1    72    29    -6454.19    -26.4713    0.575362    6.63882    
1    80    30    -6453.73    -27.0381    0.566593    6.63286    
1    81    31    -6454.62    -29.1802    0.559432    6.17803    
1    82    32    -6455.71    -28.2213    0.555091    6.24663    
1    85    33    -6454.96    -29.0219    0.566386    6.28215    
1    89    34    -6454.43    -29.4347    0.557783    6.06707    
1    98    35    -6452.54    -25.6166    0.600514    6.87712    
1    100    36    -6447.43    -23.547    0.599589    6.86636    
