#Task    Step    numberOfAcceptedPeleSteps    currentEnergy    BindingEnergy    sasaLig    distance_A43SG_L1S1    
1    0    0    -6420.86    -35.9295    0.502108    9.06654    
1    1    1    -6440.88    -36.2837    0.497184    8.85069    
1    13    2    -6441.86    -38.0992    0.50404    9.11341    
1    23    3    -6438.32    -33.5137    0.521908    9.39884    
1    33    4    -6442    -37.9667    0.505012    9.13624    
1    35    5    -6439.1    -32.9933    0.531786    8.86912    
1    36    6    -6441.56    -35.1561    0.528335    9.11033    
1    42    7    -6439.11    -32.5349    0.534781    9.10683    
1    47    8    -6442.79    -34.9845    0.535199    9.35221    
1    61    9    -6442.81    -37.7411    0.513909    9.17668    
1    66    10    -6442.59    -38.2535    0.514815    8.99319    
1    73    11    -6441.9    -36.8255    0.522451    9.0228    
1    75    12    -6437.98    -33.2566    0.536968    9.12622    
1    77    13    -6433.41    -32.3651    0.560133    9.17849    
1    87    14    -6436.31    -33.4959    0.538607    9.03418    
1    95    15    -6437.8    -33.7006    0.542893    9.32197    
1    100    16    -6437.29    -32.5926    0.559688    9.11495    
