#Task    Step    numberOfAcceptedPeleSteps    currentEnergy    BindingEnergy    sasaLig    distance_A43SG_L1S1    
1    0    0    -6432.62    -31.14    0.642429    10.0322    
1    1    1    -6447.15    -24.987    0.669385    10.1537    
1    3    2    -6450.22    -26.21    0.659757    10.0493    
1    6    3    -6450.27    -29.8269    0.620985    9.64675    
1    8    4    -6451.25    -29.2136    0.647265    10.0316    
1    12    5    -6451.07    -28.2502    0.651103    10.0504    
1    18    6    -6453.35    -33.3732    0.635842    10.0931    
1    26    7    -6453.33    -32.9688    0.65169    10.0708    
1    27    8    -6455.51    -33.6131    0.615689    9.58453    
1    31    9    -6452.25    -27.9615    0.651275    9.4696    
1    34    10    -6448.54    -21.6364    0.637195    8.91558    
1    44    11    -6448.82    -19.1245    0.692509    9.92663    
1    49    12    -6438.86    -17.6923    0.644665    8.73133    
1    50    13    -6438.87    -21.6958    0.684068    9.24201    
1    52    14    -6443.09    -20.9237    0.703444    9.25077    
1    54    15    -6446.39    -22.8115    0.702876    8.46119    
1    55    16    -6448.67    -22.8689    0.710944    8.88601    
1    56    17    -6450.26    -24.3618    0.702151    8.91395    
1    62    18    -6449.32    -27.8983    0.683932    8.98857    
1    63    19    -6452.36    -26.8525    0.708356    8.5762    
1    64    20    -6452.84    -26.6009    0.705035    8.80765    
1    67    21    -6452.61    -27.3684    0.684571    9.73926    
1    68    22    -6450.47    -27.9465    0.649132    9.09862    
1    69    23    -6455.46    -30.9228    0.636107    9.38746    
1    70    24    -6456.15    -30.7098    0.659181    9.72394    
1    71    25    -6455.04    -32.7381    0.640002    9.38902    
1    81    26    -6453.29    -34.4457    0.627861    9.16284    
1    83    27    -6453.13    -31.6845    0.646727    9.60353    
1    86    28    -6452.24    -30.5886    0.637399    9.72351    
1    92    29    -6455.13    -29.8179    0.652738    9.32041    
1    94    30    -6456.05    -29.0512    0.668156    9.0627    
1    96    31    -6455.67    -28.2726    0.691637    9.447    
