#Task    Step    numberOfAcceptedPeleSteps    currentEnergy    BindingEnergy    sasaLig    distance_A43SG_L1S1    
1    0    0    -6413.23    -21.3949    0.578552    4.56752    
1    1    1    -6413.92    1.38229    0.71208    7.73034    
1    2    2    -6412.67    3.05207    0.637365    7.70995    
1    3    3    -6424.83    -7.53152    0.645322    7.16054    
1    5    4    -6424.97    -10.7506    0.711014    9.75579    
1    6    5    -6430.53    -10.393    0.730619    9.25175    
1    11    6    -6430.59    -13.1643    0.657802    8.67896    
1    13    7    -6433.97    -17.9468    0.590032    8.71892    
1    20    8    -6436.08    -19.5357    0.577833    8.93517    
1    23    9    -6437.9    -24.5276    0.617078    9.58025    
1    27    10    -6435.61    -25.9948    0.609989    8.49446    
1    29    11    -6432.34    -23.2861    0.582904    8.31804    
1    33    12    -6433    -25.5529    0.561382    8.0755    
1    34    13    -6436.5    -25.9324    0.553497    8.21361    
1    62    14    -6442.72    -36.0692    0.532948    8.43992    
1    65    15    -6441.19    -36.38    0.527698    8.30673    
1    67    16    -6441.61    -37.5416    0.529843    8.22409    
1    80    17    -6444.09    -36.5617    0.531851    8.26201    
1    87    18    -6445.35    -36.4497    0.543966    8.1202    
1    89    19    -6443.14    -37.5211    0.525049    7.76293    
1    90    20    -6438.68    -31.1118    0.530949    7.68974    
1    94    21    -6439.68    -33.0184    0.540099    7.54457    
1    97    22    -6441.02    -32.7582    0.628851    7.54226    
