#Task    Step    numberOfAcceptedPeleSteps    currentEnergy    BindingEnergy    sasaLig    distance_A43SG_L1S1    
1    0    0    -6432.42    -40.0315    0.527326    8.33277    
1    1    1    -6433.78    -13.9282    0.719352    4.35857    
1    2    2    -6435.18    -12.69    0.757624    4.39695    
1    3    3    -6438.29    -4.59467    0.662066    9.21208    
1    5    4    -6438.41    -12.0427    0.567183    9.26897    
1    7    5    -6438.83    -0.972844    0.677546    10.6405    
1    10    6    -6436.36    2.75838    0.692669    10.9192    
1    11    7    -6435.01    -6.03772    0.655848    9.45744    
1    12    8    -6438.21    -7.35897    0.636774    9.52269    
1    15    9    -6437.98    -7.06191    0.652073    9.51079    
1    16    10    -6437.65    -7.02565    0.657859    9.43527    
1    21    11    -6442.6    -14.9711    0.612963    10.0101    
1    24    12    -6441.78    -14.1875    0.660622    10.1633    
1    27    13    -6442.61    -12.6878    0.633396    10.2685    
1    35    14    -6443.77    -19.2889    0.651432    10.3655    
1    37    15    -6442.51    -20.987    0.624832    10.2721    
1    39    16    -6442.76    -20.039    0.623125    10.3421    
1    41    17    -6443.08    -18.5376    0.643292    10.3957    
1    43    18    -6450.86    -20.3271    0.608537    7.5946    
1    44    19    -6449.04    -19.1698    0.634526    7.69735    
1    45    20    -6445.76    -17.7296    0.683742    9.0106    
1    46    21    -6445.11    -13.7785    0.681797    9.79286    
1    47    22    -6448.25    -21.5039    0.657367    10.1519    
1    50    23    -6448.68    -21.3762    0.68963    9.84248    
1    53    24    -6449.12    -22.7848    0.683167    9.78263    
1    55    25    -6444.66    -22.0274    0.687123    10.2296    
1    56    26    -6445.64    -20.9943    0.703208    10.2721    
1    59    27    -6440.49    -15.5142    0.678712    9.31416    
1    62    28    -6445.07    -17.9375    0.697849    9.18582    
1    63    29    -6445.81    -17.662    0.712733    8.76299    
1    65    30    -6445.25    -17.9478    0.680397    8.66363    
1    66    31    -6443.98    -19.1302    0.629049    8.43281    
1    67    32    -6442.59    -16.7721    0.635429    8.58401    
1    68    33    -6444.41    -19.3335    0.664586    9.73008    
1    69    34    -6447.8    -20.7224    0.659061    9.02932    
1    75    35    -6444.11    -18.582    0.65006    7.90703    
1    77    36    -6444.55    -22.1238    0.556375    10.3563    
1    87    37    -6446.27    -23.2121    0.545533    8.77687    
1    88    38    -6449    -23.4401    0.619725    9.2604    
1    91    39    -6448.02    -21.9453    0.637791    9.09403    
1    92    40    -6448.2    -23.6437    0.636301    9.03991    
1    93    41    -6449.48    -25.6412    0.566577    8.91658    
1    94    42    -6447.59    -21.1982    0.577259    8.52347    
1    95    43    -6445.32    -31.8643    0.514933    8.66691    
1    100    44    -6445.32    -28.1663    0.558728    8.47899    
