#Task    Step    numberOfAcceptedPeleSteps    currentEnergy    BindingEnergy    sasaLig    distance_A43SG_L1S1    
1    0    0    -6426.39    -27.2858    0.532091    10.4738    
1    1    1    -6430.97    -12.5216    0.503995    8.10315    
1    7    2    -6432.79    -18.0464    0.517614    9.91545    
1    8    3    -6440.51    -23.5567    0.540456    10.3332    
1    13    4    -6442.07    -24.3583    0.536644    10.2287    
1    21    5    -6445.12    -33.4942    0.491837    9.87141    
1    22    6    -6440.51    -27.4619    0.481954    9.74929    
1    30    7    -6445.15    -32.2114    0.477556    9.42743    
1    31    8    -6435.83    -33.3037    0.502594    8.8432    
1    33    9    -6441.23    -23.3598    0.552521    9.53657    
1    34    10    -6440.73    -24.4045    0.543744    9.64874    
1    37    11    -6444.68    -31.6017    0.502886    8.92371    
1    41    12    -6442.8    -27.9048    0.527625    7.3262    
1    45    13    -6445.67    -29.8845    0.493915    8.50616    
1    46    14    -6443.44    -30.012    0.49998    8.31437    
1    55    15    -6438.99    -29.4374    0.501717    8.28974    
1    57    16    -6445.92    -29.5406    0.498448    8.65017    
1    63    17    -6443.47    -27.8536    0.533213    8.22472    
1    67    18    -6441.85    -26.2093    0.49783    9.51862    
1    68    19    -6442.44    -28.4278    0.500963    9.44429    
1    69    20    -6444.89    -30.7904    0.498939    9.28077    
1    73    21    -6446.53    -31.7024    0.492823    9.24031    
1    76    22    -6444.6    -29.7636    0.509358    9.17945    
1    77    23    -6440.27    -28.8436    0.49516    8.04047    
1    79    24    -6437.8    -32.9984    0.495863    10.0796    
1    83    25    -6432.51    -13.0199    0.55757    6.85913    
1    84    26    -6435.93    -12.9341    0.539266    6.65416    
1    88    27    -6438.87    -13.8045    0.562096    6.67706    
1    89    28    -6435.54    -13.5408    0.568364    8.23582    
1    90    29    -6438.16    -12.7049    0.572932    9.29956    
1    92    30    -6437.35    -10.6081    0.590083    8.14129    
1    97    31    -6443.64    -23.2291    0.42963    9.50731    
1    100    32    -6444.46    -19.5698    0.444469    10.3092    
