#Task    Step    numberOfAcceptedPeleSteps    currentEnergy    BindingEnergy    sasaLig    distance_A43SG_L1S1    
1    0    0    -6409.68    -27.8224    0.553784    7.22583    
1    1    1    -6425.2    -24.1489    0.563113    7.02866    
1    7    2    -6431.54    -27.3615    0.556764    7.47435    
1    10    3    -6428.89    -25.6753    0.560156    7.56291    
1    11    4    -6428.01    -24.9972    0.562971    8.02377    
1    12    5    -6425.54    -22.2999    0.552973    8.3268    
1    17    6    -6429.01    -28.1618    0.558947    7.9551    
1    25    7    -6430.71    -30.3509    0.534427    6.87276    
1    27    8    -6431.82    -27.4822    0.533613    6.83146    
1    34    9    -6434.34    -28.8929    0.5624    7.03568    
1    36    10    -6436.13    -29.1066    0.549606    7.27364    
1    44    11    -6435.69    -28.7396    0.565356    6.69549    
1    45    12    -6435.59    -29.1702    0.560073    7.42509    
1    49    13    -6425.89    -27.6538    0.521093    8.90184    
1    50    14    -6419.17    -19.2574    0.54008    9.5919    
1    56    15    -6416.61    -6.33832    0.662825    9.56091    
1    57    16    -6419.51    -24.0926    0.547809    8.75208    
1    58    17    -6421.33    -24.1913    0.526673    8.84401    
1    60    18    -6427.76    -27.3529    0.521437    8.44603    
1    75    19    -6436.91    -41.2062    0.469599    8.60377    
1    81    20    -6444.47    -48.2034    0.462856    8.72273    
1    84    21    -6441.74    -43.6927    0.458002    9.10478    
1    85    22    -6446.79    -48.8507    0.457182    9.33784    
1    89    23    -6447.95    -50.966    0.452534    8.84807    
