#Task    Step    numberOfAcceptedPeleSteps    currentEnergy    BindingEnergy    sasaLig    distance_A43SG_L1S1    
1    0    0    -6400.07    -5.42344    0.738176    6.78243    
1    1    1    -6424.03    -6.00795    0.760263    6.75962    
1    7    2    -6423.28    -5.30029    0.806797    6.98368    
1    8    3    -6422.56    -4.29319    0.765785    7.01552    
1    9    4    -6422.61    -5.9446    0.761117    6.97686    
1    10    5    -6423.42    -6.21195    0.760952    6.37352    
1    11    6    -6423.03    -6.46693    0.744936    6.53124    
1    12    7    -6421.89    -5.20378    0.773679    7.96797    
1    13    8    -6423.19    -7.65591    0.71357    5.07124    
1    14    9    -6426.54    -10.1507    0.745718    5.37525    
1    15    10    -6429.27    -10.386    0.739637    4.3077    
1    19    11    -6429.54    -11.6177    0.720093    4.09119    
1    23    12    -6425.53    -7.6695    0.688379    4.87519    
1    25    13    -6428.17    -12.0717    0.68869    5.00975    
1    29    14    -6426.19    -11.1611    0.684567    4.37301    
1    34    15    -6425.99    -11.1617    0.729013    6.96647    
1    35    16    -6427.56    -7.07686    0.708526    7.00392    
1    36    17    -6431.27    -11.8557    0.716095    8.43777    
1    37    18    -6431.47    -13.1529    0.726432    8.23717    
1    41    19    -6433.3    -15.061    0.67338    7.77539    
1    42    20    -6432.42    -14.99    0.688814    8.13697    
1    43    21    -6431.64    -12.5156    0.694241    8.53212    
1    44    22    -6434.86    -15.1888    0.672831    8.34757    
1    45    23    -6434.53    -16.8074    0.65017    7.75578    
1    46    24    -6433.12    -15.7847    0.65024    8.08196    
1    48    25    -6427.95    -4.77646    0.718765    8.29395    
1    50    26    -6432.72    -5.02714    0.722927    7.69058    
1    55    27    -6432.5    -4.57408    0.727807    6.58905    
1    58    28    -6435.97    -6.89869    0.71233    5.33087    
1    59    29    -6434.89    -6.91    0.729172    5.68824    
1    60    30    -6433.71    -5.56838    0.751536    7.05566    
1    66    31    -6434.64    -6.39917    0.743602    6.16936    
1    68    32    -6436.96    -7.95114    0.727634    6.6874    
1    71    33    -6434.27    -6.28632    0.737476    7.93558    
1    72    34    -6436.61    -6.78664    0.750516    8.19738    
1    74    35    -6437.01    -7.13586    0.737479    7.11133    
1    77    36    -6433.59    -7.9862    0.74317    7.80921    
1    78    37    -6436.38    -8.2226    0.732144    7.43833    
1    80    38    -6434.23    -7.31857    0.74066    7.81533    
1    84    39    -6433    -7.19669    0.731873    7.11909    
1    89    40    -6434.88    -10.0674    0.707636    8.45071    
1    90    41    -6432.38    -6.55744    0.616689    8.41554    
1    91    42    -6434.6    -9.17915    0.693072    8.46329    
1    92    43    -6434.87    -9.09275    0.728878    8.03391    
1    93    44    -6427.57    -2.97854    0.701111    7.4766    
1    97    45    -6426.64    -1.10536    0.661749    7.19038    
1    99    46    -6425.95    -0.0265256    0.599458    6.78346    
1    100    47    -6425.31    0.385765    0.631282    6.70553    
