#Task    Step    numberOfAcceptedPeleSteps    currentEnergy    BindingEnergy    sasaLig    distance_A43SG_L1S1    
1    0    0    -6406.14    1.39971    0.57487    7.22105    
1    1    1    -6424.44    -3.05555    0.562371    6.46478    
1    2    2    -6428.18    -5.58019    0.542017    6.62673    
1    3    3    -6429.82    -6.4847    0.559097    6.44862    
1    4    4    -6431.05    -6.25058    0.591566    7.33823    
1    7    5    -6430.28    -4.21534    0.587544    5.64193    
1    12    6    -6430.93    -5.48446    0.566351    6.07743    
1    13    7    -6427.96    -7.68461    0.570208    5.59154    
1    15    8    -6429.91    -9.50141    0.574028    5.57463    
1    19    9    -6432.08    -8.47204    0.569024    5.55683    
1    21    10    -6427.86    -5.40045    0.57314    5.75254    
1    22    11    -6429.75    -3.61885    0.567715    6.22639    
1    24    12    -6430.14    -7.35337    0.554356    5.84633    
1    27    13    -6429.03    -3.28471    0.602121    6.28708    
1    28    14    -6430.04    -5.8982    0.598224    6.80933    
1    29    15    -6438.17    -19.2569    0.584044    6.38702    
1    30    16    -6434.98    -17.2133    0.577542    6.42134    
1    34    17    -6436.17    -15.3423    0.586786    6.97529    
1    36    18    -6437.4    -16.3817    0.575338    6.8965    
1    43    19    -6433.42    -15.723    0.470767    6.9486    
1    44    20    -6439.13    -19.5511    0.510309    6.77971    
1    45    21    -6439.65    -13.3585    0.621158    7.57187    
1    46    22    -6440.07    -13.0323    0.564087    7.2953    
1    47    23    -6442.65    -20.0112    0.517827    7.55306    
1    48    24    -6438.97    -15.3723    0.47451    8.34445    
1    49    25    -6439.8    -19.4251    0.495599    8.59522    
1    53    26    -6441.73    -23.4068    0.470341    7.9362    
1    61    27    -6440.81    -21.7385    0.467281    8.1087    
1    91    28    -6436.42    -25.0385    0.493542    8.69192    
1    93    29    -6441.48    -21.574    0.583212    8.52811    
1    97    30    -6439.93    -20.7867    0.583511    8.25645    
1    98    31    -6436.85    -15.4927    0.610837    8.60053    
