#Task    Step    numberOfAcceptedPeleSteps    currentEnergy    BindingEnergy    sasaLig    distance_A43SG_L1S1    
1    0    0    -6423.72    -29.9265    0.487085    9.03344    
1    1    1    -6441.21    -37.6951    0.47617    9.5135    
1    5    2    -6445.06    -41.1361    0.45242    9.37676    
1    7    3    -6443.57    -31.1036    0.518397    9.33    
1    13    4    -6442    -30.3955    0.513924    9.49351    
1    17    5    -6443.07    -30.4037    0.513354    9.53934    
1    19    6    -6450.39    -38.265    0.487325    9.59713    
1    23    7    -6448.88    -36.0814    0.499427    9.56135    
1    31    8    -6450.93    -42.5505    0.482829    9.48859    
1    38    9    -6447.69    -35.9482    0.482394    9.44149    
1    41    10    -6456.56    -41.3619    0.487842    9.49418    
1    44    11    -6458.43    -42.6132    0.492412    9.46113    
1    47    12    -6456.54    -40.6518    0.497631    8.70623    
1    67    13    -6458.33    -41.3967    0.503977    9.13464    
1    77    14    -6456.04    -43.364    0.502723    9.29148    
1    81    15    -6456.43    -42.6583    0.494022    9.07124    
1    83    16    -6452.97    -38.0659    0.528837    9.05959    
1    97    17    -6455.94    -42.5624    0.503757    8.92034    
1    100    18    -6454.82    -39.1554    0.51581    8.88433    
