#Task    Step    numberOfAcceptedPeleSteps    currentEnergy    BindingEnergy    sasaLig    distance_A43SG_L1S1    
1    0    0    -6441.34    -41.0703    0.473529    8.75286    
1    1    1    -6455.37    -45.0607    0.509234    9.52069    
1    5    2    -6455.07    -44.2384    0.517032    9.5114    
1    7    3    -6452.99    -42.6221    0.508673    9.7381    
1    9    4    -6454.45    -41.5499    0.515399    9.50895    
1    12    5    -6456.08    -44.014    0.504562    9.56182    
1    13    6    -6455.04    -43.7044    0.501223    9.5368    
1    18    7    -6455.08    -43.269    0.507478    9.54102    
1    25    8    -6453.52    -45.6829    0.481855    9.38791    
1    32    9    -6454.26    -43.5821    0.479584    9.23495    
1    42    10    -6454.27    -41.322    0.49627    9.38718    
1    45    11    -6452.81    -42.1802    0.493256    9.42404    
1    47    12    -6449.02    -39.9534    0.493736    9.37502    
1    63    13    -6446.14    -34.6922    0.48099    9.45003    
1    71    14    -6449.13    -37.7479    0.492694    9.26103    
1    94    15    -6448.8    -37.4884    0.492971    8.95825    
1    98    16    -6445.24    -34.5835    0.504278    8.72833    
1    100    17    -6442.31    -32.7627    0.527165    9.07475    
