#Task    Step    numberOfAcceptedPeleSteps    currentEnergy    BindingEnergy    sasaLig    distance_A43SG_L1S1    
1    0    0    -6414.96    -9.20869    0.717199    5.55307    
1    1    1    -6437.24    -10.2601    0.716186    5.24359    
1    2    2    -6438.51    -10.1422    0.742518    5.23514    
1    7    3    -6436.63    -8.13026    0.74015    4.97158    
1    9    4    -6436.54    -7.51272    0.752533    5.48759    
1    10    5    -6431.67    -1.42118    0.730014    8.85941    
1    11    6    -6438.04    -11.3957    0.716575    7.49188    
1    12    7    -6442.09    -13.6461    0.735613    7.23396    
1    14    8    -6442.6    -14.2057    0.717608    6.7449    
1    35    9    -6439.62    -13.4191    0.713337    7.21591    
1    36    10    -6422.99    0.033857    0.753505    7.1817    
1    37    11    -6435.51    -9.71553    0.721773    7.80509    
1    38    12    -6437.54    -11.7071    0.695351    7.8147    
1    39    13    -6441.42    -13.116    0.697465    7.88469    
1    40    14    -6439.34    -8.73445    0.66857    7.65142    
1    43    15    -6439.54    -9.35856    0.640331    6.83636    
1    45    16    -6440.02    -9.93483    0.644831    5.79144    
1    52    17    -6439.91    -8.55166    0.668109    5.78597    
1    54    18    -6440.43    -10.5015    0.675033    5.08405    
1    55    19    -6438.14    -8.92093    0.666993    6.34041    
1    57    20    -6440.78    -10.1424    0.662186    5.38773    
1    59    21    -6440.23    -9.33414    0.66798    5.5546    
1    60    22    -6440.08    -9.76768    0.708151    5.59729    
1    61    23    -6442.56    -11.4193    0.672281    5.31726    
1    70    24    -6441.47    -10.7401    0.665149    5.34762    
1    73    25    -6438.18    -9.24699    0.606431    6.80254    
1    75    26    -6440.37    -11.0912    0.620533    5.06453    
1    77    27    -6434.1    -8.73172    0.630822    5.22266    
1    79    28    -6435.78    -9.66249    0.605775    6.08852    
1    80    29    -6436.75    -10.4484    0.616189    6.17117    
1    81    30    -6434.29    -14.5482    0.596072    6.67267    
1    87    31    -6431.23    -13.4385    0.562802    6.97366    
1    92    32    -6432.36    -14.0315    0.585632    6.84354    
1    94    33    -6438.22    -15.1254    0.652931    6.90243    
1    97    34    -6439.2    -17.789    0.65187    6.62347    
