#Task    Step    numberOfAcceptedPeleSteps    currentEnergy    BindingEnergy    sasaLig    distance_A43SG_L1S1    
1    0    0    -6412.61    -29.0911    0.606725    8.17922    
1    1    1    -6433.41    -27.7469    0.562479    8.28745    
1    7    2    -6438.31    -27.8936    0.61579    9.30763    
1    8    3    -6437.83    -27.1201    0.562345    8.98685    
1    12    4    -6436.89    -26.9494    0.574414    8.88295    
1    14    5    -6440.52    -26.7481    0.579384    8.71439    
1    18    6    -6436.7    -25.7439    0.52254    8.63592    
1    19    7    -6434.27    -26.5105    0.508208    9.35313    
1    23    8    -6431.79    -25.672    0.532294    10.4972    
1    31    9    -6428.03    -24.5204    0.529211    10.3218    
1    33    10    -6436.52    -28.0924    0.516075    7.6654    
1    44    11    -6436.03    -26.2811    0.526747    7.18178    
1    46    12    -6435.85    -27.1055    0.471033    7.12124    
1    51    13    -6436.74    -28.6006    0.491711    7.31538    
1    53    14    -6435.15    -25.6722    0.477442    7.33102    
1    56    15    -6436.76    -24.6476    0.53288    7.63065    
1    60    16    -6435.24    -21.9076    0.525556    7.86622    
1    61    17    -6433.71    -24.4612    0.482656    7.62376    
1    62    18    -6434.55    -22.9921    0.523801    7.68419    
1    64    19    -6429.81    -16.5853    0.524859    7.50146    
1    65    20    -6435.55    -26.3085    0.479003    7.43578    
1    67    21    -6436.54    -29.4263    0.503096    7.80635    
1    70    22    -6436.53    -26.3452    0.515811    7.69388    
1    73    23    -6440.09    -29.8584    0.504482    7.96809    
1    74    24    -6439.89    -27.3071    0.492772    7.82419    
1    77    25    -6441.7    -28.9912    0.505872    7.95248    
1    83    26    -6445.15    -30.0376    0.514923    7.8939    
1    93    27    -6440.54    -28.741    0.586202    7.45502    
1    94    28    -6444.06    -28.5183    0.608438    7.21133    
1    98    29    -6444.89    -27.6153    0.621612    7.35381    
