#Task    Step    numberOfAcceptedPeleSteps    currentEnergy    BindingEnergy    sasaLig    distance_A43SG_L1S1    
1    0    0    -6407.11    -26.6534    0.593635    8.48176    
1    1    1    -6430.66    -17.5336    0.596743    6.95515    
1    6    2    -6431.76    -20.0546    0.558143    6.72144    
1    8    3    -6433.26    -18.9784    0.575215    6.53065    
1    11    4    -6431.85    -16.169    0.579952    6.94437    
1    14    5    -6429.93    -17.1847    0.572036    6.83159    
1    15    6    -6438.31    -20.2306    0.600969    6.82319    
1    16    7    -6437.59    -19.7293    0.573768    7.02154    
1    19    8    -6436.05    -22.7673    0.593702    6.84741    
1    21    9    -6437.83    -25.2537    0.573771    6.61314    
1    22    10    -6440.37    -26.234    0.536793    6.44779    
1    31    11    -6442.09    -24.5342    0.554061    6.7011    
1    32    12    -6439.94    -21.8164    0.550453    6.58536    
1    34    13    -6439.86    -22.1304    0.557952    7.10137    
1    36    14    -6441.88    -27.2052    0.546444    6.55412    
1    46    15    -6439.58    -24.9193    0.573109    6.92382    
1    48    16    -6443.69    -28.3433    0.546489    6.43547    
1    52    17    -6442.75    -28.398    0.527869    6.34514    
1    53    18    -6441.98    -28.3545    0.534944    6.50737    
1    58    19    -6438.13    -24.6981    0.561926    6.48367    
1    59    20    -6436.62    -23.7939    0.579095    7.224    
1    60    21    -6437.14    -26.0467    0.563932    7.07926    
1    61    22    -6441.48    -28.3403    0.537835    6.70484    
1    64    23    -6444.33    -28.365    0.525438    6.5058    
1    65    24    -6441.57    -30.011    0.544907    7.20896    
1    72    25    -6435.59    -21.5878    0.56198    6.86884    
1    75    26    -6441.54    -30.2277    0.560192    7.61541    
1    81    27    -6444.39    -32.3198    0.542742    7.1454    
1    82    28    -6443.86    -32.8943    0.542812    7.24932    
1    94    29    -6444.38    -33.9726    0.533513    7.10743    
