#Task    Step    numberOfAcceptedPeleSteps    currentEnergy    BindingEnergy    sasaLig    distance_A43SG_L1S1    
1    0    0    -6419.5    -33.673    0.499119    6.03163    
1    1    1    -6440.48    -31.2738    0.513515    6.36041    
1    2    2    -6437.53    -29.6569    0.533999    6.00898    
1    5    3    -6438.4    -32.6009    0.519417    6.19967    
1    21    4    -6440.44    -33.6465    0.501544    6.10854    
1    28    5    -6438.24    -27.5082    0.54775    6.01624    
1    29    6    -6436.92    -32.8076    0.519894    6.4052    
1    31    7    -6435.97    -28.1763    0.545649    6.61318    
1    33    8    -6436.02    -30.9735    0.524178    5.5929    
1    39    9    -6438.11    -33.6791    0.512335    6.04417    
1    40    10    -6437.82    -29.1932    0.532322    6.52417    
1    41    11    -6436.2    -29.392    0.512044    6.16518    
1    48    12    -6435.94    -31.7719    0.526933    5.7977    
1    53    13    -6441.02    -33.102    0.506606    6.37043    
1    71    14    -6433.84    -23.6627    0.52925    7.08604    
1    73    15    -6440.7    -32.8115    0.509534    6.3399    
1    78    16    -6425.9    -10.5694    0.551776    6.3382    
1    79    17    -6427.38    -14.1382    0.554205    6.59436    
1    80    18    -6434.33    -20.3873    0.540232    6.64248    
1    81    19    -6438.75    -29.0313    0.51723    6.25121    
1    85    20    -6441.48    -31.1931    0.499202    6.16524    
1    91    21    -6446.64    -29.5296    0.552686    5.98806    
1    92    22    -6435.13    -14.8297    0.592478    5.6717    
1    100    23    -6448.07    -28.5362    0.56064    6.08843    
