#Task    Step    numberOfAcceptedPeleSteps    currentEnergy    BindingEnergy    sasaLig    distance_A43SG_L1S1    
1    0    0    -6415.03    -31.301    0.580485    8.46294    
1    1    1    -6440.53    -33.5426    0.570786    8.312    
1    3    2    -6435.85    -27.5602    0.573283    8.58596    
1    8    3    -6437.66    -31.101    0.5656    8.83203    
1    13    4    -6434.28    -32.4357    0.562161    8.43831    
1    17    5    -6431.83    -29.9818    0.565388    8.35537    
1    18    6    -6434.87    -26.3206    0.583255    8.13041    
1    19    7    -6432.35    -22.7386    0.582852    7.10466    
1    21    8    -6436.75    -30.5674    0.558692    7.24457    
1    25    9    -6434.29    -32.3286    0.558208    7.3251    
1    29    10    -6433.09    -29.4673    0.57175    9.04084    
1    31    11    -6435.54    -29.0504    0.567458    9.22664    
1    44    12    -6436.66    -27.9267    0.566481    8.89674    
1    60    13    -6433.5    -26.5177    0.550829    9.09447    
1    61    14    -6434.09    -26.9451    0.553889    9.29044    
1    65    15    -6432.11    -25.6765    0.55672    8.9586    
1    72    16    -6434.43    -24.9107    0.584804    9.04298    
1    75    17    -6435.97    -31.1479    0.592171    8.62785    
1    77    18    -6435.99    -23.8525    0.582179    7.53883    
1    81    19    -6438.1    -28.8477    0.571563    7.5389    
1    90    20    -6434.55    -25.2506    0.591188    7.67537    
1    93    21    -6440.35    -29.5826    0.560182    7.3902    
1    94    22    -6441.4    -28.3019    0.559143    7.79431    
1    95    23    -6442.63    -31.234    0.526349    8.04879    
1    96    24    -6437.67    -29.4808    0.529851    8.05785    
1    98    25    -6440.26    -30.0919    0.534505    8.22868    
