#Task    Step    numberOfAcceptedPeleSteps    currentEnergy    BindingEnergy    sasaLig    distance_A43SG_L1S1    
1    0    0    -6422.72    -26.8041    0.590134    9.81071    
1    1    1    -6440.25    -28.3144    0.561028    7.55512    
1    5    2    -6441.65    -32.0803    0.566442    7.23705    
1    9    3    -6439.1    -33.6765    0.548732    6.99735    
1    15    4    -6437.87    -31.3972    0.551201    7.25262    
1    21    5    -6439.82    -24.7675    0.587708    7.20759    
1    23    6    -6443.97    -25.6973    0.606812    7.37429    
1    24    7    -6444.63    -28.2028    0.591552    7.29811    
1    26    8    -6447.49    -26.2376    0.583764    7.32803    
1    29    9    -6450.26    -28.9824    0.576576    7.25877    
1    33    10    -6450.73    -29.7921    0.52677    7.1379    
1    34    11    -6451.81    -30.2936    0.528236    7.11017    
1    52    12    -6450.36    -28.6684    0.568023    7.02394    
1    57    13    -6450.74    -28.1098    0.581893    7.13637    
1    61    14    -6449.36    -29.4673    0.540434    7.42783    
1    63    15    -6452.86    -28.892    0.54733    7.46483    
1    65    16    -6450.16    -25.8796    0.559888    7.81839    
1    69    17    -6451.42    -29.3737    0.556956    7.53363    
1    79    18    -6447.8    -23.9125    0.585533    7.68429    
1    81    19    -6443.94    -22.7238    0.563226    8.43761    
1    84    20    -6448.02    -23.2746    0.5571    8.24582    
