#Task    Step    numberOfAcceptedPeleSteps    currentEnergy    BindingEnergy    sasaLig    distance_A43SG_L1S1    
1    0    0    -6412.72    -14.5441    0.660066    10.6891    
1    1    1    -6427.98    -5.44367    0.64984    9.13269    
1    3    2    -6438.02    -11.1418    0.649233    10.4723    
1    6    3    -6437.55    -10.4146    0.654773    10.4745    
1    7    4    -6436.76    -9.31103    0.677244    10.833    
1    9    5    -6435.21    -10.4386    0.638394    9.97539    
1    10    6    -6434.79    -9.45484    0.641421    9.55496    
1    12    7    -6432.34    -7.82795    0.666163    10.02    
1    14    8    -6434.9    -13.9828    0.629635    8.67289    
1    15    9    -6435.69    -18.0677    0.656137    8.98356    
1    16    10    -6426.91    -0.992963    0.617552    8.39705    
1    17    11    -6427.74    -3.36593    0.613857    8.61529    
1    20    12    -6429.63    -2.91503    0.685743    9.31246    
1    24    13    -6436.04    -10.6892    0.651562    8.98085    
1    27    14    -6434.14    -11.9172    0.688039    9.38942    
1    29    15    -6434.76    -23.0049    0.62597    8.79799    
1    30    16    -6433.61    -21.2948    0.630512    8.28617    
1    36    17    -6437.54    -22.182    0.620205    8.83043    
1    43    18    -6439.16    -22.7059    0.647855    9.08915    
1    45    19    -6439.78    -23.6464    0.637633    9.03633    
1    50    20    -6440.46    -23.3501    0.635133    9.11268    
1    53    21    -6441.81    -23.5481    0.636978    8.71555    
1    59    22    -6439.84    -23.4909    0.632781    8.74739    
1    61    23    -6437.85    -21.4556    0.63444    8.39717    
1    63    24    -6431.85    -11.1595    0.651619    8.95872    
1    64    25    -6435.08    -11.8397    0.653107    8.62672    
1    66    26    -6436.84    -12.8427    0.652386    9.23388    
1    68    27    -6440.46    -21.0356    0.627156    8.91429    
1    72    28    -6441.63    -19.8868    0.632584    8.71949    
1    73    29    -6440.67    -21.575    0.642612    8.82163    
1    74    30    -6436.96    -18.8487    0.640934    8.79622    
1    77    31    -6434.69    -15.1476    0.665298    9.43876    
1    78    32    -6435.66    -12.3886    0.662527    9.14574    
1    79    33    -6432.52    -6.67647    0.609321    7.76327    
1    81    34    -6437.98    -10.1258    0.650587    7.78947    
1    85    35    -6437.55    -13.1885    0.644434    9.99979    
1    86    36    -6436.29    -11.335    0.637508    9.61907    
1    88    37    -6437.85    -12.6214    0.64056    10.2354    
1    95    38    -6439.03    -15.8257    0.567245    9.6294    
1    97    39    -6446.62    -24.1901    0.540993    9.6934    
1    100    40    -6442.34    -21.6545    0.541491    9.21713    
