#Task    Step    numberOfAcceptedPeleSteps    currentEnergy    BindingEnergy    sasaLig    distance_A43SG_L1S1    
1    0    0    -6426.02    -41.8953    0.58293    8.74186    
1    1    1    -6423.78    -9.93925    0.619548    7.89461    
1    3    2    -6430.1    -28.5552    0.605999    9.6624    
1    5    3    -6439.61    -35.7517    0.542286    8.08604    
1    7    4    -6437.88    -35.2529    0.547242    8.18914    
1    12    5    -6435.93    -30.8519    0.544792    8.49006    
1    13    6    -6445.61    -38.6027    0.527996    8.19408    
1    22    7    -6443.84    -38.2763    0.529775    8.21943    
1    29    8    -6443.63    -34.9166    0.551163    9.99591    
1    31    9    -6446.62    -37.5611    0.557823    10.0032    
1    41    10    -6445.18    -38.3989    0.537389    9.697    
1    46    11    -6443.93    -34.0432    0.54354    9.687    
1    47    12    -6442.68    -34.8397    0.553155    10.0738    
1    52    13    -6442.42    -32.9973    0.552798    10.0129    
1    55    14    -6438.93    -27.8639    0.547768    9.92111    
1    57    15    -6446.57    -39.0251    0.536162    9.79658    
1    61    16    -6442.13    -37.9405    0.521044    9.93702    
1    62    17    -6442.04    -40.7576    0.544518    9.94189    
1    64    18    -6444.41    -40.5403    0.561756    9.72838    
1    65    19    -6446.06    -43.2298    0.523266    9.63029    
1    71    20    -6444.04    -34.1825    0.54364    9.60566    
1    77    21    -6443.07    -40.4268    0.531202    9.0507    
1    84    22    -6439.54    -37.5586    0.547996    9.45675    
1    89    23    -6446.03    -38.9169    0.529693    9.54121    
1    96    24    -6444.26    -34.9137    0.567379    9.19352    
1    97    25    -6447.53    -39.3741    0.534376    9.45186    
