#Task    Step    numberOfAcceptedPeleSteps    currentEnergy    BindingEnergy    sasaLig    distance_A43SG_L1S1    
1    0    0    -6418.09    -34.1405    0.438199    8.45902    
1    1    1    -6417.2    -9.56693    0.531148    8.65715    
1    2    2    -6428.14    -17.343    0.512404    8.62193    
1    3    3    -6428.4    -30.897    0.450053    8.91225    
1    5    4    -6435.48    -32.6545    0.456667    8.92442    
1    7    5    -6434.95    -32.2133    0.4735    8.78681    
1    8    6    -6434.73    -31.9524    0.494468    8.74497    
1    12    7    -6435.87    -30.3621    0.479596    8.39848    
1    15    8    -6437.23    -29.7616    0.513271    9.32138    
1    17    9    -6439.84    -34.2144    0.45728    8.9706    
1    21    10    -6440.1    -36.2164    0.448149    8.99532    
1    31    11    -6437.24    -34.1859    0.463271    9.71866    
1    32    12    -6436.51    -33.6724    0.455162    9.32551    
1    33    13    -6436    -36.8867    0.45596    9.13353    
1    35    14    -6437.54    -35.4495    0.476461    9.25249    
1    39    15    -6438.91    -37.0927    0.454214    9.19208    
1    48    16    -6438.02    -35.0405    0.468671    9.19547    
1    49    17    -6438.31    -22.3653    0.532102    8.79847    
1    55    18    -6440.1    -23.3965    0.502162    8.34384    
1    57    19    -6438.07    -23.2961    0.505923    8.08805    
1    59    20    -6438.95    -25.6131    0.492296    8.06837    
1    64    21    -6436.17    -22.5174    0.522502    7.86629    
1    65    22    -6441.03    -26.5955    0.502418    7.9508    
1    84    23    -6436.92    -22.8408    0.514859    7.62206    
1    91    24    -6436.27    -22.4479    0.51647    8.34671    
1    92    25    -6434.52    -22.3247    0.501734    8.01323    
1    97    26    -6436.24    -24.2275    0.537401    8.26784    
1    98    27    -6432.88    -21.5257    0.496936    8.4589    
