#Task    Step    numberOfAcceptedPeleSteps    currentEnergy    BindingEnergy    sasaLig    distance_A43SG_L1S1    
1    0    0    -6403.57    -44.3826    0.487471    8.31998    
1    1    1    -6425.97    -32.2049    0.558108    10.4483    
1    9    2    -6421.74    -31.8088    0.540854    10.7816    
1    14    3    -6421.83    -22.5526    0.54306    8.87978    
1    23    4    -6426.21    -24.3703    0.562979    8.93988    
1    25    5    -6427.54    -35.043    0.549778    8.77937    
1    35    6    -6427.9    -38.0531    0.566513    9.37932    
1    37    7    -6437.83    -45.2455    0.519465    9.1844    
1    43    8    -6428.16    -43.7864    0.467062    9.2878    
1    49    9    -6438.99    -51.8071    0.449135    9.48125    
1    51    10    -6438.95    -43.2587    0.472263    9.45141    
1    53    11    -6430.48    -41.1484    0.463556    8.88809    
1    57    12    -6433.24    -44.339    0.457257    8.93306    
1    69    13    -6420.51    -16.0668    0.533715    8.77673    
1    71    14    -6420.94    -18.9379    0.547829    8.4949    
1    73    15    -6432.07    -34.6583    0.508683    9.36056    
1    79    16    -6434.67    -37.7672    0.490477    9.52017    
1    80    17    -6436.5    -46.4372    0.465403    9.40704    
1    89    18    -6439.05    -46.2181    0.464742    9.50761    
1    91    19    -6436.75    -38.5548    0.483687    9.7517    
1    93    20    -6439.55    -43.9699    0.467833    9.61076    
1    98    21    -6439.84    -39.0109    0.472285    9.92433    
