#Task    Step    numberOfAcceptedPeleSteps    currentEnergy    BindingEnergy    sasaLig    distance_A43SG_L1S1    
1    0    0    -6423.68    -36.1648    0.496995    9.1657    
1    1    1    -6443.16    -34.9211    0.52974    10.3323    
1    5    2    -6443.62    -34.0141    0.517496    10.1677    
1    19    3    -6440.11    -32.2766    0.506846    10.3792    
1    30    4    -6446.97    -37.4067    0.470874    10.1301    
1    62    5    -6446.38    -34.2498    0.495438    10.2807    
1    71    6    -6447.16    -35.4536    0.477168    10.1101    
1    74    7    -6447.39    -35.8167    0.472779    10.1549    
1    80    8    -6442.9    -33.2971    0.487999    10.0457    
1    81    9    -6445.37    -35.2899    0.493986    10.1844    
1    93    10    -6447.42    -36.3394    0.472948    10.1453    
