#Task    Step    numberOfAcceptedPeleSteps    currentEnergy    BindingEnergy    sasaLig    distance_A43SG_L1S1    
1    0    0    -6422.48    -37.7027    0.480381    9.35101    
1    1    1    -6445.37    -39.3489    0.46866    9.46494    
1    3    2    -6445.13    -40.7857    0.468587    9.3475    
1    5    3    -6450.01    -42.3683    0.459514    9.25897    
1    10    4    -6448.79    -41.3273    0.475393    9.52596    
1    17    5    -6446.19    -38.3726    0.465575    9.18554    
1    18    6    -6447.5    -43.4934    0.47077    9.35773    
1    21    7    -6446.79    -39.8612    0.466225    9.01977    
1    25    8    -6446.27    -42.2426    0.463419    8.60017    
1    27    9    -6451.75    -38.6026    0.510399    8.48607    
1    30    10    -6453.55    -37.7069    0.517608    8.48791    
1    48    11    -6452.7    -36.8829    0.509934    8.53972    
1    56    12    -6454.65    -37.4066    0.504715    8.40315    
1    61    13    -6454.12    -41.4691    0.468279    8.57302    
1    63    14    -6447.25    -39.7104    0.470253    9.21066    
1    64    15    -6455.66    -43.1142    0.465754    9.18194    
1    68    16    -6455.47    -44.4183    0.465301    9.05869    
1    69    17    -6455.15    -42.3717    0.471702    9.1626    
1    83    18    -6454.25    -42.7311    0.474967    8.92531    
