#Task    Step    numberOfAcceptedPeleSteps    currentEnergy    BindingEnergy    sasaLig    distance_A43SG_L1S1    
1    0    0    -6415    -32.7157    0.498831    9.04076    
1    1    1    -6416.55    -18.2092    0.558641    5.9551    
1    5    2    -6420    -13.8241    0.596491    5.91536    
1    9    3    -6420.27    -19.6429    0.562978    6.114    
1    11    4    -6418.67    -16.3999    0.588883    5.08226    
1    12    5    -6425.74    -16.9789    0.606986    5.60659    
1    21    6    -6424.86    -16.1527    0.560388    4.76461    
1    22    7    -6424.55    -16.9628    0.547448    4.92337    
1    23    8    -6419.15    -20.8526    0.586746    9.84311    
1    26    9    -6416.39    -17.2154    0.585079    8.74242    
1    27    10    -6424.5    -31.1046    0.509028    7.24908    
1    29    11    -6428.41    -19.5027    0.574845    8.08729    
1    33    12    -6429.62    -18.8805    0.57983    7.85774    
1    36    13    -6425.88    -17.1875    0.556168    7.51593    
1    39    14    -6422.77    -25.6521    0.610516    7.73446    
1    41    15    -6427.69    -28.4365    0.590298    7.63093    
1    43    16    -6420.55    -21.8045    0.605989    7.93096    
1    45    17    -6421.09    -1.68936    0.652203    3.47053    
1    46    18    -6424.72    -0.789155    0.708293    9.174    
1    47    19    -6425.21    -11.6112    0.69878    10.6683    
1    49    20    -6421.1    1.17228    0.705739    9.54275    
1    50    21    -6428.53    -3.30863    0.66632    8.95808    
1    52    22    -6431.29    -6.91918    0.649118    9.21767    
1    53    23    -6431.73    -10.4711    0.66525    9.16719    
1    54    24    -6429.22    -8.22781    0.679234    9.50995    
1    55    25    -6430.93    -8.058    0.673671    10.1657    
1    57    26    -6433.84    -12.616    0.6493    9.53216    
1    63    27    -6432.11    -13.4087    0.622125    9.01103    
1    64    28    -6436.56    -17.4451    0.616033    8.55957    
1    71    29    -6433.39    -13.1548    0.623054    7.68241    
1    76    30    -6431.79    -16.2428    0.613419    8.31321    
1    77    31    -6432.2    -6.75953    0.653969    6.81937    
1    79    32    -6432.31    -7.39158    0.603048    7.20914    
1    80    33    -6431.99    -6.41862    0.605454    7.97035    
1    81    34    -6438.55    -14.7489    0.61067    9.01473    
1    86    35    -6438.44    -13.5381    0.652656    9.17136    
1    87    36    -6439.92    -16.4381    0.634805    8.33383    
1    89    37    -6439.44    -16.4674    0.591966    8.23172    
1    90    38    -6440.47    -18.6812    0.56341    8.46389    
1    93    39    -6440.69    -19.2983    0.577776    8.12191    
1    94    40    -6440.86    -18.8214    0.583682    7.85691    
1    98    41    -6440.46    -18.9626    0.59949    7.66251    
1    100    42    -6438.25    -17.8785    0.569349    7.64566    
