#Task    Step    numberOfAcceptedPeleSteps    currentEnergy    BindingEnergy    sasaLig    distance_A35SG_L1S1    
1    0    0    -6450.31    -28.9865    0.43787    3.814    
1    1    1    -6474.33    -27.0462    0.432605    4.19894    
1    13    2    -6471.68    -26.6758    0.433    4.0821    
1    16    3    -6471.26    -26.1411    0.425532    4.19062    
1    20    4    -6467    -22.4322    0.427622    5.24016    
1    22    5    -6468.58    -25.7573    0.434856    3.91685    
1    23    6    -6472.01    -24.0918    0.458479    4.27026    
1    33    7    -6467.94    -24.1861    0.422668    3.82642    
1    37    8    -6469.96    -28.0782    0.401981    3.74775    
1    50    9    -6471.39    -27.4032    0.411641    3.75338    
1    57    10    -6470.54    -27.5115    0.389611    3.7617    
1    66    11    -6467.73    -21.4413    0.4207    3.89203    
1    69    12    -6467.41    -25.4813    0.420936    3.75406    
1    75    13    -6462.88    -22.8176    0.436382    3.74436    
1    95    14    -6459.83    -21.3253    0.434003    4.00679    
1    96    15    -6462.05    -19.1402    0.490517    4.19747    
