#Task    Step    numberOfAcceptedPeleSteps    currentEnergy    BindingEnergy    sasaLig    distance_A35SG_L1S1    
1    0    0    -6447.94    -18.4482    0.507673    7.73995    
1    1    1    -6468.48    -19.9597    0.503359    7.26563    
1    4    2    -6468.94    -18.9379    0.494677    7.20531    
1    7    3    -6469.2    -17.1903    0.495972    7.14579    
1    11    4    -6472.38    -19.7564    0.476029    7.28239    
1    13    5    -6471.05    -21.032    0.466524    7.29822    
1    17    6    -6471.84    -19.0781    0.463917    7.49378    
1    20    7    -6463.71    -11.3709    0.47182    8.3641    
1    21    8    -6468.21    -17.8767    0.499739    7.78554    
1    27    9    -6473.05    -20.8676    0.453891    7.43562    
1    34    10    -6469.86    -17.9847    0.468729    7.03799    
1    42    11    -6470.03    -17.2381    0.512893    7.55641    
1    46    12    -6469.25    -17.4771    0.513985    6.83237    
1    50    13    -6467    -13.6896    0.543299    8.36126    
1    56    14    -6466.88    -12.8547    0.545498    7.53178    
1    59    15    -6467.6    -12.2053    0.575882    7.4592    
1    63    16    -6463.77    -9.0009    0.639491    7.06196    
1    64    17    -6463.4    -6.64472    0.529139    7.69186    
1    65    18    -6467.38    -15.5168    0.516821    6.82745    
1    67    19    -6469.88    -15.1343    0.510674    7.22157    
1    68    20    -6468.03    -13.6748    0.508972    8.59816    
1    72    21    -6472.51    -18.9681    0.493047    7.16794    
1    73    22    -6467.31    -18.5238    0.478114    7.51524    
1    81    23    -6468.24    -19.8458    0.466497    7.41073    
1    93    24    -6469.38    -22.434    0.467516    7.48811    
