#Task    Step    numberOfAcceptedPeleSteps    currentEnergy    BindingEnergy    sasaLig    distance_A35SG_L1S1    
1    0    0    -6452.61    -26.0456    0.424161    6.80055    
1    1    1    -6478.95    -27.5696    0.4018    6.88395    
1    2    2    -6477.6    -27.1902    0.414947    6.79501    
1    5    3    -6481.74    -28.0021    0.399969    6.75856    
1    6    4    -6480.72    -26.0339    0.406673    7.15416    
1    12    5    -6478.73    -24.5141    0.449194    7.05514    
1    14    6    -6473.37    -19.3332    0.439498    6.57226    
1    17    7    -6476.63    -27.4459    0.39669    6.84301    
1    25    8    -6484.37    -29.5102    0.393759    6.74739    
1    37    9    -6484.74    -28.6303    0.385469    6.85849    
1    38    10    -6479.39    -20.4621    0.394512    6.37381    
1    39    11    -6490.02    -27.7761    0.385191    6.72138    
1    61    12    -6482.25    -27.8186    0.382711    6.95829    
1    65    13    -6486.64    -29.3764    0.384772    6.79783    
1    74    14    -6484.42    -25.0535    0.407858    7.58822    
1    78    15    -6486.61    -28.4738    0.382315    6.80551    
