#Task    Step    numberOfAcceptedPeleSteps    currentEnergy    BindingEnergy    sasaLig    distance_A35SG_L1S1    
1    0    0    -6445.1    -25.9445    0.437194    6.35908    
1    1    1    -6453.35    -13.3841    0.450846    8.49067    
1    3    2    -6452.44    -9.88011    0.487597    8.65289    
1    6    3    -6454.17    -14.2332    0.466847    8.6332    
1    7    4    -6463.85    -13.7439    0.503912    8.43522    
1    44    5    -6459.32    -9.92072    0.49771    8.48147    
1    45    6    -6462.44    -18.2444    0.418058    8.63106    
1    48    7    -6460.63    -15.8461    0.434946    8.06007    
1    49    8    -6457.03    -16.7126    0.440011    8.54018    
1    52    9    -6455.42    -14.164    0.463409    8.86481    
1    56    10    -6452.05    -10.7118    0.495698    9.88236    
1    59    11    -6453.77    -3.38539    0.578283    8.66636    
1    60    12    -6453.23    -3.07085    0.605265    9.5759    
1    61    13    -6459.31    -14.3106    0.559414    9.05784    
1    63    14    -6462.09    -16.405    0.551007    8.73251    
1    66    15    -6463.37    -17.7736    0.560825    9.04398    
1    71    16    -6462.52    -19.9304    0.540995    9.65592    
1    73    17    -6462.27    -21.5426    0.509915    8.78639    
1    76    18    -6461.18    -19.2887    0.557585    9.15371    
1    82    19    -6466.34    -22.0451    0.554902    9.22708    
1    84    20    -6468.85    -23.7452    0.511997    8.28107    
1    85    21    -6470.91    -25.8683    0.497568    8.11704    
1    90    22    -6471.46    -24.0726    0.491507    8.29464    
1    100    23    -6467.72    -19.6021    0.488709    7.47468    
