#Task    Step    numberOfAcceptedPeleSteps    currentEnergy    BindingEnergy    sasaLig    distance_A35SG_L1S1    
1    0    0    -6445.51    -20.6622    0.463004    6.60444    
1    1    1    -6471.85    -20.3971    0.452183    6.61404    
1    4    2    -6476.58    -19.9631    0.45749    6.37549    
1    5    3    -6479.81    -18.3669    0.447296    6.32195    
1    10    4    -6481.55    -18.4458    0.45944    5.90325    
1    13    5    -6483.67    -21.6485    0.457976    6.20969    
1    20    6    -6485.54    -21.6273    0.486444    6.18277    
1    26    7    -6487.81    -21.7262    0.476973    6.35848    
1    28    8    -6484.09    -18.5506    0.453336    6.42383    
1    33    9    -6485.48    -21.5836    0.456976    6.6833    
1    36    10    -6486.85    -21.2298    0.475589    6.46605    
1    37    11    -6465.88    -5.41537    0.453684    4.24888    
1    38    12    -6469.86    -8.03106    0.460027    3.73991    
1    50    13    -6471.62    -6.898    0.486131    3.75677    
1    52    14    -6467.58    -5.0876    0.467982    3.69888    
1    53    15    -6472.51    -17.0642    0.46945    4.80576    
1    59    16    -6478.98    -20.8353    0.473182    3.68106    
1    60    17    -6480.27    -19.533    0.478728    3.76053    
1    62    18    -6482.84    -21.8378    0.48418    3.65876    
1    63    19    -6482.53    -22.2749    0.486444    3.75744    
1    69    20    -6483.18    -22.9125    0.481883    3.63341    
1    70    21    -6479.2    -19.725    0.493102    4.03151    
1    77    22    -6478.17    -21.5561    0.494976    4.93262    
1    78    23    -6479.23    -21.9903    0.491309    3.69855    
1    79    24    -6478.53    -20.389    0.479526    7.29657    
1    80    25    -6483.52    -21.8203    0.480942    5.19688    
1    82    26    -6482.87    -23.0512    0.464092    5.54546    
1    83    27    -6476.17    -16.3787    0.524692    3.8185    
1    84    28    -6477.69    -17.7633    0.499054    4.68207    
1    87    29    -6483.5    -20.0822    0.490479    4.04326    
1    88    30    -6484.85    -20.8599    0.481164    4.63186    
1    90    31    -6482.26    -20.0338    0.46769    4.09536    
1    95    32    -6481.7    -21.119    0.499857    4.79389    
1    98    33    -6482.16    -19.5739    0.494856    5.70465    
