#Task    Step    numberOfAcceptedPeleSteps    currentEnergy    BindingEnergy    sasaLig    distance_A35SG_L1S1    
1    0    0    -6454.45    -24.0341    0.399254    6.87042    
1    4    1    -6477.85    -24.3834    0.38793    6.66317    
1    17    2    -6478    -25.2634    0.398805    6.76739    
1    27    3    -6465.77    -16.2461    0.418343    7.53796    
1    28    4    -6471.52    -22.1522    0.418404    6.82017    
1    33    5    -6473.28    -23.5359    0.402011    6.83807    
1    39    6    -6473.19    -24.0615    0.413692    6.91777    
1    50    7    -6473.27    -23.7954    0.386725    6.41367    
1    51    8    -6471.07    -22.2994    0.40365    6.44968    
1    52    9    -6465.45    -15.5543    0.480528    7.12704    
1    54    10    -6470.9    -21.472    0.440278    6.72123    
1    59    11    -6470.3    -22.9039    0.405973    6.75686    
1    61    12    -6475.66    -23.3583    0.403901    6.90568    
1    64    13    -6474.12    -21.7365    0.415781    6.75634    
1    69    14    -6472.85    -23.4985    0.400416    6.85503    
1    87    15    -6474.9    -23.375    0.394952    6.7585    
1    90    16    -6469.09    -15.859    0.445932    7.60098    
1    96    17    -6474.27    -20.3115    0.447253    6.55601    
1    97    18    -6477.08    -23.6512    0.405924    6.88426    
1    100    19    -6474.48    -20.8399    0.430511    6.44477    
