#Task    Step    numberOfAcceptedPeleSteps    currentEnergy    BindingEnergy    sasaLig    distance_A35SG_L1S1    
1    0    0    -6448.69    -21.7047    0.406061    4.18992    
1    1    1    -6450.27    -9.22386    0.509084    9.01334    
1    3    2    -6451.26    -6.6984    0.565959    7.56122    
1    9    3    -6455.03    -7.85064    0.5784    8.48972    
1    11    4    -6453.3    -5.75519    0.589504    9.11808    
1    12    5    -6459.28    -4.04781    0.589789    9.15994    
1    13    6    -6471.1    -11.0701    0.502167    8.21457    
1    14    7    -6464.63    -4.26789    0.543996    7.94005    
1    16    8    -6464.03    -1.54994    0.552825    7.82167    
1    17    9    -6463.81    -3.94691    0.564645    7.92373    
1    19    10    -6466.68    -8.06767    0.534776    8.79531    
1    20    11    -6464.62    -5.3331    0.553597    8.2276    
1    21    12    -6468.71    -8.72154    0.550112    8.39635    
1    22    13    -6472.75    -9.84314    0.501892    8.41734    
1    23    14    -6472.93    -8.89866    0.535404    8.4506    
1    34    15    -6471.59    -7.53474    0.552464    8.43294    
1    35    16    -6472.38    -10.2156    0.473383    8.24823    
1    38    17    -6471.99    -11.0326    0.483486    8.30013    
1    41    18    -6465.1    -8.36864    0.489841    8.03552    
1    42    19    -6463.56    -7.32768    0.500607    7.59975    
1    43    20    -6463.54    -7.36816    0.48492    7.76726    
1    45    21    -6467.49    -12.6863    0.475194    8.77729    
1    49    22    -6470.94    -13.3625    0.458305    8.88501    
1    55    23    -6471.42    -14.1624    0.458327    8.91557    
1    61    24    -6469.81    -11.4868    0.479718    8.47648    
1    66    25    -6468.26    -9.14818    0.489914    8.68993    
1    67    26    -6468.37    -9.81331    0.492548    8.19422    
1    68    27    -6469.52    -8.75987    0.522157    8.0206    
1    72    28    -6473.01    -10.3655    0.485396    8.18603    
1    75    29    -6473.31    -10.5861    0.504337    8.34474    
1    77    30    -6472.62    -10.7825    0.491553    8.2678    
1    80    31    -6471.9    -10.7038    0.486521    8.20691    
1    82    32    -6473.13    -11.8112    0.48193    8.42551    
1    83    33    -6470.57    -9.95883    0.512386    8.03199    
1    87    34    -6472.67    -11.2622    0.495862    8.70907    
1    90    35    -6475.09    -15.812    0.447119    9.26355    
1    100    36    -6473.23    -12.3632    0.493264    8.90699    
