#Task    Step    numberOfAcceptedPeleSteps    currentEnergy    BindingEnergy    sasaLig    distance_A35SG_L1S1    
1    0    0    -6447.52    -27.2345    0.376358    8.12129    
1    1    1    -6450.84    -3.91994    0.486174    3.68504    
1    2    2    -6453.66    -1.62712    0.541998    6.95822    
1    4    3    -6453.33    -1.82534    0.534437    3.65336    
1    6    4    -6459.69    -5.69932    0.506299    3.57085    
1    7    5    -6458.68    -3.85214    0.517008    4.47727    
1    9    6    -6459.51    -4.89908    0.528498    3.77826    
1    12    7    -6459.95    -4.49975    0.499177    3.51544    
1    16    8    -6466.11    -8.04134    0.504133    3.64557    
1    17    9    -6465.19    -7.52097    0.504574    3.69816    
1    20    10    -6462.45    -6.3632    0.506903    3.43014    
1    21    11    -6464.29    -8.31818    0.511758    3.64995    
1    22    12    -6465.49    -8.83296    0.516459    3.61965    
1    23    13    -6458.8    -5.93541    0.494113    4.5525    
1    25    14    -6457.79    -5.58197    0.486925    5.13418    
1    26    15    -6462.45    -7.03137    0.518316    4.85745    
1    28    16    -6465.67    -6.77316    0.499867    4.66241    
1    37    17    -6459.85    -1.84952    0.554816    5.95682    
1    38    18    -6455.78    3.34556    0.51535    6.05392    
1    39    19    -6463.4    -2.02501    0.573706    8.28241    
1    40    20    -6467.34    -3.65402    0.522682    6.81946    
1    44    21    -6464.78    -1.53772    0.517748    3.83256    
1    45    22    -6465.51    -7.4544    0.542428    9.57621    
1    50    23    -6466.15    -5.93709    0.542966    8.93693    
1    52    24    -6465.7    -4.62633    0.527955    7.63391    
1    57    25    -6460.97    -4.43796    0.538263    8.64894    
1    58    26    -6465.95    -5.80996    0.546359    7.81835    
1    64    27    -6467.28    -8.21379    0.543632    8.7863    
1    67    28    -6464.66    -7.223    0.512447    8.6544    
1    68    29    -6469.04    -10.5157    0.523745    7.95963    
1    79    30    -6468.43    -8.66331    0.556109    7.74224    
1    81    31    -6458.49    -17.2921    0.518905    10.8423    
1    83    32    -6466.59    -22.9117    0.538485    10.9134    
1    88    33    -6469.94    -23.9514    0.502918    9.77963    
1    94    34    -6461.83    -20.1578    0.503086    8.77827    
1    95    35    -6457.32    -14.5704    0.516677    8.5167    
1    99    36    -6464.88    -21.4864    0.505749    8.19783    
