#Task    Step    numberOfAcceptedPeleSteps    currentEnergy    BindingEnergy    sasaLig    distance_A35SG_L1S1    
1    0    0    -6461.54    -28.2559    0.468222    8.97929    
1    3    1    -6485.83    -29.4763    0.467553    8.61755    
1    5    2    -6485.76    -28.8924    0.471482    8.95586    
1    6    3    -6482.53    -27.077    0.479947    8.59593    
1    9    4    -6486.37    -29.3794    0.474008    8.99293    
1    18    5    -6486.64    -28.6756    0.470604    9.24813    
1    26    6    -6481.61    -26.5615    0.470745    9.06484    
1    41    7    -6482.97    -29.4199    0.470239    9.17204    
1    53    8    -6479.7    -28.8938    0.478605    9.03884    
1    57    9    -6483.38    -29.2839    0.470111    8.80764    
1    69    10    -6483.82    -29.2409    0.475294    9.0172    
1    70    11    -6476.32    -20.7399    0.493304    9.62175    
1    71    12    -6472.7    -28.7628    0.488728    10.7118    
1    73    13    -6490.57    -36.1355    0.461711    11.2121    
1    81    14    -6492.69    -37.2268    0.461453    11.3021    
1    87    15    -6488    -33.1297    0.476845    11.3006    
1    99    16    -6486.52    -35.0006    0.478659    11.4534    
1    100    17    -6485.53    -31.8315    0.485292    11.3326    
