#Task    Step    numberOfAcceptedPeleSteps    currentEnergy    BindingEnergy    sasaLig    distance_A35SG_L1S1    
1    0    0    -6453.04    -23.7057    0.357758    6.76648    
1    1    1    -6452.25    -13.3593    0.406771    4.85108    
1    4    2    -6459.87    -18.1199    0.485565    3.80074    
1    9    3    -6459.02    -24.8221    0.525966    5.17896    
1    14    4    -6459.63    -17.889    0.477907    4.13004    
1    21    5    -6466.46    -22.6015    0.508818    5.4163    
1    24    6    -6469.63    -22.2293    0.526609    4.80549    
1    25    7    -6468.55    -20.9733    0.541112    5.04658    
1    26    8    -6468.87    -20.0475    0.564252    5.89831    
1    32    9    -6472.04    -20.9295    0.547538    5.55955    
1    33    10    -6474.34    -20.4441    0.549662    5.10291    
1    34    11    -6471.89    -20.8631    0.519702    4.81721    
1    36    12    -6471.65    -20.8876    0.507734    4.22211    
1    37    13    -6474.99    -20.3263    0.46271    3.94783    
1    40    14    -6474.18    -20.2539    0.478324    4.58596    
1    41    15    -6470.08    -20.3099    0.519659    5.3967    
1    42    16    -6473.12    -22.0318    0.515828    4.28459    
1    43    17    -6475.61    -22.0518    0.510301    4.32343    
1    44    18    -6475.77    -21.689    0.54685    4.83748    
1    51    19    -6476.66    -21.8382    0.520517    4.31907    
1    54    20    -6475.2    -22.1273    0.509888    4.02849    
1    60    21    -6475.71    -22.2822    0.538265    4.79665    
1    67    22    -6476.62    -22.636    0.50595    4.09107    
1    69    23    -6476.25    -22.9486    0.512172    4.22598    
1    70    24    -6475.47    -22.9016    0.516715    4.43615    
1    71    25    -6474.85    -22.2304    0.517333    4.53336    
1    83    26    -6475.54    -22.4919    0.475191    4.10937    
1    86    27    -6470.51    -23.5186    0.477602    4.09518    
1    96    28    -6471    -22.0093    0.475481    4.15147    
1    97    29    -6471.8    -21.2398    0.495838    4.42997    
