#Task    Step    numberOfAcceptedPeleSteps    currentEnergy    BindingEnergy    sasaLig    distance_A35SG_L1S1    
1    0    0    -6438.36    -24.126    0.40222    5.45902    
1    1    1    -6456.07    -20.3923    0.417964    6.25308    
1    11    2    -6455.54    -18.8864    0.425839    6.42527    
1    13    3    -6456.07    -18.3239    0.406474    6.66294    
1    14    4    -6452.41    -15.3072    0.420975    5.70541    
1    15    5    -6460.24    -21.9568    0.40173    6.23599    
1    19    6    -6460.47    -22.5767    0.404278    5.86387    
1    33    7    -6458.63    -19.7558    0.396595    5.86873    
1    40    8    -6456.86    -14.6929    0.406492    7.15529    
1    43    9    -6461.01    -20.4714    0.403658    6.09073    
1    48    10    -6462.05    -19.1773    0.386614    6.20218    
1    52    11    -6462.69    -21.6944    0.398023    5.55977    
1    55    12    -6446.12    -8.13843    0.445788    7.48544    
1    58    13    -6443.76    -9.37809    0.482395    11.3512    
1    60    14    -6448.8    -8.3865    0.515019    11.4761    
1    66    15    -6452.01    -6.7721    0.577916    12.5108    
1    67    16    -6454.15    -5.08581    0.630266    11.5669    
1    74    17    -6452.64    -2.09155    0.611017    11.5879    
1    75    18    -6457.31    -3.34036    0.653379    9.12174    
1    78    19    -6459.93    -7.93311    0.5968    9.67374    
1    80    20    -6461.55    -11.4217    0.557741    9.28271    
1    81    21    -6462.23    -16.1523    0.527892    9.0182    
1    85    22    -6459.73    -17.0882    0.51219    9.06488    
1    93    23    -6461.16    -17.8804    0.492675    8.95299    
1    99    24    -6464.35    -8.81806    0.499124    7.76417    
1    100    25    -6466.82    -7.9433    0.556768    8.18071    
