#Task    Step    numberOfAcceptedPeleSteps    currentEnergy    BindingEnergy    sasaLig    distance_A35SG_L1S1    
1    0    0    -6448.26    -34.9757    0.47496    6.83523    
1    1    1    -6450.34    -8.80908    0.530257    7.06297    
1    3    2    -6453.35    -9.60673    0.494396    8.59293    
1    4    3    -6453.03    -7.31387    0.485896    7.33239    
1    7    4    -6460.95    -23.4754    0.491754    6.97939    
1    15    5    -6463.98    -28.9374    0.445441    6.74859    
1    17    6    -6463.46    -27.3703    0.426992    6.4164    
1    23    7    -6462.78    -26.0457    0.433575    6.43667    
1    31    8    -6464.3    -25.0068    0.423891    6.30544    
1    32    9    -6464.62    -25.3124    0.406803    6.04353    
1    35    10    -6447.39    -5.05833    0.460486    4.25209    
1    36    11    -6448.33    -11.3646    0.52052    4.70749    
1    37    12    -6448.94    -10.5102    0.439306    5.09893    
1    39    13    -6457.71    -18.9749    0.447655    4.7633    
1    41    14    -6459.89    -17.326    0.449304    3.92151    
1    43    15    -6445.93    -3.60622    0.465156    4.11109    
1    44    16    -6441.67    -3.56478    0.525073    7.92961    
1    45    17    -6458.14    -11.5412    0.473994    7.61662    
1    46    18    -6459.9    -10.3022    0.460462    7.35316    
1    47    19    -6459.6    -8.38448    0.46856    7.30803    
1    50    20    -6462.65    -14.6301    0.488652    7.17183    
1    55    21    -6466.5    -19.9599    0.505833    5.14069    
1    57    22    -6469.93    -21.8551    0.478488    5.50647    
1    64    23    -6467.91    -21.3572    0.540077    4.4985    
1    65    24    -6463.86    -16.0916    0.477504    8.4013    
1    66    25    -6471.37    -20.8671    0.495147    8.51666    
1    70    26    -6470.59    -22.0743    0.491948    7.93076    
1    73    27    -6466.47    -23.668    0.425196    5.93377    
1    75    28    -6467.04    -26.759    0.441085    5.48401    
1    76    29    -6466.3    -22.3565    0.475165    7.71089    
1    80    30    -6466.49    -21.705    0.481062    8.03081    
1    82    31    -6468.24    -26.79    0.439959    7.00737    
1    99    32    -6466.51    -24.7122    0.438007    7.77627    
