#Task    Step    numberOfAcceptedPeleSteps    currentEnergy    BindingEnergy    sasaLig    distance_A35SG_L1S1    
1    0    0    -6427.63    -10.5803    0.482172    4.44517    
1    1    1    -6462.13    -16.7829    0.401428    3.86563    
1    5    2    -6465.08    -15.5723    0.386576    3.76653    
1    11    3    -6464.31    -10.6405    0.402728    3.79054    
1    12    4    -6463.87    -8.85781    0.449262    4.99343    
1    16    5    -6464.09    -9.40049    0.449039    4.10329    
1    21    6    -6461.88    -7.16238    0.548266    8.94014    
1    22    7    -6450.32    5.61502    0.526448    10.1651    
1    23    8    -6456.73    -0.232466    0.508938    7.72874    
1    26    9    -6458.6    -1.92088    0.499686    8.07621    
1    30    10    -6460.05    -2.73785    0.524772    9.20356    
1    31    11    -6462.26    -3.99236    0.549225    9.19486    
1    32    12    -6461.69    -2.09682    0.589592    9.18553    
1    34    13    -6460.68    -0.399042    0.574456    8.77487    
1    35    14    -6460.44    -1.02844    0.608052    8.92544    
1    37    15    -6458.7    1.70824    0.581524    7.98803    
1    39    16    -6459.04    0.391213    0.559233    8.43507    
1    40    17    -6458.2    1.43629    0.617121    7.78235    
1    41    18    -6460.3    -3.51755    0.582274    7.34956    
1    42    19    -6458.89    -4.71837    0.59033    7.59992    
1    43    20    -6456.35    -4.03124    0.500214    6.62637    
1    44    21    -6458.4    -2.96806    0.519187    7.65453    
1    46    22    -6449.76    0.0762262    0.670756    10.2952    
1    47    23    -6458.37    -4.67392    0.644259    11.0931    
1    48    24    -6461.93    -5.81822    0.624402    10.2005    
1    50    25    -6461.12    -11.8529    0.549558    9.50219    
1    52    26    -6466.91    -17.0531    0.499665    8.23201    
1    54    27    -6465.91    -20.0326    0.486303    7.65219    
1    58    28    -6467.03    -18.453    0.479172    7.4571    
1    63    29    -6466.97    -18.951    0.479695    7.74012    
1    65    30    -6464.13    -17.8829    0.489767    8.44856    
1    67    31    -6464.74    -14.5194    0.518788    8.49932    
1    68    32    -6472.76    -18.097    0.51617    9.11096    
1    70    33    -6473.43    -16.0276    0.518855    9.38926    
1    72    34    -6472.18    -14.1917    0.53175    9.72265    
1    78    35    -6457.61    -0.311766    0.593099    7.67431    
1    79    36    -6464.17    -9.71164    0.548195    7.12536    
1    80    37    -6464.82    -7.62603    0.596157    7.66755    
1    84    38    -6465.99    -9.5457    0.590496    9.00205    
1    87    39    -6465.65    -11.6893    0.566269    8.72107    
1    88    40    -6465.74    -9.72324    0.557203    9.05429    
1    92    41    -6466.78    -10.2187    0.579548    8.9863    
1    93    42    -6468.52    -11.6929    0.565639    9.19369    
1    94    43    -6464.54    -6.00784    0.617648    10.0267    
1    97    44    -6470.51    -12.4335    0.593965    8.80722    
1    98    45    -6471.31    -11.0869    0.599539    8.99906    
