#Task    Step    numberOfAcceptedPeleSteps    currentEnergy    BindingEnergy    sasaLig    distance_A35SG_L1S1    
1    0    0    -6441.92    -13.0237    0.503549    10.6208    
1    1    1    -6455.76    -16.3276    0.514831    12.0356    
1    3    2    -6461.47    -19.0982    0.495479    12.0433    
1    5    3    -6459.28    -22.4572    0.477624    11.8895    
1    6    4    -6457.85    -23.4123    0.486808    12.4849    
1    9    5    -6462.88    -21.6671    0.437157    10.0199    
1    13    6    -6464.07    -22.0467    0.447203    10.1282    
1    22    7    -6468.66    -22.5779    0.463697    9.93821    
1    30    8    -6465.38    -15.9651    0.496598    9.99363    
1    31    9    -6464.58    -20.821    0.500286    12.6103    
1    42    10    -6462.19    -20.5627    0.527829    12.2574    
1    43    11    -6461.94    -12.8962    0.540695    10.8243    
1    47    12    -6464.06    -15.7549    0.508507    11.6616    
1    48    13    -6460    -12.0362    0.506497    11.3668    
1    49    14    -6460.75    -17.8892    0.503171    10.6006    
1    61    15    -6457.81    -23.5191    0.519406    10.1977    
1    77    16    -6453.48    -23.8552    0.524234    10.1471    
1    79    17    -6462.01    -21.3142    0.549785    10.3494    
1    92    18    -6458.94    -19.9654    0.596047    10.135    
1    94    19    -6464.98    -22.034    0.574996    10.9996    
1    96    20    -6460.17    -19.7806    0.583059    9.88349    
1    97    21    -6462.79    -28.1504    0.436233    11.4456    
