#Task    Step    numberOfAcceptedPeleSteps    currentEnergy    BindingEnergy    sasaLig    distance_A35SG_L1S1    
1    0    0    -6447.46    -24.1242    0.403995    7.25746    
1    3    1    -6469.6    -27.2625    0.371237    7.12611    
1    10    2    -6464.65    -20.6126    0.382827    7.06635    
1    11    3    -6466.98    -26.2417    0.39356    7.90171    
1    13    4    -6465.49    -26.1818    0.362581    7.48019    
1    16    5    -6468.81    -26.7376    0.377092    7.22359    
1    30    6    -6470.44    -27.0238    0.360194    7.28894    
1    32    7    -6470.32    -26.95    0.373576    7.1625    
1    64    8    -6469.9    -26.3009    0.361704    7.27927    
1    73    9    -6468.3    -27.5441    0.36326    7.17739    
1    83    10    -6466.77    -25.4046    0.381531    7.33601    
1    93    11    -6466.2    -26.563    0.35349    7.29178    
