#Task    Step    numberOfAcceptedPeleSteps    currentEnergy    BindingEnergy    sasaLig    distance_A35SG_L1S1    
1    0    0    -6452.95    -50.545    0.354105    9.6533    
1    1    1    -6457.76    -35.6994    0.410645    8.84596    
1    2    2    -6455.63    -34.5288    0.431322    8.46887    
1    4    3    -6459.42    -31.3783    0.505079    8.25439    
1    7    4    -6468.96    -36.9578    0.42759    8.13728    
1    9    5    -6473.31    -45.674    0.371917    7.87894    
1    15    6    -6475.03    -47.1423    0.364744    7.68536    
1    36    7    -6473.77    -45.1803    0.35614    7.52247    
1    37    8    -6471.76    -44.0664    0.36617    7.77715    
1    65    9    -6473.76    -47.1653    0.369169    9.54926    
1    70    10    -6472.44    -46.7695    0.364159    9.4227    
1    89    11    -6472.67    -49.1879    0.360027    9.37689    
1    90    12    -6475.35    -48.9681    0.369927    9.37069    
