#Task    Step    numberOfAcceptedPeleSteps    currentEnergy    BindingEnergy    sasaLig    distance_A35SG_L1S1    
1    0    0    -6433.17    -27.3938    0.416245    8.48465    
1    1    1    -6455.35    -27.2679    0.40818    8.95392    
1    9    2    -6455.56    -28.7825    0.396252    8.44473    
1    10    3    -6446.3    -17.2491    0.474268    8.60146    
1    11    4    -6452.39    -27.2231    0.38386    8.58004    
1    12    5    -6450.71    -24.6577    0.393319    9.31766    
1    13    6    -6453.52    -27.1679    0.408356    9.09727    
1    18    7    -6451.21    -23.5979    0.407547    8.31425    
1    19    8    -6451.89    -27.0237    0.386722    8.44162    
1    24    9    -6456.42    -26.3911    0.420146    8.20599    
1    29    10    -6457.12    -27.4399    0.378637    8.06307    
1    31    11    -6458.63    -29.4008    0.386476    8.39591    
1    41    12    -6461.4    -30.787    0.387837    8.34935    
1    49    13    -6460.21    -30.836    0.389094    8.28986    
1    63    14    -6447.3    -22.373    0.428303    8.763    
1    64    15    -6449.25    -22.7965    0.428689    8.36105    
1    65    16    -6452.22    -23.4893    0.419753    8.9335    
1    76    17    -6452.95    -23.3743    0.417091    8.85948    
1    77    18    -6451.59    -23.0654    0.419842    8.71862    
1    79    19    -6453.04    -25.8388    0.378585    8.12795    
1    83    20    -6450.82    -22.3444    0.419029    8.50134    
1    85    21    -6451.26    -25.1409    0.39289    8.18343    
1    88    22    -6451.29    -25.5735    0.376553    8.03904    
