#Task    Step    numberOfAcceptedPeleSteps    currentEnergy    BindingEnergy    sasaLig    distance_A35SG_L1S1    
1    0    0    -6451.77    -23.58    0.388912    6.93999    
1    1    1    -6467.67    -25.0425    0.385149    6.90815    
1    4    2    -6468.42    -23.0622    0.381157    7.05303    
1    9    3    -6462.01    -24.2142    0.386298    6.96252    
1    11    4    -6464.68    -21.9265    0.384839    7.30316    
1    13    5    -6466.08    -22.4673    0.382537    7.12719    
1    17    6    -6470.75    -24.4901    0.372702    6.91141    
1    39    7    -6469.15    -24.3611    0.365044    6.95164    
1    53    8    -6469.65    -24.8209    0.375153    6.85911    
1    55    9    -6465.97    -21.0548    0.425862    6.98462    
1    56    10    -6464.86    -17.8053    0.389892    7.10271    
1    73    11    -6467.76    -30.3779    0.384297    7.1045    
1    75    12    -6464    -33.7138    0.367297    7.50576    
1    76    13    -6464.69    -34.6467    0.360039    7.69136    
1    77    14    -6463.21    -36.6659    0.355531    7.73649    
1    79    15    -6468.25    -34.0131    0.359851    8.35613    
1    86    16    -6465.59    -31.4222    0.375418    7.99784    
1    90    17    -6462.25    -29.1493    0.376646    8.16775    
1    91    18    -6462.68    -25.984    0.393866    8.35133    
1    92    19    -6464.92    -24.9458    0.394307    8.71231    
1    93    20    -6467.05    -30.243    0.386054    8.1761    
1    95    21    -6467.09    -30.16    0.393918    8.58573    
1    97    22    -6468.2    -33.4441    0.388294    8.07557    
