#Task    Step    numberOfAcceptedPeleSteps    currentEnergy    BindingEnergy    sasaLig    distance_A35SG_L1S1    
1    0    0    -6457.89    -33.7707    0.464638    6.95106    
1    1    1    -6456.77    -12.7141    0.506769    3.88721    
1    2    2    -6455.28    -8.94069    0.520597    5.31765    
1    5    3    -6452.29    -14.1315    0.422919    6.94894    
1    7    4    -6469.02    -20.925    0.518099    4.68359    
1    19    5    -6469.58    -19.631    0.550522    3.70281    
1    20    6    -6472.38    -22.9484    0.508023    3.86894    
1    21    7    -6475.65    -25.072    0.497199    3.73826    
1    30    8    -6473.6    -23.0554    0.516491    4.73267    
1    37    9    -6471.91    -24.8613    0.491672    3.89974    
1    39    10    -6473.66    -25.816    0.496462    4.21741    
1    57    11    -6473.81    -21.4726    0.510945    4.14117    
1    59    12    -6474.04    -18.1103    0.573556    4.96513    
1    60    13    -6475.04    -19.4635    0.56238    5.01985    
1    61    14    -6470.92    -22.672    0.528815    5.01383    
1    62    15    -6472.23    -21.8499    0.551204    4.82936    
1    63    16    -6473.56    -21.085    0.504658    5.20972    
1    71    17    -6471.77    -21.8972    0.491985    4.83656    
1    72    18    -6466.41    -17.7566    0.473304    4.49904    
1    75    19    -6468.49    -18.4602    0.467292    4.88878    
1    77    20    -6472.79    -19.586    0.441515    5.11083    
1    80    21    -6472.85    -20.5777    0.464181    4.72478    
1    86    22    -6471.43    -19.0132    0.481112    6.8827    
1    93    23    -6472.4    -22.6549    0.448132    5.31239    
1    96    24    -6472.16    -23.2386    0.440464    4.6885    
1    99    25    -6470.08    -24.6291    0.428548    3.97686    
