#Task    Step    numberOfAcceptedPeleSteps    currentEnergy    BindingEnergy    sasaLig    distance_A35SG_L1S1    
1    0    0    -6455.47    -19.4082    0.418419    5.39392    
1    2    1    -6474.96    -13.5603    0.471855    5.607    
1    9    2    -6475.29    -15.4551    0.488765    7.33039    
1    13    3    -6477.69    -20.113    0.414638    7.16385    
1    14    4    -6479.1    -19.3532    0.416041    7.48272    
1    15    5    -6477.29    -19.3341    0.434576    7.15923    
1    22    6    -6476.18    -16.5161    0.468847    7.13923    
1    26    7    -6476.59    -16.8357    0.47645    7.59576    
1    28    8    -6478.34    -17.5416    0.47322    7.24886    
1    29    9    -6482.95    -20.7301    0.456216    7.59297    
1    31    10    -6477.92    -17.0388    0.447725    7.75197    
1    32    11    -6479.93    -15.6604    0.428669    7.98368    
1    35    12    -6482.27    -19.6101    0.447951    7.85202    
1    37    13    -6480.91    -21.9725    0.420881    7.0148    
1    40    14    -6484.1    -23.0637    0.430007    6.9487    
1    41    15    -6481.09    -23.0998    0.397038    6.85951    
1    46    16    -6478.95    -22.0692    0.391385    6.94127    
1    47    17    -6481.32    -19.517    0.404241    6.70766    
1    58    18    -6480.91    -17.3166    0.411686    6.93637    
1    65    19    -6484.84    -24.2892    0.394754    6.93149    
1    67    20    -6483.38    -23.8908    0.40194    6.68839    
1    72    21    -6487.19    -24.7657    0.424553    6.75574    
1    79    22    -6483.86    -23.2276    0.40093    7.24114    
1    87    23    -6486.6    -23.7422    0.401123    6.75163    
1    91    24    -6483.73    -20.5439    0.399329    6.65545    
1    94    25    -6475.09    -9.5268    0.44502    7.2028    
1    95    26    -6476.37    -10.5905    0.43445    6.83334    
