#Task    Step    numberOfAcceptedPeleSteps    currentEnergy    BindingEnergy    sasaLig    distance_A35SG_L1S1    
1    0    0    -6440.73    -13.9336    0.6228    8.11118    
1    1    1    -6456.37    -11.3321    0.588152    9.48021    
1    2    2    -6453.62    -7.6856    0.610286    8.3269    
1    3    3    -6460.48    -11.4271    0.548317    4.02637    
1    4    4    -6458.19    -5.201    0.552275    3.86493    
1    5    5    -6460.97    -14.3321    0.542755    3.70478    
1    9    6    -6460.81    -15.7546    0.550114    3.95066    
1    12    7    -6462.15    -15.27    0.542507    3.88671    
1    14    8    -6461.13    -13.8294    0.576784    4.17209    
1    15    9    -6461.39    -12.796    0.578947    5.77946    
1    16    10    -6459.82    -10.6954    0.606833    6.59704    
1    17    11    -6461.3    -10.8943    0.545124    4.62961    
1    23    12    -6462.44    -11.8218    0.536675    3.87072    
1    24    13    -6464.52    -12.2372    0.558364    4.47204    
1    27    14    -6463.21    -12.1064    0.549008    3.85599    
1    30    15    -6463.74    -10.3015    0.621173    4.87948    
1    31    16    -6467.64    -15.1514    0.54234    3.83225    
1    34    17    -6470.67    -15.0921    0.552828    4.08134    
1    38    18    -6469.73    -13.305    0.550478    4.32402    
1    39    19    -6470.39    -15.1319    0.534982    4.24512    
1    43    20    -6470.45    -15.1124    0.541198    3.84183    
1    44    21    -6470.84    -15.5458    0.526613    3.64055    
1    47    22    -6471.31    -13.8401    0.565557    4.21485    
1    50    23    -6472.7    -16.0606    0.523688    3.66425    
1    51    24    -6465.84    -10.2109    0.598754    8.85147    
1    52    25    -6466.27    -9.20615    0.68086    8.05203    
1    56    26    -6466.23    -10.1576    0.70805    8.9266    
1    58    27    -6465.78    -8.63486    0.745348    10.7311    
1    60    28    -6463.36    -7.83603    0.77288    10.5151    
1    63    29    -6465.71    -9.58925    0.735887    10.7634    
1    71    30    -6464.71    -8.65618    0.675298    11.1952    
1    72    31    -6466.67    -9.31094    0.630919    9.97154    
1    80    32    -6462.95    -10.0189    0.563856    4.9696    
1    86    33    -6467.51    -12.704    0.53869    6.08768    
1    87    34    -6470.31    -10.9705    0.607517    8.02392    
1    91    35    -6469.61    -11.0619    0.621599    7.34271    
1    92    36    -6468.8    -11.8522    0.602352    8.12757    
1    97    37    -6470.07    -16.2647    0.540712    6.90055    
1    100    38    -6466.86    -12.9647    0.52471    8.37408    
