#Task    Step    numberOfAcceptedPeleSteps    currentEnergy    BindingEnergy    sasaLig    distance_A35SG_L1S1    
1    0    0    -6459.91    -33.5427    0.426037    9.18296    
1    1    1    -6477.58    -31.805    0.432556    9.03305    
1    9    2    -6465.53    -24.7762    0.403475    8.57865    
1    12    3    -6463.7    -21.7946    0.422057    8.69612    
1    14    4    -6464.49    -22.5329    0.404231    8.6397    
1    15    5    -6462.01    -23.5742    0.456221    8.94978    
1    22    6    -6464.68    -25.4648    0.464704    9.06219    
1    24    7    -6469.62    -27.189    0.462575    8.9633    
1    25    8    -6469.12    -29.1793    0.426772    8.68232    
1    27    9    -6467.46    -27.1242    0.417307    8.72311    
1    33    10    -6471.83    -29.3737    0.425248    8.84707    
1    42    11    -6471.43    -30.0408    0.413998    8.98693    
1    49    12    -6467.79    -30.6503    0.410636    8.9876    
1    54    13    -6460.34    -20.7459    0.472064    8.96159    
1    56    14    -6468.93    -30.0232    0.432038    8.82624    
1    65    15    -6471.91    -30.0661    0.419965    8.8396    
1    80    16    -6468.86    -29.2206    0.427239    8.84742    
1    84    17    -6470.46    -27.5381    0.427219    8.97627    
1    91    18    -6471.1    -24.0266    0.467347    10.2392    
1    95    19    -6469.11    -20.1979    0.48067    8.9629    
1    96    20    -6464.42    -11.7977    0.466042    9.65347    
1    97    21    -6478.67    -27.7872    0.439773    9.29067    
