#Task    Step    numberOfAcceptedPeleSteps    currentEnergy    BindingEnergy    sasaLig    distance_A35SG_L1S1    
1    0    0    -6446.61    -34.5503    0.415322    5.64271    
1    1    1    -6470.73    -33.5186    0.413684    5.15594    
1    7    2    -6471.73    -33.5846    0.427042    5.22693    
1    9    3    -6471.08    -33.4477    0.412136    4.89613    
1    14    4    -6466.73    -29.1175    0.417628    5.3452    
1    17    5    -6475.26    -31.0864    0.405435    4.98347    
1    37    6    -6468.39    -32.1499    0.399063    4.55749    
1    47    7    -6469.22    -32.0449    0.379511    4.56998    
1    49    8    -6466.22    -36.0449    0.3803    4.36696    
1    57    9    -6465.99    -36.7805    0.394845    4.29722    
1    73    10    -6461.52    -35.6575    0.393989    4.24071    
1    81    11    -6461.93    -36.3831    0.405509    4.48237    
1    89    12    -6464.01    -37.2424    0.38763    4.28418    
1    94    13    -6464.79    -35.6347    0.395096    4.37841    
1    97    14    -6463.29    -36.7256    0.368503    4.25917    
1    98    15    -6471.92    -37.0107    0.391954    4.52491    
1    100    16    -6467.04    -33.8623    0.431424    4.21299    
