#Task    Step    numberOfAcceptedPeleSteps    currentEnergy    BindingEnergy    sasaLig    distance_A35SG_L1S1    
1    0    0    -6459.57    -31.8643    0.451113    6.80492    
1    1    1    -6481.61    -34.1357    0.448291    6.42122    
1    3    2    -6486.26    -34.8158    0.424099    6.91034    
1    12    3    -6487.71    -34.7716    0.426905    6.70938    
1    28    4    -6485.15    -33.2534    0.423304    7.18026    
1    35    5    -6486.24    -32.4693    0.415367    6.65864    
1    36    6    -6483.15    -30.8391    0.465884    6.59912    
1    39    7    -6486.46    -34.1422    0.410322    6.74069    
1    45    8    -6485.57    -36.2198    0.401755    7.00731    
1    53    9    -6482.53    -35.5637    0.410923    6.83944    
1    56    10    -6481.99    -32.8093    0.418565    7.1333    
1    59    11    -6484.07    -37.3923    0.433377    6.79643    
1    64    12    -6480.63    -33.6116    0.466362    6.5063    
1    73    13    -6481.37    -36.5905    0.430194    6.10366    
1    78    14    -6481.86    -35.7501    0.434873    5.8786    
1    81    15    -6480.01    -36.8843    0.437524    5.83438    
1    89    16    -6477.08    -34.7928    0.451877    5.85687    
1    96    17    -6473.17    -30.0377    0.495391    5.72364    
1    97    18    -6474.21    -34.9916    0.444573    5.82022    
