#Task    Step    numberOfAcceptedPeleSteps    currentEnergy    BindingEnergy    sasaLig    distance_A35SG_L1S1    
1    0    0    -6447.95    -16.3208    0.459018    4.20796    
1    1    1    -6469.8    -17.9698    0.450179    4.61563    
1    22    2    -6468.23    -17.6673    0.46608    5.06258    
1    24    3    -6469.12    -17.7837    0.451254    4.57462    
1    32    4    -6466.52    -15.8298    0.466367    4.70582    
1    36    5    -6468.36    -17.6488    0.480463    5.2729    
1    40    6    -6463.18    -13.3878    0.452389    4.49302    
1    41    7    -6462.37    -17.3499    0.42091    4.26235    
1    42    8    -6461.85    -14.4319    0.443579    4.09393    
1    44    9    -6464.42    -17.3114    0.404651    4.17053    
1    47    10    -6463.54    -16.3101    0.40422    4.02557    
1    62    11    -6462.95    -12.8914    0.416374    4.433    
1    65    12    -6467.51    -21.8857    0.349347    4.17444    
1    93    13    -6463.1    -17.1955    0.371117    5.68512    
1    95    14    -6459.82    -14.4152    0.401145    6.23004    
