#Task    Step    numberOfAcceptedPeleSteps    currentEnergy    BindingEnergy    sasaLig    distance_A35SG_L1S1    
1    0    0    -6463.07    -29.9798    0.512852    7.99158    
1    1    1    -6478.2    -32.3128    0.507579    7.94392    
1    2    2    -6476.91    -27.2232    0.515753    7.79296    
1    3    3    -6476.23    -30.9505    0.500947    8.07609    
1    4    4    -6475.07    -25.0236    0.520617    8.33393    
1    9    5    -6472.87    -31.1824    0.533242    8.34402    
1    18    6    -6466.29    -20.7497    0.53837    8.3767    
1    20    7    -6472.26    -28.1998    0.562801    8.58995    
1    21    8    -6477.12    -31.8204    0.542495    8.15835    
1    29    9    -6472.16    -34.9576    0.537312    8.21493    
1    30    10    -6476.5    -34.2795    0.559038    8.11274    
1    33    11    -6484.54    -35.9552    0.524125    7.92726    
1    36    12    -6483.4    -34.7113    0.528416    8.05807    
1    41    13    -6481.53    -38.8692    0.523507    8.34286    
1    51    14    -6484.05    -38.9069    0.506777    8.20819    
1    78    15    -6482.59    -36.6138    0.514343    8.26057    
1    86    16    -6482.19    -34.4715    0.519099    7.98383    
1    89    17    -6478.27    -32.9163    0.5469    8.4928    
1    96    18    -6479.63    -30.3403    0.527974    8.12943    
1    97    19    -6482.16    -34.0508    0.574063    8.63625    
