#Task    Step    numberOfAcceptedPeleSteps    currentEnergy    BindingEnergy    sasaLig    distance_A35SG_L1S1    
1    0    0    -6439.27    -19.315    0.377615    4.61746    
1    2    1    -6463.09    -13.4317    0.440964    6.49373    
1    5    2    -6465.06    -11.0583    0.61098    11.5901    
1    10    3    -6463.74    -8.82933    0.63387    11.7129    
1    16    4    -6458.17    -2.70912    0.68298    11.8928    
1    17    5    -6456.05    -5.01371    0.505167    10.0099    
1    20    6    -6456.93    -3.74563    0.479088    10.0672    
1    21    7    -6454.75    -6.42686    0.574514    9.12227    
1    22    8    -6462.6    -12.2863    0.52158    5.22842    
1    26    9    -6461.02    -9.87314    0.558101    5.17045    
1    27    10    -6467.35    -15.7871    0.457889    8.02685    
1    29    11    -6471.41    -21.0979    0.407511    8.55484    
1    43    12    -6467.63    -18.7603    0.424248    8.88319    
1    55    13    -6468.05    -14.7176    0.471912    9.11923    
1    59    14    -6468.8    -13.2085    0.47285    8.8616    
1    60    15    -6469.11    -11.142    0.481666    8.73588    
1    77    16    -6469.97    -16.097    0.43362    8.93184    
1    85    17    -6468.16    -13.7651    0.435355    8.87234    
1    89    18    -6470.37    -15.484    0.433448    8.94192    
1    91    19    -6467.04    -14.9708    0.398254    9.50843    
1    92    20    -6468.02    -14.6511    0.379423    8.91446    
1    93    21    -6471.06    -17.3122    0.400053    8.74624    
