#Task    Step    numberOfAcceptedPeleSteps    currentEnergy    BindingEnergy    sasaLig    distance_A35SG_L1S1    
1    0    0    -6447.7    -35.884    0.403232    6.078    
1    1    1    -6465.82    -35.3849    0.389457    6.0343    
1    9    2    -6466.1    -34.5358    0.379316    6.74329    
1    17    3    -6467.29    -34.5439    0.37157    6.92681    
1    23    4    -6469.29    -35.4765    0.374425    6.70127    
1    33    5    -6473.35    -35.8275    0.369501    6.35065    
1    37    6    -6470.87    -33.9303    0.386613    6.34325    
1    46    7    -6468.98    -31.3802    0.392278    6.88207    
1    57    8    -6469.83    -35.7571    0.396263    6.35199    
1    61    9    -6469.29    -33.7093    0.370301    6.39221    
1    65    10    -6467.97    -32.8432    0.393235    6.72987    
1    71    11    -6461.55    -30.7435    0.414527    6.07782    
1    73    12    -6459.51    -30.9056    0.407884    6.41275    
1    75    13    -6463.54    -30.7681    0.376091    6.47235    
1    78    14    -6465.79    -30.4013    0.395599    6.37692    
1    79    15    -6467.77    -30.7799    0.375414    6.51757    
1    80    16    -6466.67    -28.4071    0.401025    6.43865    
1    87    17    -6461.06    -23.0829    0.415159    6.02337    
1    89    18    -6459.83    -22.3224    0.42279    5.39822    
1    91    19    -6457.82    -19.6456    0.420722    6.36765    
1    94    20    -6459.99    -21.6496    0.43688    7.32022    
1    97    21    -6464.77    -34.5084    0.433635    5.09395    
1    99    22    -6464.75    -23.4369    0.452717    5.47587    
