#Task    Step    numberOfAcceptedPeleSteps    currentEnergy    BindingEnergy    sasaLig    distance_A35SG_L1S1    
1    0    0    -6450.07    -23.892    0.460271    6.71364    
1    1    1    -6473.06    -24.6522    0.461731    6.53131    
1    12    2    -6471.17    -20.2196    0.505736    6.05178    
1    21    3    -6476.74    -24.8562    0.419897    6.46789    
1    35    4    -6475.96    -25.457    0.430582    6.94209    
1    38    5    -6473.71    -20.8191    0.444378    6.43263    
1    41    6    -6475.34    -26.3002    0.414283    6.74387    
1    48    7    -6470.19    -20.0561    0.432158    6.09135    
1    49    8    -6473.92    -27.6341    0.409388    6.54369    
1    53    9    -6479.45    -28.0311    0.412408    6.77026    
1    63    10    -6477.26    -26.2007    0.437843    6.72378    
1    66    11    -6475.51    -24.2111    0.443029    6.61995    
1    71    12    -6473.23    -22.0813    0.435548    6.31388    
1    73    13    -6479.22    -26.9864    0.419567    6.75661    
1    89    14    -6473.69    -27.8584    0.414755    6.64065    
1    99    15    -6475.91    -25.1655    0.464933    6.66533    
