#Task    Step    numberOfAcceptedPeleSteps    currentEnergy    BindingEnergy    sasaLig    distance_A35SG_L1S1    
1    0    0    -6450.12    -21.5331    0.455127    7.73401    
1    5    1    -6473.87    -25.385    0.419145    6.61666    
1    10    2    -6472.98    -23.3287    0.429143    6.61101    
1    20    3    -6471.25    -20.3602    0.441482    6.3539    
1    25    4    -6475.23    -23.3912    0.404792    6.70241    
1    33    5    -6474.97    -24.3904    0.402669    6.62127    
1    39    6    -6476.37    -24.313    0.413274    6.4417    
1    47    7    -6469.7    -21.3809    0.429448    6.36211    
1    52    8    -6470.16    -21.0596    0.434469    6.66751    
1    53    9    -6475.22    -25.2066    0.400874    6.67621    
1    67    10    -6475.53    -24.2921    0.417644    6.59849    
1    76    11    -6473.23    -19.7267    0.44029    7.39983    
1    85    12    -6464.19    -13.4417    0.529832    7.33125    
1    86    13    -6470.16    -18.1781    0.525893    6.2101    
1    88    14    -6471.54    -14.4134    0.541379    7.64459    
1    90    15    -6476.27    -17.8327    0.537478    6.25964    
1    95    16    -6472.61    -20.0097    0.436603    7.2992    
1    97    17    -6467.71    -21.5335    0.402692    5.71671    
1    99    18    -6461.55    -13.7554    0.423062    6.61964    
1    100    19    -6462.76    -9.74017    0.473908    8.00434    
