394	4151	1.00	3.167E-99	0	474	475	0	474	475	475M
227	3086	0.749	1.018E-76	3	471	475	3	472	475	17M1D140M1D58M1I253M
194	3068	0.692	1.385E-75	2	466	475	2	465	477	216M1I248M
231	3035	0.736	8.880E-76	0	468	475	0	469	474	21M1D136M1D59M1I252M
314	3030	0.675	1.023E-74	3	470	475	3	470	472	154M1D61M1I252M
225	3009	0.688	9.974E-74	2	466	475	2	465	477	216M1I248M
197	3002	0.693	6.204E-75	2	469	475	0	468	469	159M2D55M1I253M
226	2986	0.656	7.555E-74	3	470	475	3	470	472	156M1D59M1I252M
395	2978	0.733	1.081E-74	3	466	475	3	464	472	157M1D58M1I174M2I72M
315	2966	0.689	5.121E-74	3	466	475	3	465	472	213M1I250M
214	2956	0.673	1.884E-74	3	470	475	2	469	473	7M1D206M1I254M
0	2905	0.691	1.028E-72	3	466	475	3	465	497	213M1I250M
200	2839	0.718	2.500E-72	3	468	475	2	472	474	17M3D3M2D18M2I14M1D103M2I3D56M1I50M1D200M
385	2131	0.415	6.178E-55	4	466	475	1	448	459	18M1I30M1D105M3I56M11I7M1I231M
3	1768	0.362	2.811E-48	2	472	475	6	480	482	57M3I12M2D85M4I55M1I8M9D45M1D201M
355	1762	0.366	7.639E-48	2	472	475	6	484	486	55M3D5M2I10M2D85M4I55M1I8M9D45M1D201M
6	1751	0.363	4.634E-48	2	472	475	6	480	481	53M1I4M2I12M2D85M4I56M1D8M7D45M1D201M
50	1751	0.365	1.008E-47	2	472	475	5	483	484	59M1D13M2D81M1I4M3I55M1I8M9D45M1D201M
224	1744	0.364	2.195E-47	2	472	475	5	483	485	54M3D5M2I11M2D85M4I55M1I8M9D45M1D201M
64	1742	0.352	7.226E-48	2	472	475	0	456	461	11M5I6M3I35M4D1M8I4M2D83M4I56M1I4M1D33M1I135M1I3M2D77M
14	1741	0.348	1.259E-47	2	466	475	4	474	480	68M1I3M2D85M4I55M1I8M9D45M1D195M
223	1741	0.364	1.964E-47	2	472	475	5	483	484	54M3D5M2I11M2D81M1I4M3I55M1I8M9D45M1D201M
17	1738	0.354	3.320E-48	2	466	475	4	468	476	54M6D4M13I1M2D85M4I56M1D8M7D45M1D195M
109	1737	0.364	1.259E-47	1	472	475	3	480	481	4M2D54M3I12M2D85M4I55M1I8M9D45M1D201M
249	1732	0.354	4.898E-48	2	466	475	4	468	476	54M6D4M13I1M2D85M4I56M1D8M7D45M1D195M
13	1732	0.369	2.453E-47	2	472	475	5	483	485	54M3D5M2I11M2D85M4I56M1D8M7D45M1D201M
204	1731	0.353	2.453E-47	2	472	475	0	455	460	10M4I8M5I33M4D1M8I4M2D83M4I56M1I6M1D31M1I136M2I1M3D77M
7	1728	0.359	1.066E-47	2	466	475	4	468	476	60M7I5M2D85M4I56M1D8M7D45M1D195M
283	1724	0.345	1.191E-47	2	473	475	0	459	462	10M4I5M4I37M3D2M7I4M2D83M4I54M1I6M1D33M1I136M2I1M3D73M2D5M
211	1723	0.353	4.043E-47	2	472	475	0	455	460	10M4I8M5I33M4D1M8I4M2D83M4I56M1I6M1D31M1I136M2I1M3D77M
37	1716	0.345	3.423E-47	2	472	475	0	456	461	10M4I5M4I37M4D1M8I4M2D83M4I54M1I8M1D31M1I135M1I3M2D77M
191	1715	0.353	7.046E-47	2	472	475	0	455	460	10M4I8M5I33M4D1M8I4M2D83M4I56M1I5M1D32M1I136M2I1M3D77M
101	1711	0.347	1.858E-47	2	474	475	0	460	461	10M4I5M4I37M3D2M7I4M2D83M4I54M1I6M1D33M1I136M2I1M3D73M2D6M
71	1710	0.351	5.965E-47	2	472	475	0	455	460	10M4I8M5I33M4D1M8I4M2D83M4I56M1I6M1D31M1I136M2I1M3D77M
82	1710	0.353	4.043E-47	2	472	475	0	455	460	10M4I8M5I33M4D1M8I4M2D83M4I56M1I6M1D29M3D5M4I130M2I1M3D77M
67	1710	0.347	3.423E-47	2	474	475	0	460	461	10M4I5M4I37M3D2M7I4M2D83M4I54M1I6M1D33M1I136M2I1M3D73M2D6M
35	1710	0.353	2.076E-47	5	471	475	6	478	479	61M5D1M6I1M2D85M4I55M1I8M9D45M1D28M3D5M3I164M
387	1708	0.347	1.757E-47	2	474	475	0	460	461	10M4I5M4I37M3D2M7I4M2D83M4I54M1I6M1D33M1I136M2I1M3D73M2D6M
212	1706	0.347	2.076E-47	2	474	475	0	460	461	10M4I5M4I37M3D2M7I4M2D83M4I54M1I6M1D33M1I136M2I1M3D73M2D6M
97	1705	0.347	4.776E-47	2	474	475	0	460	461	10M4I5M4I37M3D2M7I4M2D83M4I56M1I4M1D33M1I136M2I1M3D73M2D6M
84	1702	0.353	1.534E-46	2	472	475	0	455	460	10M4I8M5I33M4D1M8I4M2D83M4I56M1I6M1D31M1I136M2I1M3D77M
257	1702	0.347	4.043E-47	2	474	475	0	460	461	10M4I5M4I37M3D2M7I4M2D83M4I56M1I4M1D33M1I136M2I1M3D73M2D6M
69	1701	0.349	9.833E-47	2	474	475	0	460	461	9M4I6M4I37M6I2M2D5M2D83M4I56M1I4M1D33M1I136M2I1M3D73M2D6M
319	1700	0.351	1.714E-46	2	472	475	0	455	460	10M4I8M5I33M4D1M8I4M2D83M4I56M1I6M1D31M1I136M2I1M3D77M
340	1698	0.348	1.534E-46	2	472	475	0	456	462	9M4I6M4I37M6I2M2D5M2D83M4I56M1I4M1D33M1I136M2I1M3D77M
329	1696	0.353	2.392E-46	2	472	475	0	455	460	10M4I8M5I33M4D1M8I4M2D83M4I56M1I6M1D31M1I136M2I1M3D77M
29	1696	0.358	3.238E-47	2	466	475	4	468	475	54M6D4M13I1M2D85M4I56M1D8M7D45M1D195M
242	1695	0.347	5.965E-47	2	474	475	0	460	461	10M4I5M4I37M3D2M7I4M2D83M4I56M1I4M1D33M1I136M2I1M3D73M2D6M
380	1693	0.347	7.046E-47	2	474	475	0	460	461	10M4I5M4I37M3D2M7I4M2D83M4I56M1I4M1D33M1I136M2I1M3D73M2D6M
55	1689	0.352	5.338E-47	2	473	475	0	459	462	11M2I9M6I24M1I7M5D8I5M2D81M1I2M3I56M1I5M1D32M1I136M2I1M3D73M2D5M
301	1689	0.350	1.915E-46	2	472	475	0	456	462	10M4I5M4I37M3D2M7I4M2D83M4I56M1I4M1D33M1I136M2I1M3D77M
8	1688	0.347	9.302E-47	2	474	475	0	460	461	10M4I5M4I37M3D2M7I4M2D83M4I56M1I4M1D33M1I136M2I1M3D73M2D6M
216	1687	0.352	1.162E-46	2	466	475	0	455	461	14M3I4M4I12M1D22M7D1M9I6M3D1I77M1I5M3I52M1I10M1D166M2I1M3D71M
350	1684	0.363	2.825E-46	2	472	475	6	480	481	53M1I4M2I12M2D85M4I56M1D8M7D45M1D201M
103	1677	0.347	1.298E-46	2	474	475	0	460	461	10M4I5M4I37M3D2M7I4M2D83M4I54M1I6M1D33M1I136M2I1M3D73M2D6M
317	1667	0.360	1.915E-46	2	469	475	5	478	483	57M5I6M4D6M2D78M3D2M7I56M1D8M7D45M1D198M
272	1600	0.334	1.722E-44	2	469	475	0	452	463	11M5I6M3I35M5D9I4M2D80M1I5M3I54M1I5M1D32M1I12M1I123M2I1M3D74M
195	1549	0.285	1.877E-43	3	468	475	2	488	493	16M1I12M2D13M1D7M2I13M2D7M2D84M4I55M4D8M17D244M
221	1473	0.269	2.633E-41	3	467	475	2	487	496	16M1I7M1I15M3D2M1D7M2I20M5D85M4I56M4D6M16D243M
246	1089	0.208	3.003E-33	3	466	475	3	470	484	19M1D17M3D4M3I8M3I7M4I6M13D30M1D7M5D20M3D4M1I22M4I22M2D43M2D22M1I4M3D8M7I33M2I41M3I8M1I35M1I18M1D56M
192	1073	0.209	4.086E-32	0	466	475	0	470	484	22M1D29M3I7M1I11M10D31M1D7M5D20M3D4M1I22M4I22M2D43M2D22M1I2M4D4M8I38M2I41M3I8M1I35M1I18M1D56M
2	451	0.143	1.698E-17	4	467	475	6	407	428	8M2D11M8I9M5D15M1D3M2I2M9I3M5D7M23I27M4D3M3I21M5I17M5D9M2D26M13I5M3I13M3I6M5I7M3D5M2I2M2D55M1I4M9I7M1I35M4I14M3D24M2I26M1I6M
190	448	0.129	4.130E-17	4	469	475	6	409	431	8M2D11M8I2M4D8M1D11M2I8M5I7M2D8M24I6M3I16M8D3M3I21M5I11M2I5M7D8M2D18M4I8M9I5M3I13M3I5M1I7M1I38M2I28M2I4M8I4M1I38M4I14M3D22M1I38M
331	432	0.130	4.130E-17	3	467	475	6	406	443	6M1D14M8I3M5D17M1D7M9I7M3D8M24I7M3I16M8D2M3I21M5I18M5D8M2D26M13I5M3I13M3I7M5I6M3D5M2I2M2D23M3I2M1D27M2I4M8I8M1I33M4I15M3D25M1I26M1I6M
102	411	0.117	2.730E-16	4	467	475	6	422	439	8M2D11M8I3M3D4M2D14M3D4M2D3M12I3M2D8M24I30M2D22M5I8M3I7M8D8M2D19M4I7M3I4M9I14M6D21M3D3M2I4M2D55M1I4M9I4M1I37M4I17M3D25M1I20M1I10M
189	410	0.115	3.409E-16	3	467	475	5	434	442	10M1D10M8I2M4D9M1D14M17D18M6D8M24I7M1D23M1D22M5I8M3I8M8D7M2D26M13I5M3I13M2I24M2I2M2D17M1I7M2I11M1I16M2I4M8I8M1I33M4I17M3D23M1I14M1I18M
40	408	0.118	6.639E-16	4	467	475	8	415	434	9M1D9M7I11M4D12M1D6M3D1M12I3M3D8M24I7M2I3M1I12M8D3M3I21M5I17M5D9M2D21M3I5M10I5M3I14M1I11M1I7M3D5M2I2M2D55M1I4M9I10M1I32M4I14M3D26M1I13M1I18M
60	406	0.122	1.527E-15	3	467	475	4	416	433	9M2D11M8I2M5D19M2I8M5I7M2D8M24I8M1D20M1D15M1D8M6I8M3I7M8D8M2D26M14I8M2I10M3I16M1I6M2I2M2D59M10I7M1I35M4I16M8D2M3D24M1I23M1I6M
188	404	0.133	5.317E-16	0	467	475	0	413	430	16M3D7M8I2M4D8M1D14M1D4M6I17M24I30M2D22M5I8M3I8M9D11M1D22M13I5M3I13M3I7M1I1M2D9M3D5M2I2M2D39M7I9M1I11M2I4M1I38M4I14M3D8M3D16M4I20M1I10M
402	378	0.101	5.480E-15	0	467	475	0	420	437	4M2D9M1D10M8I3M3D4M2D14M3D4M2D2M15I1M5D8M24I5M2I5M1I12M8D3M3I21M5I8M3I8M8D7M2D18M4D8M20I14M1I6M7D6M1I7M3D3M2I4M2D55M1I4M9I4M1I37M4I15M3D32M1I15M1I10M
43	370	0.119	5.941E-16	7	467	475	1	465	473	12M9I8M4D8M1D9M2I6M2I3M26D3M9D13M3I4M27I38M3D6M2I13M4D9M3D3M11D24M2D2M1D4M3D3M15I14M1I7M13D13M3D35M3I9M4I5M7I10M4I11M2I5M1D24M4I19M6D23M2I15M2D12M1I3M
252	365	0.140	1.445E-15	4	467	475	1	474	477	5M1D6M13I7M4D8M1D19M3D2M20D1M6I10M1D3M15D6M10I3M13I7M2I10M2I18M2I7M3D7M1I2M5D8M2D5M10D1M3D7M1D17M5D6M12I19M4D6M7D15M4D29M6I14M11I13M4I5M1I36M4I17M4D2M1D23M3D33M
405	361	0.143	7.843E-16	4	467	475	1	468	474	5M1D6M13I8M4D4M1D24M23D3M6I4M7D5M24I7M4I9M3D11M1D17M3I6M1D8M4D12M4D1M1D2M2D2M6D7M1D14M5D9M11I5M1I14M4D5M3D9M3D7M5D32M5I11M7I11M1I4M7I4M1I38M4I15M3D2M6D23M2I14M2D13M3D4M
162	345	0.142	7.648E-15	4	468	475	1	464	467	14M12I5M5D24M7I5M24D11M3I3M3I5M11I6M4I16M5D20M4D7M2I13M4D8M8D4M8D21M5D10M12I14M7D3M8I8M1I6M5D30M6I11M4I4M7I12M4I5M1I36M4I18M9D21M3I4M2D13M2D10M3D6M
388	345	0.145	3.715E-15	2	468	475	3	476	481	8M2D5M13I8M4D10M1D13M8I5M24D2M3D3M1I4M18I13M4I9M3D6M4D2M3I22M4D1M2I9M4D10M6D7M9D7M1D13M5D10M12I19M1I7M9D6M3D7M5D31M6I10M4I16M11I3M1I37M4I17M3D2M6D50M1I6M
205	343	0.119	5.793E-15	4	468	475	1	477	480	14M12I6M4D8M3D10M8I4M11D4M8D11M3I6M1D6M8I33M2D17M2I6M1I8M4D11M2D5M13D25M5D8M10I3M2I14M1I7M12D13M4D24M1I5M4I3M1I10M7I15M8I4M1I8M1I7M1D20M4I17M12D25M3D16M2D3M1I14M
106	343	0.138	3.324E-15	4	474	475	1	482	483	5M1D6M13I9M5D22M2I5M25D1M6I4M7D5M8I2M15I6M4I9M3D11M3D17M3D5M1D2M2I8M4D11M3D6M12D7M1D16M5D7M12I19M4D7M4D4M4D9M5D32M6I10M4I16M11I4M1I36M4I17M3D2M6D22M2I17M2D22M
379	341	0.130	1.760E-14	2	470	475	0	469	473	7M1D6M13I8M4D7M2D17M8I4M24D2M1D8M3I17M18I11M5D3M2I1M1D15M2D7M4I11M4D8M3D5M11D24M5D9M12I17M1I7M11D13M5D30M6I11M4I4M7I12M4I4M1I38M4I15M3D2M6D23M2I17M2D17M
269	341	0.126	2.132E-15	2	472	475	1	472	474	7M3I7M9I8M4D7M1D8M4I19M5I5M7I5M3I1M23D22M3D13M2I21M5I13M4D6M2D3M6D4M2I9M2D4M1D8M2D8M8I4M4I13M4D7M8D3M1I9M5D33M5I11M7I12M3I3M5I4M1I36M4I19M6D1M3D21M2I17M2D10M2D5M3D5M
330	339	0.125	4.388E-15	7	467	475	1	435	437	12M9I7M4D8M1D8M2D5M22D3M13I2M4D4M11I3M11I10M4I10M3D7M3I17M11I6M6D4M2I5M3D5M13D22M5D11M9I4M3I13M1I7M12D13M3D8M2I21M6I12M11I13M4I8M1I33M4I17M3D26M2I30M
163	339	0.137	4.639E-15	4	468	475	1	482	483	14M12I5M4D8M1D8M23D4M7D4M8D4M14I2M7D3M7I4M4I7M10I44M4I9M4D11M2D6M12D7M1D17M5D6M12I19M1I7M9D6M3D7M5D30M5I13M7I13M1I3M7I3M1I36M4I18M10D2M2D22M3I3M1D12M2D11M3D5M
30	337	0.135	2.079E-14	4	468	475	1	475	480	5M1D6M13I8M4D7M1D9M1I12M24D2M6I4M7D5M24I7M4I9M3D5M2D5M1I18M7D3M5I11M4D8M3D6M12D6M1D14M5D10M12I15M1I11M6D4M6D8M5D31M6I11M4I4M7I11M4I5M1I36M4I19M9D23M3D34M
181	336	0.141	1.707E-15	4	467	475	1	472	477	5M1D7M13I7M7D6M2I16M1I2M3I2M22D2M1I6M7D5M8I2M15I6M4I9M3D9M1D19M6D5M4I8M4D12M3D4M13D24M5D7M12I15M17D7M4I3M1I9M5D19M8I10M2D11M4I5M7I9M4I6M1I36M4I19M9D23M2I16M2D9M1I5M
116	336	0.153	9.551E-15	4	467	475	1	475	478	5M1D6M13I8M5D23M8I5M24D2M1D8M3I3M3I2M11I9M4I9M3D6M4D2M3I23M2I1M5D8M4D11M3D5M9D1M3D7M1D13M5D10M12I19M1I7M9D6M3D7M5D29M6I12M4I4M7I12M4I3M1I37M4I17M3D2M6D52M3D4M
44	335	0.122	1.261E-14	4	466	475	1	476	479	14M12I5M4D8M3D10M11D6M9I3M11D6M5D4M23I10M2D14M2D4M2D5M2D19M1I5M2I7M4D11M2D6M12D7M1D17M5D6M12I19M1I7M9D13M8D24M1I5M4I3M1I11M7I10M3I4M5I5M1I35M4I19M9D1M3D22M3D22M1D10M
389	335	0.127	2.323E-14	3	474	475	2	483	484	7M1D6M13I4M4D11M1D8M1I2M3I9M8D3M11D4M4D3M3D4M23I10M2D12M3D9M2D2M1D22M4I8M4D11M2D2M3D3M8D25M5D6M12I19M1I7M9D6M3D7M5D33M4I11M4I15M11I3M1I37M4I17M10D3M2D22M3I15M3D22M
374	335	0.140	2.197E-14	0	468	475	0	480	485	4M2D14M12I5M4D5M1D19M3I7M5D5M14D3M5D6M24I6M1D13M3D7M1D25M5D3M3I7M4D17M14D6M1D14M3D5M2D4M12I20M3D2M8D11M3D8M4D30M6I12M11I15M4I5M1I37M4I16M5D2M4D22M1I17M2D11M1I4M
88	334	0.127	2.197E-14	4	468	475	1	472	474	14M12I13M6D12M1D7M22D9I3M3D3M1I9M15I27M1D5M3I33M2D14M5D4M10D6M1D14M8D4M1D5M13I3M3I13M1I7M19D13M3D3M1D21M1I6M5I20M10I10M2I7M1I33M4I18M3D6M1D13M3D27M2I5M1I4M
341	334	0.135	1.010E-14	4	468	475	1	475	476	5M1D6M13I7M4D8M1D7M4I14M10D4M11D7M5D3M1I15M19I5M1I14M1D19M2D4M3I9M5D15M16D24M5D8M9I5M3I1M1D2M1I9M13D13M1I6M5D33M5I10M4I5M7I10M4I10M2I10M1D20M4I18M7D2M2D17M2D7M3I13M2D16M
136	334	0.155	2.197E-14	0	468	475	0	481	487	5M2D13M12I5M4D8M1D9M1I8M5I2M8D6M14D3M1I5M18I12M1D17M4D3M1D29M2D11M1D1M3D14M14D8M1D12M3D5M2D4M12I20M1I7M11D6M4D7M4D31M6I11M7I15M8I5M1I36M4I18M9D5M1D2M1I15M1I17M2D11M1I4M
49	333	0.138	1.575E-14	4	468	475	1	471	475	14M12I6M4D7M1D9M1I3M1D4M8I6M27D3M5D5M24I7M4I9M3D6M2D4M1I14M1I8M3D11M4D8M4D9M11D7M1D13M5D10M12I19M13D5M1I8M1I5M5D19M4I4M1I5M2I3M1D10M4I4M7I11M4I5M1I36M4I17M3D2M6D50M1I6M
147	333	0.145	7.648E-15	4	467	475	1	474	480	8M1D3M13I7M4D8M1D9M1I3M1D8M22D4M5I4M7D6M24I6M4I14M7D3M3I22M3I1M5D11M4D8M3D6M12D7M1D13M5D10M12I19M1I7M9D6M3D7M5D30M6I12M1I5M1D8M13I7M3I34M4I19M9D23M2I16M2D12M3D3M
368	333	0.148	2.323E-14	4	468	475	6	480	485	14M12I5M4D8M1D9M8I5M1I5M23D10M3I9M14I6M1D13M7D7M3I23M4D9M2I3M1D1M3D13M14D7M1D14M3D5M2D4M12I20M1I7M11D3M4D10M4D31M6I10M7I16M8I5M1I37M4I17M9D41M1D11M1I4M
294	332	0.134	4.904E-15	4	466	475	1	474	476	5M3I7M9I6M4D7M1D12M12I8M29D10M17I21M1I11M2I2M3D17M6D5M4I8M4D12M5D5M10D5M1D8M9D8M1I10M15I14M4D5M2D3M2D6M3D6M5D19M4I12M2I11M4I4M7I12M4I4M1I36M4I17M3D2M3D1M3D21M4D33M
362	332	0.103	9.551E-15	4	468	475	1	490	495	15M10I4M5D11M5D8M1I3M7I8M22D3M3D3M5D2M6D4M23I7M2D10M1I36M3I8M4D11M2D6M12D3M1D20M5D7M12I19M7D8M2D6M3D6M5D32M1I3M3I10M7I12M6I9M3I34M4I19M14D5M3D40M1D7M1I4M
28	331	0.114	3.066E-14	4	468	475	1	451	473	5M3I7M9I5M3D7M2D12M1I2M10I6M25D3M3D3M4D5M24I20M1I31M5I9M5D3M1I6M2D5M4D24M5D3M4D3M13I3M3I13M1I7M9D13M8D32M5I11M7I10M9I45M4I19M9D22M2I17M2D9M1I6M
90	331	0.145	2.662E-15	4	468	475	1	472	476	8M1D3M13I13M4D10M11D5M4D4M1D12M8D3M13D7M3I5M10I2M11I4M3I3M2I9M3I14M2I8M2I13M2I1M3D8M18D25M5D6M12I15M17D7M5I13M6D23M4I7M2I11M4I15M12I41M4I17M8D22M2D5M1I11M3D4M2I14M
46	330	0.120	3.829E-14	4	468	475	1	451	473	5M3I7M9I6M4D9M1D9M1I2M10I6M25D3M3D2M2I8M18I25M2D5M3I21M5I13M4D6M2D5M4D26M9D4M13I3M3I13M4D5M2D3M2D6M3D6M5D33M5I12M7I11M9I2M1D5M1I35M4I19M9D22M2I17M2D9M1I6M
148	330	0.142	3.427E-14	4	468	475	1	471	476	5M1D6M13I8M4D7M1D9M1I3M1D2M4I6M3D2M18D7M7D6M24I6M4I14M5D4M1I23M4D2M2I8M4D11M3D5M13D22M5D10M9I5M3I13M1I7M12D13M5D16M4I14M2I11M4I4M7I11M2I7M3I35M4I18M9D26M2I13M2D9M1I6M
373	330	0.127	1.489E-14	4	468	475	1	472	476	5M3I7M9I6M4D7M1D12M12I8M29D10M17I21M1I10M4D1M3I18M6D5M4I8M4D8M11D6M7D4M2I21M5D6M12I19M1I7M12D12M5D22M4I9M2I11M4I4M7I12M4I3M1I37M4I19M9D23M1I17M2D9M1I6M
193	330	0.137	3.622E-14	4	468	475	1	475	480	5M1D6M13I8M4D7M1D10M1I11M24D2M6I10M17I13M4I9M3D5M2D5M1I18M7D3M5I10M4D9M3D6M12D6M1D14M5D10M12I15M1I11M6D4M6D8M5D31M6I11M4I4M7I11M4I5M1I36M4I19M9D23M3D34M
206	330	0.114	1.193E-14	4	468	475	1	477	480	14M12I6M4D8M3D9M4D5M17I4M1D6M20D5M1D6M8I33M2D17M2I6M1I8M4D11M2D5M13D25M5D8M10I3M2I14M1I7M12D13M4D24M1I5M4I3M1I10M7I15M8I4M1I8M1I7M1D20M4I17M12D25M3D16M2D3M1I14M
239	330	0.118	2.744E-14	7	474	475	1	458	484	12M9I7M7D7M2I8M1I3M11I4M26D3M3D2M2I8M18I25M2D5M3I21M5I9M5D3M1I6M2D5M4D26M9D4M13I3M3I13M1I7M9D13M8D32M5I12M7I11M9I2M1D5M1I35M4I19M9D22M2I17M2D22M
321	330	0.150	1.966E-14	0	468	475	0	481	487	5M2D13M12I5M4D8M1D9M1I8M5I2M8D6M14D3M1I5M18I12M1D17M4D3M1D24M5D4M3I7M4D17M14D8M1D16M5D5M12I20M1I7M11D6M4D7M4D31M6I11M7I15M8I5M1I36M4I18M9D5M1D2M1I15M1I17M2D11M1I4M
347	329	0.126	1.333E-14	7	467	475	1	435	437	12M9I7M4D8M1D8M2D5M22D3M13I10M7I7M10I6M5I10M3D7M3I17M11I6M6D4M2I5M3D5M13D22M5D11M9I4M3I13M1I7M12D13M3D8M2I21M6I12M11I13M4I6M1I35M4I17M3D26M2I30M
171	329	0.140	2.596E-14	4	467	475	1	475	478	8M1D4M13I7M7D6M2I20M22D2M6I2M3D3M5D4M23I8M5I9M3D8M1D24M5D2M3I8M4D11M3D5M13D21M8D12M15I14M1I7M13D13M5D18M4I12M2I11M4I4M7I11M1I5M4I36M4I17M6D3M3D25M3D30M
125	329	0.147	4.388E-15	0	467	475	0	479	483	12M3I5M9I7M4D8M3D9M4D6M2I9M11D7M5D5M9I5M7I10M2D23M1I17M3I15M5D10M1D6M12D7M1D18M5D5M12I19M1I7M9D6M3D6M1I2M5D6M1D16M1I6M4I2M1D8M6I4M7I10M4I7M1I35M4I18M9D2M3D22M3D22M1D6M1I4M
356	329	0.116	1.333E-14	5	470	475	1	454	484	5M2I7M9I10M5D14M1I2M3I6M13I5M12I4M28D2M2I25M2D7M3I21M5I13M4D6M2D5M4D26M9D4M13I3M3I13M1I7M9D6M3D6M5D33M5I12M7I11M9I2M1D5M1I35M4I19M9D22M2I17M2D18M
353	329	0.145	2.744E-14	0	468	475	0	480	485	5M2D13M12I5M4D8M1D16M5I4M7D6M14D6M5I8M14I6M1D18M7D2M3I23M5D2M3I7M4D17M14D6M1D14M3D5M2D4M12I16M19D7M5I13M4D31M6I11M11I15M4I5M1I37M4I15M9D25M4D9M5I4M2D11M1I4M
308	328	0.117	2.901E-14	4	468	475	1	451	474	5M3I7M9I6M4D9M1D9M1I2M10I6M25D3M3D3M4D5M24I16M3D6M1I5M3I21M5I11M3D2M1D6M2D5M4D26M9D4M13I3M3I13M1I7M9D13M8D32M5I11M7I10M9I45M4I17M3D2M6D22M2I17M2D9M1I6M
127	328	0.137	3.242E-14	2	466	475	0	473	481	10M1D3M13I8M4D8M1D8M1I3M2D8M24D3M6D15M3I5M10I4M10I6M5I10M2I17M6D5M4I9M5D10M2D5M13D22M5D9M12I19M1I7M12D13M4D31M5I12M7I15M8I4M1I36M4I17M3D2M3D1M3D40M1D14M
233	328	0.129	2.079E-14	4	474	475	1	480	481	9M1D3M13I3M7D7M2I11M6D4M21D2M13I11M16I16M2D22M4D1M2D22M3I9M1I2M5D6M1D2M1D6M12D7M1D14M5D9M12I19M1I8M9D4M3D7M8D25M1I5M5I14M11I10M5I3M1D4M1I36M4I16M9D25M2I17M2D12M1I9M
94	328	0.125	2.197E-14	4	468	475	6	484	499	5M1D6M13I7M4D11M7D7M1I6M9D2M7I3M15D2M6D3M5D5M23I7M5I9M3D5M4D3M3I17M1D5M3D2M2I8M4D11M8D6M6D7M1D13M5D10M12I19M1I7M9D6M3D7M4D16M4I14M2I11M4I4M7I12M4I4M1I36M4I19M9D23M1I17M2D11M1I4M
173	327	0.125	2.323E-14	4	468	475	1	472	476	8M3I4M9I8M4D5M1D12M12I8M29D11M17I20M1I10M2D4M1I17M6D5M4I8M4D12M5D5M10D5M1D16M5D9M12I19M4D6M7D15M5D30M6I11M4I16M11I4M1I36M4I19M9D23M1I17M2D11M1I4M
107	327	0.133	1.193E-14	7	468	475	1	476	480	13M9I12M5D11M1I2M3I11M23D8M7D5M21I2M3D7M5I9M6D5M2I27M4D1M2I8M4D11M2D6M13D21M5D9M12I19M4D7M8D6M1I7M5D31M6I10M4I5M7I10M4I10M2I9M1D21M4I17M8D2M1D7M1I42M1I6M
322	326	0.133	1.409E-14	4	467	475	1	474	476	5M1D6M13I6M6D6M1I19M2I4M23D5I3M1D3M7D5M24I7M4I9M6D9M2I21M4D3M2I8M6D2M2I13M16D20M5D10M12I19M4D6M2D2M2D6M3D7M5D31M6I10M4I4M7I12M4I5M1I35M4I19M9D23M2I16M2D11M3D4M
372	326	0.127	1.333E-14	0	468	475	0	477	482	9M1D7M13I7M4D6M1D10M1I2M2I4M6I5M22D5M7D2M7D3M23I8M1I12M3D7M2I2M1D17M3I14M4D11M2D6M12D7M1D17M5D6M12I19M1I7M9D6M3D6M5D31M5I2M1D7M2I2M4I11M12I3M1D5M1I35M4I19M9D26M3D13M2D3M1I8M1I5M
287	326	0.129	2.197E-14	5	468	475	1	451	483	5M2I7M9I10M5D14M1I3M11I7M8D6M8D3M6I2M7D1M6I2M2I24M1I31M5I13M4D6M2D5M4D26M9D4M13I3M3I13M1I7M12D12M5D33M5I12M7I11M9I2M1D5M1I35M4I19M9D22M2I17M2D9M1I6M
42	326	0.129	3.829E-14	2	468	475	1	478	484	10M3I5M8I7M4D8M1D18M5I1M7D7M14D6M18I3M1I11M1D13M3D5M4D3M3I22M4D1M2I12M4D8M5D5M10D15M9D17M16I14M1I7M11D3M4D10M4D31M6I11M7I15M8I5M1I36M4I18M9D20M4D18M3I12M1I3M
47	326	0.102	7.884E-14	4	470	475	1	454	491	5M3I7M9I10M5D14M1I2M10I6M26D15M18I27M2D3M3I21M5I13M4D6M2D5M4D22M7D4M2D4M13I3M3I13M1I7M9D13M8D32M5I11M7I11M9I44M4I19M9D22M2I17M2D18M
254	325	0.125	5.344E-14	4	470	475	1	446	447	9M1D2M13I6M6D6M1I11M17D3M6D5M13I13M17I4M2I4M4I9M6D9M2I20M6I13M5D6M2D6M12D7M1D17M9D7M11I3M3I13M1I7M9D13M2D23M4I7M3I11M7I13M10I5M1I35M4I18M2D27M2I13M2D11M3D7M
199	325	0.129	4.048E-14	4	468	475	1	472	474	5M1D6M13I15M6D12M1D7M22D9I3M3D3M1I9M15I27M1D5M3I33M2D12M2D6M13D6M1D14M8D4M1D5M13I3M3I13M1I7M19D13M4D16M1I14M5I20M10I10M2I7M1I33M4I18M3D6M1D13M3D27M2I5M1I4M
229	325	0.144	2.455E-14	2	466	475	0	473	481	10M1D3M13I6M2D2M2D8M1D8M1I3M2D8M6D8M11D10M3I15M3D4M10I6M5I10M2I21M4D11M3D13M2D5M13D22M5D9M12I19M4D5M2D3M5D13M4D31M5I12M7I15M8I4M1I36M4I17M3D2M3D1M3D40M1D14M
359	325	0.125	3.829E-14	4	468	475	1	451	483	5M3I7M9I6M4D9M1D9M1I2M10I6M25D3M3D2M2I8M18I18M3D6M1I5M3I21M5I9M5D3M1I6M2D5M4D26M9D4M13I3M3I13M1I7M9D13M8D32M5I12M7I9M9I45M4I19M9D22M2I17M2D9M1I6M
354	324	0.128	3.066E-14	4	467	475	1	453	458	5M1D7M13I7M4D8M3D8M2D2M1I7M14I4M10I3M8I2M21D6M4D48M6I8M1I2M4D8M3D5M4D21M5D10M12I19M1I7M9D6M3D7M5D32M5I10M4I15M9I5M3I36M4I17M3D3M6D21M3D34M
236	324	0.141	4.388E-15	7	467	475	1	472	480	13M9I7M4D7M3D11M1D5M6D2M6I4M10D11M16I16M2D18M4D5M2D25M2I7M4D11M2D6M12D6M1D18M5D6M12I19M4D6M4D7M3D8M4D24M1I6M5I13M7I11M1I4M8I39M4I17M12D25M2I16M2D11M1I3M
267	323	0.130	1.333E-14	0	465	475	0	462	472	9M3I4M3I5M6I6M5D15M4I19M5I5M7I5M3I1M23D22M3D13M2I21M5I13M4D6M2D3M6D4M2I9M2D4M1D8M2D8M8I4M4I13M4D6M4D8M3D6M5D33M5I8M1D3M7I15M8I10M1I30M4I19M6D1M3D21M2I17M2D13M
180	323	0.130	3.066E-14	4	468	475	1	478	484	16M9I6M4D8M1D18M5I1M7D7M14D3M5D6M24I6M1D13M3D5M4D3M3I21M5D2M3I10M1D1M3D8M5D5M10D15M9D17M16I14M15D10M1I10M4D31M6I11M7I15M8I5M1I36M4I18M9D20M4D18M3I12M1I3M
278	323	0.104	2.079E-14	2	472	475	0	485	487	8M1D3M1D2M13I10M4D6M1D8M1I6M10I3M13D6M15D5M6I7M11I7M1D12M3D11M1D13M9D6M7I8M4D11M2D6M12D7M1D16M5D9M10I3M2I14M1I6M13D3M3D7M2D22M4I13M2I10M4I5M7I11M4I4M1I36M4I19M7D23M4D38M
361	323	0.104	3.427E-14	2	469	475	1	491	495	8M5I9M6I4M4D10M5D9M18D2M10D3M11I8M5D2M6D4M24I6M4I11M3D9M3D23M3I8M1I2M5D8M2D6M12D3M1D18M5D9M12I19M7D8M2D6M3D6M5D32M1I3M3I10M7I12M9I43M4I19M14D5M3D40M1D7M1I5M
403	323	0.114	4.279E-14	2	474	475	7	519	520	7M2D7M13I5M6D6M1I25M23D2M3I14M17I11M1D19M9D1M1D21M3D4M1D2M2I12M4D8M2D6M23D7M1D17M5D6M12I19M1I7M9D6M3D7M5D24M7I5M1D11M4I5M7I9M2I8M3I34M4I19M13D22M3I5M2D11M2D7M3D15M
77	322	0.114	8.334E-14	4	468	475	1	451	484	5M3I7M9I6M4D9M1D9M1I2M10I6M25D3M3D2M2I8M18I27M2D3M3I21M5I9M5D3M1I6M2D5M4D26M9D4M13I3M3I13M1I7M9D6M3D6M5D33M5I11M7I11M9I44M4I19M9D21M3I4M1D13M2D9M1I6M
360	322	0.128	6.673E-14	4	468	475	1	451	484	5M3I7M9I6M4D9M1D9M1I2M29D5M13I13M18I22M1I31M5I11M3D2M1D6M2D5M4D26M9D4M13I3M3I13M1I7M9D13M8D32M5I11M7I10M9I45M4I17M6D3M3D21M2I17M2D9M1I6M
45	321	0.164	1.128E-14	4	468	475	1	475	484	5M3I7M9I6M2D3M2D6M1D10M4I10M34D6M2I10M4D3M31I7M6D6M2I25M5D2M3I7M4D11M2D5M13D24M5D7M12I19M4D7M8D3M1I9M5D19M8I5M1D6M1D10M4I4M7I11M4I4M1I37M4I19M9D22M2I17M2D9M1I6M
351	321	0.131	3.427E-14	117	467	475	108	478	484	14M7D2M3I23M5D2M3I7M4D11M2D5M13D24M5D9M12I17M1I7M9D6M3D6M5D22M8I8M2D10M4I4M7I9M1I2M3I5M1I36M4I17M8D2M1D22M2D15M1D19M
357	321	0.117	3.829E-14	4	466	475	1	492	507	8M3I5M9I5M6D4M1I14M14D2M22D6M8I13M16I3M1I11M1D17M5D6M1I22M2D12M4D11M2D5M13D25M5D6M12I19M4D6M5D8M3D7M5D33M4I11M11I14M4I5M1I5M1I6M1D24M4I18M6D2M6D28M1I11M2D14M
91	320	0.140	1.489E-14	5	468	475	1	472	476	5M2D5M13I13M4D10M11D6M2D7M3D8M7D2M3D3M1I7M9D5M10I1M14I8M2I9M3I14M1I8M3I12M4D8M10D2M7D4M2I17M5D10M12I15M17D7M5I13M6D23M4I7M2I11M4I17M12I39M4I19M8D20M2D37M
348	320	0.153	7.055E-14	4	468	475	1	471	476	5M1D6M13I8M4D7M1D9M1I3M1D2M4I6M3D2M18D7M7D6M24I6M4I9M3D8M1D25M4D2M2I9M5D8M2D7M13D22M5D10M9I5M3I13M1I7M9D6M3D7M5D16M4I14M2I11M4I4M7I11M2I7M3I35M4I18M9D26M2I13M2D9M1I6M
80	320	0.121	3.829E-14	2	468	475	0	475	478	7M1D6M13I6M3D7M2D23M10D2M22D3M3I16M28I11M1D9M1I15M4D3M2D4M4I11M4D5M9D9M6D7M1D13M5D10M12I19M13D9M1I11M5D16M4I12M2I13M4I4M7I11M2I4M3I37M4I19M9D27M1I12M2D10M1I6M
166	320	0.118	4.524E-14	4	466	475	1	471	478	8M3I4M9I6M4D7M1D12M12I8M29D8M10I5M7I18M1I10M4D1M3I18M6D5M4I11M4D9M3D4M13D22M5D9M12I19M4D6M7D15M5D30M6I11M4I16M11I4M1I36M4I19M9D23M1I17M2D14M
401	320	0.128	5.344E-14	4	467	475	1	471	480	14M12I5M4D9M3D10M11D5M8I3M8D4M2D3M5D2M7D4M24I17M1I8M3D21M2I6M1I8M4D11M2D5M13D25M5D8M10I3M2I14M1I7M9D5M3D8M4D18M4I11M1I3M1I10M7I15M8I9M2I6M1D24M4I17M12D54M1I3M
22	320	0.117	7.884E-14	4	468	475	1	451	483	5M3I7M9I5M4D10M1D9M1I2M10I6M25D3M3D3M4D5M24I16M3D6M1I5M3I21M5I11M3D2M1D6M2D5M4D26M9D4M13I3M3I13M1I7M9D13M8D32M5I11M7I10M9I45M4I19M9D22M2I11M1D5M1D10M1I6M
213	319	0.134	5.344E-14	4	468	475	1	476	481	5M1D6M13I8M4D7M1D9M1I3M1D4M8I3M25D11M3I8M14I6M4I9M3D5M4D3M3I22M4D2M2I12M4D7M3D5M13D24M5D7M12I15M1I11M9D6M3D7M5D16M4I11M1D3M2I12M1I5M10I9M2I5M3I36M4I19M9D23M2I16M2D9M3D7M
284	319	0.117	5.972E-14	4	467	475	1	478	484	5M3I7M9I6M4D9M1D10M12I8M15D1M16D3M5D5M5I9M1I5M17I7M3D5M4D2M3I22M5D3M3I7M4D11M2D5M13D25M5D6M12I23M6D4M2D6M3D7M5D21M7I9M1D11M7I12M2I3M6I4M1I36M4I17M8D2M1D22M3D34M
129	319	0.122	2.197E-14	2	468	475	2	486	488	8M2I7M9I10M4D2M1D12M1I3M1D7M8D9M13D10M3I4M2D9M2D3M2D8M6I9M4I5M3I18M6D5M4I8M4D10M1D5M12D25M4D2M2D7M9I4M3I13M4D6M7D14M5D7M1I2M1D22M6I10M4I4M7I12M4I4M1I8M1I7M1D20M4I19M7D22M2D5M1D30M
57	318	0.141	1.100E-13	4	465	475	1	469	475	5M1D7M13I8M5D23M8I4M24D2M5D3M3D5M23I7M5I9M3D11M1D15M4D8M2I9M4D12M3D5M12D7M1D14M5D11M9I4M3I13M1I7M12D13M5D30M6I11M4I4M7I12M4I4M1I36M4I19M9D54M
168	318	0.141	1.374E-13	4	468	475	1	471	476	5M1D6M13I8M4D7M1D9M1I3M1D2M8I5M24D3M3D3M5D6M24I6M4I9M3D8M1D25M4D2M2I9M5D8M2D7M13D22M5D10M9I5M3I13M1I7M12D13M5D16M4I14M2I11M4I4M7I11M2I7M3I35M4I18M9D26M2I13M2D9M1I6M
118	318	0.151	7.458E-14	4	467	475	1	475	478	5M1D6M13I8M5D23M8I5M24D2M1D8M3I3M3I2M11I9M4I9M3D6M4D2M3I23M2I1M5D8M4D11M3D5M9D1M3D7M1D13M5D10M12I19M1I7M9D6M3D7M5D29M6I12M4I4M7I12M4I3M1I37M4I17M3D2M6D52M3D4M
158	318	0.142	1.100E-13	0	467	475	0	479	484	3M2D15M12I5M4D8M1D15M9I4M11D3M14D3M5D5M24I7M1D13M7D7M3I17M4D2M2D4M4I8M4D17M14D6M1D14M6D9M13I19M1I7M11D3M4D10M4D29M6I13M7I14M8I6M1I36M4I18M9D23M1I17M2D11M1I3M
406	318	0.133	9.313E-14	2	468	475	1	478	484	10M3I5M8I7M4D8M1D18M5I1M7D7M14D3M5D5M24I7M1D13M3D5M4D3M3I21M5D2M3I10M1D1M3D8M5D5M10D15M9D17M16I14M15D10M1I10M4D31M6I12M11I13M4I6M1I36M4I18M9D20M4D18M3I12M1I3M
74	318	0.129	2.744E-14	4	468	475	1	477	486	9M13I14M6D13M1I11M12D7M12D10M3I5M14I21M2D7M2I21M6D4M4I8M6D16M13D21M5D12M10I3M2I14M1I7M9D6M3D7M5D16M4I14M2I11M4I4M7I12M4I4M1I36M4I19M9D15M1D11M2I13M2D12M1I3M
141	318	0.106	2.197E-14	5	466	475	1	482	497	5M2I7M10I4M5D7M1D13M1I10M2D5M30D12M10I5M7I10M1D20M4D21M6D5M4I8M4D11M2D6M12D6M1D17M5D7M12I15M17D9M6I10M5D29M6I7M1D2M1I2M4I4M7I12M4I9M2I9M1D21M4I17M3D25M2I16M2D14M
407	318	0.138	2.197E-14	3	470	475	4	514	519	8M2I6M9I13M5D12M1I6M7D10M7D9M9D15M13I9M5I10M2D2M13D21M3D4M1D2M2I9M4D11M2D6M19D5M1D19M6D6M12I6M2I10M7D3M1I5M2D3M4D10M5D31M6I11M7I9M4I5M5I41M4I18M1D2M2D10M6D11M6D33M4D4M
167	316	0.140	8.334E-14	4	468	475	1	471	475	14M12I5M4D8M1D17M8I6M29D3M3D5M24I7M4I9M3D6M2D4M1I15M4D3M2I14M4D12M5D5M10D7M1D13M5D10M12I19M13D5M1I8M1I5M5D19M4I4M1I5M2I3M1D10M4I4M7I11M4I5M1I36M4I17M3D2M6D50M1I6M
363	316	0.137	1.452E-13	4	468	475	1	471	476	5M1D6M13I8M4D7M1D9M1I3M1D2M8I5M24D3M3D3M5D6M24I6M4I14M5D4M1I23M4D2M2I8M4D11M3D5M13D22M5D10M9I5M3I13M1I7M12D13M5D16M4I14M2I11M4I4M7I11M2I7M3I35M4I17M6D2M3D25M2I13M2D9M1I6M
378	316	0.140	3.066E-14	4	468	475	1	472	476	8M1D4M13I5M4D7M1D12M12I8M29D10M17I21M1I11M2I2M3D17M6D5M4I8M4D12M5D5M10D5M1D8M9D8M1I10M15I14M4D5M2D3M2D6M3D6M5D19M4I12M2I12M7I12M1I3M7I4M1I36M4I17M3D2M3D1M3D40M1D9M1I6M
175	316	0.126	4.048E-14	4	469	475	1	474	477	8M3I4M9I6M4D7M1D12M12I8M29D10M17I13M4I8M3D7M4D1M3I18M6D5M4I9M5D2M1I8M3D4M13D22M5D9M12I19M4D5M2D3M5D13M5D31M6I10M4I16M11I4M1I36M4I19M6D1M3D4M3D6M1D27M3I17M
247	316	0.127	4.048E-14	4	466	475	1	472	479	8M3I5M9I6M7D7M2I7M2D4M4I6M6D6M9D6M7D5M23I9M2D23M6D18M3I13M4D11M2D6M12D7M1D17M5D6M12I19M4D6M7D15M5D24M1I7M5I11M7I5M4I11M2I5M3I5M1I7M1D21M4I19M12D23M2I17M2D13M
244	316	0.134	4.279E-14	0	469	475	0	481	482	18M12I6M4D9M3D8M4D6M20D1M11I6M5D5M9I5M7I11M1I22M2D17M3I15M5D10M1D5M13D24M5D9M9I4M3I13M1I7M9D6M3D6M5D31M5I2M1D6M2I3M7I10M9I4M1D5M1I35M4I14M12D28M3D22M1D6M1I6M
161	316	0.115	1.163E-13	4	468	475	1	478	483	5M1D7M13I9M4D5M1D9M9D4M24D3M7D2M9I13M2D6M27I14M2D5M2I24M3I8M1D2M3D8M2D5M12D8M1D16M5D7M12I15M17D9M2I10M2D28M1I7M5I10M4I3M7I13M4I4M1I36M4I19M9D16M1D5M1D28M3D8M
24	316	0.121	1.452E-13	1	466	475	3	503	519	23M5I13M2I8M1I7M1D10M13D12M7I7M8I4M11D4M5I14M2D2M13D21M3D4M1D2M2I9M4D11M18D3M6D4M2I21M6D6M14I17M1I7M13D13M5D30M6I11M4I4M7I12M4I5M1I7M1I6M1D21M4I17M1D8M12D16M1D17M2I14M
73	315	0.135	1.100E-13	4	466	475	1	471	476	8M3I4M9I6M4D10M1I7M2I14M10D4M10D2M1D9M17I13M4I8M3D7M4D1M3I18M6D5M4I8M4D12M3D4M13D21M5D10M12I19M4D5M2D3M5D12M5D31M6I13M11I14M4I4M1I36M4I19M6D1M3D22M4D15M3I14M
62	315	0.131	1.623E-13	5	468	475	1	475	478	5M2D5M13I8M4D7M1D9M1I3M1D4M8I3M25D11M5I8M12I6M4I14M7D3M3I17M1D5M3D2M2I8M4D11M3D5M13D22M5D10M9I5M3I13M1I7M9D6M3D7M5D30M6I11M4I4M7I11M2I7M3I34M4I19M9D23M3D34M
32	315	0.133	4.279E-14	4	468	475	1	471	479	5M1D6M13I8M4D6M1D10M1I3M1D2M5I6M22D13M3I8M14I6M4I9M3D11M1D19M1D3M3D2M2I8M4D11M3D5M9D1M3D7M1D13M5D12M10I3M2I14M1I7M9D6M3D7M5D30M6I6M1D2M1I2M4I11M4I6M5I3M3I36M4I17M3D2M6D23M2I16M2D9M1I6M
289	315	0.113	1.163E-13	5	468	475	1	451	483	5M2I7M9I10M5D14M1I2M29D5M13I13M18I25M2D5M3I21M5I11M3D2M1D6M2D5M4D26M9D4M13I3M3I13M1I7M9D6M3D6M5D33M5I12M7I11M9I2M1D5M1I35M4I19M9D22M2I17M2D9M1I6M
344	315	0.147	5.055E-14	0	467	475	0	479	483	18M12I6M4D8M3D9M4D6M2I9M11D7M5D5M9I5M7I10M2D22M1I18M3I15M5D10M1D5M13D26M5D5M12I19M1I7M9D6M3D6M1I2M5D6M1D16M1I5M5I13M7I5M4I8M4I7M1I35M4I18M9D2M3D22M3D22M1D6M1I4M
334	314	0.144	1.229E-13	4	468	475	1	471	476	5M1D6M13I8M4D7M1D9M1I3M1D2M8I5M25D6M7D6M24I6M4I9M3D8M1D25M4D2M2I9M5D8M2D7M13D22M5D10M9I5M3I13M1I7M12D13M5D16M4I14M2I11M4I4M7I11M2I7M3I35M4I18M9D21M3I6M1D11M2D9M1I6M
339	314	0.143	1.300E-13	4	468	475	1	471	476	5M1D6M13I8M4D7M1D9M1I3M1D2M4I6M3D2M18D7M7D6M24I6M4I14M7D3M3I22M4D2M2I8M4D11M3D5M13D22M5D10M9I5M3I13M1I7M12D13M5D16M4I14M2I11M4I4M7I11M2I7M3I35M4I18M9D21M3I6M1D11M2D9M1I6M
39	314	0.113	8.334E-14	1	467	475	2	475	477	11M3I5M9I6M4D10M1D7M8I9M20I2M4D4M3I3M2I1M20D10M7D22M7D19M1I4M2I9M4D11M2D5M13D24M5D7M12I19M1I7M9D13M3D29M6I13M7I5M4I9M4I5M1I36M4I18M9D2M3D4M3D6M1D10M2I17M2D11M1I4M
108	314	0.132	9.313E-14	5	472	475	1	486	487	5M2D5M13I11M4D7M2D18M22D2M5I11M3I5M14I9M4I14M5D5M1I17M1D4M4D2M3I8M4D12M11D5M6D7M1D17M5D6M12I19M2I5M17D6M1I6M5D17M4I16M1I10M4I12M12I7M1I37M4I18M10D22M2I17M2D12M3D8M
396	313	0.129	9.313E-14	4	467	475	1	472	477	5M1D6M13I8M4D7M1D9M1I3M1D4M8I4M24D2M3D2M2I4M3I3M3I5M11I6M4I13M6D6M1I15M4D2M2D5M4I12M4D13M16D20M5D10M12I19M1I7M9D6M3D7M5D31M6I10M4I4M7I12M4I3M1I37M4I17M3D2M6D23M1D3M2I13M2D9M1I5M
54	313	0.141	1.300E-13	4	467	475	1	475	479	5M1D6M13I8M4D5M1D18M4I7M21D7M7D5M24I7M4I9M3D5M4D3M3I22M5D2M2I8M4D12M5D3M7D2M3D7M1D13M5D10M12I19M1I7M9D6M3D6M5D32M6I10M4I4M7I12M4I3M1I37M4I17M3D2M6D23M2I15M2D13M3D3M
364	312	0.149	1.814E-13	4	468	475	1	471	476	5M1D6M13I8M4D7M1D9M1I3M1D2M4I6M3D2M18D7M7D6M24I6M4I9M3D8M1D25M4D2M2I9M5D8M2D7M13D22M5D10M9I5M3I13M1I7M12D13M5D16M4I14M2I11M4I4M7I11M2I7M3I35M4I18M9D21M3I5M1D12M2D9M1I6M
4	312	0.140	2.027E-13	4	467	475	1	471	479	8M3I5M9I7M4D6M1D16M1I5M1I1M25D1M6I4M7D6M24I6M4I9M3D7M2D21M1D5M3D1M2I12M4D6M3D7M13D21M5D10M12I17M7D2M6D4M2I15M5D31M6I10M4I4M7I12M4I3M1I37M4I18M6D2M3D22M1I16M1D13M1I2M
23	312	0.122	1.041E-13	7	468	475	1	451	479	12M9I6M4D9M1D9M1I2M10I6M25D3M3D2M2I8M18I18M3D6M1I5M3I21M5I9M5D3M1I6M2D5M4D26M9D4M13I3M3I13M1I7M9D13M8D32M5I12M7I9M9I4M1D5M1I35M4I19M9D22M2I17M2D9M1I6M
20	312	0.106	2.394E-13	4	470	475	1	454	483	5M3I7M9I6M3D6M2D12M1I2M10I6M25D3M3D3M4D5M24I25M2D3M3I21M5I9M5D3M1I6M2D5M4D25M9D5M13I3M3I13M1I7M9D13M8D32M5I11M7I10M9I45M4I18M6D2M3D21M2I17M2D18M
219	311	0.120	1.163E-13	2	467	475	0	436	438	7M3I7M9I8M4D7M1D8M2D5M22D3M13I2M2D8M20I11M4I10M3D7M3I17M11I6M6D4M2I5M3D5M13D13M9D18M13I2M3I13M1I7M12D13M3D7M2I22M6I12M11I13M4I8M1I33M4I17M3D26M2I30M
377	311	0.144	3.427E-14	4	468	475	1	472	476	5M1D7M13I5M4D7M1D12M12I8M29D10M17I13M4I8M3D7M4D1M3I18M6D5M4I8M4D12M5D5M10D5M1D8M9D8M1I10M15I14M4D5M2D3M2D6M3D6M5D19M4I12M2I12M7I12M1I3M7I4M1I36M4I17M3D2M3D1M3D40M1D9M1I6M
110	311	0.124	7.884E-14	4	469	475	1	474	477	8M3I4M9I6M4D7M1D12M12I8M29D10M17I13M4I8M3D7M4D1M3I18M6D5M4I9M5D2M1I8M3D4M13D21M5D10M12I19M1I7M12D13M5D30M6I11M4I16M11I4M1I36M4I19M6D1M3D4M3D6M1D27M3I17M
310	311	0.116	1.535E-13	1	468	475	2	474	480	8M2D7M13I5M4D16M2D3M5D9M6I2M13D4M3D1M8D6M26I7M2D14M4D9M3D20M4I10M4D11M8D6M6D7M1D17M12D4M14I3M3I9M1I3M1I7M12D13M4D29M6I13M7I15M8I4M1I36M4I17M3D25M1I16M1D11M3D6M
335	311	0.128	1.374E-13	4	466	475	1	471	480	5M1D6M13I8M5D16M1I3M1D4M2I4M25D1M6I9M3I17M14I8M2D8M2I25M4D2M2I8M4D7M9D10M7D23M5D9M10I3M2I14M1I7M6D2M6D11M5D18M4I13M1I11M4I4M7I11M2I7M3I34M4I19M9D23M2I16M2D14M
144	311	0.141	9.845E-14	1	467	475	2	479	482	11M3I5M8I7M4D8M1D9M1I3M1D4M6I2M8D2M12D11M10I4M7I11M1D13M6D6M2I25M4D2M2I10M1D1M3D14M14D6M1D18M5D5M12I20M1I7M11D13M8D31M6I11M7I15M8I5M1I37M4I16M8D1M1D5M3D5M1D28M3I11M1I3M
298	311	0.123	5.055E-14	4	468	475	1	489	492	5M1D6M13I5M4D9M1D9M11D1M1I3M34D6M10I10M3I4M24I20M3I17M3D7M2I9M1I2M5D5M10D8M10D16M3D9M2D6M11I5M1I12M14D7M3I13M4D23M4I6M1I3M1I18M10I10M2I4M1I5M1I9M1D21M4I18M11D2M2D17M4D39M
304	311	0.130	1.300E-13	0	464	475	0	504	518	12M6I4M5I7M6D8M3I3M2D4M1I7M1D10M13D27M5I3M2D1M1I9M5I10M2D2M13D21M3D4M1D2M2I9M4D13M4D3M18D25M6D6M14I16M14D5M2I15M5D31M6I11M11I15M4I5M1I35M4I16M3D7M3D3M7D15M2D18M2D2M1I10M
325	310	0.129	1.716E-13	4	472	475	1	459	460	5M3I7M10I11M6D12M12I13M8D3M11D2M8D4M18I17M1I9M3D3M3I21M5I11M3D2M1D6M2D5M4D22M5D5M4D3M13I3M3I13M1I7M9D13M8D32M5I11M7I12M9I2M1D4M1I36M4I17M3D3M6D15M1D10M2D35M
408	310	0.118	2.265E-13	4	468	475	1	472	474	14M12I10M4D12M4D10M10I1M23D7M1D7M15I27M1D5M3I26M2I6M4D11M12D6M3D6M1D14M8D4M1D5M13I3M3I9M17D6M3D4M2I12M4D25M1I6M5I14M10I12M2I11M1I33M4I18M3D7M1D11M1D9M2I16M1D13M
265	310	0.124	3.532E-13	117	471	475	104	474	475	9M2D7M2D24M2D14M4D11M2D5M9D1M3D7M1D16M5D7M12I19M1I7M9D6M3D6M5D31M6I11M4I4M7I11M2I7M3I34M4I19M8D23M1I16M1D20M
397	309	0.120	6.673E-14	4	466	475	1	471	477	8M3I4M9I6M4D10M1I7M2I5M4I9M24D2M1D9M17I21M1I11M2I2M3D17M6D5M4I8M4D12M5D2M13D4M2I18M5D9M12I19M1I7M12D13M5D30M6I11M4I16M11I4M1I36M4I19M6D1M3D4M3D6M1D27M3I14M
399	309	0.154	1.100E-13	4	468	475	1	475	478	5M1D7M13I5M4D13M1D4M4I7M1I8M25D12M4I5M13I8M4I10M3D6M2I2M3D17M3D4M1D3M2I13M4D9M2D6M14D17M5D12M9I4M3I13M1I7M9D6M3D7M5D31M6I12M11I14M4I3M1I37M4I17M3D2M6D41M1D11M1I4M
358	309	0.128	7.458E-14	4	468	475	1	451	483	5M3I7M9I6M3D6M2D11M6D8M16I11M19D7M12I21M1I31M5I9M5D3M1I6M2D5M4D22M5D5M4D3M13I3M3I13M1I7M9D6M3D6M5D33M5I11M7I10M9I45M4I19M9D21M3I5M1D6M1D6M1D9M1I6M
292	309	0.128	7.055E-14	2	468	475	0	480	485	7M1D7M13I5M5D17M2D2M7D3M4D6M11D2M8I5M1I7M16I3M1D10M2D17M2D6M4D21M4I9M4D11M8D6M6D7M1D17M5D6M12I19M1I7M12D13M5D30M6I6M1D2M1I2M4I4M7I12M4I4M1I8M1I6M1D21M4I18M6D2M6D22M2I10M1D6M1D10M3D6M
220	309	0.118	2.323E-14	4	467	475	1	489	491	5M1D6M13I6M5D17M11D1M1I3M34D5M16I5M5I7M6I3M10I21M3I16M4D8M3I7M1I2M5D5M10D8M10D13M3D13M6D4M13I3M3I9M17D7M6I12M5D24M1I7M5I18M10I10M2I4M1I6M1I6M1D24M4I18M11D2M2D17M4D38M
53	308	0.132	8.810E-14	7	467	475	1	472	481	12M9I7M4D8M1D10M13D2M1D8M2I2M7D15M3I6M12I2M2I14M1I9M4D3M3I17M6D5M4I9M5D6M1D9M13D21M5D10M12I19M1I7M9D6M3D7M5D30M6I11M4I4M7I11M2I4M3I37M4I19M9D27M1I13M2D12M1I2M
160	308	0.130	5.649E-14	0	468	475	0	480	483	18M12I6M4D5M1D9M2D3M11D6M9I2M11D7M5D5M9I6M7I9M2D23M1I19M1I12M3D13M1D6M12D7M1D16M5D7M12I19M13D5M1I4M1I9M5D27M1I3M4I2M1I11M7I12M6I9M3I34M4I14M12D28M3D22M1D6M1I5M
286	308	0.120	2.394E-13	4	468	475	1	479	484	5M3I7M9I7M4D8M1D10M17D8M7D6M6D4M6I5M23I25M5D6M1I18M6D4M4I8M4D12M3D4M12D25M5D6M12I19M4D6M7D15M5D30M6I12M7I12M8I7M1I36M4I18M7D4M2D20M3D34M
11	308	0.116	2.828E-13	2	468	475	2	486	488	8M2I7M10I11M6D12M1I3M1D6M5D6M17D4M1I7M11I8M3D7M2I14M1I8M4D2M3I18M6D5M4I13M4D6M1D4M12D25M4D2M2D5M12I19M4D6M7D14M1I2M5D8M1D20M6I11M4I4M7I12M4I4M1I36M4I19M7D22M3D35M
179	307	0.108	2.265E-13	4	466	475	1	439	446	9M1D2M13I6M6D6M1I11M1I2M24D5M13I8M10I3M8I14M5I5M6D9M2I15M1I5M5I13M5D6M2D6M12D6M1D14M8D4M1D7M11I3M3I13M1I7M9D13M2D24M7I17M7I13M10I4M1I36M4I18M2D23M2I17M2D14M
243	307	0.120	3.161E-13	4	472	475	1	459	460	6M1D5M13I7M4D8M1D9M4D2M2D5M1I2M9I9M11D2M7D21I4M4D24M2D3M3I18M2D1M7I9M5D3M1I6M2D6M4D20M8D10M12I3M3I13M4D5M2D3M2D6M3D6M5D33M5I11M4I4M7I7M5I3M1D4M1I36M4I19M9D20M3D41M
290	307	0.100	1.163E-13	2	468	475	2	486	488	8M2I7M9I10M4D7M1D7M1I3M1D6M5D6M3D4M11D5M9D2M1D12M7I3M11I10M3D11M3I18M6D5M4I13M4D6M1D4M12D28M6D6M10I4M2I13M4D6M7D15M5D30M6I11M4I4M7I11M4I5M1I36M4I19M7D23M3D12M6D7M1I4M5I5M
172	306	0.129	1.535E-13	4	468	475	1	472	476	8M3I4M9I8M4D5M1D12M8I10M25D11M7I2M10I20M1I10M2D4M1I17M6D5M4I8M4D12M3D5M12D5M1D16M5D9M12I19M4D6M7D15M5D21M7I9M1D10M4I16M11I4M1I36M4I19M9D23M1I17M2D11M1I4M
409	306	0.117	2.143E-13	1	467	475	2	475	477	8M1D6M13I7M4D10M1D7M8I11M21D11M16I3M6I7M7D22M7D15M1D9M4I7M4D11M2D5M13D24M5D9M9I4M3I13M3D8M5D13M3D29M6I13M7I5M4I9M4I5M1I36M4I18M9D2M3D4M3D6M1D10M2I14M1D8M1D6M1I4M
275	306	0.119	2.676E-13	4	467	475	1	473	481	6M1D6M13I5M6D4M1I11M4I10M9D6M11D7M7D5M9I6M12I17M1I9M8D19M1I6M2I8M4D10M2D5M12D8M1D17M5D6M12I19M1I8M9D12M9D24M7I4M1D14M7I11M9I2M1D4M1I36M4I19M8D23M2I16M2D12M1I2M
75	306	0.118	1.535E-13	4	468	475	1	451	484	5M3I7M9I6M3D6M2D12M1I2M10I6M3D2M2I10M10D3M8D8M11I19M1I31M5I11M3D2M1D6M2D5M4D25M9D5M13I3M3I13M1I7M9D13M8D32M5I11M7I10M9I45M4I18M6D2M3D21M2I17M2D9M1I6M
1	306	0.143	1.229E-13	1	468	475	2	484	486	3M1D5M1D6M13I6M1D3M4D15M1I3M1D3M6I3M8D10M15D3M3I4M3I5M11I6M1D13M3D6M4D1M3I18M1D5M3D1M2I9M4D20M14D21M5D5M12I20M4D5M2D3M2D6M3D7M4D30M6I12M7I5M4I10M4I5M1I7M1I6M1D22M4I17M7D2M2D20M2D4M1D12M2D20M
79	306	0.109	3.161E-13	3	466	475	2	481	490	6M5I10M6I3M4D12M1D7M1I3M7I5M12D3M10D3M3D3M5D6M24I7M2D17M6D29M3I12M4D7M2D6M12D7M1D16M5D7M12I19M7D8M2D6M3D6M5D34M4I11M7I12M9I2M1D4M1I36M4I16M13D3M1D23M3I15M3D14M
10	305	0.135	3.341E-13	2	466	475	0	465	467	7M1D6M13I7M4D6M1D11M1I2M2I8M8D5M10D7M5D5M9I5M7I10M1D1M2I21M2D19M3I14M1D1M3D8M2D5M13D25M5D8M12I17M4I3M5D14M4D25M1I5M5I13M7I11M9I6M1I36M4I17M12D25M2I15M5D5M1D10M
149	305	0.140	1.623E-13	4	467	475	1	476	485	6M1D6M13I6M4D8M1D11M9I10M17I1M5D9M27D21M1I9M4D3M3I17M6D5M4I9M5D7M1D8M13D21M5D10M12I19M1I7M9D6M3D7M5D30M6I11M4I4M7I12M4I3M1I37M4I19M9D27M1I13M2D12M1I2M
5	305	0.136	8.334E-14	4	468	475	1	485	489	5M1D7M13I6M4D8M3D11M11D5M6I4M11D8M5D4M23I10M6D9M1I8M3I2M6D17M1D18M5D10M1D6M12D7M1D16M5D9M10I3M2I10M17D14M2I6M2D27M1I5M5I14M11I14M4I4M1I36M4I18M9D2M3D22M2I16M2D8M3D8M
293	304	0.137	1.163E-13	4	467	475	0	480	487	6M2D5M13I5M4D9M1D10M1I9M15D3I3M9D8M2I4M6I3M10I12M3D21M3I16M3D9M2I7M1I2M5D7M9D7M9D7M1D5M2D4M7D15M16I12M14D5M3I14M3D10M1D15M1I6M5I12M6I18M6I4M1I36M4I19M12D19M2D6M3I17M2D7M1I3M
342	304	0.129	1.716E-13	2	467	475	5	484	491	9M3I6M8I7M4D8M1D9M1I3M1D4M6I2M10D6M15D3M5D5M24I7M1D13M3D5M4D2M3I20M5D5M3I7M4D14M17D4M2I21M5D5M12I20M1I7M11D6M4D7M4D31M6I11M7I15M8I5M1I35M4I18M7D2M2D22M1I17M2D11M1I3M
303	304	0.123	2.990E-13	117	466	475	116	503	519	14M2D2M13D21M3D4M1D2M2I9M4D11M18D3M6D4M2I21M6D6M14I17M1I7M9D3M4D10M5D30M6I11M4I4M7I12M4I5M1I7M1I6M1D21M4I17M1D3M2D5M10D16M1D17M2I14M
87	303	0.131	2.828E-13	4	468	475	1	472	474	12M12I15M6D12M1D6M33D8M2I10M4I5M10I2M13I13M3I3M3I26M2I6M4D13M5D4M10D6M1D14M8D4M1D5M13I3M3I13M1I7M19D13M3D3M1D21M1I6M5I12M3I12M2I6M7I7M1I33M4I18M3D6M1D13M3D27M2I5M1I4M
230	303	0.123	2.143E-13	4	469	475	1	474	477	8M3I4M9I6M4D7M1D12M12I8M29D10M17I13M4I8M3D7M4D1M3I18M6D5M4I8M4D12M3D4M13D26M5D5M12I19M1I7M12D13M5D30M6I11M4I16M11I4M1I36M4I19M6D1M3D5M3D5M1D27M3I17M
336	303	0.148	5.649E-14	4	468	475	1	474	477	8M3I5M9I6M4D9M3D9M11D9M8D9I3M5D3M3D5M9I5M1D2M9I16M1I8M3I2M6D14M1I8M3I9M5D10M1D6M12D6M1D8M9D17M11I3M3I9M1I11M9D6M3D7M5D23M5I9M1I10M7I12M1I3M7I4M1I7M1I6M1D22M4I18M6D2M6D22M2I16M2D9M1I6M
376	303	0.125	1.623E-13	4	467	475	1	471	477	5M1D5M13I7M4D7M1D12M12I8M29D10M17I21M1I10M4D1M3I18M6D5M4I8M4D12M5D2M13D4M2I22M5D5M12I19M1I7M12D13M5D30M6I11M4I16M11I4M1I36M4I19M6D1M3D5M3D5M1D27M3I11M1I3M
78	303	0.133	1.300E-13	7	468	475	1	473	483	12M10I11M6D14M7I13M30D3M1I8M4I12M18I6M3D11M1D16M4D8M2I8M4D10M2D6M12D6M1D19M5D6M12I19M1I7M10D13M5D31M6I10M4I15M11I5M1I36M4I19M9D23M1I17M2D11M1I4M
332	303	0.146	2.079E-14	106	467	475	98	480	487	7M2D21M3I16M3D9M2I7M1I2M5D5M10D9M10D20M6D4M3D7M16I10M17D8M6I11M4D30M5I2M1I17M10I11M2I9M2I9M1D21M4I17M3D4M3D1M6D15M3D21M2I11M1I3M
296	302	0.129	2.531E-13	4	468	475	1	472	474	14M12I13M6D12M1D6M33D8M2I10M4I5M10I2M13I13M3I3M3I33M2D14M5D4M10D6M1D14M8D4M1D5M13I3M3I13M1I7M15D3M4D10M3D3M1D21M1I6M5I14M10I16M2I7M1I33M4I18M3D6M1D13M3D22M2I10M1I4M
26	302	0.126	2.027E-13	4	466	475	1	471	476	8M3I4M9I6M4D10M1I3M2D5M12I8M29D10M17I13M4I8M3D7M4D1M3I18M6D5M4I8M4D12M5D2M13D4M2I17M5D10M12I19M4D5M2D3M5D13M5D30M6I13M11I14M4I3M1I37M4I19M6D1M3D5M4D32M3I14M
345	302	0.123	3.947E-13	3	472	475	8	498	500	6M1D7M13I5M4D7M1D24M18D1M5I11M16I3M1D16M1D9M5D9M2D18M4D7M2I9M4D11M14D3M7D6M3I14M5D10M12I19M4D8M12D13M5D18M8I10M2D13M11I13M5I42M4I18M9D5M3D5M1D29M3I19M
178	301	0.123	1.917E-13	4	469	475	1	474	477	8M3I4M9I6M4D7M1D12M12I8M29D10M17I13M4I8M3D7M4D1M3I18M6D5M4I8M4D9M3D7M13D21M5D10M12I19M4D5M2D3M5D13M5D30M6I11M4I16M11I4M1I36M4I19M6D1M3D4M3D6M1D27M3I17M
271	301	0.123	7.458E-14	4	468	475	1	477	480	16M3D3M8I23M11D5M9I3M9D4M10D6M12I3M7I10M1I23M2D17M2I6M1I8M6D2M2I7M2D5M13D24M10D7M17I14M2I7M13D12M4D31M6I11M7I12M9I2M1D4M1I7M1I8M1D20M4I14M12D31M3D19M1D12M
170	301	0.147	6.673E-14	4	468	475	1	475	484	5M1D7M13I7M4D7M1D10M4I10M34D6M2I10M4D5M10I3M14I17M3I22M5D2M3I7M4D11M2D5M13D13M2D4M2I6M2D1M3D5M12I19M1I7M12D12M5D17M4I10M4I3M2D10M4I13M8I2M3I5M1I36M4I19M9D21M3I4M1D13M2D9M1I6M
33	301	0.111	4.173E-13	2	468	475	2	486	488	7M2I10M9I8M4D3M1D11M1I3M1D6M5D6M17D4M1I9M3I3M2D7M13I23M7D2M3I18M6D5M4I12M4D7M1D4M3D1M9D21M6D12M12I17M4D6M7D15M5D24M1D6M7I10M4I4M7I9M4I7M1I8M1I6M1D21M4I19M7D26M2I12M2D11M3D6M
285	301	0.107	2.990E-13	0	467	475	0	481	502	9M3I8M9I6M4D9M1D19M27D4M6D4M6I5M23I21M3D5M2D5M1I17M2D17M4D11M8D6M6D7M1D17M5D6M12I19M1I7M9D6M3D7M5D31M6I12M11I14M4I9M2I10M1D20M4I19M9D5M3D18M4I14M2D9M1I5M
273	300	0.108	1.814E-13	1	466	475	3	466	476	15M13I8M4D15M1I11M8D5M21D5M1D9M24I14M1I7M1D8M3D21M4I9M7D16M10D24M5D9M10I16M6D9M4D15M4D16M4I13M2I9M1I5M6I14M8I7M1I33M4I18M1D2M2D22M3I15M3D14M
165	300	0.125	2.265E-13	4	469	475	1	474	477	8M3I4M9I6M4D7M1D12M12I8M29D10M17I13M4I8M3D7M4D1M3I18M6D5M4I8M4D12M3D4M13D22M5D9M12I19M4D5M2D3M5D12M5D31M6I11M4I16M11I3M1I37M4I19M6D1M3D4M3D6M1D27M3I17M
237	300	0.122	3.947E-13	0	471	475	7	514	518	16M13I5M6D7M1I13M2D6M3I2M23D2M3I12M18I3M1D9M1D13M9D7M1D21M3D4M2D2M3I11M4D8M2D6M23D7M1D18M5D5M12I19M1I7M12D13M5D31M6I12M4I4M1D7M2I2M10I5M1I35M4I19M12D40M1D8M3D12M
238	300	0.118	7.272E-13	1	466	475	3	503	519	12M1D3M13I5M6D9M1I8M1I7M1D10M13D12M7I7M8I4M11D4M5I14M2D2M13D21M3D4M1D2M2I9M4D11M18D3M6D4M2I21M6D6M14I17M1I7M9D3M4D10M5D30M6I11M4I4M7I12M4I5M1I7M1I6M1D21M4I17M1D8M12D16M1D17M2I14M
297	299	0.114	8.590E-13	4	474	475	1	461	463	6M1D5M13I6M4D9M1D8M2D1M4D8M4D2M14I4M20D3M19I29M2D3M3I18M2I3M3I13M4D6M2D5M4D22M5D5M4D3M13I3M3I13M1I7M9D6M3D6M5D33M5I11M4I4M7I7M5I3M1D4M1I36M4I17M6D3M3D19M3D43M
326	299	0.139	1.374E-13	4	468	475	1	481	489	5M1D7M13I6M4D8M3D11M11D5M12I6M22D4M23I10M2D11M3D7M3I2M6D17M1D18M5D10M1D6M12D7M1D16M5D9M12I13M17D14M2I6M2D28M1I4M5I14M11I13M4I5M1I36M4I18M9D2M3D22M2I16M2D9M1I6M
146	299	0.117	6.156E-13	4	467	475	1	496	504	5M1D7M13I7M4D7M1D8M18D8M9D15M5D3M20I17M2D23M7D22M1D12M4D11M2D6M12D7M1D17M5D6M12I19M1I7M6D4M2D9M9D24M1I5M4I2M1I11M11I12M2I9M3I34M4I18M9D2M3D22M3D33M
89	298	0.119	9.081E-13	4	466	475	1	468	474	5M1D6M13I8M5D24M2I4M33D4M7I6M24I19M2D6M1D2M3I18M6D4M4I12M4D7M2D5M13D22M5D11M9I4M3I13M4D7M4D7M3D7M4D31M5I11M4I4M7I11M2I5M3I36M4I19M9D28M1I26M
279	298	0.113	3.532E-13	4	468	475	1	451	483	5M3I7M9I6M3D6M2D12M1I2M10I6M25D3M3D3M4D5M24I16M3D6M1I5M3I21M5I9M5D3M1I6M2D5M4D16M3D9M6D5M13I3M3I13M1I7M9D13M8D32M5I11M7I10M9I45M4I18M6D2M3D21M2I17M2D9M1I6M
391	298	0.118	1.452E-13	4	468	475	1	489	492	5M1D6M13I5M4D9M1D9M11D1M1I3M34D6M10I10M3I4M24I20M3I17M3D7M2I9M1I2M5D5M10D8M10D13M2D4M7D15M16I10M17D8M6I11M4D24M1I7M5I19M10I10M2I3M1I6M1I9M1D21M4I19M13D18M4D39M
203	298	0.124	7.687E-13	1	466	475	3	504	520	8M1D7M1I7M5I13M4I2M2D4M1I7M1D10M13D12M7I7M8I4M10D5M4I14M3D3M12D20M3D4M2D2M3I8M4D11M2D6M20D12M1D4M1I7M6D6M14I17M1I7M13D13M5D31M5I11M4I4M7I12M4I5M1I35M4I17M1D6M5D3M7D15M1D14M2I17M
291	297	0.107	9.600E-13	3	466	475	4	466	476	15M12I6M4D16M1I11M8D5M21D5M1D9M24I14M1I10M3I2M7D21M4I9M7D16M10D24M5D9M10I15M1I3M4D6M7D15M4D16M4I13M2I13M7I15M8I7M1I35M4I16M1D2M2D19M3D18M3I14M
41	297	0.132	1.716E-13	4	466	475	1	471	477	5M1D6M13I8M4D7M1D21M22D2M5I11M16I14M5I14M5D4M1I18M1D5M3D2M2I8M4D11M3D5M13D10M2D7M1D4M3D1M2D11M15I14M13D9M1I11M5D18M4I12M2I6M1D2M1I2M4I15M9I4M3I37M4I17M6D3M3D22M2I16M2D14M
381	297	0.111	2.676E-13	2	466	475	2	485	487	8M2I7M9I10M4D3M1D11M1I3M1D6M5D6M17D4M1I9M3I7M2I6M6I8M2I2M1I12M7D2M3I18M1D5M3D2M2I11M4D8M2D2M1D3M10D13M2D4M2I3M5D3M1D6M12I15M17D8M6I10M5D32M6I10M4I3M7I10M4I7M1I36M4I19M7D23M2I14M7D2M1I13M
228	297	0.121	4.929E-13	2	466	475	2	502	510	8M1D14M5I9M1I4M1I8M1I7M1D10M13D14M10D3M15I3M1D11M5I9M3D3M12D21M3D4M1D2M2I9M4D11M2D6M20D24M6D5M14I17M14D5M2I14M5D31M6I11M4I4M7I11M5I41M4I17M3D6M10D21M3I12M2D15M
111	296	0.120	7.687E-13	4	474	475	1	461	462	6M1D5M13I6M5D17M2D1M4D7M1I2M9I9M6D1M14I3M11D7M1I10M1I14M2D3M3I21M5I11M3D2M1D6M2D5M4D22M5D11M9I4M3I13M4D6M4D8M3D6M5D33M5I11M4I4M7I7M5I3M1D4M1I36M4I19M9D20M3D43M
21	296	0.125	4.173E-13	105	468	475	92	451	475	26M2D3M3I21M5I9M5D3M1I6M2D5M4D22M5D5M4D3M13I3M3I13M1I7M9D6M3D6M5D33M5I11M7I10M9I45M4I18M6D2M3D21M2I17M2D9M1I6M
115	296	0.105	6.507E-13	0	471	475	0	473	475	9M1D7M13I8M4D15M1I11M8D5M21D5M1D9M24I14M1I10M3I2M7D21M4I10M7D15M10D24M5D9M10I15M1I3M4D6M7D15M4D16M4I13M2I9M1I5M6I14M8I7M1I33M4I18M1D2M2D22M3I15M3D11M3D8M
323	296	0.103	5.211E-13	0	466	475	0	465	475	9M1D7M13I8M4D15M1I11M8D5M21D5M1D9M24I14M1I7M1D8M3D21M4I9M7D16M10D24M5D9M10I15M1I3M4D6M7D15M4D16M4I13M2I13M7I15M8I7M1I33M4I18M1D2M2D22M3I15M3D14M
253	296	0.124	1.041E-13	5	468	475	1	472	481	5M2D6M13I5M6D9M1I9M4D3M10D6M11D9I6M7D6M24I6M1D13M3D29M6D4M4I8M4D11M8D6M6D7M1D17M5D6M12I15M17D4M6I15M4D18M8I10M2D11M4I4M7I11M2I7M3I35M4I18M9D23M2I16M2D12M1I3M
16	296	0.124	1.716E-13	2	466	475	0	474	484	7M1D7M13I8M4D7M3D9M7I9M34D4M5I7M10D5M10I2M13I3M1I35M2D2M6I9M4D11M2D6M12D7M1D14M5D9M12I19M4D5M2D3M2D6M3D7M4D31M6I3M1D4M1I2M4I4M7I10M4I6M1I36M4I18M8D4M2D19M2I17M2D14M
274	296	0.126	6.879E-13	0	468	475	0	476	487	4M1D5M3I7M9I7M4D6M1D11M19D4M8D2M13I3M3D3M5D5M23I7M5I13M5D6M1I17M2D4M3D3M3I7M4D11M8D6M6D5M1D8M9D5M1I9M15I18M1I7M9D6M3D7M4D16M4I14M2I11M4I4M7I12M4I4M1I36M4I17M9D24M4D35M
196	295	0.128	3.849E-12	4	466	475	1	455	463	9M1D3M13I7M4D7M1D9M7D7M12I1M18D5M5D7M2I9M3I4M14I13M1D7M1I17M3I15M5D10M1D6M12D7M1D17M5D6M12I19M1I7M9D6M3D7M3D31M6I8M1I4M12I11M5I5M1I35M4I19M6D23M1I16M1D15M
143	295	0.129	1.229E-13	4	467	475	1	471	480	16M3D3M8I22M11D6M9I3M9D4M14D8M24I17M1I8M3D21M3I14M4D11M2D5M13D24M10D7M17I14M1I7M12D13M4D18M4I11M1I3M1I10M7I12M3I3M5I4M1I7M1I8M1D20M4I14M12D57M1I3M
369	295	0.118	6.507E-13	1	468	475	2	474	480	8M2D7M13I5M4D16M2D3M5D9M6I2M13D4M5D3M3D5M23I9M2D14M4D9M3D20M4I10M4D11M8D6M6D7M1D17M12D4M14I3M3I9M1I3M1I7M12D13M4D29M6I13M7I15M8I4M1I36M4I17M3D25M2I16M2D10M3D6M
235	295	0.145	1.041E-13	4	467	475	1	484	489	5M1D7M13I4M4D10M3D11M11D5M12I5M2D6M9I6M6D17M2D11M3D7M3I2M6D17M1D18M5D10M1D6M12D7M1D16M5D9M10I3M2I10M17D14M2I6M2D28M1I4M5I14M11I13M4I5M1I36M4I18M9D2M3D22M2I16M2D8M3D7M
119	294	0.107	8.590E-13	4	470	475	1	472	475	9M1D3M13I5M5D29M23D3M7I9M3I4M1I6M7I9M5I9M3D5M4D3M3I23M2I9M4D9M3D3M1I3M13D24M5D8M9I5M3I13M1I7M9D5M3D7M4D19M8I11M2D12M4I1M7I11M5I3M1I38M4I19M7D23M1I16M1D13M3D6M
268	294	0.126	1.623E-13	2	467	475	0	484	491	13M13I6M5D17M11D2M3D3M30D6M10I10M3I4M24I20M3I17M4D8M3I7M4D8M10D9M9D7M1D5M2D4M7D15M16I12M7D4M4D19M4D31M6I11M9I10M1I8M2I3M1I6M1I9M1D21M4I18M11D2M2D16M4D15M1I6M2I11M1I3M
176	293	0.129	3.161E-13	4	467	475	1	471	477	8M3I4M9I6M4D7M1D12M12I8M29D10M17I13M4I8M3D7M4D1M3I18M6D5M4I8M4D12M3D4M13D22M5D9M12I19M4D5M2D3M5D12M5D32M6I10M4I16M11I3M1I37M4I19M6D1M3D4M3D6M1D27M3I11M1I3M
66	293	0.137	3.341E-13	4	467	475	1	484	489	5M1D7M13I4M4D10M3D10M9D2M18D4M11I7M5D4M23I10M2D11M3D7M3I2M6D17M1D18M5D10M1D6M12D7M1D16M5D9M10I3M2I10M17D14M2I6M2D28M1I4M5I14M11I13M4I5M1I36M4I18M9D2M3D22M2I16M2D8M3D7M
302	293	0.111	3.161E-13	1	466	475	2	503	519	9M1D14M5I13M4I2M2D4M1I7M1D10M13D5M18D7M9I3M13I9M5I10M2D2M13D21M3D4M1D2M2I9M4D11M2D6M20D24M6D6M14I17M13D10M1I10M5D30M6I11M4I4M7I11M5I41M4I18M1D5M12D21M3I12M2D15M
134	292	0.128	1.976E-12	4	466	475	1	472	475	5M3I7M9I6M4D7M1D17M2I5M6D6M8D12M2I10M10I7M3I11M2D7M2D22M6D5M4I7M4D11M2D5M9D1M3D7M1D16M5D7M12I19M1I7M12D12M5D31M6I11M4I4M7I11M2I7M3I34M4I19M8D26M3D29M
217	292	0.132	1.015E-12	4	467	475	1	476	480	9M1D3M13I6M4D5M1D10M2D3M6D5M6I2M2D5M9D6M7D2M7D4M24I19M1I2M2D8M2D23M3I8M4D11M3D4M5D2M6D7M1D17M10D6M17I14M1I7M9D5M3D8M4D29M5I3M1I10M7I15M8I5M1I6M1I7M1D21M4I19M12D21M3D35M
92	292	0.130	4.411E-13	1	467	475	3	472	484	9M1D5M13I8M4D6M1D10M5D4M25D3M9D2M8I13M3I3M31I7M3D7M2I2M3D16M4D7M2I9M4D11M8D6M6D7M1D7M9D7M1I10M15I14M1I7M9D6M3D7M4D30M6I11M4I5M7I11M4I3M1I37M4I19M7D23M2I16M2D11M1I3M
232	292	0.137	5.823E-13	0	466	475	0	479	487	18M12I6M4D7M3D10M4D3M7D3M9I1M11D8M5D2M7D2M23I9M2D20M2I2M1D17M3I15M5D10M1D5M9D1M3D7M1D17M5D6M12I19M1I7M9D4M3D9M5D24M1I7M5I11M7I11M9I3M1D5M1I35M4I17M12D18M1D5M2D24M1D10M
31	292	0.131	1.917E-13	4	468	475	1	485	489	5M1D7M13I6M4D8M3D11M11D5M12I6M22D4M23I10M6D8M3D7M1D6M2I17M1D18M5D10M1D6M12D7M1D16M5D9M10I3M2I10M17D14M2I6M2D28M1I4M5I14M11I13M4I5M1I36M4I18M9D2M3D22M2I16M2D8M3D8M
245	292	0.137	2.531E-13	4	468	475	1	481	489	5M1D7M13I6M4D8M3D11M11D5M12I6M22D4M23I10M2D11M3D7M3I2M6D17M1D18M5D10M1D6M12D7M1D16M5D9M10I3M2I10M17D14M2I6M2D28M1I4M5I14M11I13M4I5M1I36M4I18M9D2M3D22M2I16M2D9M1I6M
307	292	0.137	4.929E-13	3	466	475	4	506	519	7M1D14M5I13M4I2M2D4M1I7M1D10M13D27M5I3M2D1M1I5M5I14M2D2M13D21M3D4M1D2M2I9M4D11M2D6M20D24M6D6M14I17M1I7M9D13M9D31M6I10M7I11M9I45M4I17M3D6M3D3M1I3M4D11M6D33M
95	291	0.128	2.531E-13	4	467	475	1	471	477	5M3I7M9I6M4D7M1D12M12I8M29D10M17I13M4I8M6D10M2I17M6D5M4I8M4D12M5D2M13D4M2I22M5D5M12I19M1I7M12D12M5D31M6I11M4I16M11I3M1I37M4I17M3D2M3D1M3D5M3D5M1D27M3I11M1I3M
182	291	0.129	3.341E-13	2	467	475	0	474	478	7M1D6M13I9M3D4M2D19M2I4M34D10M3I10M11I3M14I7M1I6M1D2M3I16M4D3M2D4M4I9M5D10M2D5M13D21M8D8M15I18M13D13M1I6M5D32M6I10M4I4M7I11M2I4M3I37M4I19M6D1M3D22M1I17M2D9M1I5M
114	291	0.136	3.161E-13	4	468	475	1	485	489	5M1D7M13I6M4D8M3D11M11D5M12I6M22D4M23I10M2D11M3D7M3I2M6D17M1D18M5D10M1D6M12D7M1D16M5D9M12I13M17D14M2I6M2D28M1I4M5I14M11I13M4I5M1I36M4I18M9D2M3D22M2I16M2D8M3D8M
280	291	0.125	1.134E-12	4	466	475	1	486	491	14M12I7M4D6M1D9M1I2M10I5M27D7M9D14M2D1M5I4M14I18M3D25M4I10M4D10M2D4M7D2M6D7M1D5M2D4M7D15M11I3M3I11M7D2M6D2M3I5M3D11M8D32M5I11M7I12M1I3M7I4M1I37M4I17M9D2M3D22M2I16M2D14M
210	291	0.130	5.211E-13	3	466	475	3	499	515	7M1D14M5I13M4I2M2D4M1I7M1D10M13D9M1D4M8I9M5I2M8D5M5I17M1D3M11D17M3D4M1D2M2I9M4D11M18D3M6D4M2I9M1D4M1I7M6D6M14I17M1I7M13D13M5D31M6I10M4I4M7I12M4I5M1I7M1I6M1D21M4I17M1D8M12D16M1D17M2I14M
262	290	0.125	9.081E-13	2	468	475	0	470	472	7M1D7M13I5M5D16M2D20M9D7M7D8M9I2M7I11M1I22M2D23M4I7M7D13M15D8M3I17M5D6M12I19M1I7M9D13M4D30M6I12M7I8M3I6M6I4M1I7M1I7M1D21M4I17M12D13M4D11M2I13M1D20M
261	290	0.128	2.828E-13	4	465	475	1	473	475	5M1D6M13I10M4D13M2D2M6D6M31D6M7I9M4I5M10I2M11I8M7I27M2I14M4D8M3D9M12D6M1D14M9D8M15I4M1I13M1I7M19D16M4D13M1I14M5I12M3I8M7I10M2I7M1I33M4I18M3D7M6D2M1I27M2D6M1I11M
412	290	0.116	8.590E-13	5	466	475	1	470	476	5M2D6M13I9M4D10M2D5M15I5M29D4M10D2M1I5M24I4M4I11M3D31M2I14M4D3M3D13M12D3M1D6M13D15M20I14M1I7M9D3M10D9M4D17M1I14M5I12M3I8M7I10M2I7M1I33M4I18M3D7M1D17M1I16M2D15M
169	290	0.129	5.508E-13	4	466	475	1	471	480	14M12I5M4D9M3D10M11D5M8I2M21D7M1D7M24I30M2D13M2I10M1I8M4D11M2D5M13D25M5D6M12I19M1I7M9D5M3D8M4D18M1I12M5I12M7I12M3I3M5I4M1I7M1I8M1D20M4I17M12D57M
266	290	0.135	3.161E-13	2	469	475	0	481	482	8M2D8M12I6M4D7M3D10M4D6M20D2M11I5M5D5M9I5M7I11M1I22M2D16M3I16M5D10M1D5M13D24M5D7M12I19M1I7M9D6M3D6M5D31M5I2M1D6M2I3M7I10M9I4M1D5M1I35M4I14M12D31M3D19M1D6M1I6M
63	290	0.117	1.535E-13	7	468	475	1	476	485	12M10I4M8D6M2I12M8I10M18I2M10D4M12D2M7I3M13D5M1I3M3D2M1I14M4D21M1D4M4D2M3I8M6D16M13D21M5D10M12I19M1I7M9D6M3D7M4D16M4I14M2I11M4I16M11I4M1I36M4I19M9D23M2I16M2D12M1I3M
264	290	0.130	5.508E-13	4	466	475	1	480	485	6M1I9M9I6M4D10M3D8M4D6M5D4M9D2M7I5M7D5M23I9M2D17M4D6M2D34M4D11M2D5M13D21M6D12M10I3M3I13M1I7M9D5M3D8M4D24M1I5M4I2M1I11M7I15M8I4M1I7M1I7M1D21M4I19M9D1M3D22M3D22M1D10M
259	290	0.143	3.734E-13	0	466	475	0	479	489	18M12I6M4D7M3D10M4D4M20D2M11I7M5D2M3D2M9I3M10I12M1I8M1I4M5D6M2I17M3I15M5D10M1D6M12D7M1D17M5D6M12I19M1I7M9D4M3D8M1I2M5D6M1D22M6I11M4I12M12I3M1D5M1I6M1I7M1D21M4I19M9D1M3D25M3D19M1D10M
185	289	0.139	8.590E-13	4	468	475	1	466	472	6M1D6M13I6M7D4M2I19M2D5M31D7M3I7M3I3M11I1M16I6M3D4M1I5M4I17M5D3M8I7M4D9M2D6M5D1M8D22M5D9M12I19M1I7M9D6M3D7M4D31M6I10M4I4M7I11M2I4M3I37M4I19M9D49M3D8M
386	289	0.122	1.870E-12	4	466	475	1	468	477	5M1D7M13I7M4D5M1D11M8I11M20D6M7D6M20I8M2D26M2D21M4I9M4D11M2D6M12D7M1D17M5D8M12I17M1I7M9D13M7D23M4I7M2I12M7I12M6I3M2I2M1I10M1I6M1D21M4I17M12D24M2I17M2D14M
159	289	0.109	1.416E-12	2	468	475	1	480	488	11M1D3M13I6M5D18M11D17M6D7M7D5M7I6M11I6M5I9M6D5M2I17M3D5M4D3M5I8M4D11M2D6M12D7M1D16M5D7M12I17M7D4M3D5M8D10M2D35M6I6M1I4M6I16M8I5M1I35M4I19M7D22M4D16M3I11M1I4M
201	289	0.111	1.416E-12	3	466	475	4	504	519	6M1D5M13I7M6D9M1I7M9D1M1D3M2D6M10D1M9I11M16I2M4I7M3D3M8D12M3D7M12D21M3D4M1D2M2I9M4D11M2D6M20D28M2D4M10I19M13D10M1I10M5D30M4I13M4I4M7I12M4I5M1I35M4I17M1D8M12D16M1D14M2I17M
390	288	0.112	2.916E-12	4	474	475	1	462	464	6M1D5M13I6M4D9M1D8M2D1M4D8M4D2M14I4M20D3M19I29M2D3M3I18M2I3M3I13M4D6M6D27M5D5M4D3M13I3M3I13M1I7M9D6M3D6M5D33M5I11M4I4M7I7M5I3M1D4M1I36M4I17M6D3M3D19M3D38M1D5M
113	288	0.136	3.734E-13	5	468	475	1	476	482	5M2I8M9I6M4D17M10D4M7D3M6I5M7D13M17I14M1D17M7D2M3I18M1D4M4D3M3I7M4D9M1I1M9D6M7D21M6D9M12I19M1I7M9D13M3D2M5D7M1D7M4I11M3I9M1I4M10I14M5I1M1D5M1I35M4I18M7D2M2D4M3D6M1D11M2I15M2I9M1I6M
99	288	0.120	6.156E-13	4	468	475	1	477	486	5M3I7M9I7M4D8M1D10M1I11M12D5M12D12M3I6M12I8M6I9M3D6M4D1M3I18M6D5M4I8M4D10M2D6M13D22M5D9M12I19M1I7M9D6M3D6M5D19M8I10M2D11M4I4M7I12M4I3M1I37M4I19M9D23M1D3M2I13M2D11M1I4M
270	288	0.127	3.734E-13	4	468	475	1	485	491	5M1D6M13I5M4D9M1D10M1I9M6D5M28D16M2I4M24I20M3I17M3D7M2I9M4D8M10D8M10D13M4D7M2D5M3D5M13I3M3I11M7D4M4D19M4D31M6I19M10I10M2I3M1I6M1I9M1D21M4I18M11D2M2D5M3D5M1D27M3I11M1I4M
258	287	0.136	5.823E-13	4	467	475	1	471	476	5M1D6M13I6M4D13M2D4M2D3M2I5M2I3M25D1M6I9M17I4M1D9M5I9M3D7M2I2M3D21M5D2M3I11M4D9M5D4M11D22M5D9M12I19M1I7M9D6M3D6M5D23M5I9M1I10M4I15M9I5M3I36M4I19M6D1M3D25M2I13M2D11M1I3M
177	287	0.127	8.590E-13	4	467	475	1	471	477	5M1D5M13I7M4D7M1D12M12I8M29D10M17I21M1I10M4D1M3I18M6D5M4I8M4D12M5D2M13D4M2I22M5D5M12I19M4D5M2D3M5D13M5D30M6I11M4I16M11I4M1I36M4I19M6D1M3D5M3D5M1D27M3I11M1I3M
316	287	0.111	1.583E-12	3	468	475	4	474	480	6M2D7M13I5M4D16M2D3M5D9M6I2M13D4M3D1M8D6M26I7M2D14M4D5M2D4M1D20M4I10M4D11M8D6M6D7M1D17M12D4M14I3M3I9M1I3M1I7M12D13M4D29M6I13M7I15M8I4M1I36M4I18M3D24M2I16M2D10M3D6M
105	287	0.113	1.870E-12	5	468	475	1	482	487	4M2D7M13I6M4D8M1D7M2D4M13D6M17I3M8D5M10D5M1D6M8I19M1I8M3I2M6D17M1D17M4D11M2D6M12D7M1D17M5D6M12I19M1I7M12D13M5D30M6I13M11I11M4I7M1I36M4I19M11D23M2I16M2D12M1I3M
263	287	0.133	6.156E-13	4	468	475	1	481	489	5M1D7M13I4M4D10M3D10M19D2M8D4M11I5M8D6M23I1M4D8M1I9M1I8M3I2M6D17M1D18M5D10M1D6M12D7M1D16M5D9M10I3M2I10M17D14M2I6M2D28M1I4M5I14M11I13M4I5M1I36M4I18M9D2M3D22M2I16M2D9M1I6M
164	286	0.122	2.609E-12	4	468	475	1	474	477	5M3I7M9I6M4D7M1D11M2I2M2D2M2I5M6D6M8D11M16I1M1D27M2D7M2D22M6D5M4I7M4D11M2D5M9D1M3D7M1D16M5D7M12I19M1I7M12D12M5D31M6I11M4I4M7I11M2I7M3I34M4I19M8D26M3D31M
218	286	0.126	5.823E-13	6	468	475	1	476	481	4M1I8M9I8M4D8M3D10M8D8M6I1M22D7M1D7M24I30M2D23M3I9M5D10M1D6M12D7M1D17M5D6M12I19M1I7M9D4M3D9M4D18M4I11M2I13M7I15M8I4M1I7M1I7M1D21M4I17M12D22M3D25M1D6M1I5M
126	286	0.126	1.015E-12	2	468	475	2	482	487	8M2I7M9I8M4D9M1D7M1I3M1D6M5D6M17D4M1I9M3I3M3I4M1D8M6I5M2I2M1I12M7D2M3I23M4D2M2I13M4D6M2D4M11D26M6D8M9I4M3I9M17D8M6I11M5D23M4I7M2I8M1I3M3I3M1D9M5I3M7I4M1I36M4I19M7D26M2I13M2D11M1I4M
215	285	0.133	1.267E-12	4	466	475	1	472	476	9M1D2M13I10M4D5M3D10M14I4M23D11M2I12M7I20M1I8M3I2M6D14M1I8M3I8M4D5M1D6M1D5M13D21M5D13M7I5M3I9M1I11M12D13M6D6M1I16M1I7M5I12M7I15M8I4M1I36M4I19M12D23M2I16M2D14M
248	285	0.135	1.199E-12	4	466	475	1	474	480	6M1D5M13I8M4D7M1D17M8I3M24D3M3D2M2I4M3I5M18I5M2D1M2D12M3D5M4I1M5D18M6D5M4I11M4D8M3D6M12D7M1D14M5D9M12I17M1I9M9D6M3D6M5D19M2I6M5I6M1D10M4I5M7I10M2I5M3I36M4I17M3D2M6D23M2I16M2D14M
34	285	0.139	1.015E-12	0	468	475	0	479	486	3M2D6M1D6M13I6M1D3M4D15M22D3M8D5M9D2M15I5M24I7M1D13M3D6M4D2M3I17M1D5M3D1M2I15M4D14M14D21M5D5M12I20M4D5M2D3M2D6M3D7M4D30M6I12M7I15M8I5M1I7M1I6M1D21M4I18M7D2M2D20M2D7M3I10M2D9M1I6M
305	285	0.119	2.758E-12	0	466	475	0	502	518	10M2D6M1I7M5I13M2I8M1I7M1D10M13D14M7I5M8I4M10D5M4I9M3D7M12D21M3D4M1D2M2I9M4D11M2D6M20D24M6D6M14I17M1I7M13D13M5D30M6I11M4I4M7I11M2I5M3I36M4I17M1D6M5D3M7D15M1D14M2I17M
255	284	0.124	1.073E-12	4	466	475	1	471	480	14M12I5M4D9M3D10M11D5M9I3M9D4M10D6M12I3M7I10M1I23M2D17M3I14M4D11M2D5M13D26M5D5M12I19M4D6M7D15M4D24M4I5M1I3M1I10M7I12M3I3M5I4M1I7M1I8M1D20M4I14M12D60M
370	284	0.130	4.069E-12	2	467	475	4	470	482	7M1D7M13I5M4D18M1I2M10I7M25D2M3D3M5D9M4I14M13I16M2I2M5D23M4I7M4D5M3D8M2D4M9D7M1D14M12D7M14I3M3I9M1I3M4D5M5D3M2D13M4D21M1I9M5I12M7I15M8I4M1I36M4I17M3D58M
18	284	0.111	1.583E-12	0	471	475	0	483	485	15M13I7M5D18M1D1M10D5M5I6M11D7M7D5M20I2M2D8M5I9M3D7M1D18M3D7M2D3M3I7M4D11M2D6M12D7M1D14M5D9M12I22M1I4M9D14M9D20M3I18M3I3M7I15M8I5M1I35M4I19M7D21M4D17M3I14M2D5M
327	284	0.113	6.507E-13	6	466	475	5	480	490	14M9I7M7D17M10I8M22D3M3D3M5D5M9I5M7I11M1I8M1I5M2D8M2D17M2I2M1I12M4D11M2D5M13D24M5D7M12I19M4D5M2D3M5D12M5D32M6I11M1I15M14I5M1I35M4I19M12D23M2I15M2D15M
313	283	0.104	4.173E-13	6	471	475	1	467	469	10M13I5M4D10M2D9M15D3M11D4M9D1M6I2M5I2M3D7M24I26M2I2M5D23M4I7M7D16M10D24M5D9M10I15M1I3M4D6M7D15M4D16M4I13M2I13M7I15M8I7M1I33M4I18M1D2M2D5M2I3M2I9M2I17M6D11M3D8M
65	283	0.149	7.687E-13	4	468	475	1	473	477	8M3I5M9I7M4D4M1D8M2D5M13I18M2I1M8D4M7D1M6I15M2D12M7D10M1I15M1I8M3I8M4D10M1D1M1D6M12D7M1D17M5D7M11I1M4D2M3I9M1I11M12D12M5D32M6I11M7I11M9I3M1D4M1I36M4I17M12D25M2I16M2D9M1I6M
343	282	0.121	1.497E-12	4	466	475	1	492	500	9M1D2M13I6M4D8M1D10M1I9M41D4M6I11M2I4M11I3M13I2M1I15M3I15M3D10M2I7M1I2M5D10M3D3M16D13M1D2M8D14M13I4M3I17M14D2M7D15M4D24M1I7M5I11M9I7M1I7M2I14M2I8M1D21M4I18M9D2M3D28M1I11M2D14M
222	281	0.109	3.258E-12	4	466	475	1	450	477	5M3I4M3I5M6I6M4D7M1D9M6D8M5D4M9D3M3I5M4D7M24I25M2D3M3I21M5I11M3D8M3D5M4D22M5D10M10I4M2I14M1I7M9D13M8D32M5I11M4I4M7I7M5I3M1D4M1I36M4I17M6D3M3D20M3I4M1D13M2D14M
124	281	0.125	2.990E-13	4	468	475	1	477	480	16M3D3M8I22M4D5M6D5M20D3M9I6M12I3M7I10M1I23M2D17M3I14M6D2M2I7M2D5M13D14M9D19M16I13M2I7M13D12M4D24M4I5M1I3M1I10M7I12M3I3M5I4M1I7M1I8M1D20M4I14M12D31M3D19M1D12M
299	281	0.127	1.583E-12	4	470	475	1	485	488	8M1D4M13I3M7D10M2I8M1I2M10I6M27D6M9D2M7D4M25I3M3I14M3D4M6D3M2I21M4I10M4D10M2D6M12D7M1D17M5D6M12I19M1I7M13D12M8D29M3I10M1I2M1I2M4I4M7I12M2I6M3I34M4I18M9D2M3D22M3I25M2D8M
25	281	0.119	1.134E-12	0	471	475	7	514	518	16M13I5M6D7M1I14M6I7M25D6M13D8M2D6M10I3M4I3M5I3M1I7M2I6M1D21M3D4M2D2M3I8M1I2M5D8M2D6M23D7M1D18M5D5M12I19M1I7M9D6M3D7M5D31M6I12M4I4M1D5M10I10M3I34M4I19M12D18M3D19M2I9M3D12M
382	281	0.109	6.507E-13	3	470	475	5	515	520	21M5I13M4I2M2D4M1I7M24D1M10I11M7I11M4I4M7D8M5I10M2D2M13D20M4D7M2I10M5D10M1D6M20D21M6D9M12I8M1I9M14D6M2I14M5D23M7I7M1D11M11I14M5I41M4I17M3D13M6D11M5D15M3D5M1I10M3D6M
410	280	0.120	1.416E-12	4	466	475	1	440	444	5M1D6M13I6M6D6M1D12M1I2M23D5M13I8M23I5M4D4M4I9M6D9M2I20M6I13M5D6M2D6M12D7M1D5M9D18M11I4M3I13M1I7M9D13M2D24M7I13M1I3M3I8M6I7M5I5M3I34M4I18M2D23M2I17M2D14M
324	280	0.118	5.678E-12	4	467	475	0	470	475	6M2D5M13I6M4D17M1D7M13I2M28D8M1D6M4I6M12I4M4I11M3D27M2I14M4D13M11D4M4D6M1D14M9D8M15I4M1I13M1I7M19D13M3D3M1D13M1I14M5I12M3I8M7I10M2I5M1I35M4I18M3D7M6D2M1I27M3I13M1I3M
98	280	0.120	2.468E-12	4	466	475	1	472	476	8M3I4M9I7M5D16M2D2M14I4M24D6M7D5M9I5M8I19M1I8M3I2M6D16M2D4M6I8M4D11M2D6M12D7M1D16M12D5M14I3M3I13M1I7M12D12M5D24M4I6M1I3M1I10M11I11M5I3M1D4M1I36M4I18M9D2M3D22M2I16M2D14M
281	280	0.139	8.126E-13	4	470	475	1	476	477	8M3I5M9I7M4D4M1D11M2D2M13I18M2I1M8D4M6D2M5I15M2D14M3D5M3I2M6D14M1I8M3I8M4D11M2D6M12D7M1D16M12D5M14I3M3I9M17D8M6I10M5D32M6I11M7I11M9I3M1D4M1I36M4I17M12D25M2I16M2D18M
123	280	0.124	1.199E-12	2	466	475	0	475	481	7M1D5M13I9M5D16M1I13M9D3M20D5M7D9M2I5M10I3M13I5M1I36M4I9M4D9M1D2M1D6M12D7M1D13M6D4M1I5M12I19M1I7M9D6M3D7M5D30M6I11M4I4M7I12M4I4M1I36M4I18M9D3M2D20M3I4M1D12M2D14M
295	280	0.127	6.507E-13	3	470	475	4	481	482	6M2D7M13I5M4D16M2D3M9I6M8D2M13D4M5D3M3D9M4I17M9I3M1I37M4I10M4D6M4D2M4D9M6D7M1D6M9D8M3D7M14I3M3I9M1I3M4D6M7D15M4D20M1I10M5I12M7I15M8I4M1I36M4I18M1D2M2D19M3D15M6D7M1I16M
282	279	0.137	1.673E-12	4	470	475	1	476	477	8M3I5M9I7M4D4M1D11M2D2M13I18M2I1M8D4M6D2M5I15M2D14M3D5M3I2M6D14M1I8M3I8M4D11M2D6M12D7M1D16M12D5M14I3M3I13M1I7M9D6M3D6M5D32M6I11M7I11M9I3M1D4M1I36M4I17M12D25M2I16M2D18M
58	279	0.107	1.169E-11	1	468	475	2	473	478	8M1D7M13I5M4D18M1I2M11I6M26D2M5D3M3D2M7D4M24I17M1I12M4D23M4I13M6D10M13D21M5D12M8I5M2I10M1I3M1I7M12D13M4D29M5I3M1I10M7I12M9I2M1D4M1I36M4I17M1D3M2D22M3D34M
288	279	0.117	4.301E-12	2	468	475	2	487	488	8M2I7M10I11M6D12M2I2M2D6M5D5M17D5M1I9M3I3M3I8M7I12M1I12M7D2M3I18M6D5M4I13M4D6M1D4M8D2M4D20M8D5M2D3M16I17M3D1M1D4M2D3M5D13M5D30M6I12M7I12M1I3M7I4M1I36M4I17M7D24M2D4M1D16M1D15M
36	278	0.118	3.641E-12	4	466	475	1	472	476	8M3I4M9I7M5D16M2D2M14I4M24D6M7D5M9I5M8I19M1I8M3I2M6D16M2D4M6I8M4D11M2D6M12D7M1D16M12D5M14I3M3I13M1I7M12D12M5D25M1I5M4I3M1I10M11I11M5I3M1D4M1I36M4I18M9D2M3D22M2I16M2D14M
83	278	0.139	1.267E-12	4	470	475	1	476	477	8M3I5M9I7M4D4M1D8M2D5M13I18M2I1M8D4M7D1M6I15M2D12M7D10M1I15M1I8M3I8M4D11M2D6M12D7M1D16M10D7M12I3M3I13M1I7M9D6M3D6M5D32M6I11M7I11M9I3M1D9M2I8M1D22M4I17M12D25M2I16M2D18M
276	278	0.121	9.600E-13	5	468	475	1	479	487	5M2D6M13I5M6D4M1I13M1I2M10I7M18I1M2D12M10D5M4D6M16D23M7D25M2I8M5D10M1D6M12D6M1D15M5D11M12I17M1I7M12D13M5D23M5I9M1I10M7I12M2I4M4I5M3I5M1I7M1D22M4I17M9D2M3D22M2I16M2D4M1I11M
349	278	0.146	1.673E-12	4	467	475	1	479	491	5M3I7M9I6M3D5M1D2M1D19M5I1M23D7M1I8M3I11M7I9M5I9M5D10M1I22M3D1M2I9M4D11M2D6M12D5M1D15M5D10M12I19M1I7M9D6M3D7M5D21M5D6M5I3M1I12M7I12M10I13M1I7M1D21M4I19M6D1M3D4M3D18M3I15M1D12M1I2M
198	278	0.120	1.497E-12	3	466	475	4	502	518	21M5I13M4I2M2D4M1I7M1D10M13D15M11I12M7D8M5I10M2D2M13D21M3D4M1D2M2I9M4D11M2D6M20D9M2D7M2I6M6D8M14I15M13D10M1I9M5D24M7I7M1D10M4I4M7I11M5I41M4I18M3D5M10D21M3I13M2D14M
52	277	0.137	1.340E-12	4	468	475	1	473	476	9M1D2M13I7M4D8M3D10M11D4M9I4M8D7M1I4M2I12M7I20M1I8M3I2M6D14M1I8M3I8M4D7M1D4M1D6M12D6M1D14M5D13M7I5M3I12M7D7M4D15M6D6M1I16M1I7M5I12M7I15M8I4M1I8M1I6M1D21M4I17M12D25M2I16M2D9M1I6M
328	277	0.139	1.769E-12	4	470	475	1	476	477	8M3I5M9I7M4D4M1D8M2D5M13I18M2I1M8D4M7D1M6I15M2D12M7D11M1I14M1I8M3I8M4D11M2D6M12D7M1D16M10D7M12I3M3I13M1I7M12D12M5D32M6I11M7I11M9I3M1D9M2I8M1D22M4I17M12D25M2I16M2D18M
384	276	0.123	2.758E-12	4	468	475	1	455	461	5M2D2M1I3M13I6M6D18M8I12M24D2M3D3M5D6M24I18M2D10M2I18M4D2M7I7M4D11M3D5M13D7M1D14M5D11M9I5M3I9M4I4M3D6M1I9M5D31M6I11M4I13M12I2M1D4M1I36M4I18M6D2M3D22M2I16M2D9M1I6M
76	276	0.119	2.089E-12	4	470	475	1	476	477	8M3I5M9I6M5D17M8I11M20D3M4D3M3D5M9I4M8I20M1I9M2I1M5D23M4I8M4D11M2D6M12D6M1D17M12D5M14I3M3I9M17D9M2I10M1D28M1I6M4I2M1D6M2I3M7I11M9I3M1D9M2I8M1D22M4I18M9D2M3D22M2I16M2D18M
240	276	0.135	2.468E-12	4	470	475	1	476	477	8M3I5M9I7M4D4M1D11M2D2M13I18M2I1M8D4M6D2M5I15M2D14M3D5M3I2M6D14M1I8M3I8M4D11M2D6M12D7M1D16M12D5M14I3M3I13M1I7M9D6M3D6M5D32M6I11M7I11M9I3M1D4M1I36M4I17M12D25M2I16M2D18M
398	276	0.115	2.758E-12	4	466	475	1	471	481	14M12I5M4D8M3D10M11D6M9I2M11D7M5D2M7D4M24I30M2D17M2D5M5I7M4D11M2D9M13D17M6D9M13I19M1I7M9D4M3D9M4D31M6I12M7I11M9I2M1D5M1I35M4I17M12D20M3I8M1D12M2D14M
333	276	0.138	9.600E-13	4	468	475	1	473	484	5M3I7M9I7M7D7M2I7M2D3M10D7M20D5M9I7M12I2M7I11M1I7M3D36M4I9M4D9M1D2M1D6M12D7M1D17M5D6M12I19M4D6M4D4M3D11M5D26M1I5M5I10M4I12M2I4M9I4M1I7M1I7M1D21M4I19M12D23M3I14M3D12M1I4M
138	275	0.139	1.870E-12	4	470	475	1	476	477	8M3I5M9I7M4D4M1D8M2D5M13I18M2I1M8D4M7D1M6I15M2D12M7D11M1I14M1I8M3I8M4D11M2D6M12D7M1D16M10D7M12I3M3I13M1I7M9D6M3D6M5D32M6I11M7I11M9I3M1D9M2I8M1D22M4I17M12D25M2I16M2D18M
174	275	0.139	2.209E-12	4	470	475	1	476	477	8M3I5M9I7M4D4M1D8M2D5M13I18M2I1M8D4M7D1M6I15M2D12M7D10M1I15M1I8M3I8M4D11M2D6M12D7M1D16M10D7M12I3M3I13M1I7M12D12M5D32M6I11M7I11M9I3M1D9M2I8M1D22M4I17M12D25M2I16M2D18M
367	275	0.141	1.497E-12	4	470	475	1	476	477	8M3I5M9I7M4D4M1D11M2D2M13I18M2I1M8D4M6D2M5I15M2D14M3D5M3I2M6D14M1I8M3I8M4D11M2D6M12D7M1D16M12D5M14I3M3I9M17D8M6I10M5D32M6I11M7I11M9I3M1D4M1I36M4I17M12D25M2I16M2D18M
371	275	0.117	3.444E-12	4	466	475	1	476	479	6M2D5M13I6M2D2M2D6M1D9M1D13M8D2M13I3M10D4M8D8M13I11M1I14M2I2M3D13M10D5M8I11M4D6M3D7M13D22M5D9M12I19M4D6M7D15M4D31M5I13M11I13M5I41M4I17M3D2M3D1M3D4M3D6M1D44M
93	275	0.143	1.015E-12	4	467	475	1	480	485	9M1D3M13I4M4D10M3D11M11D5M12I3M19D3M3D4M23I10M6D9M1I5M5D6M2I17M1D19M5D9M1D6M12D7M1D17M5D8M12I13M17D50M1I5M4I2M1I10M1I15M14I4M1I36M4I18M9D2M3D22M2I15M2D10M1I5M
411	275	0.110	1.199E-12	4	468	475	1	477	486	5M3I7M10I11M6D14M9I11M8D4M24D4M3I6M12I8M6I9M3D6M4D1M3I18M6D5M4I8M4D11M2D5M13D13M2D4M1D4M2D10M12I19M1I7M9D6M3D6M5D19M8I10M2D11M4I4M7I11M2I4M3I37M4I19M9D23M1D3M2I13M2D11M1I4M
137	274	0.139	3.082E-12	4	470	475	1	476	477	8M3I5M9I7M4D4M1D8M2D5M13I18M2I1M8D4M7D1M6I15M2D12M7D11M1I14M1I8M3I8M4D11M2D6M12D7M1D16M10D7M12I3M3I13M1I7M12D12M5D32M6I11M7I11M9I3M1D4M1I36M4I17M12D25M2I16M2D18M
139	274	0.139	2.089E-12	4	470	475	1	476	477	8M3I5M9I7M4D4M1D8M2D5M13I18M2I1M8D4M7D1M6I15M2D12M7D10M1I15M1I8M3I8M4D11M2D6M12D7M1D16M10D7M12I3M3I13M1I7M9D6M3D6M5D32M6I11M7I11M9I3M1D9M2I8M1D22M4I17M12D25M2I16M2D18M
251	273	0.120	5.371E-12	4	466	475	1	472	476	8M3I4M9I7M5D16M2D2M14I7M28D3M3D5M9I5M8I19M1I8M3I2M6D16M2D4M6I8M4D11M2D6M12D7M1D16M12D5M14I3M3I13M1I7M12D12M5D24M4I6M1I3M1I10M11I11M5I3M1D4M1I36M4I18M9D2M3D22M2I16M2D14M
135	273	0.139	2.335E-12	4	470	475	1	476	477	8M3I5M9I7M4D4M1D8M2D5M13I18M2I1M8D4M7D1M6I15M2D12M7D10M1I15M1I8M3I8M4D11M2D6M12D7M1D16M10D7M12I3M3I13M1I7M9D6M3D6M5D32M6I11M7I11M9I3M1D9M2I8M1D22M4I17M12D25M2I16M2D18M
184	272	0.121	1.236E-11	4	469	475	1	475	477	8M3I5M9I6M5D17M1I2M7I9M20D3M4D3M3D5M9I5M1D2M9I16M1I8M3I2M6D19M1I3M3I8M4D11M2D6M12D7M1D14M5D10M10I20M1I7M9D6M3D6M5D25M1I5M5I12M4I4M7I8M5I3M1D4M1I36M4I19M9D1M3D22M2I16M2D17M
300	272	0.139	1.976E-12	4	470	475	1	476	477	8M3I5M9I7M4D4M1D11M2D2M13I18M2I1M8D4M6D2M5I15M2D14M3D5M3I2M6D14M1I8M3I8M4D11M2D6M12D7M1D16M12D5M14I3M3I9M17D8M6I10M5D32M6I11M7I11M9I3M1D4M1I36M4I17M12D25M2I16M2D18M
186	272	0.123	1.583E-12	98	468	475	92	486	495	16M2D23M6D34M4D11M2D6M12D7M1D17M5D6M12I19M1I9M12D4M3D6M5D32M6I12M1I13M14I5M1I36M4I18M9D2M3D22M2I16M2D11M1I4M
375	271	0.121	6.345E-12	4	472	475	1	459	462	5M3I4M3I5M6I4M4D9M1D9M6D9M10I9M11D2M9D1M19I20M3D6M1I5M3I21M5I11M3D2M1D6M2D5M4D13M2D4M1D9M6D4M13I3M3I13M1I7M9D6M3D6M5D33M5I11M4I4M7I7M5I3M1D4M1I36M4I19M9D18M3D43M
250	271	0.120	6.708E-12	4	466	475	1	472	476	8M3I4M9I7M5D16M2D2M14I7M28D3M3D5M9I5M8I19M1I8M3I2M6D16M2D4M6I8M4D11M2D6M12D7M1D16M12D5M14I3M3I13M1I7M12D12M5D24M4I6M1I3M1I10M11I11M5I3M1D4M1I36M4I18M9D2M3D22M2I16M2D14M
337	271	0.120	6.345E-12	4	466	475	1	472	476	8M3I4M9I7M5D16M2D2M14I7M28D3M3D5M9I5M8I19M1I8M3I2M6D16M2D4M6I8M4D11M2D6M12D7M1D16M12D5M14I3M3I13M1I7M12D12M5D24M4I6M1I3M1I10M11I11M5I3M1D4M1I36M4I18M9D2M3D22M2I16M2D14M
130	271	0.139	2.916E-12	4	470	475	1	476	477	8M3I5M9I7M4D4M1D8M2D5M13I18M2I1M8D4M7D1M6I15M2D12M7D10M1I15M1I8M3I8M4D11M2D6M12D7M1D16M10D7M12I3M3I13M1I7M9D6M3D6M5D32M6I11M7I11M9I3M1D9M2I8M1D22M4I17M12D25M2I16M2D18M
132	271	0.139	2.916E-12	4	470	475	1	476	477	8M3I5M9I7M4D4M1D8M2D5M13I18M2I1M8D4M7D1M6I15M2D12M7D10M1I15M1I8M3I8M4D11M2D6M12D7M1D16M10D7M12I3M3I13M1I7M9D6M3D6M5D32M6I11M7I11M9I3M1D9M2I8M1D22M4I17M12D25M2I16M2D18M
346	271	0.117	2.335E-12	117	466	475	110	476	485	13M4D22M2D7M2D10M3D5M1I7M2D6M12D7M1D14M5D9M12I17M7D10M1D14M9D20M4I8M1D9M3I3M7I15M8I5M1I35M4I19M7D21M4D17M3I14M
48	271	0.107	2.335E-12	4	468	475	1	477	486	5M3I7M10I11M6D14M9I10M32D9M3I6M12I8M6I9M3D6M4D1M3I18M6D5M4I8M4D10M2D6M13D13M2D4M1D8M2D6M12I19M1I7M9D6M3D6M5D19M8I10M2D11M4I4M7I12M4I3M1I37M4I19M9D23M1I17M2D11M1I4M
61	270	0.118	5.678E-12	4	466	475	1	472	476	8M3I4M9I7M5D16M2D2M14I7M28D3M3D5M9I5M8I19M1I8M3I2M6D16M2D4M6I8M4D11M2D6M12D7M1D16M12D5M14I3M3I13M1I7M12D12M5D24M4I6M1I3M1I10M11I11M5I3M1D9M2I9M1D21M4I18M9D2M3D22M2I16M2D14M
404	270	0.109	3.641E-12	1	468	475	2	473	478	8M1D7M13I5M4D18M18D3M11D2M15I2M5D3M3D2M7D4M24I29M1D1M2D23M4I13M6D10M13D14M9D17M12I7M2I6M1I3M4D6M7D14M1I3M5D26M5I3M1I10M7I12M9I2M1D4M1I36M4I17M1D3M2D22M3I10M2I7M2D3M6D9M
277	270	0.133	5.678E-12	3	474	475	5	491	492	10M1D3M1I7M5I24M4D2M4D3M2D4M5I1M10D6M4D3M5D5M9I5M7I11M1I13M2D9M1D17M3I14M4D11M2D5M13D22M5D11M10I3M2I10M1I3M4D7M8D3M1I9M5D22M4I8M1I3M1I10M11I11M5I3M1D4M1I8M1I7M1D20M4I18M9D2M3D62M
393	269	0.120	8.377E-12	4	466	475	1	472	476	8M3I4M9I7M5D16M2D2M14I4M24D6M7D5M9I5M8I19M1I8M3I2M6D16M2D4M6I8M4D11M2D6M12D7M1D16M12D5M14I3M3I13M1I7M12D12M5D24M4I6M1I3M1I10M11I11M5I3M1D4M1I36M4I18M9D2M3D22M2I16M2D14M
117	269	0.136	2.916E-12	4	470	475	1	476	477	8M3I5M9I7M4D4M1D11M2D2M13I18M2I1M8D4M6D2M5I15M2D12M7D10M1I15M1I8M3I8M4D11M2D6M12D7M1D16M12D5M14I3M3I9M17D8M6I10M5D32M6I11M7I11M9I3M1D4M1I36M4I17M12D25M2I16M2D18M
131	269	0.139	4.547E-12	4	470	475	1	476	477	8M3I5M9I7M4D4M1D8M2D5M13I18M2I1M8D4M7D1M6I15M2D12M7D10M1I15M1I8M3I8M4D11M2D6M12D7M1D16M10D7M12I3M3I13M1I7M12D12M5D32M6I11M7I11M9I3M1D9M2I8M1D22M4I17M12D25M2I16M2D18M
318	269	0.139	4.547E-12	4	470	475	1	476	477	8M3I5M9I7M4D4M1D8M2D5M13I18M2I1M8D4M7D1M6I15M2D12M7D10M1I15M1I8M3I8M4D11M2D6M12D7M1D16M10D7M12I3M3I13M1I7M12D12M5D32M6I11M7I11M9I3M1D9M2I8M1D22M4I17M12D25M2I16M2D18M
27	269	0.130	6.345E-12	4	466	475	1	473	478	14M12I7M5D15M2I9M27I4M5D2M4I2M10D2M20D19M1I7M3I3M7D20M4I11M3D2M1D8M2D5M12D8M1D16M5D9M5I1M2I5M3I13M1I7M9D6M3D6M5D32M6I11M7I12M1I3M7I4M1I36M4I17M12D8M1D1M1I15M2I16M2D14M
311	269	0.131	2.089E-12	2	466	475	5	478	485	7M1D7M13I5M4D16M2D3M3D5M5D8M21D7M2I7M7I4M4I10M9I3M1I9M2D6M2I20M4I11M3D5M5D2M4D9M6D7M1D14M12D7M14I3M3I9M1I3M4D6M7D15M4D20M1I10M5I12M7I15M8I4M1I36M4I18M1D2M2D19M3D15M6D7M1I12M
306	269	0.113	6.002E-12	0	471	475	8	515	519	16M13I5M6D6M1I20M5I4M24D5M13D8M2D6M10I3M4I3M5I3M1I7M2I6M1D21M3D4M2D3M3I10M4D8M2D6M23D7M1D18M5D5M12I19M1I7M9D6M3D7M5D24M7I6M1D13M11I12M5I41M4I19M12D41M1D8M3D11M
151	268	0.138	3.258E-12	4	470	475	1	476	477	8M3I5M9I7M4D3M1D12M2D2M13I18M2I1M8D4M6D2M5I15M2D12M7D10M1I15M1I8M3I8M4D10M1D1M1D6M12D7M1D16M12D5M14I3M3I9M17D7M6I11M5D31M6I12M7I11M9I3M1D4M1I36M4I17M12D25M2I16M2D18M
256	268	0.140	1.976E-12	4	470	475	1	476	477	8M3I5M9I7M4D4M1D11M2D2M13I18M2I1M8D4M6D2M5I15M2D14M3D5M3I2M6D14M1I8M3I8M4D10M1D1M1D6M12D7M1D17M5D8M10I15M17D8M6I10M5D31M5I2M1D6M2I3M7I11M9I3M1D9M2I8M1D22M4I17M12D25M2I16M2D18M
392	268	0.140	2.468E-12	4	470	475	1	476	477	8M3I5M9I7M4D4M1D8M2D5M13I18M2I1M8D4M7D1M6I15M2D12M7D11M1I14M1I8M3I8M4D11M2D6M12D7M1D16M10D7M12I3M3I13M1I7M12D12M5D31M5I2M1D6M2I3M7I11M9I3M1D9M2I8M1D22M4I17M12D25M2I16M2D18M
51	267	0.132	2.468E-12	4	466	475	1	472	476	9M1D2M13I7M4D8M3D10M11D4M9I4M7D12M2I12M7I20M1I8M3I2M6D14M1I8M3I8M4D5M1D6M1D5M13D15M9D7M3D7M14I3M3I9M1I11M12D13M6D6M1I16M1I7M5I12M7I12M6I9M3I5M1I6M1D22M4I19M12D23M2I16M2D14M
112	267	0.118	1.169E-11	4	466	475	1	472	476	8M3I4M9I7M5D16M2D2M14I7M28D3M3D5M9I5M8I19M1I8M3I2M6D16M2D4M6I8M4D11M2D6M12D7M1D16M12D5M14I3M3I13M1I7M12D12M5D25M1I5M4I3M1I10M11I11M5I3M1D4M1I36M4I18M9D2M3D22M2I16M2D14M
19	266	0.125	5.371E-12	4	468	475	1	469	477	5M1D7M13I3M7D10M2I7M2D3M4D4M30D5M12I6M9I3M10I12M1I5M1I10M3I2M6D18M2I5M2I7M1I2M5D6M1D2M1D6M12D7M1D14M5D11M9I4M3I13M1I9M9D11M7D24M1I7M5I11M7I12M6I9M3I34M4I18M7D7M3D1M1I42M1I6M
202	266	0.140	3.641E-12	4	470	475	1	476	477	8M3I5M9I7M4D4M1D8M2D5M13I18M2I1M8D4M7D1M6I15M2D12M7D10M1I15M1I8M3I8M4D11M2D6M12D7M1D16M10D7M12I3M3I9M17D8M6I10M5D32M6I11M7I11M9I3M1D4M1I36M4I17M12D25M2I16M2D18M
72	265	0.137	6.345E-12	4	470	475	1	476	477	8M3I5M9I7M4D4M1D11M2D2M13I18M2I1M8D4M6D2M5I15M2D12M7D10M1I15M1I8M3I8M4D11M2D6M12D7M1D17M5D8M8I3M1D2M3I9M17D7M6I11M5D31M6I12M7I11M9I3M1D4M1I36M4I17M12D25M2I16M2D18M
85	265	0.109	8.855E-12	5	468	475	1	470	478	5M2I7M9I7M4D7M1D11M1I2M7I8M24D11M18I5M2D7M5I15M7D1M3I15M4D4M3D4M4I8M4D10M1D1M3D5M7D14M9D18M16I22M6D6M7D7M5D31M5I11M4I4M7I11M4I5M1I36M4I17M3D2M6D23M3I2M2D13M2D9M1I6M
122	265	0.142	2.154E-11	4	466	475	1	473	478	14M12I7M5D15M2I16M13D4M3D1M3D2M2D5M9I5M7I10M1I7M3D38M4I9M5D10M1D5M12D8M1D16M5D9M5I1M2I5M3I13M1I7M9D6M3D6M5D32M6I11M7I12M1I3M7I4M1I36M4I17M12D8M1D1M1I15M2I16M2D14M
121	265	0.112	1.416E-12	2	468	475	2	482	488	8M2I8M10I8M5D3M1D11M1I3M1D6M5D6M3D4M11D5M9D6M1D9M8I6M3D3M6I9M4I5M3I18M6D5M4I13M4D5M1D5M12D23M1I1M9I6M2I7M6D14M4D6M7D14M6D10M1I8M1I12M5I8M1I3M3I4M7I12M4I4M2I11M1D24M4I19M7D26M2I12M2D10M1I6M
365	264	0.123	8.855E-12	4	467	475	1	470	475	5M1D7M13I11M4D10M4I5M8I6M28D2M5D2M4I6M4I6M12I4M4I11M3D27M2I14M4D8M8D3M4D6M3D6M1D6M13D13M1I3M19I13M1I7M19D13M3D3M1D13M1I14M5I12M3I8M7I10M2I5M1I35M4I18M3D7M1D12M2I20M3D12M1I3M
86	264	0.120	1.460E-11	4	466	475	1	472	476	8M3I4M9I7M5D16M2D2M14I4M24D6M7D5M9I5M8I19M1I8M3I2M6D16M2D4M6I8M4D11M2D6M12D7M1D16M12D5M14I3M3I13M1I7M12D12M5D24M4I6M1I3M1I10M11I11M5I3M1D4M1I36M4I18M9D2M3D22M2I16M2D14M
81	264	0.138	4.547E-12	4	470	475	1	476	477	8M3I5M9I7M4D4M1D8M2D5M13I18M2I1M8D4M7D1M6I15M2D12M7D10M1I15M1I8M3I8M4D11M2D6M12D7M1D16M10D7M12I3M3I9M17D7M6I11M5D32M6I11M7I11M9I3M1D4M1I36M4I17M12D25M2I16M2D18M
12	262	0.107	2.037E-11	4	466	475	1	472	476	8M3I4M9I7M5D17M1I2M11I5M24D6M7D5M9I5M8I19M1I8M3I2M6D16M2D4M6I8M4D11M2D6M12D7M1D16M9D8M11I3M3I13M1I7M9D6M3D6M5D30M5I3M1I10M11I11M5I3M1D4M1I36M4I18M9D2M3D22M2I16M2D14M
15	262	0.123	4.301E-12	4	468	475	1	484	489	5M1D7M13I7M7D6M2I14M11D5M10D5M7D4M3I6M10D7M8I6M6D9M26I18M3D5M3D9M3D13M1D5M13D24M5D9M9I4M3I13M1I7M12D13M5D30M6I12M7I12M2I3M6I4M1I37M4I18M6D1M3D20M4D36M
352	262	0.107	7.496E-12	0	467	475	0	481	501	9M3I8M9I6M1I4M6D12M38D6M4D20M20I4M14I8M2D11M2I23M2D11M6D16M9D1M3D7M1D17M5D6M12I19M1I7M9D6M3D7M5D30M6I13M11I13M2I7M3I34M4I19M9D5M3D18M4I14M2D9M1I5M
59	260	0.115	4.301E-12	7	468	475	1	471	476	16M4I3M2D9M2I11M1I3M6D2M3I3M3D7M10D5M8D3M7D3M23I8M2D14M2D8M2I17M3I14M4D11M8D6M6D7M1D13M6D12M10I3M3I13M1I7M9D13M8D31M6I11M7I5M4I9M4I5M1I36M4I18M4D4M2D20M3I15M3D11M1I4M
120	260	0.123	8.377E-12	4	468	475	1	473	477	8M3I4M9I7M5D16M2D2M14I4M23D3M5D3M3D5M9I5M8I17M3D8M1D6M2I16M2D4M6I8M4D7M1D4M1D6M12D6M1D17M10D7M12I3M3I9M17D8M6I10M5D31M6I11M4I12M12I3M1D4M1I36M4I19M12D23M2I16M2D9M1I6M
128	260	0.111	5.371E-12	3	468	475	4	483	490	11M3I4M9I8M5D14M1I3M1D6M5D6M29D9M1I6M8I7M4I1M14I13M7D2M3I18M6D5M4I8M4D11M1D4M3D1M9D20M6D11M12I14M17D9M6I10M5D31M6I12M14I3M1I16M1I36M4I18M6D2M2D21M2I16M2D10M1I6M
38	259	0.144	9.895E-12	4	468	475	1	473	478	8M3I5M9I9M5D13M2D2M13I18M2I1M8D4M6D2M5I15M2D14M3D5M3I2M6D14M1I8M3I8M4D11M2D6M12D7M1D17M12D4M14I3M3I13M1I7M9D6M3D6M5D32M6I11M7I11M9I3M1D4M1I36M4I17M12D25M2I16M2D9M1I6M
366	257	0.128	8.377E-12	3	466	475	4	484	491	6M2D7M13I4M7D20M4D2M7D7M10D7M9D4M1I1M2D7M23I8M2I2M1D10M5D8M2I17M3I15M5D10M1D6M12D7M1D17M5D8M12I17M1I7M9D6M3D6M5D32M6I11M7I2M4I11M4I6M1I7M1I8M1D20M4I19M12D23M3I15M3D14M
133	256	0.107	6.345E-12	4	466	475	1	472	482	9M1D2M13I6M3D6M2D10M7D6M20D5M7D1M7I14M25I5M4I14M4D19M7D6M8I7M4D11M2D5M13D25M4D8M13I11M17D8M5I14M5D15M4I13M1I2M1I10M4I4M3I9M6I3M2I4M1I36M4I17M8D2M1D22M6D10M2I6M1D15M
312	255	0.128	6.708E-12	108	466	475	100	472	476	15M1I8M3I2M6D14M1I8M3I9M5D10M1D6M12D6M1D8M9D7M3D7M14I3M3I9M1I11M12D13M6D6M1I16M1I7M5I12M7I15M8I4M1I8M1I6M1D21M4I19M12D23M2I16M2D14M
400	250	0.130	1.725E-11	107	466	475	99	472	480	16M1I8M6D2M3I14M1I8M3I8M4D11M2D5M13D24M12D5M14I3M3I12M7D7M4D15M5D23M5I9M1I10M7I15M8I4M1I7M1I7M1D21M4I18M6D2M6D22M2I16M2D14M
56	249	0.144	3.005E-11	4	468	475	1	473	477	8M3I5M9I8M5D14M2D2M13I18M2I1M8D4M6D2M5I15M2D12M7D10M1I15M1I8M3I8M4D11M2D6M12D7M1D16M8D9M10I3M3I9M1I11M9D6M3D6M5D32M6I11M7I11M9I3M1D4M1I36M4I18M9D2M3D22M2I16M2D9M1I6M
140	247	0.140	3.177E-11	5	468	475	1	473	477	4M2D6M13I9M5D14M2D2M13I18M2I1M8D4M6D2M5I15M2D14M3D5M3I2M6D14M1I8M3I8M4D11M2D6M12D7M1D16M8D9M10I3M3I9M1I11M9D6M3D6M5D32M6I11M7I11M9I3M1D4M1I36M4I18M9D2M3D22M2I16M2D9M1I6M
234	247	0.129	3.177E-11	2	466	475	1	483	493	9M1I8M9I5M2D3M2D8M3D8M4D3M7D6M10D7M9D4M1I1M2D8M23I8M1I12M3D27M3I15M5D10M1D6M12D7M1D17M5D8M12I18M4D3M2D4M2D6M3D6M5D30M5I3M1D5M3I3M10I16M4I4M1I36M4I18M10D3M2D20M2I17M2D14M
383	246	0.107	2.089E-12	14	471	475	66	467	469	17M10I7M2I3M2I7M16I10M15I4M13I9M2D6M2I23M4I7M7D19M10D22M5D8M10I15M1I3M4D6M7D15M4D16M4I13M2I13M7I12M9I2M1D7M1I33M4I18M1D2M2D5M2I3M2I9M2I17M6D11M3D8M
260	246	0.131	1.591E-10	4	474	475	1	493	494	5M1D5M13I8M5D16M25D1M16D6M16I1M3D7M21I11M2D23M6D34M4D11M2D6M12D7M1D17M5D6M12I19M1I7M12D12M5D17M4I13M1I3M1I10M7I15M8I4M1I36M4I18M9D2M3D22M2I16M2D22M
309	245	0.118	2.481E-10	0	468	475	0	477	485	18M12I5M4D9M1D8M8I11M23D11M16I16M2D23M7D21M5I8M4D11M2D5M13D21M5D10M12I19M4D6M7D15M5D25M1I6M5I11M7I12M6I9M3I34M4I17M12D20M1D10M1I23M1I4M
338	242	0.122	9.649E-11	4	469	475	1	475	479	8M3I4M9I7M4D5M1D11M2D2M13I18M21D12M7I10M1I9M3D6M1D6M2I16M2D4M6I8M4D11M2D6M12D6M1D6M2D4M7D5M3D7M14I3M3I13M1I7M9D6M3D6M5D31M6I12M7I11M9I3M1D4M1I36M4I18M9D2M3D22M2I16M2D17M
9	241	0.148	3.359E-11	4	470	475	1	476	477	8M3I5M9I6M4D5M1D11M2D2M13I18M2I1M8D4M6D2M5I15M2D14M3D5M3I2M6D14M1I8M3I8M4D10M1D1M1D6M12D7M1D16M12D5M14I3M1I3M2I6M17D7M6I11M5D32M4I7M2I4M11I12M2I9M3I34M4I18M9D2M3D22M2I16M2D18M
156	241	0.148	3.177E-11	4	470	475	1	476	477	8M3I5M9I6M4D5M1D11M2D2M13I18M2I1M8D4M6D2M5I15M2D14M3D5M3I2M6D14M1I8M3I8M4D10M1D1M1D6M12D7M1D16M12D5M14I3M1I3M2I6M17D7M6I11M5D32M4I8M2I3M11I12M2I9M3I34M4I18M9D2M3D22M2I16M2D18M
104	240	0.149	7.309E-11	4	470	475	1	476	477	8M3I5M9I6M4D5M1D11M2D2M13I18M2I1M8D4M6D2M5I15M2D14M3D5M3I2M6D14M1I8M3I8M4D10M1D1M1D6M12D7M1D16M12D5M14I3M3I13M13D5M1I3M1I10M5D32M4I7M2I4M11I12M2I9M3I34M4I18M9D2M3D22M2I16M2D18M
241	238	0.149	8.168E-11	4	470	475	1	476	477	8M3I5M9I6M4D5M1D11M2D2M13I18M2I1M8D4M6D2M5I15M2D14M3D5M3I2M6D14M1I8M3I8M4D10M1D1M1D6M12D7M1D16M12D5M14I3M3I13M13D5M1I3M1I10M5D32M4I8M2I3M11I12M2I9M3I34M4I18M9D2M3D22M2I16M2D18M
208	237	0.148	5.537E-11	4	470	475	1	476	477	8M3I5M9I6M4D5M1D11M2D2M13I18M2I1M8D4M6D2M5I15M2D14M3D5M3I2M6D14M1I8M3I8M4D10M1D1M1D6M12D7M1D16M12D5M14I3M1I3M2I6M17D7M6I11M5D32M4I7M2I4M11I12M2I9M3I34M4I18M9D2M3D22M2I16M2D18M
320	237	0.113	3.550E-11	4	467	475	1	509	521	5M4I7M8I10M4D14M8I2M3I6M27D3M3D3M1I7M23I13M1I35M5I9M11I5M12D13M4D9M2I9M14I13M5D4M1D2M5D4M10D6M13D7M24D31M5I12M1I6M1I5M14I4M1D4M1I6M1I4M1D26M4I16M11D2M4D4M3D6M1D5M12D7M3D23M4D1M4D9M
142	236	0.148	5.853E-11	4	470	475	1	476	477	8M3I5M9I6M4D5M1D11M2D2M13I18M2I1M8D4M6D2M5I15M2D14M3D5M3I2M6D14M1I8M3I8M4D10M1D1M1D6M12D7M1D16M12D5M14I3M1I3M2I6M17D7M6I11M5D32M4I7M2I4M11I12M2I9M3I34M4I18M9D2M3D22M2I16M2D18M
145	236	0.146	4.687E-11	4	470	475	1	476	477	8M3I5M9I6M4D5M1D11M2D2M13I18M2I1M8D4M6D2M5I15M2D14M3D5M3I2M6D14M1I8M3I8M4D10M1D1M1D6M12D7M1D16M12D5M14I3M1I3M2I6M17D7M6I11M5D32M4I7M2I4M7I11M9I3M1D4M1I36M4I18M9D2M3D22M2I16M2D18M
157	236	0.145	6.541E-11	4	468	475	1	474	477	8M3I5M9I6M4D5M1D11M2D2M13I18M2I1M8D4M6D2M5I15M2D14M3D5M3I2M6D14M1I8M3I8M4D10M1D1M1D6M12D7M1D16M12D5M14I3M3I9M17D7M6I11M5D32M4I7M2I4M11I12M2I9M3I34M4I17M12D25M2I16M2D16M
100	235	0.144	9.128E-11	4	470	475	1	476	477	8M3I5M9I6M4D5M1D11M2D2M13I18M2I1M8D4M6D2M5I15M2D14M3D5M3I2M6D14M1I8M3I8M4D10M1D1M1D6M12D7M1D16M12D5M14I3M3I9M17D7M6I11M5D32M4I7M2I4M11I12M2I9M3I34M4I17M12D25M2I16M2D18M
150	234	0.148	7.309E-11	4	470	475	1	476	477	8M3I5M9I6M4D5M1D11M2D2M13I18M2I1M8D4M6D2M5I15M2D14M3D5M3I2M6D14M1I8M3I8M4D10M1D1M1D6M12D7M1D16M12D5M14I3M1I3M2I6M17D7M6I11M5D32M4I7M2I4M11I12M2I9M3I34M4I18M9D2M3D22M2I16M2D18M
183	234	0.148	7.727E-11	4	470	475	1	476	477	8M3I5M9I6M4D5M1D11M2D2M13I18M2I1M8D4M6D2M5I15M2D14M3D5M3I2M6D14M1I8M3I8M4D10M1D1M1D6M12D7M1D16M12D5M14I3M1I3M2I6M17D7M6I11M5D32M4I7M2I4M11I12M2I9M3I34M4I18M9D2M3D22M2I16M2D18M
209	233	0.148	8.168E-11	4	470	475	1	476	477	8M3I5M9I6M4D5M1D11M2D2M13I18M2I1M8D4M6D2M5I15M2D14M3D5M3I2M6D14M1I8M3I8M4D10M1D1M1D6M12D7M1D16M12D5M14I3M1I3M2I6M17D7M6I11M5D32M4I7M2I4M11I12M2I9M3I34M4I18M9D2M3D22M2I16M2D18M
68	232	0.148	9.128E-11	4	470	475	1	476	477	8M3I5M9I6M4D5M1D11M2D2M13I18M2I1M8D4M6D2M5I15M2D14M3D5M3I2M6D14M1I8M3I8M4D10M1D1M1D6M12D7M1D16M12D5M14I3M1I3M2I6M17D7M6I11M5D32M4I7M2I4M11I12M2I9M3I34M4I18M9D2M3D22M2I16M2D18M
70	231	0.151	1.274E-10	4	468	475	1	474	477	8M3I5M9I6M4D5M1D11M2D2M13I18M2I1M8D4M6D2M5I15M2D14M3D5M3I2M6D14M1I8M3I8M4D10M1D1M1D6M12D7M1D16M12D5M14I3M1I3M2I10M13D5M1I3M1I10M5D32M4I7M2I4M11I12M2I9M3I34M4I18M9D2M3D22M2I16M2D16M
155	231	0.146	1.274E-10	4	470	475	1	476	477	8M3I5M9I6M4D5M1D11M2D2M13I18M2I1M8D4M6D2M5I15M2D14M3D5M3I2M6D14M1I8M3I8M4D10M1D1M1D6M12D7M1D16M12D5M14I3M3I9M17D7M6I11M5D32M4I7M2I4M11I12M2I9M3I34M4I18M9D2M3D22M2I16M2D18M
187	231	0.123	1.078E-10	4	466	475	1	472	479	8M3I4M9I7M4D5M1D11M2D2M13I18M21D12M7I10M1I9M3D6M1D6M2I16M2D4M6I8M4D11M2D6M12D7M1D5M3D2M6D7M3D7M14I3M3I13M1I7M9D6M3D6M5D32M6I11M1I10M15I4M1D4M1I36M4I18M9D2M3D22M2I16M2D14M
154	230	0.149	1.505E-10	4	470	475	1	476	477	8M3I5M9I6M4D5M1D11M2D2M13I18M2I1M8D4M6D2M5I16M6D9M1I8M3I2M6D14M1I8M3I8M4D10M1D1M1D6M12D7M1D16M12D5M14I3M1I3M2I10M13D5M1I3M1I10M5D32M4I7M2I4M11I12M2I9M3I34M4I18M9D2M3D22M2I16M2D18M
96	229	0.144	1.205E-10	4	470	475	1	476	477	8M3I5M9I6M4D5M1D11M2D2M13I18M2I1M8D4M6D2M5I16M6D9M1I8M3I2M6D14M1I8M3I8M4D10M1D1M1D6M12D7M1D16M12D5M14I3M1I3M2I6M17D7M6I11M5D32M4I7M2I4M11I12M2I9M3I34M4I17M12D25M2I16M2D18M
152	228	0.148	1.423E-10	4	470	475	1	476	477	8M3I5M9I6M4D5M1D11M2D2M13I18M2I1M8D4M6D2M5I15M2D14M3D5M3I2M6D14M1I8M3I8M4D10M1D1M1D6M12D7M1D16M12D5M14I3M1I3M2I6M17D7M6I11M5D32M4I7M2I4M11I12M2I9M3I34M4I18M9D2M3D22M2I16M2D18M
207	228	0.148	1.205E-10	4	468	475	1	474	477	8M3I5M9I6M4D5M1D11M2D2M13I18M2I1M8D4M6D2M5I15M2D14M3D5M3I2M6D14M1I8M3I8M4D10M1D1M1D6M12D7M1D16M12D5M14I3M1I3M2I6M17D7M6I11M5D32M4I7M2I4M11I12M2I9M3I34M4I18M9D2M3D22M2I16M2D16M
153	226	0.148	1.591E-10	4	468	475	1	474	477	8M3I5M9I6M4D5M1D11M2D2M13I18M2I1M8D4M6D2M5I15M2D14M3D5M3I2M6D14M1I8M3I8M4D10M1D1M1D6M12D7M1D16M12D5M14I3M1I3M2I6M17D7M6I11M5D32M4I7M2I4M11I12M2I9M3I34M4I18M9D2M3D22M2I16M2D16M
 