#Task    Step    numberOfAcceptedPeleSteps    currentEnergy    BindingEnergy    sasaLig    distance_A35SG_L1S1    
1    0    0    -7157.25    -22.4117    0.320905    5.67603    
1    1    1    -7183.64    -25.8153    0.298938    5.59159    
1    3    2    -7184.31    -27.8595    0.292381    6.52479    
1    7    3    -7184.21    -26.769    0.302667    7.13255    
1    10    4    -7179.93    -22.7992    0.307993    6.68395    
1    11    5    -7178.22    -24.8653    0.342827    6.95122    
1    13    6    -7177.56    -24.5412    0.341771    9.11311    
1    21    7    -7192.85    -24.2515    0.366529    7.95138    
1    23    8    -7189.74    -23.1886    0.382021    7.54964    
1    31    9    -7195.13    -25.0873    0.36479    8.59145    
1    33    10    -7193.19    -26.1327    0.355228    7.68582    
1    43    11    -7194.38    -25.8424    0.350981    7.84583    
1    45    12    -7193.14    -24.99    0.351239    7.78503    
1    49    13    -7192.84    -29.1974    0.340025    7.73922    
1    51    14    -7188.17    -24.4433    0.377884    7.4707    
1    52    15    -7188.07    -24.9395    0.386033    8.05552    
1    53    16    -7187.47    -28.1542    0.372254    7.43037    
1    55    17    -7188.9    -33.9117    0.356453    7.88266    
1    56    18    -7188.29    -32.2046    0.370311    8.07779    
1    59    19    -7188.42    -33.2679    0.357244    7.96877    
1    75    20    -7186.96    -31.7579    0.370098    8.09361    
1    79    21    -7187.94    -26.7513    0.391465    8.93699    
1    81    22    -7191.96    -34.4653    0.390912    8.6958    
1    94    23    -7189.99    -29.6583    0.415569    9.14766    
