#Task    Step    numberOfAcceptedPeleSteps    currentEnergy    BindingEnergy    sasaLig    distance_A35SG_L1S1    
1    0    0    -7184.77    -16.3794    0.526298    9.57813    
1    1    1    -7205.83    -17.6311    0.528127    9.5804    
1    5    2    -7203.73    -18.5631    0.529902    9.40619    
1    11    3    -7207.9    -17.5009    0.519718    9.39206    
1    12    4    -7207.47    -15.4146    0.524177    9.58033    
1    13    5    -7208.24    -18.5076    0.509234    9.41856    
1    18    6    -7208.11    -18.2335    0.522296    9.51339    
1    20    7    -7210.74    -20.2506    0.504225    9.29297    
1    21    8    -7208.69    -21.0475    0.507538    9.30775    
1    22    9    -7210.64    -17.6831    0.507721    9.1644    
1    23    10    -7209.61    -17.1989    0.491519    9.41422    
1    30    11    -7209.46    -17.1014    0.571311    9.96194    
1    31    12    -7206.43    -13.928    0.586191    10.0072    
1    36    13    -7203.47    -11.131    0.605958    10.0356    
1    41    14    -7209.04    -18.3323    0.53399    9.57633    
1    43    15    -7206.99    -16.3042    0.545447    9.5908    
1    44    16    -7208.02    -15.5198    0.562841    9.71595    
1    46    17    -7205.57    -14.9278    0.558079    9.64503    
1    48    18    -7205.55    -14.2415    0.523501    9.51252    
1    53    19    -7208.26    -18.2202    0.518905    9.40384    
1    62    20    -7210.51    -19.3931    0.531421    9.32037    
1    63    21    -7207.74    -19.3205    0.511468    9.40948    
1    64    22    -7210.6    -18.2621    0.548927    9.44693    
1    71    23    -7205.57    -15.7369    0.544593    9.76101    
1    73    24    -7204.01    -13.3041    0.556188    9.70095    
1    74    25    -7209.32    -15.5422    0.545095    9.5772    
1    76    26    -7209.92    -16.6749    0.530757    9.49808    
1    78    27    -7198.12    -6.39591    0.561145    10.288    
1    79    28    -7203.81    -10.8576    0.613605    10.145    
1    80    29    -7206.31    -11.8251    0.634499    10.2646    
1    82    30    -7205.26    -12.3479    0.58708    10.0178    
1    86    31    -7209.61    -15.9677    0.56042    9.5979    
1    96    32    -7207.47    -12.9855    0.601234    10.2531    
1    97    33    -7204.12    -13.6564    0.599236    10.0755    
1    98    34    -7204.95    -11.6887    0.608221    10.362    
1    100    35    -7203.75    -9.82984    0.616322    10.4389    
