#Task    Step    numberOfAcceptedPeleSteps    currentEnergy    BindingEnergy    sasaLig    distance_A35SG_L1S1    
1    0    0    -7179.62    -28.1421    0.543073    6.10818    
1    1    1    -7188.35    -1.59782    0.599509    7.92708    
1    3    2    -7189.21    -3.43594    0.601655    7.2265    
1    5    3    -7182.55    -0.796068    0.609258    8.69749    
1    7    4    -7183.41    -2.04667    0.602143    7.40766    
1    9    5    -7184.33    -10.3081    0.577449    8.43684    
1    10    6    -7195.61    -16.0018    0.595553    7.1257    
1    11    7    -7195.74    -13.5018    0.525016    5.67169    
1    12    8    -7201.91    -18.7207    0.560577    6.84148    
1    16    9    -7198.07    -14.9228    0.567611    6.55376    
1    17    10    -7204.62    -19.1797    0.554378    6.83271    
1    18    11    -7203.48    -16.6371    0.551133    6.6916    
1    20    12    -7203.14    -16.1117    0.539833    6.42458    
1    21    13    -7207.23    -21.9696    0.538457    6.65417    
1    22    14    -7203.3    -16.6107    0.534236    6.0874    
1    23    15    -7203.82    -17.1789    0.490635    6.03181    
1    26    16    -7209.04    -20.2199    0.550371    6.88691    
1    28    17    -7209.52    -21.9409    0.558906    6.84847    
1    29    18    -7210.8    -21.8388    0.564682    6.88305    
1    30    19    -7211.94    -23.2833    0.565045    6.95333    
1    35    20    -7211.2    -22.6619    0.576273    7.01673    
1    38    21    -7210.87    -23.255    0.556283    6.98025    
1    40    22    -7210.01    -22.3329    0.553957    7.00284    
1    44    23    -7206.42    -19.937    0.576768    7.02456    
1    48    24    -7198.33    -17.1641    0.560733    6.93291    
1    55    25    -7205.94    -20.2551    0.574619    7.42963    
1    56    26    -7206    -18.1254    0.54342    7.17925    
1    63    27    -7210.08    -19.8768    0.554445    7.21622    
1    67    28    -7210.38    -20.043    0.56008    7.4082    
1    70    29    -7207.27    -18.6661    0.568364    7.72856    
1    74    30    -7203.47    -17.4518    0.577708    7.70654    
1    76    31    -7206.31    -20.5286    0.561375    7.3665    
1    78    32    -7206.88    -20.4826    0.58146    7.62998    
1    79    33    -7199.48    -15.4938    0.609643    7.30892    
1    83    34    -7199.42    -20.047    0.518918    7.22242    
1    91    35    -7200.27    -22.0873    0.446733    7.73333    
1    94    36    -7199.8    -23.0267    0.446243    8.65941    
1    99    37    -7199.45    -22.9912    0.446053    9.07969    
