#Task    Step    numberOfAcceptedPeleSteps    currentEnergy    BindingEnergy    sasaLig    distance_A35SG_L1S1    
1    0    0    -7177.6    -11.6424    0.567484    11.7219    
1    1    1    -7187.19    4.72216    0.570465    6.28926    
1    3    2    -7187.97    3.57335    0.559858    6.11188    
1    4    3    -7188.74    3.92217    0.67859    7.44381    
1    6    4    -7191.93    1.46787    0.697917    7.67223    
1    9    5    -7191.74    0.804689    0.599746    5.93551    
1    13    6    -7190.12    0.216173    0.516095    6.4719    
1    15    7    -7192.51    2.35047    0.524885    6.0004    
1    18    8    -7192.8    2.08566    0.594407    6.72966    
1    20    9    -7192.46    2.37414    0.600318    5.87325    
1    24    10    -7193.22    2.19077    0.620333    7.49494    
1    26    11    -7192.11    3.07016    0.589053    6.46127    
1    30    12    -7194.26    1.71378    0.645972    6.44664    
1    42    13    -7191.77    5.25975    0.60216    5.82657    
1    46    14    -7193.76    2.22696    0.670532    7.62683    
1    55    15    -7192.75    1.3543    0.719343    9.84876    
1    57    16    -7194.08    -1.72626    0.706466    9.18484    
1    58    17    -7193.79    -0.0226963    0.668205    7.41529    
1    60    18    -7190.53    3.01428    0.655087    6.53713    
1    63    19    -7188.18    2.94356    0.65972    6.42662    
1    64    20    -7184.15    7.29617    0.584077    5.71228    
1    66    21    -7187.61    3.33469    0.618653    6.54424    
1    67    22    -7187.99    -1.22319    0.593452    7.04823    
1    70    23    -7190.54    -1.03536    0.566357    6.47251    
1    79    24    -7188.18    -1.35797    0.577953    6.35564    
1    81    25    -7188.12    1.59086    0.637919    6.69038    
1    82    26    -7187.06    1.09918    0.760093    7.69735    
1    83    27    -7186.82    -5.99212    0.49985    11.1313    
1    85    28    -7196.06    -13.8404    0.46612    10.5809    
1    87    29    -7197.45    -12.2663    0.487689    9.40411    
1    91    30    -7190.21    -2.97119    0.494327    9.77051    
1    96    31    -7193.45    -4.03476    0.53545    9.88697    
1    97    32    -7193.66    -6.35707    0.523715    9.55709    
1    99    33    -7195.58    -4.82375    0.503732    10.631    
1    100    34    -7199.96    -5.08247    0.490009    10.2134    
