#Task    Step    numberOfAcceptedPeleSteps    currentEnergy    BindingEnergy    sasaLig    distance_A35SG_L1S1    
1    0    0    -7182.89    -26.2249    0.537265    11.5594    
1    1    1    -7185.97    3.35707    0.52816    11.7798    
1    2    2    -7186.76    3.94961    0.515607    11.6565    
1    3    3    -7194.11    -6.89859    0.481948    6.54207    
1    7    4    -7196.12    -9.62094    0.434406    5.9658    
1    10    5    -7207.66    -16.5083    0.41984    5.83018    
1    17    6    -7211.04    -17.8445    0.379915    5.77858    
1    20    7    -7210.11    -17.5955    0.373705    5.3723    
1    32    8    -7211.47    -18.1951    0.393499    5.44569    
1    34    9    -7210.86    -17.4193    0.416774    5.46935    
1    40    10    -7210.6    -15.2752    0.432431    5.62032    
1    46    11    -7210.12    -16.5633    0.395746    6.02609    
1    49    12    -7210.15    -17.9772    0.364802    5.72686    
1    69    13    -7208.02    -17.5634    0.361002    5.70515    
1    73    14    -7203.6    -15.876    0.35925    5.81311    
1    79    15    -7202.35    -15.4816    0.419066    5.57942    
1    86    16    -7206.72    -17.575    0.411484    5.59287    
1    93    17    -7207.11    -18.3249    0.37027    5.63404    
1    98    18    -7201.93    -12.1122    0.415598    5.60335    
1    99    19    -7202.2    -14.4592    0.417989    6.06206    
