#Task    Step    numberOfAcceptedPeleSteps    currentEnergy    BindingEnergy    sasaLig    distance_A35SG_L1S1    
1    0    0    -7165.87    -19.3918    0.339824    9.76085    
1    1    1    -7174.96    -7.92673    0.452198    10.8511    
1    3    2    -7184.66    -5.82129    0.451663    10.8168    
1    4    3    -7189.11    -6.38191    0.520317    10.1391    
1    7    4    -7188    -4.79676    0.465124    10.1663    
1    8    5    -7193.05    -8.80329    0.45829    10.2203    
1    9    6    -7195.03    -9.68839    0.410447    10.1422    
1    19    7    -7196.81    -8.72988    0.460127    11.1683    
1    38    8    -7194.63    -11.2128    0.462264    11.5427    
1    39    9    -7196.45    -10.0504    0.452926    11.2598    
1    43    10    -7196.03    -10.4101    0.441336    9.76638    
1    53    11    -7194.22    -10.977    0.443116    9.53513    
1    56    12    -7194.28    -9.91072    0.44895    9.67723    
1    61    13    -7194.42    -10.0293    0.432869    10.1499    
1    64    14    -7199.69    -11.7076    0.464473    10.6508    
1    66    15    -7198.08    -10.1253    0.448057    10.7846    
1    71    16    -7193.92    -7.79787    0.408807    9.00657    
1    79    17    -7193.65    -8.62387    0.400634    9.77917    
1    85    18    -7190.26    -8.82708    0.454798    9.67294    
1    86    19    -7189.32    -11.1345    0.500997    5.39092    
1    88    20    -7197.95    -12.0667    0.445128    7.38654    
1    96    21    -7197.4    -13.3876    0.431525    6.80566    
1    97    22    -7188.42    -11.1877    0.329755    7.1332    
