#Task    Step    numberOfAcceptedPeleSteps    currentEnergy    BindingEnergy    sasaLig    distance_A35SG_L1S1    
1    0    0    -7185.9    -16.6096    0.40235    4.93621    
1    1    1    -7213.02    -23.5703    0.384101    5.58379    
1    2    2    -7211.66    -21.1626    0.389416    5.69204    
1    4    3    -7210.83    -19.3843    0.39153    5.67194    
1    5    4    -7213.44    -23.7589    0.393762    5.65905    
1    6    5    -7217.26    -23.9654    0.383505    5.85404    
1    14    6    -7216.48    -23.2069    0.384821    6.02058    
1    15    7    -7213.38    -19.983    0.416781    5.87303    
1    17    8    -7219.42    -23.9111    0.398679    5.97818    
1    28    9    -7218.16    -22.3609    0.433393    5.80557    
1    31    10    -7221.2    -24.861    0.39333    6.00161    
1    36    11    -7219.24    -20.6036    0.440474    6.08214    
1    37    12    -7222.11    -20.8606    0.43723    6.07842    
1    56    13    -7222.19    -21.1848    0.415381    6.21837    
1    76    14    -7223.83    -23.4938    0.416419    6.17814    
1    97    15    -7221.19    -24.1476    0.382999    6.20112    
