#Task    Step    numberOfAcceptedPeleSteps    currentEnergy    BindingEnergy    sasaLig    distance_A35SG_L1S1    
1    0    0    -7184.36    -25.1722    0.446305    9.68593    
1    1    1    -7183.94    -9.32037    0.419161    7.5658    
1    4    2    -7187.6    -3.87295    0.387071    8.26758    
1    7    3    -7185.62    -8.66723    0.392743    7.32385    
1    8    4    -7195.03    -16.8509    0.433573    7.59644    
1    11    5    -7195.9    -11.3024    0.420705    7.87199    
1    12    6    -7195.86    -12.1709    0.49197    8.1664    
1    14    7    -7197.2    -11.624    0.45336    8.6521    
1    16    8    -7200.16    -17.0761    0.494543    8.16374    
1    19    9    -7201.07    -19.5116    0.443758    7.87773    
1    21    10    -7203.94    -18.9097    0.361745    7.46521    
1    23    11    -7204.32    -18.1546    0.416319    8.97676    
1    27    12    -7206.11    -20.7156    0.433261    8.72885    
1    29    13    -7204.74    -23.5255    0.465532    8.77013    
1    30    14    -7201.66    -21.402    0.509777    8.68219    
1    31    15    -7202.76    -18.0207    0.476936    7.64278    
1    32    16    -7202.41    -18.6067    0.428627    7.56157    
1    33    17    -7205.83    -20.7739    0.38128    7.79655    
1    45    18    -7202.37    -19.1963    0.356751    7.81255    
1    46    19    -7204.13    -18.3453    0.405849    7.64085    
1    47    20    -7200.67    -17.3821    0.462177    8.13827    
1    51    21    -7199.8    -5.22754    0.460162    10.3771    
1    54    22    -7206.37    -9.48747    0.43621    9.41129    
1    55    23    -7199.87    -1.89888    0.464336    8.20696    
1    56    24    -7206.88    -2.3474    0.452611    8.35026    
1    57    25    -7207.56    -14.3052    0.424031    7.8611    
1    58    26    -7204.4    -14.2751    0.430272    7.47605    
1    60    27    -7205.72    -6.84998    0.468868    7.2925    
1    61    28    -7204.29    -18.4579    0.424441    7.14613    
1    62    29    -7199.05    -2.90926    0.424058    6.4638    
1    63    30    -7204    -3.39467    0.427348    7.60181    
1    64    31    -7211.53    -9.3365    0.442422    6.62319    
1    65    32    -7212.45    -12.289    0.422974    6.67226    
1    67    33    -7212.16    -10.8783    0.45051    6.96676    
1    70    34    -7216.33    -14.4267    0.431436    6.85326    
1    76    35    -7210.02    -10.0898    0.413172    7.37686    
1    78    36    -7215.41    -13.5584    0.41501    7.04594    
1    84    37    -7216.58    -13.8138    0.401777    6.69889    
1    93    38    -7212.66    -21.2344    0.327271    6.55568    
1    98    39    -7210.29    -20.6153    0.331409    6.3294    
