#Task    Step    numberOfAcceptedPeleSteps    currentEnergy    BindingEnergy    sasaLig    distance_A35SG_L1S1    
1    0    0    -7176.9    -30.4969    0.310053    11.8225    
1    1    1    -7201.04    -45.7065    0.237344    11.9053    
1    10    2    -7196.87    -31.0517    0.24963    11.8331    
1    11    3    -7191.23    -36.4599    0.286792    11.4734    
1    17    4    -7194.77    -33.0024    0.261505    11.8813    
1    19    5    -7199.01    -39.9585    0.24687    11.8972    
1    23    6    -7200.44    -39.7042    0.247875    11.6886    
1    24    7    -7196.76    -25.8322    0.26953    11.3358    
1    27    8    -7197.92    -26.6209    0.295352    11.3424    
1    29    9    -7207.8    -31.7928    0.305405    11.4604    
1    31    10    -7209.61    -34.915    0.291864    11.1902    
1    36    11    -7205.96    -32.2367    0.283988    10.8978    
1    39    12    -7208.77    -35.2142    0.27269    11.1695    
1    41    13    -7212.89    -48.4402    0.282183    10.7095    
1    49    14    -7212.45    -52.3294    0.214965    10.8209    
1    50    15    -7206.28    -46.4022    0.219398    10.9287    
1    61    16    -7206.5    -38.0283    0.236197    10.4844    
1    63    17    -7211.69    -38.5018    0.262268    10.6145    
1    69    18    -7206.21    -35.7677    0.274974    9.79308    
1    77    19    -7205.76    -47.9988    0.222016    10.2105    
1    83    20    -7205.92    -45.7308    0.211708    10.452    
1    85    21    -7206.85    -51.2579    0.222526    11.0116    
