#Task    Step    numberOfAcceptedPeleSteps    currentEnergy    BindingEnergy    sasaLig    distance_A35SG_L1S1    
1    0    0    -7170.98    -6.43646    0.519784    8.8587    
1    1    1    -7192.37    -6.00638    0.529143    8.96197    
1    10    2    -7193.18    -6.81133    0.515106    8.87848    
1    11    3    -7193.1    -5.39482    0.547408    9.30409    
1    12    4    -7192.37    -4.7005    0.502117    8.8907    
1    14    5    -7188.71    -2.38066    0.509468    5.73516    
1    15    6    -7189.13    -7.60495    0.510542    7.1323    
1    17    7    -7185.39    1.15707    0.545762    6.86607    
1    18    8    -7188.4    -3.66595    0.557005    5.97259    
1    19    9    -7189.78    -3.33875    0.447797    5.67203    
1    22    10    -7187.21    -0.855531    0.471231    6.36008    
1    23    11    -7186.53    -0.686784    0.53784    7.93437    
1    24    12    -7185.8    1.64878    0.593703    11.7548    
1    26    13    -7184.76    3.85549    0.635357    10.4893    
1    27    14    -7189.08    0.102526    0.611054    9.39576    
1    31    15    -7189.79    -0.417126    0.592354    10.2699    
1    32    16    -7187.26    0.71795    0.546038    10.9067    
1    35    17    -7186.47    0.123816    0.592288    11.4382    
1    38    18    -7186.39    -0.566762    0.555553    10.8471    
1    39    19    -7186.48    0.892683    0.544228    11.3583    
1    42    20    -7189.48    -2.10404    0.57533    7.51849    
1    43    21    -7188.18    -6.89975    0.466689    7.3238    
1    44    22    -7193.9    -9.52313    0.42113    7.26985    
1    48    23    -7197.06    -12.8756    0.377084    7.30153    
1    53    24    -7199.88    -17.6597    0.371476    7.28593    
1    55    25    -7195.95    -15.2646    0.387956    7.27998    
1    65    26    -7199.94    -16.4383    0.400103    7.27246    
1    66    27    -7193.24    -11.9032    0.370081    7.31286    
1    67    28    -7193.21    -14.1216    0.415238    6.31386    
1    68    29    -7196.48    -19.8967    0.433043    7.00103    
1    69    30    -7201.34    -18.2881    0.39685    7.29734    
1    84    31    -7201.33    -18.6363    0.380316    7.24729    
1    86    32    -7196.26    -14.1075    0.449537    6.90403    
1    97    33    -7196.87    -18.1618    0.420284    7.24647    
1    98    34    -7200.16    -18.4081    0.386891    7.20448    
