#Task    Step    numberOfAcceptedPeleSteps    currentEnergy    BindingEnergy    sasaLig    distance_A35SG_L1S1    
1    0    0    -7165.82    -5.93109    0.60545    11.4397    
1    1    1    -7176.42    -6.4137    0.629683    6.5707    
1    3    2    -7187.68    -3.81535    0.601484    6.5257    
1    4    3    -7188.38    -4.71572    0.606463    6.77036    
1    5    4    -7185.59    -6.30698    0.624747    6.63755    
1    6    5    -7188.78    -6.59957    0.586974    6.5703    
1    18    6    -7185.88    -3.49624    0.556637    5.92879    
1    19    7    -7189.86    -6.45571    0.526526    6.25447    
1    20    8    -7191.06    -6.48119    0.554042    6.37404    
1    22    9    -7191.74    -7.69439    0.535316    6.39544    
1    23    10    -7191.49    -7.7869    0.54462    6.59208    
1    27    11    -7187.97    -1.19307    0.539654    11.6824    
1    28    12    -7191.58    -2.71406    0.570758    12.2026    
1    30    13    -7189.21    0.616195    0.552947    12.4585    
1    31    14    -7188.27    -0.928462    0.672958    11.3973    
1    33    15    -7188.94    2.38256    0.6569    10.515    
1    34    16    -7193.1    -0.440172    0.732787    7.3631    
1    35    17    -7192.75    -0.367936    0.707852    7.79062    
1    37    18    -7191.14    1.24498    0.670124    7.22297    
1    38    19    -7193.8    -0.13626    0.678833    10.7994    
1    41    20    -7192.92    -2.9324    0.62052    10.6459    
1    43    21    -7193.03    -5.85354    0.544257    11.6316    
1    48    22    -7182.89    4.91772    0.553997    6.81788    
1    49    23    -7187.07    -0.455905    0.536672    5.53904    
1    50    24    -7190.21    -3.54811    0.56702    6.0951    
1    51    25    -7182.26    -3.4878    0.559829    10.4667    
1    54    26    -7185.98    -0.928428    0.599776    10.1803    
1    55    27    -7188.39    -4.84471    0.529183    10.1882    
1    56    28    -7187.56    -2.26741    0.558447    10.7795    
1    58    29    -7184.77    1.75428    0.581178    11.0936    
1    63    30    -7185.47    -5.6128    0.57036    9.71627    
1    64    31    -7186.75    -6.19291    0.543545    9.52233    
1    69    32    -7186.68    -6.27492    0.562133    5.71985    
1    70    33    -7187.17    -3.61545    0.602272    4.40743    
1    75    34    -7184.2    -2.55746    0.435349    7.74469    
1    78    35    -7186.4    -1.42379    0.428434    7.27391    
1    84    36    -7188.73    -9.26091    0.379139    5.01454    
1    86    37    -7191.67    -8.5461    0.403988    5.26416    
1    90    38    -7193.46    -12.3134    0.39349    4.701    
1    92    39    -7191.54    -11.5037    0.434683    4.93968    
1    94    40    -7194.14    -13.9615    0.380985    4.70688    
1    97    41    -7200.28    -17.306    0.475615    6.06075    
1    98    42    -7198.91    -15.3071    0.517976    5.56501    
