#Task    Step    numberOfAcceptedPeleSteps    currentEnergy    BindingEnergy    sasaLig    distance_A35SG_L1S1    
1    0    0    -7175.23    -8.89846    0.534655    10.183    
1    1    1    -7203.46    -15.1329    0.545346    10.5485    
1    3    2    -7202.79    -14.9604    0.557126    10.4882    
1    7    3    -7196.82    -7.05762    0.544512    7.54987    
1    8    4    -7199.51    -8.94498    0.515406    7.15315    
1    10    5    -7197.97    -5.84193    0.556974    7.29572    
1    11    6    -7203.18    -10.9521    0.546218    10.3977    
1    12    7    -7207.97    -12.1985    0.507177    10.3791    
1    15    8    -7207.71    -11.7522    0.496159    10.4541    
1    16    9    -7210.47    -17.2032    0.434273    10.2575    
1    39    10    -7209.29    -16.8114    0.431733    9.87563    
1    41    11    -7206.34    -15.5464    0.440886    10.6029    
1    44    12    -7205.48    -15.7883    0.444675    10.5773    
1    47    13    -7208.82    -18.4623    0.412028    10.3859    
1    48    14    -7206.22    -14.6032    0.416619    10.084    
1    50    15    -7200.22    -10.0727    0.405237    9.98433    
1    52    16    -7196.98    -10.7554    0.409167    9.81759    
1    55    17    -7191.31    -9.79288    0.44938    8.57218    
1    56    18    -7194.55    -7.72434    0.452513    9.63401    
1    58    19    -7191.84    -7.4134    0.469155    9.77548    
1    59    20    -7190.64    0.647293    0.494196    5.931    
1    61    21    -7190.01    1.35348    0.45162    6.66259    
1    62    22    -7185    6.99031    0.452894    6.97191    
1    63    23    -7188.74    2.7417    0.454488    5.42245    
1    64    24    -7191.6    -8.10378    0.452416    8.54451    
1    66    25    -7198.1    -11.6658    0.450271    9.04138    
1    67    26    -7199.84    -13.5278    0.452356    8.86062    
1    77    27    -7194.58    -10.7371    0.454562    10.306    
1    78    28    -7193.98    -9.964    0.483157    9.82623    
1    79    29    -7194.57    -14.9973    0.463225    9.04263    
1    81    30    -7198.42    -12.1621    0.485951    9.03118    
1    93    31    -7192.41    0.448531    0.512147    5.81373    
1    94    32    -7184.27    7.56863    0.525394    8.28483    
1    95    33    -7201.04    -13.4558    0.489424    9.3984    
1    97    34    -7199.18    -14.3349    0.469406    8.9393    
1    98    35    -7198.28    -10.3433    0.508272    8.64148    
