#Task    Step    numberOfAcceptedPeleSteps    currentEnergy    BindingEnergy    sasaLig    distance_A35SG_L1S1    
1    0    0    -7171.62    -14.781    0.437374    5.77843    
1    1    1    -7199.22    -15.0279    0.442433    6.01439    
1    3    2    -7200.3    -14.1861    0.440778    6.40235    
1    13    3    -7201.24    -19.0368    0.432233    7.38936    
1    15    4    -7203.27    -21.3151    0.403794    7.45558    
1    21    5    -7204.54    -23.7597    0.403728    7.79425    
1    25    6    -7199.48    -18.1136    0.459621    7.09461    
1    26    7    -7202.62    -18.0685    0.417107    7.27141    
1    27    8    -7204.04    -21.45    0.406597    7.84792    
1    37    9    -7205.97    -20.6119    0.418162    6.59144    
1    45    10    -7202.47    -22.4155    0.402022    6.96527    
1    49    11    -7197.97    -18.5878    0.441874    7.27503    
1    53    12    -7200.83    -17.5004    0.455078    6.53485    
1    58    13    -7202.47    -19.3703    0.411044    6.74494    
1    65    14    -7199.05    -14.0995    0.456439    7.21739    
1    67    15    -7197.21    -12.0721    0.490163    7.18144    
1    68    16    -7198.61    -15.6674    0.491652    7.21219    
1    69    17    -7198.17    -20.1535    0.449997    7.33697    
1    74    18    -7202.9    -23.5556    0.419227    7.67064    
1    76    19    -7198.16    -16.7154    0.41488    8.55271    
1    81    20    -7199.96    -18.165    0.42359    7.18489    
1    83    21    -7196.94    -14.5777    0.397474    8.57603    
1    88    22    -7198.76    -16.7536    0.491785    8.47022    
1    89    23    -7193.71    -17.6649    0.413055    8.14529    
1    91    24    -7192.69    -14.1392    0.456608    7.999    
1    92    25    -7198.56    -15.2639    0.451105    8.07994    
1    97    26    -7198.81    -27.726    0.409842    8.52322    
