#Task    Step    numberOfAcceptedPeleSteps    currentEnergy    BindingEnergy    sasaLig    distance_A35SG_L1S1    
1    0    0    -7187.28    -39.3741    0.310917    7.95614    
1    1    1    -7193.07    -16.1923    0.278653    8.05626    
1    3    2    -7199.23    -23.4022    0.287367    7.86569    
1    5    3    -7216.19    -38.1637    0.272036    8.04877    
1    6    4    -7215.89    -34.816    0.271034    7.82617    
1    13    5    -7219    -38.153    0.285787    7.9034    
1    14    6    -7215.23    -33.4878    0.358848    7.84512    
1    21    7    -7217.71    -37.9554    0.309246    7.25811    
1    23    8    -7214.39    -30.5709    0.322853    7.76335    
1    26    9    -7218.42    -32.1544    0.334848    7.13316    
1    29    10    -7221.83    -40.9957    0.36221    7.17102    
1    31    11    -7225.68    -40.818    0.392322    7.43848    
1    35    12    -7225.91    -39.1464    0.452006    7.92727    
1    38    13    -7218.45    -32.6502    0.516073    8.57984    
1    44    14    -7225.73    -39.09    0.535258    8.55453    
1    53    15    -7223.91    -37.2471    0.581713    9.23653    
1    55    16    -7222.48    -35.9072    0.588778    9.33063    
1    56    17    -7221.9    -35.7793    0.592343    9.62781    
1    57    18    -7221.23    -35.1298    0.597928    9.53826    
1    60    19    -7218.96    -35.2811    0.594085    9.82672    
1    61    20    -7221.93    -37.0406    0.538602    9.06167    
1    65    21    -7210.79    -34.9118    0.554091    9.29469    
1    72    22    -7214.47    -35.6805    0.518303    9.22533    
1    81    23    -7209.28    -33.8919    0.522755    9.09775    
1    85    24    -7206.51    -31.8068    0.554491    10.2596    
1    86    25    -7208.13    -32.6364    0.50136    8.74354    
1    87    26    -7207.08    -34.0324    0.497819    8.47061    
1    90    27    -7211.87    -35.0764    0.534531    8.6434    
1    97    28    -7218.11    -38.0341    0.496451    8.52944    
