#Task    Step    numberOfAcceptedPeleSteps    currentEnergy    BindingEnergy    sasaLig    distance_A35SG_L1S1    
1    0    0    -7182.09    4.71792    0.607719    10.9705    
1    1    1    -7199.16    6.8792    0.572343    10.7209    
1    2    2    -7198.24    6.49711    0.634291    11.2474    
1    3    3    -7200.91    6.93436    0.493238    10.6571    
1    6    4    -7203.18    4.79854    0.668449    9.40218    
1    12    5    -7202.64    5.55868    0.684173    10    
1    13    6    -7198.89    3.376    0.675916    6.87713    
1    14    7    -7201.65    1.34002    0.698839    5.37461    
1    16    8    -7206.04    -0.648474    0.713227    5.69101    
1    18    9    -7206.03    0.572972    0.721146    5.4197    
1    20    10    -7204.35    2.52772    0.728391    5.46595    
1    21    11    -7205.56    2.46089    0.738758    6.46841    
1    22    12    -7209.78    -2.18462    0.754026    10.4334    
1    23    13    -7205.67    -5.04239    0.572785    9.78752    
1    24    14    -7208.82    -5.06924    0.596914    10.1039    
1    26    15    -7208.52    -4.53512    0.594659    10.4253    
1    30    16    -7211.1    -6.32052    0.560604    9.96578    
1    31    17    -7210.82    -7.85853    0.571646    10.0899    
1    32    18    -7212.41    -8.68061    0.555345    9.90825    
1    33    19    -7212.17    -8.79249    0.554528    9.90446    
1    38    20    -7210.37    -7.23606    0.563764    9.74453    
1    40    21    -7212.09    -7.7948    0.546808    10.1281    
1    44    22    -7206.46    -2.48728    0.641593    10.0252    
1    45    23    -7208.43    -9.04085    0.58425    10.1987    
1    46    24    -7210.68    -11.4862    0.667736    9.9904    
1    47    25    -7209.98    -8.24926    0.616445    10.0429    
1    49    26    -7211.57    -8.05724    0.603891    9.6913    
1    57    27    -7210.5    -13.3456    0.577829    9.51696    
1    60    28    -7201.31    -1.95406    0.732486    9.82119    
1    61    29    -7203.67    -6.84843    0.643413    9.79658    
1    66    30    -7203.64    -7.34174    0.610858    9.43124    
1    71    31    -7202.7    -2.42298    0.646994    9.69909    
1    74    32    -7196.54    0.134341    0.582777    9.271    
1    75    33    -7199.06    -5.28919    0.614257    9.71671    
1    78    34    -7200.12    -3.53427    0.652885    9.66217    
1    79    35    -7198.76    4.62221    0.650937    10.235    
1    80    36    -7200.62    4.09793    0.59759    10.3647    
1    81    37    -7203.95    -8.78365    0.547035    9.57771    
1    82    38    -7206.91    -9.2527    0.528763    9.75417    
1    90    39    -7208.15    -9.26641    0.506444    9.3658    
1    98    40    -7204.58    -2.02527    0.560382    9.43872    
