#Task    Step    numberOfAcceptedPeleSteps    currentEnergy    BindingEnergy    sasaLig    distance_A35SG_L1S1    
1    0    0    -7178.51    -12.8067    0.520718    8.57864    
1    1    1    -7201.61    -14.073    0.461493    7.74208    
1    6    2    -7200.17    -11.3339    0.495183    7.56333    
1    10    3    -7201.57    -11.8894    0.536996    7.99602    
1    11    4    -7201.74    -13.4031    0.515035    7.81241    
1    12    5    -7202.71    -11.8574    0.560398    7.86373    
1    22    6    -7200.22    -8.78399    0.635654    7.7759    
1    23    7    -7203.13    -13.4211    0.492524    7.68664    
1    28    8    -7204.31    -13.912    0.49907    7.87291    
1    31    9    -7204.05    -16.1436    0.504781    7.78783    
1    34    10    -7207.08    -17.0066    0.506277    7.63109    
1    35    11    -7206.92    -16.8058    0.489362    7.55902    
1    46    12    -7205.84    -15.5276    0.444663    7.31057    
1    50    13    -7200    -10.6179    0.412878    8.07977    
1    59    14    -7201.83    -16.9281    0.40419    7.37273    
1    60    15    -7200.06    -14.0824    0.429987    8.22293    
1    64    16    -7200.07    -16.5656    0.419349    7.38073    
1    65    17    -7199.62    -14.414    0.434449    8.13416    
1    66    18    -7201.59    -14.3976    0.446513    7.48557    
1    67    19    -7205.29    -16.9021    0.484155    8.25215    
1    68    20    -7205.79    -16.837    0.457829    8.14658    
1    79    21    -7207.32    -17.8067    0.453712    8.1467    
1    83    22    -7205.89    -15.0946    0.419271    7.90499    
1    84    23    -7204.55    -14.0319    0.477439    8.08256    
1    87    24    -7204.79    -15.8447    0.459953    8.02241    
1    88    25    -7205.3    -17.6232    0.458139    8.07974    
