#Task    Step    numberOfAcceptedPeleSteps    currentEnergy    BindingEnergy    sasaLig    distance_A35SG_L1S1    
1    0    0    -7188.15    -30.7105    0.405784    9.3809    
1    1    1    -7213.94    -31.8168    0.395619    9.3184    
1    3    2    -7212.41    -31.2738    0.390873    9.32511    
1    5    3    -7214.93    -32.9318    0.381376    9.33614    
1    9    4    -7215.41    -32.4502    0.370196    9.61265    
1    12    5    -7216.64    -30.8402    0.382174    9.57509    
1    13    6    -7214.51    -33.4272    0.371432    9.70016    
1    25    7    -7216.6    -34.1073    0.376558    9.41715    
1    27    8    -7216.79    -41.4912    0.358315    9.34777    
1    28    9    -7216.21    -40.5389    0.368624    9.60128    
1    31    10    -7216.45    -42.4916    0.360319    9.87463    
1    32    11    -7213.76    -40.0424    0.357936    9.31135    
1    33    12    -7223.79    -40.7335    0.363337    9.73947    
1    39    13    -7212.95    -27.0938    0.41491    9.26706    
1    40    14    -7221.35    -27.155    0.430087    9.14696    
1    41    15    -7221.43    -30.3757    0.379065    8.89817    
1    55    16    -7220.31    -27.2285    0.414107    9.59808    
1    57    17    -7220.55    -29.9679    0.388102    9.38784    
1    71    18    -7222.4    -40.3957    0.358946    9.51668    
1    73    19    -7225.14    -40.1022    0.357131    9.17045    
1    81    20    -7225.18    -40.4358    0.350783    9.31275    
