#Task    Step    numberOfAcceptedPeleSteps    currentEnergy    BindingEnergy    sasaLig    distance_A35SG_L1S1    
1    0    0    -7182.98    -8.39426    0.5542    6.2532    
1    1    1    -7191.01    -1.08833    0.590173    9.84187    
1    2    2    -7193.57    -2.74868    0.570937    9.74414    
1    3    3    -7198.86    -3.51735    0.563881    10.2716    
1    5    4    -7197.77    -7.03862    0.547608    9.36503    
1    7    5    -7198.86    -11.1685    0.550605    8.12733    
1    8    6    -7195.26    -4.406    0.575474    6.75432    
1    9    7    -7193.63    -8.71237    0.538093    8.02223    
1    10    8    -7193.92    -7.93768    0.558415    7.92143    
1    12    9    -7197.91    -9.98563    0.515337    8.19456    
1    14    10    -7199.41    -10.7563    0.509934    8.20519    
1    16    11    -7196.85    -7.17524    0.501737    7.78196    
1    18    12    -7196.99    -8.20993    0.452182    7.84352    
1    19    13    -7204.25    -12.3825    0.462042    8.03814    
1    25    14    -7201.19    -8.07165    0.486664    7.9645    
1    28    15    -7192.75    1.30768    0.532141    7.63492    
1    29    16    -7193.61    -3.01202    0.518577    7.93424    
1    33    17    -7191.8    -3.69514    0.514019    7.98361    
1    34    18    -7193.48    -5.95858    0.492385    7.82228    
1    36    19    -7190.62    -5.14216    0.450349    8.12924    
1    37    20    -7188.6    -3.7593    0.584716    6.67661    
1    38    21    -7196.92    -6.61355    0.574066    7.93128    
1    39    22    -7193.78    -3.05605    0.50984    10.2029    
1    40    23    -7195.43    -4.01083    0.543014    10.2575    
1    44    24    -7200.95    -8.10532    0.519307    8.1735    
1    54    25    -7199.86    -6.08018    0.519699    7.97852    
1    59    26    -7202.54    -9.45397    0.547531    8.515    
1    63    27    -7201.47    -9.04183    0.554904    9.22809    
1    64    28    -7194.59    -5.38568    0.60673    6.46233    
1    65    29    -7198.57    -2.71624    0.618452    7.5492    
1    66    30    -7203.35    -5.60867    0.602197    8.95791    
1    67    31    -7208.42    -15.0225    0.561547    8.47916    
1    69    32    -7206.38    -11.7054    0.571276    7.65381    
1    73    33    -7205.04    -12.098    0.553009    7.59964    
1    75    34    -7210.54    -14.5004    0.545031    8.02609    
1    76    35    -7211.61    -13.3773    0.556941    8.44624    
1    81    36    -7208.33    -9.93978    0.574024    8.94862    
1    84    37    -7209.66    -12.6767    0.566784    8.42492    
1    85    38    -7208.76    -11.2051    0.552174    8.59571    
1    90    39    -7209.04    -9.28785    0.570257    9.07994    
1    92    40    -7208.18    -7.94538    0.647866    9.06992    
1    94    41    -7209.95    -9.49245    0.562193    8.73325    
1    98    42    -7209.47    -9.37844    0.539539    8.53071    
1    100    43    -7200.54    -0.580552    0.535525    4.75861    
