#Task    Step    numberOfAcceptedPeleSteps    currentEnergy    BindingEnergy    sasaLig    distance_A35SG_L1S1    
1    0    0    -7193.14    -35.9938    0.38772    8.96958    
1    1    1    -7212.68    -37.3416    0.324928    8.59331    
1    7    2    -7213.84    -35.9675    0.322481    9.24149    
1    19    3    -7214.89    -38.3431    0.288838    8.45664    
1    26    4    -7213.79    -37.052    0.290825    8.1089    
1    32    5    -7215.83    -39.5528    0.307968    8.30322    
1    35    6    -7215.79    -38.6463    0.278617    8.14531    
1    37    7    -7213.32    -38.1728    0.260556    7.93724    
1    39    8    -7212.52    -38.5843    0.264506    8.17515    
1    41    9    -7214.28    -37.7708    0.249153    7.93323    
1    46    10    -7212.6    -36.2474    0.317248    7.93678    
1    49    11    -7217.03    -39.1255    0.263764    8.26158    
1    54    12    -7214.8    -37.2851    0.344976    8.90439    
1    61    13    -7217.14    -40.1935    0.2915    8.35152    
1    67    14    -7219.52    -41.1172    0.269342    7.17171    
1    69    15    -7214.73    -36.6291    0.29168    7.85913    
1    74    16    -7206.74    -36.8637    0.290502    7.75887    
1    79    17    -7208.79    -27.0471    0.400826    8.47051    
1    80    18    -7210.25    -28.8317    0.401684    7.69834    
1    85    19    -7208.28    -30.3096    0.391815    7.946    
1    87    20    -7203.04    -21.1686    0.448209    9.74568    
1    92    21    -7207.39    -20.8838    0.44008    9.77242    
1    96    22    -7207.79    -21.4192    0.436904    9.80902    
1    97    23    -7208.09    -20.6897    0.448177    9.7137    
1    99    24    -7208.08    -19.2519    0.460344    9.75045    
