#Task    Step    numberOfAcceptedPeleSteps    currentEnergy    BindingEnergy    sasaLig    distance_A35SG_L1S1    
1    0    0    -7181.88    -16.4646    0.502493    8.17829    
1    1    1    -7206.46    -16.0986    0.496069    8.151    
1    20    2    -7200.98    -11.8761    0.529581    8.42952    
1    21    3    -7205.2    -14.3291    0.506135    8.45386    
1    23    4    -7206.76    -15.9935    0.490103    8.45156    
1    33    5    -7206.55    -16.3449    0.510239    8.38871    
1    34    6    -7204.9    -15.9763    0.492189    8.57093    
1    37    7    -7194.56    -13.3833    0.546097    7.98235    
1    39    8    -7202.92    -15.3733    0.510187    8.74599    
1    46    9    -7203.15    -13.9875    0.522932    9.1636    
1    48    10    -7202.76    -14.0985    0.521644    8.74066    
1    49    11    -7202.93    -15.9049    0.493472    8.73138    
1    54    12    -7204.22    -15.7595    0.480992    8.64139    
1    56    13    -7198.57    -8.72426    0.548068    7.97082    
1    64    14    -7203.27    -10.5618    0.573986    8.42023    
1    67    15    -7202.99    -10.0337    0.595503    7.51093    
1    68    16    -7203.63    -10.6279    0.560086    7.8822    
1    75    17    -7205.17    -11.9395    0.511428    8.21717    
1    82    18    -7204.64    -12.8789    0.504127    8.78076    
1    84    19    -7207.21    -16.4524    0.490556    8.40692    
1    97    20    -7206.64    -15.2366    0.495406    8.54522    
1    100    21    -7208.48    -16.066    0.507461    8.4793    
