#Task    Step    numberOfAcceptedPeleSteps    currentEnergy    BindingEnergy    sasaLig    distance_A35SG_L1S1    
1    0    0    -7184.09    -31.9391    0.536399    8.64732    
1    1    1    -7202.78    -33.3977    0.531622    9.0677    
1    9    2    -7193.44    -32.2017    0.520041    8.96385    
1    11    3    -7196.39    -30.3679    0.537669    9.03513    
1    22    4    -7196.51    -24.4567    0.552552    9.50882    
1    23    5    -7201.62    -30.5604    0.498108    9.20401    
1    31    6    -7203.52    -31.0795    0.532049    9.06154    
1    36    7    -7202.59    -31.8397    0.501855    9.28417    
1    40    8    -7202.71    -30.9253    0.52761    8.84223    
1    41    9    -7204.38    -26.4346    0.50981    8.94105    
1    42    10    -7199.76    -23.4037    0.554056    9.30692    
1    45    11    -7199.01    -27.4596    0.511811    9.19039    
1    46    12    -7198.15    -25.8573    0.557918    9.21417    
1    48    13    -7200.06    -26.6807    0.531367    9.13265    
1    49    14    -7200.03    -26.5258    0.497328    9.31391    
1    54    15    -7203.15    -27.2587    0.490551    9.28919    
1    55    16    -7203.05    -23.4439    0.489556    9.28615    
1    66    17    -7203.75    -23.8668    0.46991    9.14224    
1    70    18    -7203.15    -21.8258    0.479508    9.11882    
1    73    19    -7203.27    -23.862    0.485626    9.23017    
1    75    20    -7203    -23.4775    0.478423    9.59823    
1    78    21    -7201.26    -20.8461    0.511401    9.51069    
1    89    22    -7200.38    -24.9794    0.447236    9.54736    
1    91    23    -7196.28    -25.744    0.412866    9.71876    
1    93    24    -7190.57    -26.8119    0.400473    9.3258    
1    97    25    -7189.34    -26.6682    0.420548    9.22103    
1    98    26    -7190.94    -25.844    0.432881    9.21378    
1    99    27    -7177.66    -5.37371    0.539298    8.86604    
1    100    28    -7186.48    -10.5223    0.573167    8.76192    
