#Task    Step    numberOfAcceptedPeleSteps    currentEnergy    BindingEnergy    sasaLig    distance_A35SG_L1S1    
1    0    0    -7184.38    -32.5685    0.345559    6.44946    
1    1    1    -7204.5    -31.8833    0.3458    7.68166    
1    3    2    -7202.14    -29.9361    0.331911    7.95243    
1    5    3    -7205.87    -33.521    0.334576    7.95759    
1    23    4    -7201.3    -30.1995    0.343426    7.95114    
1    24    5    -7206.02    -34.3214    0.346355    8.07277    
1    59    6    -7204.4    -32.0547    0.356002    8.2224    
1    66    7    -7205.91    -30.9594    0.360267    8.31137    
1    91    8    -7205.74    -31.5519    0.382239    8.25621    
1    92    9    -7206.62    -33.7869    0.355011    8.01125    
1    97    10    -7209.28    -33.4772    0.351024    8.12367    
