#Task    Step    numberOfAcceptedPeleSteps    currentEnergy    BindingEnergy    sasaLig    distance_A35SG_L1S1    
1    0    0    -7181.31    -21.0188    0.531099    3.85846    
1    1    1    -7187.05    -7.06804    0.533002    4.42517    
1    2    2    -7186.09    -2.96634    0.584565    3.79211    
1    3    3    -7190.01    -6.34004    0.5267    3.81557    
1    11    4    -7201.14    -21.491    0.431143    3.86201    
1    15    5    -7201.54    -20.2161    0.436253    3.82218    
1    17    6    -7207.71    -27.4633    0.450621    3.60066    
1    18    7    -7208.87    -26.3054    0.458155    3.59875    
1    21    8    -7206.3    -27.2448    0.43401    3.62775    
1    23    9    -7202.33    -22.0063    0.42306    3.75693    
1    29    10    -7203.1    -26.0861    0.471384    3.73476    
1    32    11    -7205.52    -24.7143    0.507972    3.84254    
1    33    12    -7210.13    -25.3362    0.506366    4.00284    
1    35    13    -7205.91    -22.725    0.520822    3.89991    
1    37    14    -7209.65    -24.9349    0.504409    3.93092    
1    41    15    -7208.64    -23.7953    0.477904    3.79412    
1    46    16    -7210.16    -23.5532    0.498199    3.9138    
1    50    17    -7209.87    -21.0349    0.554439    4.47322    
1    52    18    -7210.96    -23.7828    0.552598    5.06226    
1    53    19    -7211.2    -20.6556    0.576168    5.14136    
1    55    20    -7205.68    -17.5578    0.549631    4.16787    
1    56    21    -7208.23    -19.6876    0.528003    3.72264    
1    60    22    -7210.29    -21.8888    0.538592    3.90118    
1    61    23    -7209.88    -24.9277    0.51232    3.7995    
1    74    24    -7209.05    -23.4092    0.507965    3.75932    
1    76    25    -7208.48    -23.0691    0.544073    4.46886    
1    83    26    -7210.82    -24.6232    0.492258    3.77681    
1    87    27    -7210.98    -23.685    0.494078    3.80043    
