#Task    Step    numberOfAcceptedPeleSteps    currentEnergy    BindingEnergy    sasaLig    distance_A35SG_L1S1    
1    0    0    -7184.15    -37.8045    0.323913    7.429    
1    1    1    -7203.66    -34.2761    0.325972    7.70616    
1    9    2    -7207.47    -34.9881    0.320651    7.56422    
1    18    3    -7209.56    -35.3421    0.318593    7.39938    
1    32    4    -7205.93    -31.8053    0.318036    7.37416    
1    33    5    -7211.35    -35.4964    0.323088    7.40829    
1    37    6    -7205.78    -38.964    0.322528    7.46214    
1    45    7    -7206.29    -39.4735    0.323365    7.56839    
1    49    8    -7208.22    -40.697    0.315088    7.51013    
1    50    9    -7212.72    -40.5048    0.310753    7.47912    
1    53    10    -7207.6    -36.1652    0.319334    7.50503    
1    54    11    -7208.04    -35.6425    0.334255    7.88656    
1    62    12    -7211.08    -37.3362    0.324346    7.51229    
1    65    13    -7212.13    -38.7184    0.306797    7.51204    
1    77    14    -7215.09    -39.1316    0.309092    7.39879    
1    87    15    -7215.64    -42.5055    0.303588    7.25327    
1    91    16    -7212.16    -36.51    0.306463    7.47204    
1    94    17    -7208.75    -31.5452    0.317451    7.09546    
