#Task    Step    numberOfAcceptedPeleSteps    currentEnergy    BindingEnergy    sasaLig    distance_A35SG_L1S1    
1    0    0    -7175.88    -11.9098    0.411734    8.73038    
1    1    1    -7199.58    -15.9878    0.357215    8.62352    
1    4    2    -7197.83    -7.40233    0.413364    8.8452    
1    11    3    -7206.27    -14.7931    0.421587    8.40878    
1    13    4    -7207.88    -19.1996    0.36535    8.58023    
1    19    5    -7208.07    -19.1265    0.354008    8.77556    
1    31    6    -7208.86    -18.367    0.366225    8.76447    
1    32    7    -7208.44    -17.7815    0.361415    8.62967    
1    35    8    -7209.54    -19.1006    0.370544    8.81581    
1    37    9    -7208.53    -17.7203    0.388182    8.69095    
1    43    10    -7207.76    -24.1605    0.296864    8.23996    
1    48    11    -7205.92    -23.7643    0.294384    8.34192    
1    62    12    -7210.68    -26.1281    0.312037    8.39711    
