#Task    Step    numberOfAcceptedPeleSteps    currentEnergy    BindingEnergy    sasaLig    distance_A35SG_L1S1    
1    0    0    -7160.09    -11.3206    0.483781    6.6914    
1    1    1    -7179.92    -16.6927    0.432052    5.36034    
1    6    2    -7183.71    -14.1102    0.461281    4.82288    
1    7    3    -7183.48    -15.9046    0.453161    6.17805    
1    15    4    -7182.98    -13.4029    0.425823    5.39941    
1    19    5    -7189.58    -15.3166    0.43863    5.3151    
1    24    6    -7185.9    -12.1175    0.467822    6.31433    
1    25    7    -7188.5    -17.0732    0.414013    7.09199    
1    26    8    -7185.18    -14.0102    0.442504    6.16695    
1    29    9    -7191.41    -18.2954    0.416316    7.35735    
1    53    10    -7186.09    -16.7308    0.412395    7.45938    
1    58    11    -7182.99    -11.8866    0.428521    6.4617    
1    60    12    -7183.19    -9.90932    0.444316    6.08138    
1    61    13    -7177.62    -16.3735    0.376012    6.55946    
1    63    14    -7185.04    -22.564    0.412698    8.56825    
1    64    15    -7196.04    -25.4976    0.440312    8.90851    
1    74    16    -7193.77    -23.3551    0.455333    9.07513    
1    79    17    -7198.41    -25.9233    0.470299    9.27552    
1    85    18    -7198.25    -27.112    0.466831    8.79801    
1    89    19    -7189.23    -28.296    0.457829    8.12299    
1    91    20    -7191.71    -26.7883    0.483861    8.15381    
1    96    21    -7191.23    -22.9804    0.492463    7.91655    
1    97    22    -7192.77    -28.0659    0.431527    8.09104    
1    100    23    -7194.01    -28.9673    0.441715    7.81735    
