#Task    Step    numberOfAcceptedPeleSteps    currentEnergy    BindingEnergy    sasaLig    distance_A35SG_L1S1    
1    0    0    -7186.05    -25.1313    0.394783    7.79992    
1    1    1    -7205.99    -23.5278    0.406705    8.07799    
1    4    2    -7208.93    -24.7129    0.399629    7.79951    
1    9    3    -7206.66    -24.2263    0.441751    7.96386    
1    20    4    -7208.19    -23.9389    0.423362    8.12296    
1    21    5    -7212.51    -25.749    0.39872    7.9713    
1    25    6    -7210.85    -24.881    0.420933    8.17824    
1    32    7    -7207.36    -22.8856    0.475412    8.40742    
1    37    8    -7215.07    -25.9069    0.414629    8.06302    
1    41    9    -7211.77    -26.1841    0.403062    8.02206    
1    45    10    -7210.46    -25.5212    0.407426    7.68665    
1    52    11    -7213.58    -25.5807    0.410002    8.02086    
1    53    12    -7212.28    -25.31    0.41063    7.51753    
1    54    13    -7208.43    -25.4049    0.479615    7.71703    
1    58    14    -7208.8    -24.6764    0.500727    7.7399    
1    64    15    -7206.96    -23.5801    0.521067    7.38479    
1    70    16    -7207.78    -23.3803    0.533848    7.39551    
1    72    17    -7198.09    -14.3421    0.571734    7.60743    
1    75    18    -7206.75    -20.3124    0.50735    7.99453    
1    77    19    -7207.47    -23.306    0.443197    8.0128    
1    88    20    -7208.28    -24.9641    0.422169    8.16028    
1    93    21    -7211.78    -24.4005    0.430144    8.17584    
1    97    22    -7211.93    -25.3431    0.410093    8.09827    
1    99    23    -7207.67    -22.975    0.387214    7.49205    
1    100    24    -7205.45    -25.3157    0.507512    8.0203    
