#Task    Step    numberOfAcceptedPeleSteps    currentEnergy    BindingEnergy    sasaLig    distance_A35SG_L1S1    
1    0    0    -7182.07    -18.6381    0.574689    9.64598    
1    1    1    -7210.13    -19.5141    0.557879    9.08334    
1    4    2    -7210.59    -22.0017    0.531319    9.10607    
1    5    3    -7211.72    -21.8463    0.540058    9.63294    
1    6    4    -7212.83    -21.0935    0.53775    9.78085    
1    14    5    -7212.7    -23.0269    0.528866    9.81902    
1    17    6    -7212.24    -22.3232    0.531381    9.66666    
1    18    7    -7212.31    -21.9941    0.538312    9.57898    
1    21    8    -7207.31    -18.908    0.526934    10.4068    
1    22    9    -7209.45    -19.4748    0.537745    10.244    
1    40    10    -7207.24    -17.7316    0.540625    10.1821    
1    42    11    -7208.65    -17.0187    0.557275    10.3217    
1    44    12    -7191.36    -2.12326    0.602361    10.8299    
1    45    13    -7200.91    -11.4654    0.643347    9.85209    
1    46    14    -7204.39    -11.568    0.641787    10.3654    
1    48    15    -7204.14    -9.43219    0.658936    10.3907    
1    49    16    -7205.6    -12.2409    0.662677    10.6588    
1    51    17    -7206.81    -12.0488    0.675857    10.8143    
1    52    18    -7209.24    -12.8137    0.648264    11.0921    
1    56    19    -7208.03    -11.7836    0.629705    10.9308    
1    59    20    -7208.42    -11.7859    0.666558    11.4894    
1    60    21    -7203.42    -9.16287    0.637851    10.6233    
1    61    22    -7202.39    -8.83395    0.582904    11.3309    
1    63    23    -7201.57    -6.87769    0.634965    8.46594    
1    64    24    -7202.43    -7.45066    0.643286    8.12531    
1    65    25    -7200.93    -6.05818    0.643636    8.83347    
1    66    26    -7199.47    -1.65994    0.631811    7.65527    
1    71    27    -7196.42    -2.57081    0.623375    8.21669    
1    72    28    -7198.92    0.881265    0.713332    6.78492    
1    74    29    -7198.73    1.20804    0.750026    7.2992    
1    75    30    -7197.76    1.66575    0.744461    7.66611    
1    76    31    -7206.24    -7.64872    0.702697    13.4909    
1    79    32    -7205.73    -9.28567    0.697885    14.1712    
1    80    33    -7205.37    -11.3201    0.664874    13.5766    
1    81    34    -7203.49    -10.7011    0.68263    14.0755    
1    84    35    -7204.53    -9.92481    0.693236    13.9087    
1    87    36    -7202.75    -8.90949    0.688093    14.5416    
1    88    37    -7201.31    -4.97358    0.72176    13.7563    
1    90    38    -7206.19    -9.14611    0.704438    14.5399    
1    92    39    -7205.63    -8.57329    0.721653    14.5665    
1    93    40    -7206.31    -11.2061    0.701951    13.7317    
1    96    41    -7206.76    -11.9058    0.692256    13.8119    
1    98    42    -7208.68    -12.5814    0.681703    13.7875    
1    99    43    -7205.33    -12.9104    0.6723    13.8463    
