#Task    Step    numberOfAcceptedPeleSteps    currentEnergy    BindingEnergy    sasaLig    distance_A35SG_L1S1    
1    0    0    -6485.12    -25.5035    0.511546    6.69318    
1    1    1    -6513.75    -28.305    0.519765    8.8849    
1    3    2    -6514.6    -26.9305    0.539574    8.31031    
1    6    3    -6519.38    -26.1183    0.580033    8.05241    
1    7    4    -6519.07    -29.0315    0.498756    8.48921    
1    13    5    -6519.87    -29.3478    0.455907    8.48165    
1    17    6    -6519.29    -33.9881    0.463883    8.27813    
1    23    7    -6529.26    -52.8602    0.454576    7.7991    
1    27    8    -6527.93    -51.048    0.446966    8.49949    
1    29    9    -6536.18    -55.623    0.426405    8.90694    
1    35    10    -6537.29    -54.5236    0.44898    8.84321    
1    41    11    -6530.03    -56.7728    0.471784    8.69657    
1    44    12    -6530.73    -56.0793    0.458665    8.82351    
1    49    13    -6536.42    -57.9517    0.424737    8.96589    
1    53    14    -6536.04    -58.9611    0.432209    9.05472    
1    61    15    -6535.34    -57.111    0.4466    8.95848    
1    64    16    -6532.52    -57.6867    0.451748    8.73729    
1    66    17    -6534.02    -56.261    0.431124    8.95701    
1    71    18    -6529.96    -49.7602    0.457884    9.33957    
1    74    19    -6535.27    -57.0011    0.426159    9.11871    
1    89    20    -6537.14    -57.792    0.429663    9.06468    
1    99    21    -6538.68    -57.6159    0.432867    9.14546    
