#Task    Step    numberOfAcceptedPeleSteps    currentEnergy    BindingEnergy    sasaLig    distance_A35SG_L1S1    
1    0    0    -6475.47    -13.848    0.53127    7.04564    
1    1    1    -6488.11    -9.63056    0.529927    9.8599    
1    2    2    -6495.94    -0.73524    0.591123    7.0259    
1    3    3    -6495.28    1.85396    0.615206    9.12745    
1    6    4    -6497.48    0.588962    0.564912    9.39304    
1    7    5    -6497.54    0.481951    0.531005    8.60717    
1    8    6    -6497.57    2.0054    0.598058    9.56592    
1    9    7    -6497.95    -4.58571    0.522645    6.7746    
1    10    8    -6495.82    -2.12808    0.527301    7.80985    
1    11    9    -6499.1    -3.07096    0.605629    6.566    
1    12    10    -6500.01    -1.4164    0.612951    7.06208    
1    15    11    -6505.31    -7.45533    0.5903    6.43416    
1    16    12    -6511.42    -11.6895    0.597443    6.59645    
1    17    13    -6511.7    -12.0838    0.564064    6.44197    
1    22    14    -6515.2    -11.9804    0.588778    6.45588    
1    23    15    -6517.87    -16.9564    0.5803    6.61731    
1    30    16    -6519.02    -17.3568    0.576575    6.58723    
1    34    17    -6518.67    -17.9189    0.583375    6.48315    
1    38    18    -6519.25    -17.8731    0.583849    6.5547    
1    41    19    -6524.01    -19.0074    0.55224    6.82704    
1    64    20    -6524.18    -20.4744    0.557638    6.88528    
1    66    21    -6523.95    -21.0421    0.544008    6.76771    
1    76    22    -6523.7    -20.6126    0.544059    6.66403    
1    79    23    -6523.84    -20.4748    0.582753    7.01591    
1    80    24    -6522.68    -22.0947    0.572647    6.80211    
1    82    25    -6516.35    -13.4825    0.56557    6.15394    
1    85    26    -6522.25    -20.5941    0.581755    6.842    
1    86    27    -6523.97    -21.1451    0.587516    6.83266    
1    89    28    -6522.86    -21.2659    0.581627    6.84205    
1    94    29    -6522.18    -21.7355    0.571631    6.94941    
1    95    30    -6522.95    -20.65    0.571969    6.77123    
1    96    31    -6521.98    -22.0889    0.569694    6.59901    
1    97    32    -6524.71    -21.1275    0.576087    6.72459    
