#Task    Step    numberOfAcceptedPeleSteps    currentEnergy    BindingEnergy    sasaLig    distance_A35SG_L1S1    
1    0    0    -6472.83    -16.886    0.523926    6.71228    
1    1    1    -6507    -40.1542    0.45365    6.66175    
1    5    2    -6514.1    -47.7362    0.446519    6.6412    
1    6    3    -6513.42    -45.1302    0.475773    7.37294    
1    18    4    -6518.29    -47.8738    0.452415    6.70954    
1    21    5    -6518.43    -48.8578    0.458682    6.51214    
1    22    6    -6517.6    -48.5116    0.457076    6.22514    
1    24    7    -6518.26    -47.8769    0.449121    6.13259    
1    29    8    -6519.46    -49.8901    0.45545    6.42917    
1    31    9    -6521.67    -51.7134    0.488372    7.94334    
1    37    10    -6529.03    -53.3961    0.468475    7.77073    
1    38    11    -6529.73    -53.1996    0.45909    7.74147    
1    41    12    -6530.04    -53.5793    0.452367    8.0182    
1    45    13    -6531.8    -55.0629    0.454644    8.14945    
1    49    14    -6533.98    -55.4813    0.451731    7.85375    
1    61    15    -6530.95    -55.4545    0.428126    7.75473    
1    63    16    -6533.31    -52.8632    0.475167    8.27028    
1    67    17    -6533.57    -52.9679    0.464534    7.92255    
1    69    18    -6537.22    -56.5584    0.466737    8.40916    
1    73    19    -6536.93    -54.5489    0.46567    8.15984    
1    85    20    -6536.55    -53.8367    0.475796    8.35142    
1    88    21    -6535.35    -51.0414    0.472484    7.87802    
1    97    22    -6533.23    -53.2809    0.470723    8.48634    
1    99    23    -6534.43    -50.4522    0.477116    8.26847    
