#Task    Step    numberOfAcceptedPeleSteps    currentEnergy    BindingEnergy    sasaLig    distance_A35SG_L1S1    
1    0    0    -6478.65    -23.6355    0.504648    6.58718    
1    1    1    -6497.42    -20.4404    0.472921    7.89165    
1    3    2    -6497.69    -4.56999    0.612821    9.24548    
1    4    3    -6501.01    -10.296    0.553751    8.60694    
1    5    4    -6503.22    -23.2071    0.552644    7.57313    
1    11    5    -6503.06    -17.3336    0.55663    7.65848    
1    13    6    -6503.9    -18.0433    0.545758    7.52032    
1    16    7    -6506.45    -15.193    0.572194    7.68554    
1    17    8    -6509.64    -18.8333    0.563398    7.49665    
1    18    9    -6510.07    -21.0729    0.573583    7.39329    
1    19    10    -6507.99    -26.9777    0.537467    7.58499    
1    20    11    -6511.41    -27.7824    0.557611    7.41902    
1    21    12    -6505.53    -24.436    0.511406    8.03153    
1    22    13    -6503.76    -16.8833    0.561815    8.54548    
1    23    14    -6499.7    -10.9931    0.588911    9.17572    
1    25    15    -6491.26    -0.518847    0.66048    8.40717    
1    27    16    -6493.9    2.95135    0.679276    7.49816    
1    28    17    -6495.6    1.17797    0.65482    7.27384    
1    29    18    -6497.95    -0.76329    0.582654    7.01646    
1    30    19    -6494.9    -1.28011    0.539293    6.78409    
1    31    20    -6497.83    4.28454    0.573307    9.04637    
1    35    21    -6505.17    -8.13972    0.525682    6.8974    
1    37    22    -6513.96    -17.1962    0.482886    6.46589    
1    38    23    -6509.52    -13.764    0.504383    7.22688    
1    40    24    -6512.88    -16.9748    0.526091    6.67984    
1    44    25    -6514.09    -19.1679    0.552629    6.36152    
1    45    26    -6512.22    -18.976    0.541247    6.32851    
1    48    27    -6514.42    -19.515    0.563958    6.34899    
1    51    28    -6516.4    -21.4222    0.588913    6.41738    
1    52    29    -6515.8    -21.7042    0.607686    6.56436    
1    57    30    -6514.74    -21.881    0.586068    6.19364    
1    59    31    -6514.16    -21.8583    0.58712    6.32014    
1    60    32    -6518.29    -21.7957    0.598814    6.25622    
1    76    33    -6517.44    -24.4229    0.588383    6.14797    
1    78    34    -6517.73    -22.61    0.602982    6.38286    
1    80    35    -6513.07    -17.5311    0.634729    7.13296    
1    81    36    -6514.47    -21.6776    0.601163    6.28697    
1    84    37    -6514.65    -20.1944    0.629536    6.29813    
1    89    38    -6516.51    -21.6365    0.601727    6.24204    
1    92    39    -6514.32    -22.0705    0.590704    6.31413    
1    94    40    -6516.65    -22.6545    0.599476    6.2275    
1    95    41    -6516.77    -21.3419    0.589128    6.34463    
1    96    42    -6513.42    -20.0104    0.578318    6.4349    
1    97    43    -6514.91    -21.5748    0.571781    6.32638    
1    99    44    -6517.68    -21.1993    0.562136    7.42821    
1    100    45    -6495.99    1.58073    0.578794    6.99315    
