#Task    Step    numberOfAcceptedPeleSteps    currentEnergy    BindingEnergy    sasaLig    distance_A35SG_L1S1    
1    0    0    -6468.86    -12.0979    0.512806    6.70803    
1    1    1    -6495.51    -17.3213    0.471409    6.27409    
1    3    2    -6492.37    -3.68089    0.555907    5.88297    
1    4    3    -6498.88    -7.85796    0.546321    5.32481    
1    6    4    -6497.32    -8.46696    0.601896    5.92245    
1    8    5    -6504.35    -16.8131    0.631975    6.92647    
1    9    6    -6506.03    -51.2621    0.476764    8.70174    
1    10    7    -6521.05    -49.6382    0.477241    8.44147    
1    19    8    -6522.52    -48.5103    0.46075    8.17735    
1    41    9    -6521.72    -48.6809    0.469538    8.01223    
1    53    10    -6517.48    -48.8562    0.467023    8.18404    
1    61    11    -6516.33    -48.2271    0.454032    8.10645    
1    62    12    -6517.8    -47.0149    0.459648    8.05056    
1    69    13    -6514.32    -47.3355    0.443714    7.63047    
1    79    14    -6515.32    -46.5996    0.447107    7.73304    
1    83    15    -6513.11    -46.4073    0.452151    7.95574    
1    88    16    -6512.21    -44.6161    0.431908    7.69787    
1    97    17    -6513.68    -47.8245    0.431238    7.65501    
