#Task    Step    numberOfAcceptedPeleSteps    currentEnergy    BindingEnergy    sasaLig    distance_A35SG_L1S1    
1    0    0    -6467.67    -10.5888    0.518564    6.90175    
1    1    1    -6517.15    -34.0565    0.553959    7.55938    
1    20    2    -6510.31    -25.9336    0.591659    6.734    
1    30    3    -6517.02    -33.5573    0.554849    7.90989    
1    38    4    -6514.44    -29.4201    0.525586    7.91963    
1    40    5    -6521.89    -34.0872    0.565852    7.36976    
1    42    6    -6519.53    -34.7072    0.5604    7.46368    
1    48    7    -6518.4    -33.8996    0.577538    7.0166    
1    52    8    -6514.62    -27.4913    0.538815    7.39869    
1    60    9    -6511.82    -28.0661    0.515421    7.68703    
1    64    10    -6520.84    -35.2962    0.553059    7.51074    
1    65    11    -6519.61    -34.2509    0.567156    7.65588    
1    66    12    -6519.95    -34.9465    0.541146    7.66132    
1    73    13    -6521.08    -35.8724    0.569814    7.44101    
1    75    14    -6520.81    -34.841    0.55145    7.66976    
1    84    15    -6516.54    -31.9382    0.524507    7.76011    
1    88    16    -6516.42    -31.9874    0.565587    8.49128    
1    89    17    -6514.04    -29.4512    0.515922    6.29083    
1    92    18    -6520.52    -35.9451    0.56793    6.66299    
1    96    19    -6515.45    -33.5071    0.622036    7.52162    
