#Task    Step    numberOfAcceptedPeleSteps    currentEnergy    BindingEnergy    sasaLig    distance_A35SG_L1S1    
1    0    0    -6480.91    -14.523    0.540226    6.69545    
1    1    1    -6484.6    -11.2694    0.508341    6.00528    
1    2    2    -6492.12    3.87963    0.725115    10.0378    
1    3    3    -6506.29    -11.1291    0.696472    8.85822    
1    4    4    -6510.87    -17.6714    0.702029    9.69814    
1    5    5    -6518.91    -26.9237    0.631489    8.8092    
1    9    6    -6517.89    -26.7829    0.627861    8.80473    
1    11    7    -6516.71    -26.3751    0.621174    8.75602    
1    12    8    -6516.74    -24.665    0.617971    8.35883    
1    15    9    -6510.84    -17.0602    0.648681    9.47424    
1    16    10    -6518.05    -24.6533    0.648865    9.32152    
1    17    11    -6517.14    -25.5245    0.627947    9.36429    
1    24    12    -6518.63    -25.8354    0.621385    9.21648    
1    25    13    -6519.99    -27.1911    0.609519    8.93469    
1    26    14    -6520.52    -27.5121    0.626321    9.15091    
1    37    15    -6520    -25.96    0.624191    9.39844    
1    39    16    -6517.14    -27.6059    0.61465    7.67178    
1    41    17    -6525.59    -28.2077    0.599158    7.48356    
1    45    18    -6527.24    -28.0442    0.581075    7.63241    
1    48    19    -6527.01    -27.776    0.560835    7.57768    
1    49    20    -6528.06    -31.289    0.508123    8.80462    
1    51    21    -6527.27    -29.4319    0.560495    8.39488    
1    60    22    -6525.18    -27.9994    0.557304    9.08306    
1    62    23    -6525.84    -29.3648    0.557501    8.53253    
1    63    24    -6527.05    -30.0143    0.540793    8.51649    
1    71    25    -6524.71    -28.5242    0.550075    7.8072    
1    75    26    -6529.09    -30.6469    0.537277    7.52853    
1    77    27    -6530.21    -29.4797    0.508031    8.8214    
1    79    28    -6528.34    -27.9241    0.569552    8.29348    
1    81    29    -6528.49    -30.2723    0.503816    8.60874    
1    82    30    -6525.17    -28.4529    0.522559    9.32968    
1    85    31    -6531.58    -30.3043    0.533099    8.37176    
1    95    32    -6527.06    -28.0659    0.529971    9.76878    
1    97    33    -6527.29    -28.7612    0.526437    8.86743    
