#Task    Step    numberOfAcceptedPeleSteps    currentEnergy    BindingEnergy    sasaLig    distance_A35SG_L1S1    
1    0    0    -6472.54    -17.8111    0.523447    6.69881    
1    1    1    -6497.26    -11.4945    0.576481    9.4255    
1    5    2    -6501.14    -16.8932    0.572246    9.54364    
1    7    3    -6498.4    -14.7894    0.557736    9.30269    
1    8    4    -6500.71    -16.4864    0.556967    9.33498    
1    9    5    -6503.48    -17.6648    0.531693    9.35563    
1    17    6    -6504.62    -21.0382    0.524454    9.38062    
1    20    7    -6500.22    -17.5872    0.539418    8.98046    
1    21    8    -6503.12    -18.8796    0.545261    9.69717    
1    41    9    -6499.47    -8.19223    0.65882    9.24266    
1    43    10    -6498.73    -4.39777    0.621158    9.56249    
1    44    11    -6499.67    -5.74818    0.615162    9.53254    
1    46    12    -6500.02    -6.51702    0.62534    9.5623    
1    47    13    -6495.78    0.185924    0.615394    10.4182    
1    48    14    -6495.26    1.53381    0.61598    10.3382    
1    49    15    -6498.37    -4.81761    0.596098    9.9449    
1    50    16    -6499.49    -4.55556    0.61259    9.20925    
1    53    17    -6500.15    -17.9649    0.548083    10.1168    
1    55    18    -6501.66    -18.1768    0.514627    10.7073    
1    63    19    -6500.11    -18.639    0.568735    11.8692    
1    64    20    -6493.59    -0.8699    0.609823    10.7247    
1    68    21    -6490.24    3.92089    0.623888    10.5502    
1    69    22    -6503.8    -7.47977    0.596862    10.6001    
1    71    23    -6507.3    -10.8517    0.593287    10.5329    
1    74    24    -6504.6    -7.78229    0.663802    12.1081    
1    75    25    -6503.74    -11.6177    0.56892    12.6202    
1    78    26    -6502.94    -10.5074    0.560501    13.1043    
1    80    27    -6505.28    -11.908    0.559213    13.303    
1    85    28    -6505.12    -15.1507    0.545582    13.4444    
1    87    29    -6507.44    -21.8967    0.552288    13.5538    
1    88    30    -6507.15    -16.6304    0.583705    13.7081    
1    90    31    -6509.95    -16.1676    0.591469    13.6002    
1    94    32    -6508.62    -13.1391    0.610685    14.0715    
1    95    33    -6507.86    -12.5216    0.596753    13.9374    
1    96    34    -6483.96    14.4815    0.599438    13.0088    
1    97    35    -6488    -1.84642    0.537701    11.0379    
1    98    36    -6488.82    -1.49494    0.65941    11.5579    
1    99    37    -6494.4    3.95907    0.652525    12.7318    
1    100    38    -6493.16    4.71083    0.693531    12.3455    
