#Task    Step    numberOfAcceptedPeleSteps    currentEnergy    BindingEnergy    sasaLig    distance_A35SG_L1S1    
1    0    0    -6474.06    -16.2779    0.5562    6.61686    
1    1    1    -6496.35    -10.4402    0.568484    9.28026    
1    3    2    -6497.82    -14.284    0.59161    9.10246    
1    5    3    -6498.87    -22.9731    0.536205    9.43728    
1    9    4    -6512.25    -38.852    0.520624    9.51188    
1    13    5    -6511.7    -40.7123    0.50809    9.52328    
1    45    6    -6520.28    -41.0341    0.504982    9.2719    
1    57    7    -6518.34    -38.6464    0.514273    9.39887    
1    71    8    -6518.09    -37.4121    0.528054    9.59196    
1    75    9    -6515.1    -34.5564    0.521085    9.56844    
1    77    10    -6517.88    -35.3417    0.515321    9.50044    
1    85    11    -6518.85    -35.9968    0.505651    9.4506    
1    89    12    -6518.97    -36.4507    0.528208    9.49603    
1    95    13    -6517.54    -35.5409    0.52599    9.48898    
1    97    14    -6520.1    -39.314    0.50385    9.24005    
