#Task    Step    numberOfAcceptedPeleSteps    currentEnergy    BindingEnergy    sasaLig    distance_A35SG_L1S1    
1    0    0    -6479.96    -19.8897    0.503134    6.8479    
1    1    1    -6501.66    0.0375575    0.673104    9.74902    
1    2    2    -6503.32    0.540497    0.689174    9.19761    
1    4    3    -6506.03    -2.3289    0.72954    9.46819    
1    6    4    -6508.57    -5.44717    0.650875    8.8406    
1    7    5    -6516.27    -18.1382    0.590072    10.0168    
1    8    6    -6517.71    -21.8768    0.5845    9.92957    
1    9    7    -6517.79    -21.8258    0.568472    9.91708    
1    10    8    -6517.37    -20.853    0.57477    9.83853    
1    11    9    -6514.11    -21.7574    0.526519    9.18761    
1    15    10    -6515.19    -19.7261    0.536671    9.24953    
1    17    11    -6518.29    -23.7523    0.545256    9.26313    
1    22    12    -6515.23    -20.2021    0.557831    9.14423    
1    23    13    -6514.04    -18.4747    0.555929    8.82784    
1    27    14    -6511.37    -20.0205    0.572112    10.294    
1    28    15    -6514.3    -22.1543    0.563489    10.3676    
1    30    16    -6516.68    -22.8814    0.56439    10.4847    
1    46    17    -6519.1    -23.0847    0.566092    10.548    
1    52    18    -6518.17    -22.1853    0.568639    10.4241    
1    53    19    -6516.15    -23.128    0.52272    10.4041    
1    54    20    -6513.3    -22.2662    0.562228    10.5567    
1    55    21    -6506.32    -18.3549    0.503834    9.70867    
1    58    22    -6506.18    -23.9151    0.486823    9.91638    
1    59    23    -6507.68    -18.4538    0.475912    10.2265    
1    65    24    -6507.31    -18.7286    0.441633    10.1357    
1    69    25    -6512.79    -18.506    0.536481    10.4245    
1    74    26    -6510.72    -16.4423    0.524701    10.8938    
1    76    27    -6507.97    -13.5304    0.53699    10.6891    
1    79    28    -6508.48    -18.8101    0.487416    9.3088    
1    81    29    -6511.24    -23.5172    0.53317    9.91859    
1    83    30    -6517.41    -24.9716    0.526523    10.2845    
1    89    31    -6519.08    -26.6541    0.533089    10.6052    
1    92    32    -6519    -24.2823    0.529912    10.5945    
