#Task    Step    numberOfAcceptedPeleSteps    currentEnergy    BindingEnergy    sasaLig    distance_A35SG_L1S1    
1    0    0    -6464.18    -12.066    0.538704    7.41987    
1    1    1    -6495.5    -20.6757    0.562382    7.92827    
1    2    2    -6495.72    -19.1484    0.559106    7.28974    
1    4    3    -6497.78    -18.6909    0.593125    7.31105    
1    5    4    -6491.27    -14.2599    0.63968    10.2217    
1    6    5    -6493.7    -13.9824    0.620543    10.7165    
1    7    6    -6498.22    -19.3978    0.587672    9.88126    
1    9    7    -6505.03    -22.3624    0.545108    9.6856    
1    15    8    -6506.38    -23.4657    0.532294    9.46135    
1    19    9    -6506.66    -23.3661    0.568854    9.6673    
1    23    10    -6505.44    -22.6255    0.588727    10.6349    
1    26    11    -6504.33    -19.9532    0.598008    11.0309    
1    28    12    -6503.74    -20.5464    0.600512    10.6917    
1    29    13    -6503.34    -20.6198    0.598087    10.7925    
1    31    14    -6503.86    -16.9619    0.635947    10.6766    
1    33    15    -6501.54    -17.6248    0.595127    10.5077    
1    36    16    -6500.97    -19.612    0.573605    10.4059    
1    38    17    -6504.03    -18.7384    0.590123    10.2763    
1    47    18    -6501.44    -17.7505    0.568337    10.3076    
1    55    19    -6504.63    -19.2091    0.586802    10.4371    
1    62    20    -6504.66    -18.9004    0.574769    10.2163    
1    63    21    -6503.98    -20.3254    0.565813    10.4163    
1    64    22    -6504.57    -18.3902    0.55785    10.5428    
1    72    23    -6505.47    -17.552    0.604166    10.7512    
1    78    24    -6502.91    -15.1917    0.604232    10.6076    
1    79    25    -6503.23    -15.4297    0.613868    10.1775    
1    80    26    -6503.8    -15.3522    0.603312    9.67997    
1    82    27    -6506.47    -17.1656    0.601991    9.68963    
1    83    28    -6503.02    -16.2755    0.62678    9.92613    
1    84    29    -6507.89    -20.7243    0.624395    9.6322    
1    87    30    -6508.14    -20.4373    0.618268    9.38368    
1    96    31    -6506.93    -18.6321    0.636331    9.76053    
1    97    32    -6504.85    -16.9251    0.611123    9.1361    
1    99    33    -6502.16    -13.939    0.623174    8.81488    
