#Task    Step    numberOfAcceptedPeleSteps    currentEnergy    BindingEnergy    sasaLig    distance_A35SG_L1S1    
1    0    0    -6477.22    -22.3607    0.523434    6.98016    
1    1    1    -6507.78    -22.7411    0.533334    9.6904    
1    4    2    -6509.94    -22.8017    0.526308    9.80823    
1    15    3    -6509.89    -24.1278    0.527335    10.06    
1    21    4    -6518.1    -33.453    0.518889    9.6205    
1    23    5    -6520.42    -37.6151    0.500519    9.62752    
1    25    6    -6519.85    -37.7221    0.491414    9.61076    
1    26    7    -6512.51    -30.3168    0.498576    9.95351    
1    33    8    -6520.59    -37.4606    0.500346    9.62685    
1    40    9    -6518.31    -38.5953    0.478526    9.31611    
1    41    10    -6518.4    -38.5991    0.488232    9.57692    
1    44    11    -6519.45    -37.4672    0.476956    9.45037    
1    49    12    -6519.64    -39.5551    0.479122    9.39855    
1    69    13    -6519.92    -39.9509    0.489336    9.54481    
1    77    14    -6519.55    -39.9568    0.47917    9.44259    
1    88    15    -6520.82    -39.8351    0.489363    9.63015    
1    95    16    -6522.13    -37.9077    0.493407    9.6983    
1    96    17    -6509.68    -25.6769    0.489389    9.30615    
1    98    18    -6515.93    -32.9384    0.450092    8.62176    
1    99    19    -6513.29    -35.9722    0.431278    8.33461    
