#Task    Step    numberOfAcceptedPeleSteps    currentEnergy    BindingEnergy    sasaLig    distance_A35SG_L1S1    
1    0    0    -6481.09    -15.3305    0.531146    7.00729    
1    2    1    -6507.23    -17.9729    0.544151    6.69707    
1    7    2    -6512.53    -26.3705    0.470137    6.6787    
1    13    3    -6516.8    -30.9804    0.484163    6.692    
1    14    4    -6510.22    -24.4595    0.513549    6.66131    
1    21    5    -6504.63    -21.8897    0.550377    10.439    
1    28    6    -6503.51    -22.3026    0.532213    10.1426    
1    29    7    -6506.13    -28.0285    0.564437    9.95806    
1    32    8    -6509.56    -27.8693    0.577038    10.0143    
1    41    9    -6509.32    -21.6606    0.483791    9.94624    
1    49    10    -6510.37    -22.9555    0.480512    9.5303    
1    54    11    -6511.19    -26.6936    0.48832    9.65952    
1    59    12    -6511.4    -21.0122    0.511237    10.0269    
1    60    13    -6507.79    -15.854    0.531703    9.93063    
1    62    14    -6507.25    -24.2093    0.472713    9.52395    
1    65    15    -6512.17    -23.2621    0.495433    9.61701    
1    75    16    -6510.8    -21.0893    0.557071    10.1166    
1    78    17    -6511.39    -21.959    0.526277    9.78931    
1    80    18    -6512.56    -21.2722    0.539811    9.8635    
1    99    19    -6511.64    -20.1344    0.542251    9.77321    
1    100    20    -6501.57    -5.70089    0.583907    8.70811    
