#Task    Step    numberOfAcceptedPeleSteps    currentEnergy    BindingEnergy    sasaLig    distance_A35SG_L1S1    
1    0    0    -6461.83    -19.5165    0.528425    6.81371    
1    1    1    -6484.49    -22.1509    0.499163    6.37296    
1    3    2    -6488.77    -28.9044    0.479893    6.81986    
1    5    3    -6503.33    -30.746    0.618132    7.01624    
1    21    4    -6503.28    -30.5294    0.617172    7.3419    
1    25    5    -6506.56    -32.3304    0.5901    6.5438    
1    31    6    -6503.91    -30.8835    0.582428    6.53629    
1    41    7    -6508.5    -35.9316    0.550257    6.73423    
1    49    8    -6506.73    -30.9534    0.545219    6.33436    
1    54    9    -6503.8    -29.2248    0.525367    5.78117    
1    57    10    -6505.03    -39.708    0.513141    5.72915    
1    58    11    -6502.55    -36.4359    0.521642    5.73516    
1    65    12    -6504.45    -28.9651    0.565949    7.11166    
1    72    13    -6507.77    -30.9821    0.548421    7.3829    
1    81    14    -6508.23    -34.1691    0.556107    7.46501    
1    86    15    -6503.28    -27.9388    0.640569    9.15368    
1    89    16    -6503.61    -32.7106    0.608394    8.11981    
1    98    17    -6503.85    -33.3537    0.577171    7.65027    
