#Task    Step    numberOfAcceptedPeleSteps    currentEnergy    BindingEnergy    sasaLig    distance_A35SG_L1S1    
1    0    0    -6477.28    -24.6285    0.517913    6.7498    
1    1    1    -6503.39    -21.1123    0.486262    7.58778    
1    3    2    -6500.81    -4.51259    0.624655    4.05482    
1    4    3    -6506.23    -5.49317    0.629687    4.04859    
1    7    4    -6506.71    -5.72821    0.631443    4.2667    
1    8    5    -6506.93    -5.80179    0.627349    4.07173    
1    9    6    -6505.97    -6.01417    0.609204    3.80954    
1    10    7    -6504.52    -4.80221    0.610873    3.59582    
1    11    8    -6506.38    -3.70478    0.633528    3.72782    
1    14    9    -6509.73    -4.97153    0.61761    3.65688    
1    17    10    -6510.39    -16.1494    0.564594    7.42783    
1    18    11    -6514.91    -18.1671    0.541857    7.34729    
1    19    12    -6517.3    -20.5472    0.55426    7.71034    
1    22    13    -6520.94    -25.2327    0.536999    7.57068    
1    24    14    -6518.99    -21.8244    0.515819    7.51391    
1    25    15    -6517.39    -22.0569    0.510388    9.47214    
1    29    16    -6517.69    -22.3658    0.511678    9.20974    
1    33    17    -6514.9    -20.6809    0.509723    9.02452    
1    38    18    -6518.92    -22.1323    0.524084    9.08936    
1    40    19    -6517.8    -22.0534    0.516669    9.38475    
1    41    20    -6516.5    -21.731    0.519223    9.22914    
1    45    21    -6516.14    -23.3885    0.606388    8.85149    
1    51    22    -6517.17    -24.0612    0.606064    8.9117    
1    61    23    -6514.65    -24.5772    0.60962    9.21777    
1    63    24    -6515.62    -24.555    0.600189    8.94528    
1    66    25    -6517.67    -24.8741    0.596929    9.38813    
1    68    26    -6515.68    -24.7311    0.598792    9.2392    
1    71    27    -6516.89    -24.2517    0.615996    8.60675    
1    72    28    -6517.32    -24.4729    0.61395    8.91036    
1    77    29    -6518.49    -26.5107    0.586415    9.21976    
1    78    30    -6519    -26.8846    0.591953    9.37966    
1    83    31    -6517.07    -26.5697    0.582854    9.36987    
1    84    32    -6517.58    -27.1902    0.59542    9.01098    
1    91    33    -6517.75    -25.4437    0.57901    8.99595    
1    98    34    -6514.22    -22.4509    0.600957    9.26978    
