#Task    Step    numberOfAcceptedPeleSteps    currentEnergy    BindingEnergy    sasaLig    distance_A35SG_L1S1    
1    0    0    -6478.68    -11.4279    0.535275    6.95065    
1    1    1    -6495.29    -12.3688    0.507115    6.87433    
1    8    2    -6484.28    0.29436    0.644384    7.38064    
1    9    3    -6501.21    -13.4536    0.615314    6.80207    
1    10    4    -6501.66    -12.6935    0.635852    7.74157    
1    12    5    -6500.85    -9.29906    0.645638    8.68085    
1    14    6    -6503.7    -12.2481    0.603324    7.56441    
1    15    7    -6503.4    1.2339    0.596227    8.45614    
1    16    8    -6507.03    0.314563    0.596962    8.54129    
1    18    9    -6506.86    0.988798    0.58268    9.33762    
1    19    10    -6508.57    -1.77482    0.609945    8.92809    
1    22    11    -6509.6    -2.71414    0.636044    9.08021    
1    26    12    -6505.92    0.0716651    0.634705    8.34    
1    27    13    -6503.8    0.788511    0.670644    9.24122    
1    28    14    -6502.17    2.29647    0.667544    9.59205    
1    29    15    -6504.32    -1.10024    0.65032    8.15805    
1    30    16    -6506.61    -1.84525    0.618529    6.5035    
1    31    17    -6506.98    -2.9034    0.59977    6.69189    
1    34    18    -6505.06    -1.6515    0.579194    6.62086    
1    35    19    -6505.83    -1.70552    0.582348    7.09959    
1    36    20    -6505.55    -1.56944    0.61391    7.51385    
1    38    21    -6506.15    -3.56002    0.571538    6.63708    
1    39    22    -6504.67    -2.93012    0.584213    6.52686    
1    40    23    -6506.02    -2.52616    0.602911    6.59031    
1    42    24    -6505.44    -3.11597    0.622645    7.12757    
1    45    25    -6506.28    -5.18978    0.649472    7.68734    
1    49    26    -6501.51    -4.12475    0.641294    8.53526    
1    50    27    -6503.24    -5.74972    0.636837    7.91171    
1    51    28    -6498.03    2.709    0.659961    7.72431    
1    52    29    -6507.92    -5.47491    0.614229    8.10037    
1    53    30    -6509.66    -7.58459    0.601867    8.11262    
1    54    31    -6510.51    -6.72101    0.590839    8.13989    
1    58    32    -6508.72    -5.43065    0.60436    8.12231    
1    59    33    -6504.93    -5.10691    0.59132    9.02723    
1    60    34    -6506.87    -7.46305    0.573575    9.33721    
1    68    35    -6508    -6.33997    0.599104    8.60018    
1    70    36    -6502.39    -0.978612    0.640979    9.29108    
1    71    37    -6506.92    -3.76399    0.614664    8.71819    
1    73    38    -6501.29    -1.0372    0.544251    10.5713    
1    75    39    -6503.03    -3.13259    0.56716    10.3137    
1    76    40    -6505.71    -3.16454    0.580047    10.9757    
1    83    41    -6507.83    -5.21562    0.557901    10.745    
1    84    42    -6505.32    -7.2633    0.628844    8.24157    
1    96    43    -6507.76    -8.15418    0.641025    8.08178    
1    99    44    -6510.01    -10.5428    0.634035    8.2895    
