#Task    Step    numberOfAcceptedPeleSteps    currentEnergy    BindingEnergy    sasaLig    distance_A35SG_L1S1    
1    0    0    -6476.44    -15.5234    0.526452    6.99561    
1    1    1    -6487.12    -5.09889    0.668501    9.03597    
1    2    2    -6490.06    -5.17832    0.603921    8.39956    
1    3    3    -6502.61    -8.54581    0.621608    7.8277    
1    4    4    -6505.19    -10.0869    0.626178    7.08289    
1    7    5    -6505.49    -2.84495    0.713085    6.65202    
1    9    6    -6502.4    -9.57642    0.63327    7.67656    
1    10    7    -6500.36    -4.55638    0.640806    6.67958    
1    11    8    -6503.29    -7.32933    0.640046    7.14286    
1    12    9    -6501.73    -5.4637    0.674372    7.6486    
1    13    10    -6502.92    -6.53764    0.661975    7.4327    
1    17    11    -6501.85    -10.2834    0.621051    6.54765    
1    27    12    -6503.45    -10.068    0.618971    6.53774    
1    29    13    -6503.56    -10.491    0.596193    6.57373    
1    33    14    -6511.88    -17.0595    0.636259    10.1272    
1    34    15    -6515.95    -19.5772    0.636653    10.0735    
1    36    16    -6515.71    -17.7087    0.633637    10.5166    
1    38    17    -6514.51    -12.1542    0.671049    11.2312    
1    41    18    -6518.13    -16.1717    0.625231    10.8465    
1    46    19    -6518.47    -16.993    0.634705    10.9133    
1    47    20    -6515.45    -14.202    0.630803    11.1213    
1    49    21    -6517.77    -16.3949    0.609624    10.8448    
1    53    22    -6517.68    -17.7404    0.587561    10.9678    
1    56    23    -6517.1    -17.3739    0.588886    10.945    
1    59    24    -6510.73    -12.8308    0.591875    10.899    
1    62    25    -6512.49    -12.0619    0.616392    11.0049    
1    65    26    -6512.42    -13.1693    0.612073    11.0357    
1    67    27    -6513.85    -20.8208    0.604293    9.78676    
1    82    28    -6512.89    -16.9378    0.622264    9.79631    
1    85    29    -6512.01    -17.7023    0.594855    9.8019    
1    88    30    -6513.02    -18.2581    0.640288    10.1039    
1    89    31    -6513.67    -20.5048    0.596232    9.80122    
1    92    32    -6511.02    -16.9759    0.618663    9.89813    
1    93    33    -6511.64    -20.5916    0.572745    9.60545    
1    97    34    -6512.09    -14.7164    0.587781    6.87146    
1    99    35    -6515.3    -17.0349    0.58454    6.81638    
