#Task    Step    numberOfAcceptedPeleSteps    currentEnergy    BindingEnergy    sasaLig    distance_A35SG_L1S1    
1    0    0    -6470.13    -14.9095    0.532759    6.68109    
1    1    1    -6484.11    0.0238249    0.628049    10.7758    
1    2    2    -6487.74    -5.73444    0.715947    8.29728    
1    4    3    -6491.09    1.22816    0.845997    8.11085    
1    6    4    -6495.35    0.974574    0.754588    5.12729    
1    7    5    -6498.73    2.17605    0.76755    6.11297    
1    8    6    -6499.61    1.713    0.804046    5.65415    
1    9    7    -6498.81    1.78729    0.760412    5.63228    
1    10    8    -6499.19    0.87767    0.766669    6.00575    
1    12    9    -6501.28    0.0521048    0.774556    7.15503    
1    18    10    -6496.96    3.74056    0.759887    9.10358    
1    19    11    -6498.09    0.179509    0.65343    7.53572    
1    21    12    -6497.24    1.37161    0.633353    7.83014    
1    23    13    -6499.94    -3.09966    0.591046    7.55988    
1    24    14    -6502.65    -1.77442    0.556784    7.56692    
1    26    15    -6503.44    -0.861401    0.589822    6.43503    
1    28    16    -6502.44    0.706686    0.570407    6.84505    
1    31    17    -6495.07    -0.801729    0.552278    7.59295    
1    32    18    -6500.45    -1.82666    0.524072    7.80554    
1    34    19    -6499.67    -0.758941    0.545007    7.43531    
1    35    20    -6496.69    2.35243    0.54808    7.25251    
1    36    21    -6499.25    -1.70099    0.542301    7.2065    
1    37    22    -6499.84    -6.1639    0.504274    7.551    
1    39    23    -6499.53    -5.5718    0.515491    7.58594    
1    41    24    -6487.58    -4.13777    0.56672    7.69594    
1    42    25    -6492    0.384103    0.548944    7.94502    
1    43    26    -6500.98    -5.36424    0.517194    7.58751    
1    45    27    -6500.56    -3.6613    0.521957    7.53583    
1    46    28    -6499.93    1.89867    0.579629    4.67283    
1    48    29    -6506.16    -3.24683    0.593135    4.72113    
1    52    30    -6506.22    -2.85541    0.629179    5.4595    
1    53    31    -6508.04    -4.6518    0.58345    6.70258    
1    54    32    -6505.73    0.0195159    0.58489    5.52614    
1    56    33    -6508.54    -2.83471    0.569772    5.27655    
1    59    34    -6507.43    -6.63323    0.581279    6.55689    
1    60    35    -6514.77    -13.3414    0.568696    7.18921    
1    61    36    -6517.13    -16.3256    0.536679    6.70481    
1    69    37    -6518.28    -19.5616    0.553408    7.21134    
1    73    38    -6519.56    -27.6218    0.542443    8.33936    
1    75    39    -6520.01    -27.2396    0.537962    8.2411    
1    79    40    -6518.54    -30.3266    0.468402    9.23297    
1    83    41    -6523.23    -34.9784    0.452965    9.22156    
1    84    42    -6520.99    -34.2499    0.468505    9.40221    
1    93    43    -6520.92    -33.6424    0.475183    9.59902    
1    94    44    -6521.45    -36.0456    0.471637    9.67438    
1    96    45    -6522.15    -35.1534    0.472585    9.18367    
1    97    46    -6521.3    -43.2956    0.392106    9.89206    
1    99    47    -6524.02    -34.1784    0.498039    9.43772    
1    100    48    -6526.71    -33.903    0.456032    9.02503    
