#Task    Step    numberOfAcceptedPeleSteps    currentEnergy    BindingEnergy    sasaLig    distance_A35SG_L1S1    
1    0    0    -6480.49    -23.3352    0.518473    6.64979    
1    1    1    -6516.22    -37.7922    0.463227    6.48717    
1    2    2    -6513.32    -37.8684    0.493747    6.93161    
1    3    3    -6512.24    -35.7425    0.511471    7.26836    
1    4    4    -6518.48    -39.8599    0.478337    6.94605    
1    5    5    -6521    -45.0378    0.455169    6.49898    
1    17    6    -6520.42    -47.0427    0.444739    6.51098    
1    29    7    -6520.29    -47.3916    0.439973    6.59355    
1    31    8    -6516.17    -50.3025    0.472608    7.56486    
1    39    9    -6518.2    -42.6033    0.512523    8.25242    
1    43    10    -6518.88    -44.0619    0.502664    8.23501    
1    45    11    -6519.43    -45.8835    0.464197    7.51518    
1    49    12    -6520.1    -45.7756    0.448269    6.96715    
1    61    13    -6524.77    -48.4488    0.458505    6.81745    
1    67    14    -6522.33    -48.0574    0.440742    6.46382    
1    73    15    -6520.18    -46.4931    0.44195    6.27831    
1    75    16    -6524.99    -50.0046    0.473599    8.59891    
1    77    17    -6529.44    -53.1749    0.456419    8.11711    
1    97    18    -6528.31    -51.9972    0.466077    7.91745    
