#Task    Step    numberOfAcceptedPeleSteps    currentEnergy    BindingEnergy    sasaLig    distance_A35SG_L1S1    
1    0    0    -6473.47    -19.7673    0.518571    6.84984    
1    1    1    -6488.33    -10.3938    0.564689    8.19563    
1    2    2    -6490.18    -9.63423    0.592206    7.96593    
1    3    3    -6489.62    -12.5557    0.538042    8.17019    
1    4    4    -6490.2    -17.4214    0.554831    8.05248    
1    8    5    -6484.88    -10.1522    0.561363    7.9806    
1    9    6    -6488.96    -24.4124    0.512785    8.2313    
1    13    7    -6492.33    -27.7818    0.495765    8.95823    
1    20    8    -6490.02    -25.7237    0.458099    8.94536    
1    21    9    -6497.12    -32.5777    0.425576    9.02591    
1    22    10    -6493.32    -29.5453    0.429793    9.05114    
1    24    11    -6506.24    -33.1945    0.432628    8.87614    
1    33    12    -6507.67    -36.2057    0.411621    8.5676    
1    39    13    -6509.58    -36.4936    0.395802    8.72223    
1    45    14    -6508.15    -35.7345    0.391018    8.74838    
1    49    15    -6504.08    -29.6    0.456421    9.99427    
1    53    16    -6492.68    -11.6527    0.498397    9.38118    
1    55    17    -6494.98    -15.3504    0.481065    9.59762    
1    58    18    -6497.45    -18.3566    0.445953    9.68355    
1    61    19    -6500.47    -23.9165    0.422894    9.30945    
1    73    20    -6505.8    -36.2393    0.435754    6.01533    
1    74    21    -6505.8    -36.0544    0.433199    6.56921    
1    78    22    -6500.72    -28.0664    0.4785    7.55741    
1    80    23    -6501.17    -27.8428    0.525048    7.32002    
1    81    24    -6503.96    -33.9889    0.475835    8.19221    
1    83    25    -6508.02    -31.4879    0.482231    7.43181    
1    84    26    -6509.95    -32.946    0.530761    7.74552    
1    90    27    -6508.03    -29.7245    0.531905    7.95382    
1    92    28    -6510.42    -30.0078    0.505165    7.49298    
1    95    29    -6510.05    -31.2857    0.501932    7.72678    
