#Task    Step    numberOfAcceptedPeleSteps    currentEnergy    BindingEnergy    sasaLig    distance_A35SG_L1S1    
1    0    0    -6468.83    -13.3555    0.520676    6.94396    
1    1    1    -6499.34    -14.1734    0.497542    6.78276    
1    9    2    -6503.54    -8.58237    0.547603    6.55737    
1    13    3    -6502.81    -5.33402    0.562955    6.53907    
1    15    4    -6508.77    -14.4802    0.679628    10.7581    
1    17    5    -6517.66    -14.3149    0.648081    6.6689    
1    21    6    -6519.92    -23.8971    0.62635    7.49042    
1    23    7    -6518.42    -15.0622    0.586217    7.05701    
1    24    8    -6519.28    -13.435    0.581076    8.03404    
1    30    9    -6515.62    -12.2153    0.588515    8.40221    
1    34    10    -6518.96    -14.9532    0.573154    7.74181    
1    37    11    -6516.3    -19.1592    0.54073    7.97661    
1    38    12    -6517.62    -18.5086    0.541555    8.70135    
1    39    13    -6515.67    -13.213    0.555485    9.89493    
1    43    14    -6512.09    -14.0334    0.53796    8.73046    
1    44    15    -6509.65    -11.3357    0.560897    8.08693    
1    49    16    -6507.1    -14.5206    0.575228    9.38093    
1    51    17    -6511.41    -20.7305    0.589216    9.97008    
1    53    18    -6513.06    -9.33053    0.587241    7.84051    
1    55    19    -6516.84    -13.7129    0.585445    6.54766    
1    57    20    -6515.59    -22.4672    0.512344    7.3924    
1    58    21    -6515.88    -17.666    0.560764    8.2968    
1    60    22    -6517.21    -20.558    0.543158    7.36175    
1    63    23    -6517.15    -23.3382    0.478261    7.01082    
1    65    24    -6522.34    -23.2835    0.485389    7.07887    
1    69    25    -6523.6    -23.5308    0.487065    7.20639    
1    77    26    -6521.77    -23.0704    0.490052    7.17251    
1    78    27    -6511.41    -14.4893    0.488885    7.06101    
1    79    28    -6517.18    -18.964    0.521799    6.7737    
1    81    29    -6517.16    -22.281    0.491711    6.51073    
1    83    30    -6515.99    -22.0443    0.5122    6.58072    
1    88    31    -6516.32    -20.8056    0.533149    6.9431    
1    89    32    -6515.99    -21.1579    0.519427    6.64466    
