#Task    Step    numberOfAcceptedPeleSteps    currentEnergy    BindingEnergy    sasaLig    distance_A35SG_L1S1    
1    0    0    -6477.13    -13.3912    0.552726    6.91486    
1    1    1    -6500.33    -1.65288    0.563986    9.41618    
1    5    2    -6504.85    -0.499603    0.694895    7.03294    
1    8    3    -6503.95    -0.72062    0.700061    10.3116    
1    11    4    -6505.91    -3.83301    0.55177    10.3455    
1    13    5    -6504.73    -7.70198    0.507384    10.1635    
1    18    6    -6509.54    -8.29593    0.545775    10.3233    
1    25    7    -6511.69    0.535564    0.707921    9.98188    
1    26    8    -6506.33    6.3187    0.646184    10.0522    
1    27    9    -6506.47    5.35186    0.588778    8.42261    
1    28    10    -6511.71    2.14302    0.650372    8.56328    
1    29    11    -6514.9    -4.78934    0.655314    9.9553    
1    35    12    -6515.41    -5.79309    0.641386    9.93891    
1    37    13    -6513.15    -3.21096    0.686158    9.97485    
1    38    14    -6510.44    -0.30376    0.698235    10.5513    
1    40    15    -6514    -3.33473    0.690021    9.66061    
1    41    16    -6512.42    -3.20927    0.680328    9.74906    
1    46    17    -6512.05    -2.33989    0.671603    9.74016    
1    47    18    -6512.52    -1.28743    0.6754    10.396    
1    48    19    -6511.1    -0.407754    0.711263    9.49806    
1    50    20    -6514.08    0.812096    0.755114    9.76649    
1    51    21    -6513.18    -2.88496    0.694044    8.99618    
1    52    22    -6509.01    2.3563    0.675584    6.67108    
1    53    23    -6510.8    2.67697    0.642807    7.6281    
1    54    24    -6514.84    -0.472912    0.641882    8.43394    
1    56    25    -6516.5    -2.63224    0.624034    8.12621    
1    58    26    -6516.27    -1.44493    0.63146    7.75282    
1    62    27    -6515.35    -0.293683    0.618541    8.51267    
1    64    28    -6516.73    -2.02698    0.603309    8.62878    
1    68    29    -6515.32    -0.777927    0.605672    8.24212    
1    72    30    -6516.14    -2.14674    0.609325    7.62252    
1    73    31    -6512.53    -7.20683    0.587851    10.1323    
1    75    32    -6515.01    -9.96686    0.50981    10.1643    
1    78    33    -6513.28    -12.5058    0.509961    10.1624    
1    79    34    -6517.74    -15.0143    0.522947    10.1751    
1    81    35    -6521.18    -23.4031    0.585129    9.70376    
1    82    36    -6520.76    -27.015    0.603451    8.0635    
1    86    37    -6521.03    -25.9657    0.627456    8.83999    
1    87    38    -6520.07    -19.7238    0.564366    10.5351    
1    91    39    -6521.28    -19.2827    0.574345    7.84213    
1    92    40    -6519.81    -15.6155    0.6189    8.65982    
1    93    41    -6523.44    -21.642    0.545624    7.14431    
1    99    42    -6518.6    -22.1538    0.527473    7.37402    
