#Task    Step    numberOfAcceptedPeleSteps    currentEnergy    BindingEnergy    sasaLig    distance_A35SG_L1S1    
1    0    0    -6476.53    -20.6124    0.506294    6.87317    
1    1    1    -6488.05    -4.4717    0.561919    9.30695    
1    2    2    -6489.65    4.00682    0.596032    9.53761    
1    3    3    -6485.17    5.60313    0.637824    9.02802    
1    4    4    -6496    -0.341641    0.57846    9.14604    
1    5    5    -6505.58    -7.91928    0.561669    9.08702    
1    6    6    -6505.95    -10.6767    0.56671    9.39136    
1    11    7    -6501.24    0.964393    0.672797    8.94994    
1    12    8    -6504.9    -1.84895    0.70369    9.3103    
1    15    9    -6509.94    -8.73571    0.577983    8.56279    
1    29    10    -6508.85    -7.41211    0.614178    8.31916    
1    33    11    -6511.38    -8.99689    0.607485    8.45602    
1    43    12    -6511.23    -8.96895    0.576557    7.89674    
1    49    13    -6511.23    -9.82882    0.532928    8.13473    
1    53    14    -6507.64    -11.2209    0.494533    8.01151    
1    54    15    -6507.53    -10.0806    0.516081    8.20762    
1    65    16    -6504.95    -7.23665    0.54232    8.54554    
1    66    17    -6505.67    -6.41347    0.530473    8.08127    
1    67    18    -6505.9    -8.64758    0.57633    8.34991    
1    72    19    -6504.11    -7.03653    0.576199    8.43206    
1    73    20    -6505.69    -9.78132    0.57299    8.37598    
1    75    21    -6501    -3.93724    0.637788    3.98175    
1    77    22    -6499.28    -3.13032    0.640641    4.24226    
1    78    23    -6507.23    -6.26091    0.638407    4.00096    
1    79    24    -6504.5    -4.39828    0.719748    4.26115    
1    80    25    -6504.76    -2.57706    0.72178    4.14447    
1    81    26    -6502.18    -2.96495    0.716534    4.0553    
1    82    27    -6499.67    -0.827854    0.661711    3.9964    
1    85    28    -6499.6    -5.57671    0.619295    4.0299    
1    92    29    -6500.92    -5.37186    0.636362    4.02322    
1    94    30    -6504.5    -6.04733    0.620039    3.82215    
1    95    31    -6505.59    -5.72313    0.588326    3.74824    
1    97    32    -6499.54    -2.56381    0.619915    5.68295    
1    99    33    -6504.06    -7.17391    0.57982    5.6334    
1    100    34    -6506.02    -7.80968    0.562304    5.78421    
