#Task    Step    numberOfAcceptedPeleSteps    currentEnergy    BindingEnergy    sasaLig    distance_A35SG_L1S1    
1    0    0    -6472.08    -15.8004    0.515052    6.88457    
1    1    1    -6495.98    -16.1797    0.523458    7.10997    
1    5    2    -6507.17    -30.7848    0.477684    6.67091    
1    7    3    -6511.04    -33.812    0.476144    6.61283    
1    11    4    -6512.63    -35.7185    0.486148    6.62522    
1    13    5    -6512.58    -47.1305    0.461209    6.58551    
1    21    6    -6508.39    -30.1659    0.616913    7.08983    
1    25    7    -6514.2    -38.0949    0.582695    7.49774    
1    28    8    -6514.8    -38.1495    0.56137    6.94149    
1    35    9    -6515.77    -38.8108    0.581894    7.27534    
1    37    10    -6518.64    -39.2938    0.577813    7.41534    
1    45    11    -6519.53    -39.8045    0.58157    7.52534    
1    51    12    -6518.27    -35.1636    0.533413    9.9151    
1    61    13    -6518.68    -34.5633    0.546457    10.1282    
1    74    14    -6512.88    -29.4906    0.519028    9.64556    
1    76    15    -6510.64    -30.4233    0.560631    10.2113    
1    81    16    -6515.96    -32.9584    0.510238    9.69458    
1    87    17    -6514.95    -31.7798    0.522606    9.84352    
