#Task    Step    numberOfAcceptedPeleSteps    currentEnergy    BindingEnergy    sasaLig    distance_A35SG_L1S1    
1    0    0    -6466.45    -23.4919    0.510343    6.97776    
1    2    1    -6485.59    -24.3139    0.54023    9.72777    
1    4    2    -6501.7    -37.5517    0.51346    8.91021    
1    7    3    -6503.5    -38.0422    0.475225    8.2674    
1    13    4    -6506.29    -45.3023    0.462669    8.22346    
1    17    5    -6510.33    -49.1648    0.463869    8.16801    
1    20    6    -6521.66    -54.1126    0.435952    8.3467    
1    35    7    -6520.5    -52.8964    0.432678    8.53918    
1    38    8    -6520.47    -55.308    0.430466    8.68134    
1    42    9    -6521.7    -55.5759    0.438355    8.61701    
1    51    10    -6520.12    -55.0026    0.434018    8.50666    
1    57    11    -6520.8    -54.8518    0.435776    8.45193    
1    67    12    -6520.76    -56.2858    0.434958    8.47096    
1    81    13    -6520.1    -55.5227    0.422807    8.68998    
1    94    14    -6518.68    -54.9624    0.450226    8.58572    
