#Task    Step    numberOfAcceptedPeleSteps    currentEnergy    BindingEnergy    sasaLig    distance_A35SG_L1S1    
1    0    0    -6476.02    -25.4392    0.516017    6.59386    
1    1    1    -6476.02    6.43866    0.581897    6.34135    
1    2    2    -6492.44    -7.97002    0.580414    5.82948    
1    3    3    -6494.12    -10.4042    0.536224    8.97944    
1    4    4    -6508.67    -33.4991    0.502203    9.04914    
1    5    5    -6512.11    -38.7568    0.450609    8.93742    
1    7    6    -6510.75    -28.4226    0.475669    10.1012    
1    21    7    -6514.08    -35.3533    0.430455    9.48427    
1    25    8    -6514.27    -35.3639    0.432395    9.391    
1    29    9    -6515.49    -35.41    0.436693    9.30021    
1    31    10    -6513.14    -32.4732    0.426466    9.36665    
1    38    11    -6500.06    -21.0261    0.43285    9.57861    
1    39    12    -6508.2    -30.0761    0.440244    9.72648    
1    41    13    -6516.56    -34.3212    0.431793    9.24972    
1    53    14    -6515.51    -33.7202    0.426985    9.28678    
1    57    15    -6518.72    -43.9465    0.393255    8.87115    
1    63    16    -6519.02    -42.7204    0.40473    9.13224    
1    64    17    -6516.92    -41.2222    0.419635    8.84097    
1    72    18    -6516.91    -42.6875    0.430114    8.73509    
1    73    19    -6506.48    -40.7228    0.419409    8.85333    
1    74    20    -6507.8    -36.5166    0.427252    9.12226    
1    76    21    -6509.31    -33.6871    0.432637    9.53917    
1    77    22    -6517.38    -42.1928    0.411399    8.91975    
1    81    23    -6515.85    -41.8564    0.41577    8.78563    
1    97    24    -6514.35    -42.5219    0.409869    8.72658    
1    98    25    -6512.42    -40.0782    0.432359    8.59977    
