#Task    Step    numberOfAcceptedPeleSteps    currentEnergy    BindingEnergy    sasaLig    distance_A35SG_L1S1    
1    0    0    -6477.75    -18.6079    0.523289    6.75541    
1    1    1    -6512.75    -28.9003    0.478828    6.57615    
1    5    2    -6515.13    -26.7576    0.565713    9.26137    
1    16    3    -6511.43    -24.4429    0.571971    9.24237    
1    19    4    -6504.17    -4.39125    0.646468    5.1469    
1    24    5    -6504.25    -3.04088    0.645047    3.8379    
1    25    6    -6508.1    -7.16796    0.578897    3.73644    
1    29    7    -6503.44    -16.7382    0.564955    9.40641    
1    31    8    -6506.45    -18.9028    0.539885    9.97329    
1    32    9    -6507.99    -20.4325    0.521203    9.3078    
1    33    10    -6508.62    -19.2523    0.553025    10.2808    
1    39    11    -6504.9    -16.708    0.594778    10.1607    
1    41    12    -6506.67    -15.9922    0.572916    8.63009    
1    47    13    -6506.55    -15.9419    0.542377    7.9446    
1    48    14    -6508.7    -16.7107    0.544774    8.38109    
1    56    15    -6507.69    -15.556    0.583677    8.65953    
1    58    16    -6506.55    -14.329    0.630267    8.93968    
1    62    17    -6507.45    -15.6553    0.600964    8.86007    
1    63    18    -6507.03    -16.1563    0.559384    7.97903    
1    66    19    -6508.41    -16.3463    0.581669    8.51498    
1    67    20    -6504.88    -7.16124    0.578195    7.28903    
1    69    21    -6503.44    0.231197    0.602436    3.76662    
1    73    22    -6502.93    -0.644586    0.644765    3.82698    
1    74    23    -6503.12    1.73162    0.630721    3.75141    
1    77    24    -6504.71    0.564161    0.605791    3.78454    
1    78    25    -6504.66    0.0306384    0.617755    4.02099    
1    80    26    -6507.56    -2.05158    0.612651    3.76709    
1    81    27    -6507.79    -1.42029    0.609374    3.80835    
1    83    28    -6502.84    0.717812    0.572198    3.62157    
1    84    29    -6502.42    0.416976    0.549688    3.7271    
1    85    30    -6502.91    -0.45587    0.499224    3.79696    
1    88    31    -6504.04    -1.62908    0.519614    3.92695    
1    91    32    -6508.54    -3.43401    0.526573    4.27793    
1    95    33    -6506.57    -2.91557    0.525182    4.20307    
1    96    34    -6509.19    -4.46963    0.548954    4.51813    
