#Task    Step    numberOfAcceptedPeleSteps    currentEnergy    BindingEnergy    sasaLig    distance_A35SG_L1S1    
1    0    0    -6479.53    -16.7515    0.521885    6.58068    
1    1    1    -6482.09    5.78661    0.529879    4.89362    
1    3    2    -6494.12    -1.91069    0.592116    8.58865    
1    4    3    -6491.36    1.20826    0.633198    9.41336    
1    5    4    -6510.43    -21.2496    0.541682    8.13391    
1    6    5    -6513.23    -22.4183    0.54795    8.44956    
1    9    6    -6512.78    -25.1794    0.513952    7.9072    
1    14    7    -6511.33    -23.9652    0.513834    8.20954    
1    21    8    -6516.41    -26.3027    0.511021    7.8515    
1    29    9    -6517.74    -27.2185    0.509956    7.74852    
1    37    10    -6517.49    -26.3035    0.517319    7.64148    
1    43    11    -6514.66    -21.6834    0.591332    6.93268    
1    45    12    -6515.78    -22.3476    0.597214    6.78915    
1    48    13    -6516.38    -22.4471    0.615512    7.00594    
1    49    14    -6517.25    -22.6671    0.606622    6.64344    
1    51    15    -6516.12    -26.5373    0.598528    6.95021    
1    55    16    -6518.99    -27.5831    0.609616    7.06537    
1    57    17    -6520.2    -25.6851    0.604342    6.90367    
1    59    18    -6520.51    -25.2137    0.609726    6.96749    
1    61    19    -6516.65    -25.19    0.599334    7.0603    
1    62    20    -6521.19    -24.2075    0.598069    7.29723    
1    63    21    -6517.33    -22.9192    0.608226    7.42578    
1    66    22    -6514.67    -20.0354    0.585401    7.02664    
1    70    23    -6516.36    -23.1866    0.590127    7.14852    
1    71    24    -6513.8    -17.1962    0.531407    7.74775    
1    72    25    -6517.59    -18.6538    0.570101    7.55114    
1    75    26    -6509.19    -8.8285    0.610717    8.04085    
1    76    27    -6513.42    -11.5071    0.566086    7.63233    
1    79    28    -6517.3    -13.7613    0.46098    7.45289    
1    81    29    -6517.61    -19.2286    0.429688    7.3211    
1    84    30    -6517.68    -18.4057    0.425488    7.10097    
1    87    31    -6515.44    -15.5643    0.450499    7.40543    
1    88    32    -6517.97    -18.0521    0.434888    7.03274    
1    90    33    -6520.58    -18.9794    0.438776    7.45876    
1    93    34    -6519.53    -18.2867    0.444152    7.54411    
1    94    35    -6519.16    -17.7293    0.456797    7.18714    
1    99    36    -6518.08    -15.3144    0.45384    7.97295    
1    100    37    -6518.72    -15.8207    0.465104    7.81915    
