#Task    Step    numberOfAcceptedPeleSteps    currentEnergy    BindingEnergy    sasaLig    distance_A35SG_L1S1    
1    0    0    -6462.97    -21.0599    0.525678    6.67372    
1    1    1    -6499.97    -32.1489    0.481157    6.59519    
1    9    2    -6502    -35.4407    0.484656    6.14406    
1    15    3    -6500.1    -22.3816    0.528448    8.81536    
1    18    4    -6498.18    -21.5249    0.535451    8.57158    
1    19    5    -6496.5    -22.5461    0.516746    9.80355    
1    21    6    -6490.97    -17.4964    0.531125    9.34369    
1    25    7    -6494.95    -20.8283    0.578528    7.83363    
1    26    8    -6491.23    -16.0601    0.552757    8.34863    
1    27    9    -6491.18    -21.5208    0.509903    8.36991    
1    29    10    -6491.06    -27.9517    0.505379    8.3438    
1    30    11    -6490.73    -25.905    0.536685    7.61485    
1    31    12    -6490.95    -25.2929    0.514199    7.93411    
1    32    13    -6491.74    -22.5128    0.516793    8.99847    
1    33    14    -6493.42    -19.59    0.49245    9.62402    
1    35    15    -6494.91    -11.2766    0.568157    9.57761    
1    36    16    -6495.42    -12.5699    0.591065    9.49926    
1    39    17    -6496.31    -18.1512    0.616252    8.92904    
1    41    18    -6499.4    -18.1914    0.549081    8.92382    
1    60    19    -6500.04    -20.9966    0.569491    9.50992    
1    65    20    -6501.55    -18.6183    0.5563    9.35037    
1    66    21    -6500.29    -18.0382    0.558764    9.08188    
1    68    22    -6500.57    -18.2078    0.551164    9.1791    
1    69    23    -6502.68    -20.5049    0.5072    8.29196    
1    71    24    -6505.83    -22.7529    0.482098    7.62149    
1    77    25    -6506.01    -23.7159    0.473863    7.61099    
1    89    26    -6505.37    -24.0109    0.490743    7.73784    
1    97    27    -6504.96    -18.9422    0.515445    7.99081    
