#Task    Step    numberOfAcceptedPeleSteps    currentEnergy    BindingEnergy    sasaLig    distance_A35SG_L1S1    
1    0    0    -6482.45    -23.0776    0.511303    6.66612    
1    1    1    -6497.67    -21.8245    0.507768    6.04744    
1    3    2    -6506.42    -25.1109    0.512193    6.85656    
1    4    3    -6516.28    -28.5103    0.531848    6.63096    
1    7    4    -6507.1    -17.7906    0.566925    8.18052    
1    8    5    -6506.91    -12.6172    0.608629    7.98349    
1    9    6    -6513.56    -20.2438    0.547101    6.03563    
1    11    7    -6513.94    -24.2055    0.472753    7.27055    
1    13    8    -6518.38    -33.5169    0.456356    7.59315    
1    14    9    -6525.88    -42.5244    0.48636    8.19952    
1    15    10    -6527.57    -46.8261    0.506024    8.35371    
1    19    11    -6530.7    -46.3631    0.478756    8.21647    
1    25    12    -6529.29    -48.6857    0.485768    8.265    
1    31    13    -6523.92    -42.1456    0.497525    7.85576    
1    33    14    -6524.86    -44.8051    0.48448    7.9689    
1    41    15    -6524.03    -43.6461    0.484134    8.10616    
1    50    16    -6527.06    -43.7393    0.493161    8.36471    
1    54    17    -6527.41    -42.987    0.478666    8.37468    
1    67    18    -6529.61    -42.4136    0.485883    8.79955    
1    79    19    -6528.98    -42.3651    0.485897    8.9307    
1    81    20    -6528.48    -41.9837    0.49109    8.67091    
1    85    21    -6527.11    -42.2038    0.491551    8.57824    
1    86    22    -6519.08    -30.4332    0.521333    9.42097    
1    88    23    -6525.83    -37.1952    0.508663    8.94431    
1    92    24    -6523.82    -37.8344    0.512547    9.1365    
1    94    25    -6527.98    -41.252    0.4862    8.92603    
1    99    26    -6528.25    -41.7786    0.504283    8.77893    
1    100    27    -6525.38    -40.419    0.486966    8.44584    
