157	4120	1.00	2.947E-79	0	489	490	0	489	490	490M
82	1926	0.383	5.965E-41	1	489	490	9	510	512	64M4D41M1D55M8D29M1I37M7I3M8D21M2D1M1D1M3I66M1D43M1I116M
77	1924	0.383	7.134E-41	1	489	490	9	510	512	65M4D40M1D55M8D29M1I37M7I3M8D18M2D4M1D1M3I66M1D43M1I116M
161	1845	0.369	2.340E-39	0	489	490	3	500	504	35M1D65M1D60M7D30M1I39M4I2M3D2M2D136M1I115M
31	1844	0.369	2.447E-39	0	489	490	1	498	502	35M1D65M1D60M7D30M1I39M4I2M3D2M2D136M1I115M
70	1501	0.331	3.956E-34	6	477	490	4	491	492	10M4D19M1D65M1D58M4D4M3D28M1I36M7I6M8D134M1I83M4D20M
59	1283	0.240	8.927E-30	8	489	490	2	495	499	95M5D56M2D30M2I3M1D28M1D7M5I21M4D4M6D2M2I10M2D5M3D56M1D40M1I37M1I13M1I39M1I23M
68	1281	0.250	1.117E-29	0	489	490	0	502	504	25M2D80M3D52M1D33M1I24M1D8M6I6M5D19M1D10M3D2M3D5M5D103M1I42M3I70M
55	1254	0.243	4.275E-29	8	489	490	7	498	503	94M3D5M2D52M2D30M2I3M1D29M1D6M5I29M9D10M5D50M4I5M1D42M1I51M1I39M1I23M
63	1245	0.242	9.567E-29	8	489	490	7	493	497	99M4D52M2D30M2I3M1D39M3I6M1I14M6D17M4D46M3I8M1D43M1I37M1I13M1I39M1I23M
61	1227	0.232	1.565E-28	2	489	490	1	491	495	14M3I84M4D56M2D31M1I41M6I19M8D4M3I10M5D100M1I40M1I10M1I63M
27	1193	0.227	6.853E-28	5	489	490	12	509	513	13M4I80M3D5M2D52M2D30M2I3M1D39M2I6M2I14M10D3M2D3M1I9M5D53M4D4M1I44M1I36M1I13M1I39M1I23M
137	1180	0.247	5.239E-28	1	489	490	8	499	503	26M6D131M1D32M1I24M2I4M6I11M6D2M3I14M8D17M4D50M4I48M1I39M4I60M1I9M
23	1167	0.233	5.239E-28	0	489	490	0	505	514	7M1I19M2D76M2D5M2D25M1I4M1D21M5D31M1I31M1D4M10I4M4D17M4D7M2D10M3D46M3I89M3D12M3D66M
120	1132	0.245	5.615E-27	1	489	490	8	499	501	26M6D129M3D1M2I31M1I24M2I4M6I11M3D17M6D5M2D14M4D49M5I3M1D45M1I43M4I56M1I9M
132	1098	0.263	1.797E-26	0	462	490	8	482	486	100M7D5M3I51M2D30M2I3M1D28M1D6M1I5M2I6M2I13M10D4M2I10M5D83M1D4M1I13M1I51M1I36M
196	1013	0.243	2.064E-24	0	487	490	0	484	493	8M1D17M1D3M1D65M3D12M1D56M2D29M2I23M3D8M2I5M4I7M1I21M1I9M4D59M3I32M2I5M1I24M1I9M1I6M2I9M1I41M2D19M
141	1012	0.208	5.155E-25	6	489	490	4	501	503	9M3D11M2I60M3D43M4I12M4D10M1I17M12D14M2I24M10I12M5D4M4D16M2D4M3I10M5D81M1D5M1I15M1I39M1I10M1I41M1D21M
28	966	0.215	2.469E-24	6	489	490	4	494	496	5M3D16M2D62M4D22M1I43M3D34M2D14M1I19M3D7M9I19M3D3M3I8M6D60M3I39M1I24M1I9M1I59M1D21M
114	962	0.220	1.293E-23	7	489	490	7	512	516	20M3D25M1D8M1I42M1I27M4D2M4I19M3D3M5D30M2I7M14D10M1D4M1I7M3D13M6I16M5D4M2I13M6D50M2I43M2D7M1I33M3I55M1I21M
195	956	0.201	1.414E-23	1	488	490	8	521	522	22M3I6M5D71M1I50M6D37M1I5M1I18M3I9M4I7M2D33M7D62M2I38M1I21M1I15M3D12M2D39M10D6M8D20M
79	951	0.204	1.479E-23	4	489	490	0	500	501	10M2D38M1D6M1I46M1I46M2D9M5D29M9D3M5D11M3I5M1I10M3D10M6I20M2D11M1I3M7D52M2I41M2D5M1I41M1I6M4I38M2I23M
58	943	0.236	1.769E-23	5	489	490	9	495	499	22M2D66M4D25M1I35M1I6M8D28M2I23M3D9M3D7M9I23M2D5M1I58M1D2M4I42M1I20M1I16M2I48M4D4M3I21M
89	941	0.203	9.885E-24	1	489	490	5	493	498	27M5D86M1I13M3I2M2I5M5D49M2I29M5D10M9I21M1I10M5D50M5I5M2D43M1I24M1I13M1I3M1I48M3D3M2D21M
136	936	0.207	1.617E-23	8	489	490	1	481	483	15M3I2M5D72M3I5M3D6M1I19M1I5M1D49M4D3M6I22M5D10M9I30M1D4M5D59M3I39M1I24M1I16M2I45M3D6M2D21M
60	934	0.204	3.309E-23	0	489	490	0	493	497	27M2D66M3D4M1D3M2D14M1I38M4D4M3I37M1D20M4D6M1I6M9I33M5D61M3I40M1I22M1I69M1D21M
45	934	0.220	7.405E-23	7	489	490	5	510	514	20M3D76M1I27M1D5M1I19M2D5M6D28M2I5M5D2M9D10M1D4M1I7M3D13M6I16M5D4M2I8M1I4M7D50M2I43M2D7M1I33M3I55M1I21M
8	931	0.223	1.546E-23	0	489	490	3	497	504	16M2D11M2D54M1I5M4D3M3D7M2I8M2D7M1I46M3D28M2I4M4D10M1D5M2I11M2I10M4I21M1I5M1I5M6D49M5I6M2D42M1I14M1I22M1I3M1I52M1D21M
67	928	0.231	3.026E-23	2	489	490	9	506	515	25M3D38M1D34M7D3M3I22M7I4M5I3M2I11M2D32M1I26M3I14M1D6M2I14M8D4M3D5M3D8M2D46M4I16M1D72M1I3M4D10M3D64M
35	924	0.198	2.530E-23	5	489	490	13	507	509	22M2D53M1D8M7D26M1I40M4D34M4D41M9I21M1I11M6D51M5I4M2D42M1I24M1I11M1D6M1I51M2D21M
144	920	0.214	5.177E-23	8	489	490	6	486	488	19M2D66M5D4M2I8M2D4M1I4M1I14M1I8M1D18M1D31M2I17M1D3M7I8M3D34M1I5M1I4M5D57M3I43M1I24M1I9M1I17M1I41M2D21M
193	914	0.193	6.475E-23	4	489	490	4	496	501	22M1D6M5D71M1I50M6D37M1D19M3I5M2I27M1D14M3I8M7D56M2I43M1I25M1I15M3I9M1I35M1I4M4D22M
12	906	0.216	1.059E-22	6	489	490	3	484	488	21M2D66M4D6M1D7M1I7M1I40M4D2M3I29M2I31M5I9M2D18M2D7M3I6M4D53M3D2M6I43M1I21M1I17M2I5M1D6M1I41M1D21M
91	906	0.210	5.177E-23	6	488	490	4	489	490	5M3D16M2D66M4D10M3I7M1I46M2D29M2I24M6I14M5D2M2I18M2D4M3I8M6D51M5I4M2D27M1D15M1I21M1I15M2I7M1D6M1I41M2D20M
33	906	0.208	1.013E-22	0	489	490	1	486	492	24M1D4M1D62M3D24M1I45M1I29M3D20M2I11M3D7M9I19M2D3M3I8M5D60M3I39M1I14M1I22M1I14M1I41M1D21M
50	903	0.194	5.073E-22	0	489	490	12	505	506	27M2D62M4D18M1I81M2I21M3D8M1D14M5I32M1D2M2D50M5I4M2D35M2I5M1I24M1I12M1D6M3D44M2I6M4D20M
32	903	0.204	1.617E-23	5	489	490	6	508	510	22M2D66M3D7M2D14M1I41M3D1M2I30M4D5M5I5M5I12M3D12M1I9M4D14M1I6M1D2M3D2M3D5M1I47M5I6M2D42M1I13M1D3M6I4M4D11M1I14M1I36M3D4M3D2M7D20M
154	901	0.205	1.769E-23	5	489	490	6	508	510	22M2D66M3D7M2D11M1I47M1D30M4D10M10I14M3D10M1I9M4D23M3D2M3D5M1I47M5I6M2D42M1I13M1D3M6I4M4D11M1I14M1I36M3D2M3D4M7D20M
21	900	0.193	1.325E-22	4	489	490	4	496	501	22M1D6M5D71M1I50M2D7M4D30M1D19M3I5M2I27M1D14M3I8M7D56M2I43M1I25M1I15M3I9M1I35M1I4M4D22M
51	896	0.234	3.878E-22	4	489	490	17	503	507	22M1D2M5D61M4D16M1D54M1D2M1D28M2I29M6I10M1D9M1D15M1I12M4D59M3I32M2I5M1I22M1I14M2I5M1I7M1I41M2D21M
184	895	0.227	1.182E-23	9	489	490	8	494	496	18M2D16M1D7M1I37M3D26M1I19M1I5M1D18M1D31M2I24M7I22M1I21M1I3M13D42M1I19M3I39M1I14M1I22M2D7M1I7M1I37M2D23M3D2M
81	895	0.194	1.086E-21	2	489	490	4	497	500	25M2D66M6D7M2D14M1I43M1I38M2I16M5I24M2D6M4D22M5D52M3I46M1I25M1I12M2I55M1D21M
52	892	0.215	8.857E-23	7	489	490	3	490	491	17M2D8M5D61M4D8M1D3M4I23M3D10M3I16M2D29M2I32M4I1M2I14M4D13M2D1M3I10M4D3M1D49M5I4M2D42M1I24M1I13M1I2M1I52M2D21M
17	891	0.198	2.073E-22	6	489	490	7	493	495	10M1D10M2D63M4D9M1D5M1D11M1I43M1I33M2I14M1D4M2D8M3D10M9I27M1I7M5D47M5I6M2D43M1I21M1D3M2I67M2D21M
198	889	0.214	1.059E-22	27	489	490	7	468	470	61M4D11M2D2M3I27M2I9M2D14M3I1M6D29M2D21M1I12M3D7M9I18M2D2M3I10M4D49M5I6M2D42M1I20M1I16M2D7M4I46M2D21M
47	887	0.219	4.435E-22	7	488	490	1	479	480	18M2I66M4D66M2D30M2D23M2D18M9I32M4D52M3D3M6I42M1I25M1I11M2D7M3I5M1I41M1D20M
65	886	0.218	1.158E-22	0	489	490	0	486	488	5M2D18M3I2M5D67M1D14M1D4M1I14M3I2M2I3M5D19M2I3D30M2I13M3D19M3D7M9I24M1I7M2D54M1D3M4I42M1I24M1I9M1I17M1I41M2D21M
138	886	0.207	5.414E-23	7	489	490	5	489	491	21M5D14M1D7M1I64M1I19M1I5M1D49M4D3M1D23M1I4M1I9M9I36M6D48M1D5M4I42M1I24M1I16M2I48M3D3M2D21M
160	884	0.203	3.709E-22	5	489	490	6	484	486	20M1D3M1D60M3D8M3I9M2D8M1I14M2D4M2I21M2D53M2I2M7I15M2D22M2D2M3I7M2D52M5I4M2D42M1I24M1I14M1I12M1I41M2D21M
53	882	0.184	2.371E-22	14	489	490	7	488	492	13M2D64M3D12M3D11M1I38M4D4M3I37M1D41M6I22M5D57M5I4M2D34M1I10M2D22M1I69M1D21M
128	877	0.212	2.073E-22	7	489	490	6	494	496	6M1D14M2D16M1D11M1I33M3D26M1I16M1I8M1D18M1D31M2I24M7I6M3D32M1I10M9D41M1I19M3I39M1I24M1I10M3D17M1I36M2D26M
191	876	0.190	8.469E-23	9	489	490	6	526	528	23M5D20M4D9M2I41M1D20M1I5M5D26M8D4M2D33M1I12M2D4M3I21M5I18M7D5M2I8M7D51M5I3M3D45M3D23M1I12M2D15M1I34M3D7M9D21M
87	868	0.193	4.241E-22	0	489	490	2	498	502	7M1I18M1D6M5D63M3D19M1I16M1I8M1D18M1D31M2I24M7I16M3D21M2I2M1D9M11D56M3I43M1I16M1I20M2I50M2D26M
10	868	0.221	9.491E-22	0	487	490	2	497	506	15M1I11M2D62M1D3M1D19M1D45M6D41M1I6M5I6M1I20M3I15M2D7M5D13M2D49M5I4M2D33M1D8M1I23M1I15M2D14M1I34M6D4M4I7M1D3M1I7M
143	867	0.211	1.895E-22	14	489	490	5	482	487	9M3I6M5D61M4D21M1I5M4I9M1I4M5D17M2D34M2I25M3D8M3D6M9I21M1I11M4D51M5I4M2D42M1I24M1I12M2D15M1I41M1D21M
56	865	0.213	3.391E-22	6	489	490	15	497	501	5M1D16M2D64M4D4M1D58M3D4M2I30M2I3M4D9M2D21M5I4M6I21M1I13M3D54M3I43M1I24M1I12M2I7M1D6M1I41M2D21M
73	861	0.203	7.936E-22	3	487	490	5	491	497	23M1D2M1D15M1D15M1I28M1D12M4I11M1I43M1D32M3D12M2I19M3D7M9I22M1D11M5D51M5I4M2D8M1D59M1I11M3D6M1D52M1D19M
155	857	0.215	2.835E-22	1	489	490	26	504	508	9M6I11M2D16M1D7M1I40M2D5M3I4M5D7M1D9M2I68M3D8M2I4M1I11M3D5M1I11M9I22M1I8M2D50M9I2M6D41M1I24M1I69M2D21M
36	855	0.199	7.256E-22	2	488	490	3	497	505	3M1D22M2D66M5D8M1I29M4D5M4I17M1D32M3D4M1I12M1D5M7I2M3I13M4D21M2D6M1I20M3D48M3I32M2I5M1I24M1I19M4D43M2I6M4D19M
44	850	0.196	2.267E-22	0	484	490	0	478	480	26M2I103M1D5M1I14M4D6M3I39M1I5M4I6M4D2M3D16M6I19M5D64M6I26M1I6M1D13M1I24M1I10M1I12M4I25M4D3M3I7M4D13M4D2M2I3M
1	849	0.184	2.540E-21	7	489	490	9	479	483	20M2D17M1D58M2I54M1I30M4D3M6I7M3D5M3I4M1D11M9I23M1I12M3D1M2D3M2D43M7I48M1I23M1I13M5I6M2D39M1I3M7D1M2I20M
125	845	0.197	1.624E-21	5	489	490	3	488	491	22M2D62M1D8M6I6M2D4M1I17M1I8M1D16M2I2M3D29M2I15M3D16M3D8M9I22M1D11M5D56M3I8M1D35M1I24M1I10M3D12M1D47M1D21M
76	843	0.203	1.187E-21	1	489	490	3	509	511	22M1D5M1D65M3D7M2D14M1I40M3D2M2I30M4D11M3I5M2D4M7D8M1I9M9I27M1I4M6D52M5I4M2D42M1I24M1I13M3D3M1I45M3D3M6D25M
145	842	0.200	1.358E-21	6	489	490	21	510	511	21M2D103M2D8M1I50M2I15M3D4M1I12M3I16M2D10M2D20M6D48M6I48M1I24M1I11M3I6M4D7M1I28M3D18M1D16M
69	841	0.192	2.905E-21	0	489	490	0	516	520	25M2D40M4D22M1D13M2D14M1I21M2D19M3D2M2I38M2I17M11D14M9I26M1D5M4D59M2I2M1I4M2D36M1I20M1I26M4D46M3D2M7D20M
142	839	0.196	3.475E-21	0	489	490	0	487	491	12M2D11M2I3M1D58M3D28M1I42M2I1M4D29M4D5M1I15M2I4M1D4M2D10M9I21M1I13M4D49M5I4M2D42M1I24M1I9M1I6M1I52M2D21M
74	836	0.217	2.031E-21	8	489	490	3	498	500	20M5D30M3D45M1I50M4D2M3I30M5D8M5I10M1I11M1D13M3I5M5D25M4D5M3D55M2I67M1I12M1I14M1I34M1D21M1D7M
90	835	0.227	3.391E-22	8	489	490	45	536	541	9M1I10M5D64M1I9M2D5M1D13M5D7M3D6M4I19M3I24M1I2M3D8M1I22M1D6M2D6M10I32M2I1M8D48M6I4M1I41M1I24M1I10M4D12M4D5M1I36M3D1M3D4M2I10M1D9M
133	833	0.208	1.135E-21	7	489	490	2	495	499	9M1D7M3D5M6D65M5D7M4D2M7I4M1I46M2D29M2I3M4D16M1I23M6I20M1I14M5D46M3I50M1I24M1I11M2D58M2D21M
88	833	0.200	2.323E-21	6	489	490	21	510	511	21M2D104M1D58M2I15M3D4M1I12M3I14M2D12M2D20M6D48M6I48M1I24M1I11M3I6M4D7M1I28M3D20M2I4M3D8M
197	832	0.235	2.429E-21	1	462	490	6	459	465	16M5I6M1D60M3D12M1D56M2D5M1I27M2I22M3D11M1I12M2I18M2D4M3I9M3D50M5I4M2D42M1I26M1I19M4I38M
18	832	0.189	1.135E-21	9	487	490	1	490	495	18M2D21M2D18M1D35M3D4M4I25M2D2M2I23M2D28M4D4M5I20M2D14M5I15M3D5M4D9M1I3M5D5M3D45M1D12M3I41M1I22M1I12M1I2M2I10M1I37M1D14M1D7M1D2M
26	832	0.222	5.198E-21	5	489	490	7	505	507	22M2D14M4D5M1D4M1D51M3D4M4I41M3D7M2I38M1I28M1D11M2I15M4D17M4D3M3D56M2I23M1D5M1I38M1I14M1I12M1I35M2I2M3D14M1D9M
30	826	0.201	9.491E-22	4	489	490	2	492	496	11M1I4M5I68M5D8M1I29M3D26M2I30M4D8M2I11M1I5M8I13M1D7M4D15M1I16M10D49M1D3M4I35M2I5M1I21M1I14M2D4M2D48M2I5M4D20M
135	823	0.208	2.323E-21	14	488	490	2	471	472	12M2I103M1D59M2I17M2I6M6I15M7D2M2D14M4D8M2I3M1D53M6I48M1I24M1I16M1I10M1I28M3D16M1I7M2D9M
66	820	0.203	3.800E-21	2	488	490	4	494	503	25M2D61M3D29M1I13M1I8M1D15M3D2M2I30M4D10M1I30M9I15M1D5M2I7M9D64M3I39M1I24M1I62M1D7M1D20M
75	819	0.227	7.111E-21	5	488	490	17	514	517	22M2D19M1D3M1D2M4D52M1I49M3D4M2I30M5D8M6I17M1I12M2I5M1D5M1D9M4D12M1I3M5D7M3D50M2I26M1D5M1I38M1I14M1I12M1I35M2I2M3D14M1D8M
5	813	0.211	2.429E-21	2	489	490	1	496	500	6M4D10M1D7M2D18M1D7M1I37M4D5M1D7M4D2M7I2M1D2M2I41M2D33M5D13M2I6M2I23M6I19M1I14M5D53M3I43M1I24M1I11M2I6M1D4M3D46M2D21M
6	813	0.186	3.974E-21	6	487	490	5	509	515	21M2D61M1I17M1D51M7D36M3D3M2D27M1D9M9I14M1D6M5D5M1I4M11D48M9I1M6D32M1I14M1I20M1I23M7D4M2I36M1D4M1I13M2D7M
140	812	0.203	1.420E-21	0	489	490	2	492	494	11M3D21M5D57M5D12M1I12M1I42M2D33M3D20M2I4M8I30M4I7M1D6M3D3M1D49M1D5M4I41M1I25M1I9M1I6M1I52M1D21M
152	810	0.193	2.081E-20	1	489	490	7	510	513	21M1I80M1I16M3D8M8I2M5D18M11D35M1D13M3I24M2I24M2I9M1I5M8D60M2I38M1I24M1I12M2D6M3D9M1I34M5D28M
25	809	0.206	4.156E-21	0	489	490	0	501	504	32M5D59M4D13M1I54M2D2M1I27M2D5M4I3M4I10M2I24M3D8M4D10M3I14M6D2M1D45M5I4M2D35M2I5M1I24M1I18M4D46M1I5M4D8M2D3M2I7M
34	804	0.213	8.504E-21	8	488	490	7	524	525	20M5D32M3D30M1D8M1D11M2D88M1I19M1D20M2I14M4D4M9D15M2D3M4D55M1I42M3D5M2D11M1I4M1D5M1I11M2D6M3I7M1I35M1I4M5D2M1I9M3D6M1D3M
134	803	0.213	1.330E-20	9	489	490	1	474	475	16M2D82M2I3M1I7M1I7M2I3M2I3M5D20M1I30M4D3M9I14M1D2M1I29M3I12M1D9M3D4M4D47M2D3M5I31M1I12M1I24M1I13M1I11M2I36M1I3M2I1M7D20M
14	803	0.245	7.776E-21	1	489	490	9	500	504	25M2I65M2D5M1D6M2D54M1D26M2I29M3D8M3I12M1D6M2D7M1I3M2I2M2I12M5D49M5I5M2D26M1I3M2D3M2I7M1I20M1I17M1D50M6D3M3I21M
85	800	0.210	5.685E-21	7	489	490	11	500	501	20M2D64M2D7M3D60M1D26M9I11M2D8M4I6M3D9M3D16M3D4M1I8M1I12M5D50M5I4M2D26M1I3M2D6M2I4M1I20M1I15M2I7M3D45M1D4M2D9M2D2M2I8M
71	783	0.178	1.591E-20	8	489	490	15	499	503	19M2D15M1D18M1I29M1D7M3D10M3I4M2I40M2D34M2I13M4I11M7D10M9I23M1D4M1I4M6D52M5I4M2D37M1D5M1I24M1I9M4D53M2D28M
108	767	0.191	5.094E-20	0	489	490	0	498	500	28M5D22M3D8M1I7M1D37M1I21M2I9M1I6M1I15M5D31M1D5M2I13M6I7M3I16M1I11M2D10M10D6M4D104M1I24M1I20M3I4M1I40M1D14M1D8M
42	766	0.181	7.969E-20	5	489	490	9	538	540	22M2D38M20D28M7D11M3D29M4I22M2D38M2D17M1D9M3I6M3D10M8I4M15D7M1I9M8D52M5I4M2D30M1D7M3I22M1I14M1D12M1D6M1I36M1D5M2D21M
150	765	0.190	8.504E-21	21	489	490	2	484	488	6M2D70M1D10M1D13M3I13M1I19M7D8M3D25M1D8M1D13M3I9M3I5M7I10M1D6M3I5M3I5M6D5M1D59M2I39M1I22M1I11M1I7M6D10M1I35M2I1M1D3M2D6M4D4M8D11M
29	764	0.202	1.664E-20	12	489	490	4	489	491	15M2D65M5D6M3D49M4D9M3I27M4I6M1D5M1D13M7D12M3I3M4D5M7I12M5I10M5D50M5I6M2D28M1D5M2I7M1I19M1I14M2D60M2D8M2D3M2I8M
16	761	0.181	4.991E-19	0	488	490	1	485	486	27M1D65M1I5M2D60M2D39M3I8M4I3M6I2M3I21M1D10M2D5M2D10M7D96M1I5M1I24M1I25M2I37M1I14M2D10M
57	756	0.173	1.950E-19	9	489	490	7	527	530	18M6D21M2D24M25D2M5D24M1D4M2I49M3D4M2I37M1I25M9I8M6D22M1D5M1I4M5D3M7D56M1I43M1I22M1I20M2I2M5I41M2D8M2D14M
62	755	0.198	1.363E-19	5	489	490	4	504	505	14M3I7M5D24M2D106M1D35M1D15M2I12M1D3M6I7M5D12M4D12M1D12M5D49M3I8M3D24M2I4M1D6M1I27M1I27M1I34M4I5M6D9M4D10M
83	754	0.194	4.259E-20	5	485	490	7	490	497	22M2D18M1I8M3D11M1D38M4I24M2D5M2I20M1D39M2I18M10I16M7D4M4D16M2D5M9D11M3I38M2I52M1I24M1I11M2I3M1I10M1I36M1D15M1D7M
139	752	0.201	9.114E-20	5	485	490	7	490	497	22M2D18M1I8M3D11M1D36M1D4M5I21M2D5M2I20M1D39M2I18M10I16M7D4M4D24M8D2M3D6M3I40M2I50M1I24M1I11M2I3M1I10M1I36M1D15M1D7M
9	750	0.185	9.531E-20	7	487	490	4	512	517	24M5D16M2D60M1I43M4D5M3I37M1D2M2I17M1D9M6I7M2D5M3D9M3D5M6D4M5D13M5D54M2I23M1I6M1D13M1I24M1I21M2D6M1I34M1D20M5D6M
192	741	0.183	1.528E-18	0	489	490	3	488	489	27M1D16M1D7M1I29M1D10M2I7M1D9M1D48M2D4M2D29M2I4M1D2M2I34M12I19M1D9M4D5M3D61M1D29M1I5M1I24M1I13M2I48M1I17M2D9M
148	738	0.209	3.191E-19	7	489	490	8	503	504	10M1D9M2I63M1I37M4D4M4I22M4D5M1D7M1D31M3I12M4I16M2I16M6D6M3I9M8D49M5I2M2D10M1D19M1D2M1I15M1I22M1I14M5I7M1I37M5D2M8D13M4D11M
0	735	0.196	5.709E-19	6	486	490	6	508	509	22M5D13M4D6M2I40M1D11M2D3M7I2M4D85M1I55M6D22M5D55M2I43M1I23M1I21M2D6M1I29M2D11M3D2M1I8M4D8M
156	735	0.182	2.133E-19	0	489	490	25	523	524	23M3I6M5D10M1D16M1I7M1D37M5D11M1I40M2D4M1I29M3D9M2I10M1I11M2D15M5I20M1D9M3D52M5I4M2D42M1I24M1I14M1D16M1I4M3D34M2D21M
13	725	0.191	7.467E-19	0	486	490	0	515	517	29M5D19M2D40M1D12M1D7M2I50M1D38M1I56M1D3M6D5M2I11M5D52M2I30M1D2M1I5M2D9M1D13M1I5M1D4M1I13M1I3M4I6M1I29M12D4M7I5M9D5M4D9M
170	717	0.185	4.173E-19	1	489	490	3	500	501	34M2I18M3D14M2D5M1D29M4I6M3D18M2I4M1I5M3D46M2I6M1I21M4I15M1D19M12D6M3D8M5D59M2I29M1I6M1I5M1I24M1I9M3I51M1D5M1I13M1D8M
40	706	0.191	8.368E-18	0	488	490	3	484	485	27M1D53M1D10M2I9M1D5M1D50M3D4M2D29M2I4M1I18M13I20M1D17M1D11M7D65M1D28M1I5M1I24M1I14M9I5M3D36M1I16M2D8M
19	706	0.183	4.089E-18	0	489	490	0	504	507	7M1I19M2D21M2D53M1D6M2I22M1D5M1I18M3D2M2I38M1I19M5I9M1D8M4D13M4D9M6D5M3D8M2D47M3I51M1I13M1I22M2I13M1I34M4D6M3I10M5D9M
54	704	0.192	5.709E-19	10	489	490	1	488	491	22M5D11M2D51M1D9M1I54M1D36M5D21M4I18M2I15M2D21M5D51M7I28M1I13M1I23M1I20M1I5M1I36M2I2M6D5M1D9M1D9M
48	704	0.188	4.773E-19	5	485	490	7	491	502	22M2D19M1D6M1D13M1D41M4I21M5D2M5I12M3D7M2I38M2I18M9I7M1I10M7D3M4D14M2D7M10D18M3I37M1D5M3I40M1I24M1I11M2I12M2I35M1D17M1D7M
3	700	0.178	4.891E-18	5	485	490	8	506	514	22M2D16M2D51M1D7M1D6M2I49M1D39M1I29M5I7M5D18M4D8M2I4M7D11M1I39M6I4M4D32M1I34M1I20M1I6M1I35M5D2M4I2M1D7M12D2M2I4M
84	691	0.192	6.997E-18	4	488	490	3	516	517	25M5D23M3D5M1I30M1D12M1D7M2I49M1D38M1I19M1D10M3I12M2D13M6D7M1I13M5D52M2I38M2D7M1D2M2D23M1I14M5I7M1I30M12D6M5D2M4I5M1D5M3D5M1I4M
2	689	0.192	1.197E-17	5	483	490	2	498	502	22M2D20M2D51M1D1M1D4M3I50M1I38M1D5M2I52M4D10M2D11M5D45M1D12M3I24M1D2M1I13M1I23M1I12M2D9M2D6M1I30M1D6M1D7M1D10M4D3M
80	687	0.199	5.970E-19	27	487	490	3	473	481	20M2D19M1D32M1D10M2I19M5D4M5I11M3D8M2I35M1D3M2I18M10I17M3D6M4D5M5D9M2I7M3D5M5D48M5I9M3D14M1I6M1D13M1I7M5D17M1I11M3I13M1I36M1D18M1D4M1D2M
46	685	0.174	9.570E-18	0	489	490	1	505	509	15M1I9M2D23M2D52M3D2M2I3M2I19M3I11M3D14M1I2M2D35M1D4M2I17M2D20M2I19M10D8M3D8M2D47M3I51M1I13M1I22M2I13M1I35M2I8M2D1M2D7M4D9M
15	675	0.186	1.999E-18	9	489	490	1	483	488	18M3D66M2D9M3D58M1D25M4I3M1D17M3I7M4I5M6I7M4I12M13D6M1D11M7D46M3I39M1D3M2I7M1I21M1I26M4I36M5D3M3I9M2D2M2I8M
162	672	0.182	5.349E-18	31	488	490	7	467	468	5M4I28M2D6M1D23M3D6M7I4M2D1M1D16M1I8M2D19M1D34M4I18M2D2M3D11M6I23M8D4M5D10M2D55M4I30M1I7M1I30M1I11M1D4M1D10M2I36M1I17M1D8M
163	669	0.194	7.317E-18	4	489	490	0	497	498	24M5D16M2D44M1D19M1I44M4D4M3I35M3D18M6I4M4I6M1D26M1D3M3D14M5D54M2I23M1I5M1D15M1I23M1I20M1I6M1I32M10D3M1D5M1I7M2I2M2I5M1D3M
147	669	0.196	2.734E-18	8	489	490	8	505	510	8M1I10M3D64M1I37M4D4M4I6M4D6M4D9M2I30M2I2M2D12M7I10M2D3M4D12M1I15M4I6M1D7M6D3M1D49M5I2M2D10M1D16M1D5M1I12M1I24M1I19M6I39M5D2M8D13M4D11M
37	667	0.194	4.677E-18	5	462	490	7	476	501	22M2D39M6D22M2D5M4D2M3D36M1I8M1D11M4D6M3I26M4I3M1I2M2D10M3D5M1D12M3I20M3I11M1I11M5D50M4D4M7I25M1I3M2D5M2I4M1I21M1I21M1D46M
20	654	0.188	1.145E-17	0	488	490	16	472	475	7M1I17M1D3M1D65M4D7M2I59M3I9M24I17M2I4M1I9M9I19M1D11M1D6M2D46M5I6M2D37M3I27M1I15M4D51M1D3M2D20M
111	650	0.167	5.732E-17	1	489	490	8	497	498	33M1D14M3I18M1D1M2D4M1D15M2I6M1D20M2D3M3I36M1D33M2I19M5D18M8I18M3D4M7D13M6D53M3I31M1I6M1I30M1I8M2I14M3I36M1I15M1D11M
169	645	0.150	5.242E-17	1	489	490	10	497	498	35M4I1M1D19M1I8M1D1M2D4M1D15M2I6M1D22M2D4M3I34M1D32M2I19M5D6M2I8M6I21M3D5M7D10M5D3M1D55M3I29M1I6M1I30M1I11M2I11M3I36M1I15M1D11M
11	644	0.180	5.349E-18	6	486	490	6	523	524	26M5D12M1D8M4D12M15D30M5D8M6I51M1D37M2D18M2I10M6I5M5D20M7D9M2I7M6D45M3D6M4I31M1I2M1I34M1I12M2D4M4I7M1I28M3D6M4I5M3D4M5D1M2D11M
130	641	0.160	3.504E-17	1	489	490	9	498	502	34M2D27M4I3M3D5M1D15M2I6M1D22M2D4M3I31M1I3M2D31M2I19M5D8M2I10M6I18M3D4M7D10M5D3M1D55M3I29M1I6M1I30M1I22M5I36M1I15M1D11M
112	639	0.189	2.500E-18	28	489	490	5	479	481	7M5D5M5I15M1I6M2D7M1D21M1D3M3D12M1D11M3D6M3D6M6I14M3D6M1D4M1D29M1D14M4I4M4I21M1D13M4D5M5D6M2D3M1I7M1D53M3I31M1I12M1I24M1I13M1D69M1D8M
194	638	0.190	1.791E-17	8	488	490	24	473	476	17M1D3M1D65M4D7M2I54M2I3M1I11M24I17M2I4M1I9M9I19M1D11M1D6M2D46M5I6M2D37M3I27M1I18M4D48M1D3M2D20M
185	638	0.151	5.732E-17	0	489	490	17	524	525	25M1I9M2I12M6D16M1I5M1D3M2D29M4I6M3D73M1I5M1I4M1I17M5D16M8I18M15D4M7D13M5D57M1I29M1I6M1I4M1I25M1I9M3I68M1D10M
39	633	0.184	5.349E-18	49	489	490	5	455	458	15M3I5M1I18M1D6M5D8M4I4M1I14M5D17M1D11M3I26M6D31M3D9M2D5M9I15M1D10M5D10M1D56M2D31M1I6M1I44M6D3M8I40M1I3M3D12M1D10M
93	632	0.169	5.242E-17	2	489	490	7	510	512	22M2I6M7D3M2I13M3D19M2D5M1D44M1I38M1I37M3I10M5D11M2I5M1I7M5I18M17D5M2I2M1I7M6D57M1I29M1I4M1I9M1I20M1I13M1I15M1I35M1D19M1D8M
97	631	0.159	1.678E-16	2	489	490	9	494	495	34M4I1M1D3M2D4M4I17M1D1M2D4M1D15M2I6M1D21M1I37M1D41M2I7M2D6M3D9M2I4M6I24M10D14M6D59M3I28M1I6M1I28M1I24M5I36M1I15M1D11M
117	625	0.174	1.958E-17	31	489	490	5	447	450	26M4I8M1D5M3D22M3D7M7I2M4D22M3I47M4I9M1D10M2D9M3I7M9I9M7D28M6D50M9I8M3D29M1I5M1I24M1I15M2D4M8I37M1I8M1D7M1D7M1D3M
158	623	0.160	1.604E-16	0	489	490	1	497	501	9M6D26M2D19M3I3M1I8M4D20M2I6M1D20M2D3M3I34M1I3M2D34M2I16M5D8M2I10M6I18M3D4M7D13M6D50M2I5M1I29M1I6M1I30M1I11M2I8M3I39M1I15M1D11M
43	620	0.153	2.625E-16	1	489	490	10	497	498	35M4I1M1D19M1I8M3D5M1D15M2I6M1D20M2D6M3I34M1D32M2I19M5D6M2I8M6I22M3D4M7D10M6D58M3I29M1I6M1I30M1I11M2I11M3I36M1I15M1D11M
172	618	0.173	3.350E-17	8	489	490	3	507	523	10M1I12M2D23M1I12M2D7M9D17M1D10M1D29M7D6M3I18M2I31M3D13M1D7M1I22M6I18M6D17M2D46M1D5M6D36M1I6M1I43M2I49M1I15M1D11M
92	617	0.165	1.227E-16	5	489	490	3	510	512	22M4D10M2D3M4I6M3D17M2D2M2D5M1D50M1I25M3D45M3I22M3D6M1I4M5I19M12D5M5D6M1I7M6D57M1I29M1I6M1I7M1I22M1I11M3I7M2D6M1I35M1D20M1D7M
116	615	0.152	1.341E-16	2	489	490	11	497	498	34M4I29M1D1M2D4M1D15M2I6M7D6M6I8M2D6M3I31M1I3M2D31M2I12M5D25M8I18M3D4M7D12M6D56M3I29M1I6M1I30M1I11M2I11M3I36M1I15M1D11M
41	613	0.196	5.874E-16	0	485	490	2	513	515	16M2D7M3I5M5D16M2D38M2D12M1D16M1I16M2D5M2I22M2D27M1D11M1I26M1D2M6I6M5D19M7D4M3D5M1I7M6D50M1I50M1I23M1I12M1D4M4I7M1I29M2D11M3D9M3D9M
175	608	0.170	2.871E-16	1	489	490	9	498	499	34M5I10M4D10M1I8M1D1M2D4M1D15M2I8M1D18M1I32M3D7M2I36M2I7M2D4M3D23M8I18M3D4M7D12M6D56M3I29M1I6M1I30M1I11M2I11M3I36M1I15M1D11M
119	607	0.159	2.099E-16	5	489	490	3	510	512	22M4D10M2D3M4I6M3D17M2D2M2D5M1D16M1D3M1I28M1I27M3D45M3I14M5D7M2I5M1I4M5I19M11D5M6D6M1I7M6D57M1I29M1I6M1I7M1I22M1I25M2I36M1D20M1D7M
95	606	0.178	9.807E-17	9	489	490	3	511	525	20M1D8M1D14M1I16M4D6M7D17M1D10M1D13M1I26M5D16M2I30M1I16M4I4M4I11M1I9M7D14M9D6M2I12M3D49M1D3M6D36M1I6M1I42M2I6M4D6M2I36M1I15M1D11M
131	602	0.179	1.026E-16	31	488	490	10	466	467	4M2I13M4D19M2D5M1D21M1D4M5D6M1I15M3D9M2I4M1I19M2D34M2D3M1I12M4I5M4I22M3D12M3D9M2I7M1D53M3I34M1I6M1I5M1I24M1I13M4I45M1I16M1D10M
190	602	0.174	5.136E-16	6	488	490	3	482	483	30M2I12M3D19M2D5M1D17M1I26M1I39M1I48M3D5M1I6M2I5M2D5M8I16M5D9M1D2M1I7M6D46M7I5M3D29M1I6M1I5M1I22M1I15M5D7M7I53M1D9M
100	599	0.180	3.064E-17	8	489	490	3	510	526	29M1D17M1I7M14D9M3I17M1D12M3I9M3D20M3I9M1D3M7D7M2I30M1I16M4I9M8D14M6I14M4D11M2D10M2D48M2D8M5D30M1I7M1I42M3D2M6D6M8I37M1I14M1D11M
182	598	0.189	1.919E-16	8	489	490	3	482	483	12M1I9M4D5M2I23M1I8M2D5M1D19M4D15M1I20M6I2M7D21M1I28M2I4M5I7M4I1M7D13M4I11M1I18M1I15M8D51M4I4M1D36M1I7M1I42M1D5M3I52M1D11M
109	598	0.158	5.136E-16	1	489	490	10	499	500	34M2D27M4I3M3D5M1D15M2I8M1D19M2D5M3I33M1D33M2I27M11I12M8D13M3D4M7D10M5D3M1D55M3I29M1I6M1I30M1I22M5I36M1I15M1D11M
64	595	0.186	1.257E-15	38	488	490	13	444	445	13M1I8M1I8M2D5M1D44M1I12M1D5M1I11M3I31M2D8M1I6M3I6M3I9M1D15M6I16M2D6M3I9M7D53M4I31M1I6M1I4M1I25M1I11M3I49M1I25M
180	593	0.177	1.467E-16	8	489	490	2	488	489	23M6D4M2I23M1I8M2D5M1D17M4D18M1I18M5I5M6D18M1I33M7I8M4I1M7D13M4I11M1I25M2I7M9D51M3I41M1I5M1I44M1D5M3I35M1D5M3D12M1D11M
166	593	0.159	7.683E-16	2	489	490	9	499	502	33M5I15M2D14M2D8M2D12M2I9M1D18M1I37M2D41M1D11M2D11M2I5M3D4M9I18M10D14M5D3M1D50M2I5M1I29M1I4M1I32M1I11M3I49M1I16M1D10M
168	592	0.172	1.257E-15	1	489	490	8	497	498	34M5I5M3D24M3D5M1D15M2I6M1D21M1I31M3D7M2I35M2I12M1D6M4D8M2I9M6I18M3D4M7D11M6D57M3I29M1I6M1I30M1I11M2I11M3I36M1I15M1D11M
115	589	0.157	8.403E-16	2	489	490	9	494	495	34M4I1M1D3M2D18M4I3M3D5M1D15M2I5M1D22M2D2M3I37M1D32M2I19M5D18M8I18M10D12M6D61M3I28M1I6M1I28M1I13M2I11M3I36M1I15M1D11M
181	586	0.170	1.835E-16	8	489	490	1	488	490	23M6D4M2I23M1I8M2D5M1D19M4D16M1I18M3I13M4D14M1I27M7I12M4I1M7D22M6I7M1D28M8D51M3I41M1I5M1I44M1D5M3I35M4D20M1D8M
146	585	0.193	1.604E-16	28	489	490	8	479	480	8M2I14M1D16M2D6M1D21M1D2M3D10M1D14M3D7M3D5M6I15M3D5M1D5M1D25M1D17M4I5M4I3M3D21M2D11M5D7M3D59M2I6M1I32M1I6M1I5M1I25M1I18M2I60M1D9M
86	585	0.179	2.295E-16	1	480	490	19	523	524	4M3I11M3I9M5D16M2D38M2D12M1D16M1I6M5D13M5I21M2D38M1I19M1D9M6I5M1D12M4D8M6D5M3D4M1I7M6D46M1D11M2I42M1I23M1I12M1D4M4I7M1I28M2D12M3D7M9D6M
165	584	0.154	4.491E-16	2	489	490	9	497	500	39M2D3M4I6M1I14M2D8M2D12M2I7M1D19M2D3M3I33M2D34M2I13M4I6M5I12M2I10M8D13M10D7M1D13M3D21M1I6M1D24M3I29M1I6M1I30M1I11M3I50M1I14M1D11M
159	582	0.168	6.143E-16	27	488	490	5	465	466	8M2D34M3D26M1D4M1I5M5D16M3D11M3I23M2D32M3D2M2I14M1D23M3I7M3I9M3D7M1I67M3I30M1I6M1I5M1I24M1I23M4I35M1I16M1D10M
183	582	0.163	8.200E-17	7	489	490	2	489	490	24M5D2M1D2M2I23M1I8M2D5M1D17M4D37M6I3M6D23M1I24M5I7M6I10M7D10M4I13M1I23M2I7M9D51M3I41M1I5M1I44M1D5M3I37M5D3M1I11M1D11M
176	578	0.154	3.283E-16	1	489	490	10	510	514	16M3I15M10D8M6I11M4I3M2D7M2D11M1D12M1D21M1I34M4D5M2I29M2D8M1I17M3D11M3D7M6I2M3I11M12D11M1I7M7D57M1I28M3I2M1D34M1I11M3I49M2I15M1D10M
78	577	0.178	5.874E-16	1	488	490	18	480	481	13M2D13M2D14M35I13M3D9M1D5M2D53M2D29M2D5M2D6M2I10M1D5M2I8M2I12M2I5M2D13M5I9M2D2M2D50M5I4M2D28M1D8M1I5M1I24M1I13M3D8M1D6M1I41M2D20M
129	576	0.200	4.191E-17	28	489	490	6	479	481	7M5I9M1D10M4D1M1I6M2D7M1D21M1D3M3D4M1D19M3D38M1D4M1D27M3D7M2I7M4I4M4I8M4I9M5D15M9D9M1D11M1D53M3I31M1I4M1I7M1I24M1I12M1D6M3D5M3I56M1D8M
107	570	0.184	3.755E-16	27	489	490	7	479	480	8M5I9M1D10M4D1M1I13M3D21M1D2M3D12M1D12M3D7M3I23M4D10M1D26M3D4M2I10M4I5M1I21M2I4M4D12M4D8M4D57M2I6M1I32M1I6M1I5M1I24M1I19M2I60M1D9M
106	570	0.139	1.572E-15	1	489	490	10	498	499	40M3D9M2I10M4I3M3D5M1D15M2I10M1D17M2D2M3I34M1I3M2D51M3D9M2I10M6I13M10D14M1I5M7D57M3I29M1I6M1I30M1I22M5I36M1I15M1D11M
167	569	0.164	3.217E-15	1	489	490	9	498	499	34M2D7M4I6M1D8M1I8M1D1M2D4M1D15M2I8M7D4M6I9M1I34M4D4M3I34M2I12M1D6M4D8M2I9M6I18M3D4M7D11M6D57M3I29M1I6M1I30M1I11M2I11M3I36M1I15M1D11M
173	565	0.182	2.400E-16	31	489	490	10	481	482	4M4D3M3I3M1I15M1I8M1D8M2D18M1D3M3D12M1D11M3D7M3D5M6I14M3D6M1D4M1D26M1D15M3D7M5D9M6I4M9I18M9D6M2D64M3I31M1I11M1I25M1I21M1D61M1D8M
98	565	0.160	5.874E-16	24	489	490	17	502	503	4M3D7M5I15M6D15M1I3M6D23M4D8M6D13M1I13M1D26M2D6M2D26M3D7M2I34M6I10M4D23M2I54M2I31M1I6M1I5M1I22M1I11M6D6M2D4M1I44M1I25M
177	563	0.172	8.035E-16	29	489	490	8	474	476	5M3D2M2I14M4D21M4D23M3D8M4D14M1I9M7D5M2I6M4I50M4D10M5I3M4D9M1D7M10I10M4D13M1I3M1I7M2D57M2I8M1D20M1I6M1I5M1I22M1I25M4I54M1D9M
179	559	0.186	2.510E-16	5	487	490	3	500	513	15M1I10M5D4M2D5M4I10M1I14M2D5M1D17M4D8M7D2M1D7M2I3M4I8M1D10M3I20M1I26M3I8M2I15M7D20M6I24M1D9M9D2M1D50M3I41M1I4M1I25M1I15M2I3M7D4M3I37M3D3M1D14M1D7M
113	556	0.178	5.136E-16	28	489	490	8	482	483	7M2I8M2D9M1I14M2D5M1D21M1D3M3D12M1D11M3D6M3D5M6I15M3D6M1D4M1D26M1D17M4I4M4I8M4I9M5D13M8D10M3D65M3I31M1I11M1I25M1I15M9D1M8I58M1D8M
149	556	0.185	4.911E-16	5	489	490	7	514	518	11M1D17M4D1M6I8M1I11M1I4M1I2M2D1M1I4M2D17M1D6M1D20M2D4M5D10M7I12M3D7M2I32M3D14M5I7M2I8M3I12M6D3M1D10M4D5M4D1M3I7M7D59M6D2M6D29M1I6M1I44M6D7M8I36M1I15M2D10M
174	554	0.172	1.122E-16	10	489	490	1	494	495	23M1I11M8D4M2D11M4I5M1D5M5D17M1D9M2D7M2I4M1I32M6D10M3I26M1D2M3D6M3I10M2I16M7D6M9I18M6D11M8D6M1D49M9I29M1I3M1I45M6D9M7I37M1I14M1D11M
49	544	0.180	1.572E-15	28	489	490	7	477	478	7M5I9M4D20M2D5M1D21M1D2M3D12M1D7M1I11M6I4M1D5M2D17M8D4M1D28M1D14M4I5M1I27M2D12M9D22M1I21M1D5M1I21M4I31M1I6M1I5M1I22M1I21M2I61M1D8M
101	543	0.147	7.529E-15	1	489	490	10	498	499	33M1D28M4I3M1D1M2D4M1D15M2I6M1D3M6D3M6I9M2D5M3I30M3D1M2I38M2I6M2D3M3D23M8I18M2D4M8D8M2D4M4D54M3I31M1I6M1I30M1I22M5I36M1I15M1D11M
96	541	0.183	4.911E-16	31	489	490	5	500	502	5M4I8M2I10M1I7M2D6M1D18M1D14M4I2M3D19M5I4M2I11M11D4M5D36M4I19M7D8M1D9M6I6M4D5M6D1M1I14M1D7M4D52M4I31M1I7M1I6M7D19M1I17M16D5M3D46M1D3M1I13M1D10M
127	529	0.158	1.178E-14	40	488	490	9	452	453	15M2I4M1D3M2D5M2D5M1D13M1D32M2D13M6I49M1D2M3I23M6I10M1D8M7D4M4D14M2D4M3I10M3D47M6I3M2D31M1I3M1I8M1I22M1I14M1I6M3I41M1I15M1D10M
188	529	0.158	2.460E-15	1	489	490	2	504	506	19M2I7M4D5M2D5M1D9M4D2M2I13M1I3M3D36M1D4M5D7M1I13M3D28M1I33M5D20M2I10M8D7M12I22M3D19M1D4M1I40M3I29M1I3M1D15M2D19M1I11M2I50M3I5M1D10M2D9M
94	527	0.199	1.202E-15	18	489	490	0	502	504	10M3D6M2D2M5I6M7D11M3I8M1D5M4D24M2D10M8D12M1I18M1D22M2D3M2D33M2I15M1D2M3D17M6I10M8D10M4D4M1I10M1I7M1I45M1I2M1I29M1I3M1I8M1I24M1I23M9D44M1D2M2I8M1D11M
126	526	0.148	2.520E-14	31	488	490	4	451	452	4M5I13M2D2M4D6M5I8M3D13M1D31M1I15M3I50M1D2M3I23M6I10M1D8M11D18M2D4M3I8M3D49M6I3M2D31M1I3M1I8M1I21M1I15M1I6M3I41M1I11M3I4M4D7M
123	526	0.158	2.015E-14	40	488	490	10	453	454	15M2I4M3D8M2D5M1D13M1D31M1I15M3I50M1D2M3I30M5I12M10D8M1D10M2D4M3I10M3D47M6I3M2D31M1I3M1I8M1I22M1I14M1I6M3I41M1I13M4D3M3I6M
24	524	0.178	4.208E-15	8	488	490	3	498	499	20M1D3M6D5M2I20M1I10M2D5M1D21M2D2M3D2M4D6M5I15M5I8M5D20M1D32M4D10M1I4M4D9M2I4M1I9M9I19M5D8M3D6M3D52M3I41M1I5M1I24M1I14M1D10M3I37M3D3M1D14M1D8M
186	524	0.152	1.315E-15	24	489	490	7	502	504	4M3D8M6I7M12D8M4I8M6D4M1I21M1D14M9D9M1I23M1D22M4D29M2D36M10I13M7D5M9D6M2I7M2I57M2I28M1I6M1I5M1I25M1I8M1I8M6D4M3D45M1D2M2I8M1D11M
22	523	0.184	2.942E-15	0	489	490	0	497	515	20M1I3M2D5M2I4M2I17M1I14M2D5M1D19M1D4M12D7M10I12M3I4M3I2M6D22M4I21M4I8M2I13M1I9M5D30M3D5M1I13M4D53M3I41M1I2M1I42M6D10M3I35M10D5M1I3M1I18M
38	519	0.201	6.295E-15	8	488	490	2	501	508	18M2D5M6D4M2I17M1I14M2D5M1D17M4D33M6I7M6D19M1I2M2D32M3D6M6I8M7D22M6I20M2I11M2D2M7D50M3I41M1I4M1I25M1I15M2I3M7D3M3I38M4D18M1D7M
99	517	0.193	1.288E-14	7	489	490	5	487	488	24M1D5M2I31M2D5M1D4M1D16M3D5M4D7M7I19M4D3M2I21M1I27M3I18M1D9M4D9M2D5M9I15M1D19M6D11M2D2M1D38M3I27M1I4M1D9M1I4M1I25M1I11M2I4M3D5M5I42M1D21M
4	513	0.205	2.813E-15	6	488	490	3	491	492	8M2I15M1D4M2D5M4I14M1I10M2D5M1D17M5I10M6D3M2D6M1D9M3D16M3I15M1D39M5D6M2D11M2I13M10I18M7D3M2I11M6D4M3I7M3D45M3I33M1I2M1I27M1I14M1D10M3I35M3D19M1D8M
103	501	0.178	6.746E-14	9	488	490	3	489	490	22M4D4M2I34M2D3M1D14M3D5M1I17M2D20M1I26M1I28M1I9M1D10M2D18M2D5M9I15M1D19M7D5M3D46M3I41M1I6M1I21M1I13M2I6M4D3M5I36M1D5M1I2M3D18M
178	500	0.190	4.123E-14	7	489	490	5	487	488	24M1D5M2I31M2D5M1D24M8D8M7I19M4D3M2I21M1I49M2I6M4D9M2D5M9I15M1D18M6D12M2D2M1D38M3I27M1I4M1D9M1I4M1I25M1I11M2I4M3D5M5I37M1I5M2D20M
102	499	0.172	2.883E-14	8	488	490	4	489	490	12M3I8M5D5M2I31M2D5M1D12M1D8M1D23M2D14M1I26M1I28M1I9M1D10M2D18M2D5M9I18M2D7M2D9M4D14M3D37M3I41M1I5M1I24M1I14M5D5M8I44M3D18M
164	498	0.167	1.288E-14	31	489	490	10	485	487	4M4D23M3I6M2D2M1I4M4D21M1D13M9D12M1I21M1D22M4D29M2D13M4I5M4D18M6I15M8D18M2I56M2I27M1I8M1I5M1I22M1I14M1I10M2D41M1D5M2I12M1D7M
171	495	0.165	1.927E-14	4	487	490	2	506	516	16M2I9M14D4M2I21M1I10M2D5M1D17M4D9M6D2M7I18M4D16M1D14M3I37M6I7M7D23M6I14M2D21M7D50M3I46M1I45M4D4M3I38M1D3M1D15M1D6M
124	492	0.170	1.611E-14	31	489	490	10	485	487	4M4D23M3I6M2D2M3I3M6D20M1D13M9D12M1I21M1D22M4D27M2D15M4I4M1D2M3D17M6I15M8D20M1I3M1I51M2I27M1I8M1I5M1I22M1I14M1I10M2D41M1D6M2I11M1D7M
189	492	0.174	3.943E-14	13	489	490	1	500	502	5M1I9M3D10M3I9M5D10M1I8M1D3M4D23M1D3M5D9M4D5M1I5M1I20M1D20M2D5M2D26M4D7M2I34M6I15M8D18M2I46M5I7M3D27M1I5M2I32M1I19M6D49M1I10M1D11M
151	491	0.168	1.380E-13	32	489	490	11	440	441	7M4I1M5D4M2I6M3I9M2D6M1D4M2D13M1I5M1I10M1D9M1I40M3I23M4I20M6I4M2I5M1I7M6I21M1I5M1I4M6D3M1D34M4I49M1I6M1I5M1I24M1I11M5D9M7I36M1I16M1D10M
110	490	0.172	5.640E-14	8	488	490	4	489	490	23M2D4M2I32M2D5M1D13M3D11M5D5M6I8M2D14M1I26M1I28M1I9M1D11M2D17M2D5M9I18M1D5M1D2M2D9M4D14M3D37M3I41M2I29M1I11M2I4M3D6M4I36M1D4M4I2M6D16M
122	489	0.181	8.824E-14	7	489	490	5	487	488	24M1D5M2I33M2I1M5D15M1D5M1D4M2D3M1D8M4I19M4D3M2I21M1I52M2D14M2D3M9I20M4D16M4D10M3D12M1I28M3I27M1I4M1D9M1I5M1I24M1I13M5D5M9I40M1D11M2D2M2I8M
121	488	0.188	6.168E-14	7	489	490	5	488	489	24M1D18M1I7M1I11M2D5M1D13M6D1M1D7M1D7M6I10M1I13M4D3M2I21M1I52M2D14M2D3M9I20M4D16M4D5M3D49M3I24M1I4M1D9M1I5M1I24M1I11M2I4M3D5M5I42M1D21M
105	480	0.168	7.715E-14	8	488	490	4	489	490	23M2D4M2I12M1D5M1I14M2D5M1D13M3D12M5D10M4I10M3I6M4D3M2I21M1I28M1I4M2I13M5D10M2I6M4D5M9I15M1D12M1I6M8D4M3D47M3I41M1I6M1I23M1I11M2I6M4D3M5I36M1D3M2D23M
7	478	0.190	9.650E-14	46	488	490	1	452	453	14M1I13M3D17M5I10M6D3M2D6M1D9M3D16M3I15M1D39M5D6M2D11M2I13M10I18M7D3M2I11M6D59M3I33M1I2M1I27M1I14M1D10M3I36M3D18M1D8M
187	475	0.170	3.770E-14	24	489	490	8	503	505	4M3D7M9I8M14D6M3I8M7D3M2I21M1D3M3D14M6D9M1I20M1D17M2D5M2D25M2D47M3I2M3I8M6D11M4D9M2I57M2I28M1I3M1I7M1I26M1I11M2D6M3D4M3D45M1D2M2I8M1D11M
153	466	0.161	5.393E-14	47	489	490	17	448	451	9M2D13M2D5M1D19M1I5M2D5M1D9M1I14M2I4M3I45M2I6M1D3M2D9M4D13M11I10M8I13M2D9M2I3M7D3M2D53M2I3M2I6M1D20M1I3M1I9M1I24M1I11M2I58M1D10M1D9M
118	465	0.160	4.932E-14	8	488	490	4	489	490	15M3I5M5D5M2I31M2D5M1D8M1D6M2D10M5D11M4I22M1I22M1I28M1I5M1D14M2D10M2I5M1D9M6I15M1D8M1D2M2D9M4D5M3D29M4I14M2I3M3D38M1I7M1I22M1I11M2I6M4D3M5I37M1D2M2D7M2D7M2I7M
104	447	0.175	1.444E-13	8	488	490	4	488	489	15M2I6M4D5M2I31M2D5M1D4M1D9M2D12M5D3M4D5M3I18M4I3M2I21M1I28M1I9M1D10M2D24M8I15M1D8M1D2M2D9M4D13M3D38M3I41M2I23M1I17M2I6M4D3M5I37M1D2M2D2M1I5M3D6M2I7M
72	416	0.158	4.735E-12	8	489	490	1	492	493	16M1I6M11D4M2I32M2D5M1D6M1D18M7D10M4I24M1I21M1I7M1I19M3I18M5D16M2I8M6I16M3D7M1I12M8D52M3I30M1I7M1I5M1I26M1I9M2I5M4D4M5I35M3D4M2D4M2I9M1D9M
 