#Task    Step    numberOfAcceptedPeleSteps    currentEnergy    BindingEnergy    sasaLig    distance_A43SG_L1S1    
1    0    0    -6212.22    -2.42195    0.519686    7.37367    
1    1    1    -6392.17    -21.8807    0.497187    7.26533    
1    2    2    -6401.34    -22.0695    0.494944    7.25551    
1    3    3    -6416.18    -27.4652    0.494578    7.23882    
1    4    4    -6414.09    -28.2224    0.484229    7.1552    
1    8    5    -6417.63    -28.984    0.491304    7.22245    
1    10    6    -6421.1    -27.6579    0.495439    7.21111    
1    12    7    -6419.29    -30.2354    0.494669    6.99968    
1    13    8    -6422.42    -28.1785    0.498832    7.23256    
1    16    9    -6424.05    -28.9816    0.493288    7.19592    
1    19    10    -6423.59    -27.9143    0.499541    7.23395    
1    20    11    -6426.23    -29.022    0.49565    7.22067    
1    21    12    -6424.94    -29.5046    0.498707    7.22623    
1    23    13    -6425.1    -29.593    0.498147    7.21132    
1    24    14    -6426.03    -29.8025    0.500722    7.23567    
1    25    15    -6422.97    -29.6935    0.501498    7.2824    
1    27    16    -6424.82    -30.0844    0.502682    7.2712    
1    31    17    -6425.65    -29.39    0.507699    7.30951    
1    32    18    -6425.66    -29.6401    0.503112    7.29448    
1    33    19    -6423.88    -29.5601    0.50232    7.28095    
1    34    20    -6425.33    -29.4621    0.503772    7.30775    
1    35    21    -6426.3    -29.7202    0.501707    7.35269    
1    37    22    -6420.16    -29.6109    0.498759    7.30926    
1    38    23    -6421.35    -29.6936    0.498671    7.31951    
1    40    24    -6421.76    -29.7623    0.500269    7.25514    
1    41    25    -6423.64    -29.2558    0.501799    7.28811    
1    43    26    -6423.75    -29.0395    0.502918    7.29446    
1    47    27    -6422.91    -29.05    0.502081    7.29598    
1    48    28    -6424.76    -29.8106    0.50326    7.24246    
1    49    29    -6422.99    -29.5424    0.502267    7.23329    
1    52    30    -6421.96    -30.4791    0.502787    7.24155    
1    53    31    -6427.08    -29.7223    0.503677    7.22686    
1    54    32    -6428.66    -29.8165    0.504813    7.23041    
1    55    33    -6419.76    -26.2883    0.510536    7.23349    
1    56    34    -6423.51    -26.4555    0.510329    7.24157    
1    58    35    -6423.48    -26.6779    0.509038    7.23578    
1    61    36    -6429.48    -23.6778    0.50729    7.20466    
1    62    37    -6428.59    -23.9229    0.508182    7.19016    
1    63    38    -6429.32    -23.6885    0.508247    7.20092    
1    65    39    -6426.28    -23.1204    0.509267    7.24923    
1    73    40    -6423.28    -23.3998    0.506353    7.23138    
1    74    41    -6422.5    -22.5606    0.503779    7.03671    
1    75    42    -6423.67    -22.6192    0.506682    7.20623    
1    79    43    -6418.97    -23.9105    0.504888    7.21843    
1    80    44    -6429.42    -23.7954    0.510032    7.24328    
1    84    45    -6428.04    -23.6461    0.501676    7.13527    
1    85    46    -6426.99    -23.2421    0.507231    7.18318    
1    86    47    -6427.79    -22.458    0.508497    7.21413    
1    88    48    -6428.9    -23.212    0.509306    7.20797    
1    92    49    -6429.08    -23.1804    0.512186    7.23625    
1    93    50    -6427.33    -23.5929    0.513009    7.21232    
1    94    51    -6427.19    -23.2442    0.513701    7.2341    
1    98    52    -6427.62    -23.2731    0.511656    7.22019    
1    99    53    -6428.36    -23.4692    0.512171    7.22468    
