#Task    Step    numberOfAcceptedPeleSteps    currentEnergy    BindingEnergy    sasaLig    distance_A43SG_L1S1    
1    0    0    -6212.22    -2.42195    0.519686    7.37367    
1    1    1    -6408.61    -17.5154    0.523977    7.05346    
1    3    2    -6408.55    -15.8688    0.523225    7.0551    
1    4    3    -6410.3    -17.1857    0.525292    7.08679    
1    5    4    -6412.57    -17.1578    0.528897    7.13051    
1    6    5    -6412.58    -17.3771    0.527093    7.06295    
1    9    6    -6411.84    -16.9521    0.525949    7.08523    
1    10    7    -6408.9    -15.716    0.526753    6.99533    
1    11    8    -6416.88    -16.402    0.534496    7.08518    
1    13    9    -6420.19    -16.9847    0.536536    7.08637    
1    14    10    -6420.29    -17.6062    0.536719    7.16378    
1    16    11    -6415.01    -16.1196    0.540025    6.98687    
1    17    12    -6421.98    -17.3129    0.54    7.17505    
1    22    13    -6423.8    -17.4917    0.539621    7.16552    
1    26    14    -6418.7    -17.6332    0.537803    7.05478    
1    27    15    -6419.11    -16.8538    0.531179    7.13913    
1    28    16    -6417.36    -17.705    0.536186    7.17132    
1    29    17    -6419.89    -16.9277    0.538397    7.16321    
1    30    18    -6422.46    -17.6018    0.539918    7.1475    
1    31    19    -6423.57    -17.1596    0.539996    7.12767    
1    33    20    -6421.86    -17.0711    0.538668    7.1732    
1    34    21    -6423    -17.8235    0.540633    7.16867    
1    35    22    -6422.64    -16.5908    0.533275    7.1557    
1    37    23    -6422.72    -16.2068    0.534178    7.15046    
1    39    24    -6415.86    -16.9714    0.531869    7.14878    
1    40    25    -6425.5    -16.6598    0.535543    7.17423    
1    42    26    -6423.2    -16.8359    0.532155    7.11608    
1    43    27    -6422.33    -16.4748    0.52899    7.09638    
1    46    28    -6422.45    -16.9651    0.53311    7.12377    
1    50    29    -6424.48    -16.5683    0.533995    7.14437    
1    51    30    -6425.08    -16.6536    0.532094    7.15979    
1    52    31    -6424.49    -16.3331    0.534911    7.13986    
1    55    32    -6424.56    -16.8787    0.532552    7.16458    
1    56    33    -6424.39    -16.7818    0.53458    7.1713    
1    58    34    -6424.34    -16.7899    0.53416    7.15498    
1    60    35    -6423.63    -16.2361    0.534199    7.17709    
1    64    36    -6420.4    -16.7744    0.533248    7.14328    
1    65    37    -6423.14    -17.1804    0.535725    7.16534    
1    67    38    -6423    -16.6992    0.535624    7.15506    
1    70    39    -6423.75    -16.7377    0.535363    7.14891    
1    71    40    -6422.79    -16.6303    0.534785    7.16605    
1    73    41    -6422.64    -16.9845    0.535444    7.13017    
1    74    42    -6418.51    -16.8649    0.532734    7.14607    
1    75    43    -6424.08    -16.8327    0.534318    7.14734    
1    76    44    -6423.33    -16.5342    0.534981    7.148    
1    77    45    -6423.19    -17.1625    0.531816    7.15398    
1    79    46    -6422.98    -17.6229    0.537758    7.16729    
1    86    47    -6423.55    -17.7372    0.538182    7.15571    
1    87    48    -6422.77    -17.6806    0.537814    7.14009    
1    88    49    -6424.59    -17.9917    0.540474    7.13892    
1    90    50    -6420.36    -18.021    0.536768    7.14563    
1    91    51    -6422.79    -17.1162    0.54009    7.14444    
1    92    52    -6423.6    -17.5957    0.540639    7.14865    
1    96    53    -6420.77    -17.8178    0.535484    7.11302    
1    97    54    -6419.23    -17.5143    0.536171    7.15722    
1    99    55    -6420.15    -16.8217    0.535241    7.13059    
1    100    56    -6422.28    -17.1058    0.53748    7.1517    
