#Task    Step    numberOfAcceptedPeleSteps    currentEnergy    BindingEnergy    sasaLig    distance_A43SG_L1S1    
1    0    0    -6212.22    -2.42195    0.519686    7.37367    
1    1    1    -6394.91    -20.3527    0.520883    7.17562    
1    2    2    -6414.8    -21.4436    0.528024    7.18656    
1    4    3    -6419.36    -22.5864    0.529917    7.19102    
1    5    4    -6416.53    -22.2892    0.530315    7.20813    
1    6    5    -6419.23    -22.2374    0.527376    7.17025    
1    7    6    -6419.97    -21.2637    0.527517    7.17202    
1    8    7    -6422.03    -21.4388    0.528583    7.18894    
1    10    8    -6423.36    -20.5407    0.526282    7.19165    
1    11    9    -6426.02    -21.1085    0.526794    7.18095    
1    16    10    -6426.83    -21.0877    0.527192    7.21092    
1    19    11    -6421.76    -21.073    0.525304    7.19489    
1    20    12    -6425.36    -20.7459    0.526036    7.19787    
1    21    13    -6423.1    -21.6302    0.526543    7.23673    
1    25    14    -6421.86    -21.2919    0.525273    7.22667    
1    30    15    -6418.03    -21.7672    0.513486    7.16174    
1    31    16    -6421.24    -21.3703    0.523472    7.21813    
1    32    17    -6421.42    -21.4805    0.525566    7.21521    
1    33    18    -6423.76    -21.3342    0.525044    7.19276    
1    37    19    -6423.76    -21.1716    0.52439    7.19976    
1    39    20    -6423.88    -21.2793    0.526704    7.25299    
1    42    21    -6423.27    -21.402    0.529046    7.18743    
1    44    22    -6423.26    -21.6124    0.523279    7.04286    
1    45    23    -6423.44    -21.385    0.522361    7.18314    
1    46    24    -6422.64    -21.0341    0.522995    7.16548    
1    47    25    -6423.53    -21.4879    0.523287    7.16712    
1    48    26    -6424.38    -21.7908    0.523969    7.16377    
1    52    27    -6425.76    -21.6633    0.525714    7.1918    
1    53    28    -6419.73    -21.3841    0.527461    7.23741    
1    54    29    -6417.1    -21.2536    0.525377    7.21872    
1    55    30    -6422.59    -21.5177    0.527612    7.23282    
1    58    31    -6419.54    -21.5074    0.527764    7.22043    
1    60    32    -6424.76    -21.4316    0.528825    7.21826    
1    61    33    -6419.64    -21.6937    0.526086    7.26233    
1    62    34    -6420.33    -21.4194    0.526363    7.2195    
1    63    35    -6424.2    -21.8651    0.525852    7.2399    
1    64    36    -6424.43    -22.0025    0.527914    7.24142    
1    70    37    -6424.33    -22.2297    0.526463    7.24929    
1    71    38    -6423.45    -21.2739    0.526562    7.24459    
1    72    39    -6424.2    -21.4635    0.528067    7.17766    
1    75    40    -6425.02    -21.1756    0.524238    7.21119    
1    78    41    -6425.13    -21.595    0.527319    7.23308    
1    79    42    -6424.32    -21.2784    0.527373    7.23    
1    80    43    -6425.02    -21.3932    0.526952    7.23086    
1    82    44    -6424.84    -21.9973    0.526485    7.24235    
1    84    45    -6419.19    -21.3151    0.518641    7.20899    
1    86    46    -6422.83    -21.756    0.520777    7.17285    
1    88    47    -6424.53    -21.6647    0.524027    7.19191    
1    89    48    -6420.75    -21.7001    0.522941    7.20155    
1    90    49    -6423.26    -21.0414    0.52604    7.21145    
1    92    50    -6423.69    -21.5931    0.52563    7.24098    
1    95    51    -6422.03    -21.3551    0.525978    7.22677    
1    97    52    -6423.9    -21.2526    0.530647    7.19142    
1    99    53    -6423.35    -20.9252    0.528821    7.23967    
