#Task    Step    numberOfAcceptedPeleSteps    currentEnergy    BindingEnergy    sasaLig    distance_A43SG_L1S1    
1    0    0    -6212.22    -2.42195    0.519686    7.37367    
1    1    1    -6400.85    -20.7047    0.518425    7.27587    
1    2    2    -6407.25    -21.3542    0.522957    7.25844    
1    5    3    -6411.43    -21.9854    0.520869    7.20265    
1    6    4    -6414.07    -22.5519    0.522419    7.17179    
1    7    5    -6417.25    -21.9248    0.523217    7.16856    
1    8    6    -6417.31    -22.4543    0.524576    7.16487    
1    11    7    -6417.62    -21.8901    0.52034    7.15066    
1    12    8    -6419.88    -21.9235    0.522547    7.16495    
1    14    9    -6419.19    -21.9011    0.52304    7.17918    
1    15    10    -6416.91    -17.2238    0.519186    7.17589    
1    16    11    -6418.24    -19.4555    0.521902    7.13901    
1    17    12    -6420.57    -21.1913    0.526298    7.19795    
1    18    13    -6420.83    -21.9022    0.526266    7.20407    
1    19    14    -6419.41    -20.828    0.525605    7.24308    
1    21    15    -6418.53    -21.2603    0.52459    7.23611    
1    22    16    -6416.3    -20.7559    0.524143    7.16193    
1    23    17    -6416.96    -20.5507    0.524138    7.21081    
1    24    18    -6419.16    -20.5693    0.526419    7.2019    
1    29    19    -6418.94    -20.4749    0.525117    7.20806    
1    30    20    -6418.93    -21.0245    0.524722    7.21381    
1    31    21    -6419.82    -18.7671    0.528219    7.23382    
1    32    22    -6419.33    -20.1342    0.527679    7.2036    
1    33    23    -6420.82    -20.3598    0.526486    7.1967    
1    34    24    -6420.54    -20.1013    0.529583    7.17364    
1    36    25    -6422    -20.8204    0.529198    7.20695    
1    37    26    -6419.49    -21.2503    0.529123    7.17855    
1    40    27    -6417.29    -21.7836    0.528276    7.21598    
1    44    28    -6420.22    -21.3963    0.528789    7.21416    
1    47    29    -6419.7    -18.7478    0.521287    7.24345    
1    49    30    -6421.19    -19.5207    0.521316    7.2398    
1    50    31    -6420.92    -19.4122    0.523683    7.23643    
1    51    32    -6421.8    -19.6983    0.523165    7.25176    
1    52    33    -6422.39    -20.039    0.523843    7.24458    
1    54    34    -6422.24    -20.0446    0.524464    7.22868    
1    55    35    -6416.39    -21.1305    0.518401    7.23458    
1    56    36    -6417.9    -20.7211    0.513939    7.14121    
1    58    37    -6418.89    -19.731    0.520032    7.22047    
1    61    38    -6420.87    -19.6931    0.519253    7.21705    
1    62    39    -6421.09    -19.8608    0.519399    7.23098    
1    63    40    -6420.96    -19.1029    0.520395    7.28056    
1    64    41    -6418.8    -19.5812    0.519453    7.21744    
1    65    42    -6418.14    -19.6405    0.516549    7.2407    
1    66    43    -6420.28    -20.0168    0.519444    7.24517    
1    75    44    -6420.62    -20.197    0.522547    7.23571    
1    76    45    -6419.57    -19.9049    0.520692    7.18322    
1    78    46    -6420.47    -20.3495    0.52118    7.25699    
1    79    47    -6421.26    -19.4571    0.518493    7.24003    
1    80    48    -6421.09    -20.0483    0.520078    7.23781    
1    81    49    -6418.97    -19.5946    0.517042    7.23093    
1    87    50    -6420.51    -19.8206    0.520616    7.24661    
1    88    51    -6419.76    -20.4552    0.519473    7.19749    
1    92    52    -6421.8    -21.0768    0.515271    7.23426    
1    96    53    -6421.3    -20.07    0.517569    7.23989    
1    97    54    -6418.71    -19.9625    0.517408    7.23709    
1    99    55    -6417.23    -14.6536    0.527305    7.3204    
1    100    56    -6418.54    -14.9629    0.526648    7.33555    
