#Task    Step    numberOfAcceptedPeleSteps    currentEnergy    BindingEnergy    sasaLig    distance_A43SG_L1S1    
1    0    0    -6212.22    -2.42195    0.519686    7.37367    
1    1    1    -6373.05    -18.4578    0.526519    7.16475    
1    2    2    -6402.22    -21.9643    0.526438    7.16976    
1    3    3    -6405.27    -20.9921    0.526037    7.19631    
1    4    4    -6409.28    -21.7334    0.528537    7.21036    
1    6    5    -6415.33    -22.6235    0.528616    7.1844    
1    7    6    -6417.73    -20.0971    0.529573    7.18501    
1    9    7    -6417.16    -20.5688    0.520531    7.25025    
1    10    8    -6418.44    -20.1832    0.534911    7.18575    
1    11    9    -6426.07    -20.2135    0.530829    7.24718    
1    12    10    -6426.05    -20.4874    0.535158    7.25667    
1    13    11    -6427.38    -19.5937    0.534916    7.26384    
1    16    12    -6429.3    -19.6735    0.535894    7.24525    
1    17    13    -6428.98    -20.2348    0.531222    7.19444    
1    18    14    -6429.06    -20.8066    0.533822    7.09945    
1    22    15    -6425.71    -20.3506    0.536667    7.25358    
1    23    16    -6431.08    -20.4069    0.536684    7.25436    
1    24    17    -6428.33    -21.0158    0.533952    7.2071    
1    26    18    -6430.99    -20.9362    0.536215    7.20777    
1    27    19    -6421.91    -16.4372    0.532375    7.03315    
1    29    20    -6420.39    -15.4001    0.527445    6.94576    
1    31    21    -6421.32    -16.3293    0.532299    6.93395    
1    32    22    -6421.49    -16.0809    0.532219    6.97239    
1    33    23    -6420.12    -16.011    0.530958    7.06457    
1    35    24    -6420.77    -16.0378    0.53227    7.01061    
1    36    25    -6420.65    -15.7495    0.531292    6.99111    
1    39    26    -6419.2    -16.2164    0.533051    6.93351    
1    40    27    -6418.32    -16.9335    0.530802    6.96712    
1    42    28    -6420.05    -16.81    0.530336    6.96813    
1    43    29    -6418.44    -16.333    0.533123    6.96406    
1    44    30    -6415.72    -15.4597    0.532886    7.02317    
1    45    31    -6416.92    -18.8514    0.525821    7.36937    
1    46    32    -6419.85    -19.6485    0.524193    7.38458    
1    49    33    -6420.08    -19.7208    0.528141    7.31261    
1    50    34    -6421.57    -20.4316    0.532529    7.25449    
1    51    35    -6419.47    -20.4808    0.530322    7.21674    
1    53    36    -6422.76    -20.1683    0.527766    7.24832    
1    54    37    -6420.62    -19.978    0.52983    7.22855    
1    55    38    -6424.86    -20.272    0.531391    7.21306    
1    62    39    -6425.59    -20.1345    0.532296    7.21048    
1    63    40    -6424.11    -19.9368    0.532787    7.19514    
1    64    41    -6418.49    -20.5644    0.530095    7.21201    
1    66    42    -6419.9    -19.4525    0.532866    7.28289    
1    67    43    -6421.99    -20.5759    0.532146    7.24201    
1    69    44    -6422.58    -20.4155    0.533681    7.22027    
1    70    45    -6420.97    -21.1479    0.533473    7.22574    
1    71    46    -6422.37    -18.9807    0.528918    7.21649    
1    72    47    -6424.23    -20.5981    0.533908    7.14895    
1    73    48    -6421.25    -21.1001    0.53746    7.22183    
1    74    49    -6425.01    -21.2186    0.537511    7.20105    
1    79    50    -6423.98    -21.0134    0.536052    7.2029    
1    82    51    -6423.58    -20.8758    0.53509    7.11523    
1    85    52    -6420.96    -20.8042    0.53459    7.1866    
1    86    53    -6421.87    -20.439    0.536656    7.19866    
1    87    54    -6420.13    -19.7718    0.541166    7.26798    
1    88    55    -6423.23    -19.8646    0.542147    7.29284    
1    90    56    -6422.06    -19.8881    0.542198    7.31377    
1    91    57    -6420.74    -20.0636    0.537194    7.25196    
1    92    58    -6421.82    -20.4199    0.539289    7.27029    
1    94    59    -6417.54    -19.8135    0.538279    7.16925    
1    97    60    -6419.69    -20.763    0.537369    7.2409    
1    98    61    -6423.5    -20.7274    0.537175    7.20108    
1    99    62    -6423.07    -19.9183    0.53468    7.27086    
1    100    63    -6421.43    -20.1939    0.537284    7.17906    
