#Task    Step    numberOfAcceptedPeleSteps    currentEnergy    BindingEnergy    sasaLig    distance_A43SG_L1S1    
1    0    0    -6212.22    -2.42195    0.519686    7.37367    
1    1    1    -6377.31    -19.0419    0.52073    7.22476    
1    2    2    -6405.32    -21.3721    0.528334    7.223    
1    3    3    -6412.76    -20.8159    0.522085    7.2433    
1    4    4    -6412.85    -21.2403    0.518747    7.32269    
1    5    5    -6415.21    -21.7189    0.51305    7.09019    
1    8    6    -6416.89    -21.9755    0.516654    7.16682    
1    11    7    -6415.57    -20.7102    0.521984    7.22083    
1    14    8    -6417.72    -20.1421    0.519692    7.26507    
1    15    9    -6419    -19.9007    0.529186    7.25692    
1    16    10    -6416.47    -19.795    0.527655    7.12017    
1    17    11    -6423.95    -19.9539    0.530206    7.26076    
1    18    12    -6425.91    -19.6984    0.527758    7.2302    
1    19    13    -6423.33    -19.7264    0.524545    7.23385    
1    20    14    -6425.06    -19.9119    0.530399    7.22722    
1    21    15    -6424.38    -20.2922    0.527487    7.21766    
1    22    16    -6421.79    -19.6833    0.530083    7.25622    
1    23    17    -6423.14    -19.3624    0.529736    7.24875    
1    24    18    -6425.66    -20.5705    0.528473    7.18096    
1    27    19    -6424.61    -20.3221    0.532573    7.20749    
1    29    20    -6424.38    -19.9447    0.529142    7.2061    
1    30    21    -6424.73    -20.3027    0.532615    7.19931    
1    32    22    -6423.75    -20.0755    0.527723    7.15274    
1    33    23    -6425.19    -20.5267    0.531814    7.19613    
1    34    24    -6426.43    -20.4932    0.533935    7.19088    
1    35    25    -6425.65    -20.3788    0.530944    7.22587    
1    38    26    -6426.61    -20.2914    0.53273    7.22467    
1    39    27    -6423.81    -15.5327    0.531622    7.19306    
1    41    28    -6427.28    -20.2858    0.53485    7.19779    
1    43    29    -6427.25    -20.3098    0.535324    7.22417    
1    45    30    -6423.7    -20.1568    0.532599    7.16901    
1    47    31    -6425.77    -20.6955    0.53564    7.23704    
1    48    32    -6425.4    -19.672    0.535155    7.13627    
1    49    33    -6425.59    -20.4983    0.53233    7.21916    
1    52    34    -6425.26    -19.8244    0.530199    7.06762    
1    53    35    -6423.87    -19.8793    0.52995    7.23109    
1    56    36    -6422.9    -19.8458    0.532747    7.25216    
1    57    37    -6424.09    -19.4908    0.533771    7.26297    
1    58    38    -6423.89    -20.5881    0.529856    7.19858    
1    59    39    -6425.81    -20.4127    0.531719    7.26665    
1    62    40    -6425.24    -20.2148    0.532784    7.27062    
1    65    41    -6421.13    -20.1464    0.53167    7.23499    
1    66    42    -6422.06    -19.9835    0.529863    7.03455    
1    69    43    -6422.59    -20.4715    0.531638    7.19379    
1    70    44    -6425.1    -20.9956    0.532939    7.20992    
1    75    45    -6425.32    -20.4453    0.532918    7.20513    
1    78    46    -6418.46    -20.8991    0.52344    6.89627    
1    81    47    -6423.21    -19.9702    0.533485    7.27312    
1    82    48    -6421.67    -20.063    0.532525    7.23541    
1    83    49    -6420.46    -20.536    0.533107    7.23678    
1    85    50    -6422.3    -20.2349    0.534752    7.28152    
1    87    51    -6423.75    -20.3275    0.530741    7.27997    
1    89    52    -6414.14    -19.5966    0.528476    7.29179    
1    90    53    -6418.07    -19.6932    0.531384    7.28889    
1    91    54    -6416.15    -14.7421    0.536765    7.30365    
1    95    55    -6420.18    -19.3006    0.529854    7.29088    
1    97    56    -6419.24    -20.3339    0.533755    7.28174    
1    99    57    -6419.47    -19.3657    0.531745    7.23967    
1    100    58    -6419.58    -19.6049    0.533352    7.24878    
