#Task    Step    numberOfAcceptedPeleSteps    currentEnergy    BindingEnergy    sasaLig    distance_A43SG_L1S1    
1    0    0    -6212.22    -2.42195    0.519686    7.37367    
1    1    1    -6399.56    -17.7422    0.524266    7.06716    
1    2    2    -6407.87    -16.4747    0.527831    7.11886    
1    5    3    -6408.68    -15.9924    0.526341    7.12129    
1    7    4    -6409.19    -16.141    0.526576    7.11814    
1    11    5    -6406.64    -16.2926    0.523528    7.14295    
1    12    6    -6413.01    -16.0779    0.525002    7.11922    
1    13    7    -6413.6    -15.8271    0.529587    7.05812    
1    18    8    -6418.41    -15.6997    0.532138    6.97797    
1    19    9    -6419.74    -16.189    0.531435    7.0165    
1    20    10    -6420.03    -16.3129    0.529489    7.03702    
1    21    11    -6417.72    -15.7485    0.527786    7.05212    
1    23    12    -6419.28    -16.5258    0.528921    7.0924    
1    24    13    -6419.45    -16.3158    0.533087    7.06931    
1    25    14    -6418.99    -15.5497    0.532044    7.04571    
1    27    15    -6419.55    -16.4239    0.53217    7.05947    
1    28    16    -6420.64    -16.9085    0.52865    7.07718    
1    30    17    -6419.31    -16.0057    0.530046    7.07795    
1    32    18    -6413.16    -15.5341    0.527696    7.09609    
1    33    19    -6419.87    -16.4487    0.529262    7.13245    
1    35    20    -6418.53    -15.3003    0.531006    7.11816    
1    36    21    -6416.67    -14.5902    0.535999    6.94672    
1    37    22    -6419.66    -16.2356    0.534515    7.06486    
1    39    23    -6419.29    -15.7048    0.531775    7.07485    
1    40    24    -6413.51    -14.6648    0.524941    6.43247    
1    41    25    -6413.96    -16.4172    0.531421    6.96596    
1    42    26    -6403.18    -14.3139    0.510556    7.16344    
1    43    27    -6402.91    -11.6701    0.523115    7.1701    
1    44    28    -6406.21    -12.5889    0.525273    7.15486    
1    46    29    -6407.57    -13.2999    0.529121    7.11141    
1    47    30    -6406.53    -16.6075    0.532195    6.98797    
1    48    31    -6413.66    -16.2677    0.531446    7.00171    
1    49    32    -6412.56    -16.7955    0.52899    6.99122    
1    50    33    -6411.7    -16.63    0.532666    6.9354    
1    53    34    -6412.45    -17.3994    0.532748    6.94285    
1    54    35    -6413.8    -16.8346    0.532067    6.95092    
1    55    36    -6412.65    -17.2893    0.529467    6.86252    
1    59    37    -6411.27    -17.5416    0.526525    6.8326    
1    60    38    -6413.31    -17.162    0.52689    6.81455    
1    61    39    -6412.86    -16.6702    0.527948    6.87799    
1    63    40    -6414.3    -16.9018    0.528483    6.83127    
1    66    41    -6415.53    -16.8865    0.529308    6.81787    
1    67    42    -6415.79    -13.9133    0.529543    7.01333    
1    68    43    -6415.96    -15.1131    0.528959    6.92644    
1    69    44    -6417.04    -16.0764    0.524887    7.0657    
1    70    45    -6416.86    -16.2963    0.532533    7.01467    
1    72    46    -6416.8    -15.7427    0.533426    7.00708    
1    73    47    -6416.59    -17.181    0.534105    7.02682    
1    78    48    -6415.53    -15.9438    0.535917    6.89468    
1    79    49    -6417.68    -16.5652    0.530688    7.03267    
1    80    50    -6417.5    -16.3941    0.532416    7.04225    
1    81    51    -6416.18    -15.6797    0.531704    7.04133    
1    83    52    -6417.28    -16.6586    0.52943    7.03612    
1    84    53    -6417.58    -16.3144    0.530598    7.02951    
1    85    54    -6417.18    -15.9324    0.532269    7.06    
1    86    55    -6417.57    -16.2785    0.530477    7.0572    
1    87    56    -6417.9    -15.6811    0.532422    7.04786    
1    90    57    -6418.43    -16.2203    0.52978    7.02507    
1    91    58    -6418.25    -15.8083    0.530536    7.026    
1    93    59    -6421.01    -19.8335    0.527666    7.25043    
1    94    60    -6421.29    -20.1979    0.52816    7.22692    
1    98    61    -6422.01    -19.5705    0.529557    7.22802    
1    100    62    -6422.54    -19.9927    0.532143    7.22967    
