#Task    Step    numberOfAcceptedPeleSteps    currentEnergy    BindingEnergy    sasaLig    distance_A43SG_L1S1    
1    0    0    -6212.22    -2.42195    0.519686    7.37367    
1    1    1    -6386.75    -20.4257    0.5124    7.19075    
1    2    2    -6398.71    -20.3828    0.516939    7.18573    
1    3    3    -6406.61    -20.1377    0.52335    7.20827    
1    5    4    -6414.7    -20.9639    0.521742    7.19886    
1    8    5    -6417.6    -19.9738    0.52226    7.17021    
1    9    6    -6418.71    -21.4573    0.528038    7.19208    
1    11    7    -6418.76    -20.688    0.534123    7.22516    
1    15    8    -6418.25    -20.3681    0.532482    7.1956    
1    16    9    -6419.35    -19.99    0.533423    7.21943    
1    18    10    -6420.48    -19.8941    0.532707    7.24361    
1    20    11    -6419.33    -20.8668    0.530187    7.23519    
1    22    12    -6421.55    -21.431    0.52826    7.18578    
1    23    13    -6421.78    -20.9601    0.531779    7.22374    
1    24    14    -6420.77    -21.1149    0.530408    7.21772    
1    25    15    -6420.17    -20.6839    0.530969    7.24602    
1    27    16    -6420.52    -20.4102    0.532795    7.24676    
1    28    17    -6414.99    -20.7193    0.525394    7.29072    
1    30    18    -6418.41    -21.3597    0.525966    7.25409    
1    31    19    -6422.27    -19.4445    0.527469    7.2674    
1    33    20    -6420.65    -19.5825    0.526584    7.25738    
1    34    21    -6421.99    -20.4759    0.525548    7.23612    
1    35    22    -6422.94    -21.1476    0.528373    7.22577    
1    37    23    -6421.2    -20.9207    0.525855    7.18338    
1    38    24    -6423.75    -20.7165    0.527481    7.24167    
1    39    25    -6423.63    -20.3225    0.525646    7.23854    
1    40    26    -6423.26    -20.1235    0.522518    7.10359    
1    41    27    -6422.13    -20.6227    0.522387    7.19767    
1    44    28    -6423.1    -19.7174    0.525109    7.24026    
1    45    29    -6422.02    -19.7039    0.525274    7.24951    
1    47    30    -6422.31    -19.4448    0.523428    7.24547    
1    48    31    -6421.39    -19.4349    0.521914    7.3354    
1    49    32    -6419.86    -19.6027    0.523195    7.23686    
1    50    33    -6418.47    -20.8608    0.52262    7.23012    
1    51    34    -6422.18    -20.4863    0.526945    7.25772    
1    52    35    -6424.32    -20.3429    0.529186    7.24751    
1    53    36    -6423.25    -19.9476    0.522892    7.23485    
1    56    37    -6424.4    -20.2553    0.521679    7.20763    
1    57    38    -6422.92    -19.8497    0.522637    7.20606    
1    58    39    -6423.09    -20.414    0.521344    7.14367    
1    61    40    -6422.46    -19.9869    0.521536    7.23307    
1    62    41    -6424.98    -20.2002    0.522785    7.21202    
1    65    42    -6415.53    -20.6141    0.522914    7.2364    
1    67    43    -6422.99    -20.0803    0.523183    7.20902    
1    68    44    -6422.69    -20.461    0.522299    7.17908    
1    69    45    -6424.23    -20.3435    0.521519    7.23149    
1    71    46    -6423.77    -19.5911    0.522826    7.21263    
1    76    47    -6423.75    -20.3178    0.524453    7.1815    
1    77    48    -6423.19    -19.4342    0.520589    7.18513    
1    78    49    -6424.43    -20.1661    0.520904    7.18862    
1    84    50    -6423.82    -20.7794    0.523215    7.21948    
1    85    51    -6420.94    -18.815    0.519679    7.17829    
1    86    52    -6422.68    -19.3761    0.521862    7.19854    
1    87    53    -6424.3    -20.0799    0.525504    7.24351    
1    89    54    -6424.02    -19.499    0.526684    7.20695    
1    90    55    -6425.23    -18.908    0.528985    7.28945    
1    91    56    -6424.68    -19.2576    0.528613    7.25025    
1    99    57    -6424.57    -18.9767    0.527144    7.26239    
