#Task    Step    numberOfAcceptedPeleSteps    currentEnergy    BindingEnergy    sasaLig    distance_A43SG_L1S1    
1    0    0    -6212.22    -2.42195    0.519686    7.37367    
1    1    1    -6390.15    -19.6465    0.5109    7.21464    
1    2    2    -6407.79    -21.3185    0.519717    7.17203    
1    3    3    -6415.55    -21.0352    0.52446    7.20057    
1    5    4    -6416.53    -21.4669    0.523382    7.13606    
1    6    5    -6416.19    -21.0338    0.526298    7.07639    
1    7    6    -6416.86    -20.2001    0.517866    7.18743    
1    11    7    -6418.08    -21.3859    0.521711    7.19855    
1    16    8    -6419.96    -22.3261    0.523592    7.1638    
1    17    9    -6420.48    -21.0897    0.52465    7.17978    
1    18    10    -6420.54    -21.209    0.524539    7.18926    
1    19    11    -6420.56    -21.317    0.524273    7.21326    
1    21    12    -6417.77    -15.7833    0.536076    7.19622    
1    23    13    -6422.58    -21.3052    0.526835    7.20945    
1    28    14    -6423.18    -21.5572    0.526118    7.22113    
1    29    15    -6421.29    -20.8667    0.525834    7.1981    
1    30    16    -6420.87    -21.4573    0.526764    7.21062    
1    31    17    -6421.34    -21.0876    0.526114    7.20482    
1    32    18    -6416.85    -20.9262    0.525388    7.2025    
1    33    19    -6421.17    -21.6814    0.525967    7.18607    
1    35    20    -6417.79    -20.6649    0.530939    7.21147    
1    37    21    -6421.66    -21.3405    0.529388    7.15891    
1    39    22    -6419.05    -22.0456    0.526107    7.19968    
1    40    23    -6419.02    -17.6466    0.542073    7.39825    
1    41    24    -6422.65    -21.4587    0.535461    7.26205    
1    42    25    -6424.82    -20.7843    0.535011    7.34828    
1    48    26    -6419.92    -20.9859    0.530754    7.21975    
1    49    27    -6420.04    -20.7455    0.531223    7.23249    
1    51    28    -6421.63    -20.8912    0.526704    7.12603    
1    52    29    -6422.75    -21.139    0.527829    7.17762    
1    53    30    -6420.69    -21.5532    0.52812    7.20399    
1    59    31    -6418.63    -21.3776    0.529888    7.24362    
1    61    32    -6418.93    -21.9495    0.528342    7.19467    
1    62    33    -6422.03    -21.675    0.530853    7.2491    
1    63    34    -6420.43    -21.5742    0.529335    7.21718    
1    65    35    -6421.53    -20.9958    0.525284    7.19348    
1    69    36    -6421.27    -21.2657    0.527649    7.17082    
1    70    37    -6420.2    -21.2838    0.529893    7.18418    
1    71    38    -6421.44    -21.0887    0.526499    7.19256    
1    73    39    -6422.03    -21.353    0.526655    7.17918    
1    74    40    -6420.57    -20.1247    0.52773    7.08823    
1    75    41    -6421.97    -20.9578    0.527767    7.17661    
1    76    42    -6425.31    -22.0173    0.526505    7.08196    
1    77    43    -6425.53    -20.8357    0.527093    7.14176    
1    78    44    -6426.65    -20.5062    0.52846    7.11705    
1    81    45    -6424.09    -20.7599    0.526405    7.07001    
1    82    46    -6421.55    -20.7688    0.529928    7.16777    
1    83    47    -6428.76    -21.5556    0.532253    7.20534    
1    84    48    -6429.18    -21.4346    0.532392    7.21897    
1    86    49    -6428.68    -21.2895    0.532115    7.16098    
1    88    50    -6428.43    -21.0919    0.531676    7.22221    
1    89    51    -6428.29    -21.2399    0.528843    7.16725    
1    90    52    -6428.54    -21.2954    0.52724    7.07581    
1    91    53    -6425.49    -21.5843    0.528844    7.11471    
1    93    54    -6422.83    -21.3128    0.528778    7.17506    
1    94    55    -6427.39    -21.118    0.527763    7.05843    
1    95    56    -6427.83    -20.7158    0.525795    7.12665    
1    96    57    -6428.94    -21.4736    0.523825    7.11868    
1    97    58    -6424.8    -20.1984    0.527471    7.12655    
1    99    59    -6425.17    -20.7367    0.526867    7.1634    
1    100    60    -6427.02    -21.4505    0.531314    7.20544    
