#Task    Step    numberOfAcceptedPeleSteps    currentEnergy    BindingEnergy    sasaLig    distance_A43SG_L1S1    
1    0    0    -6212.22    -2.42195    0.519686    7.37367    
1    1    1    -6398.78    -23.0701    0.486517    7.1888    
1    2    2    -6415.92    -27.476    0.493886    7.18035    
1    3    3    -6421.83    -27.7753    0.49387    7.19174    
1    5    4    -6422.07    -28.6388    0.494509    7.21312    
1    6    5    -6424.15    -29.1925    0.492746    7.18686    
1    8    6    -6426.17    -28.5528    0.493496    7.19585    
1    9    7    -6425.77    -28.7766    0.493636    7.22311    
1    13    8    -6422.98    -28.4867    0.496262    7.23027    
1    14    9    -6419.13    -28.8642    0.493812    7.26133    
1    15    10    -6429.28    -28.9087    0.496783    7.28002    
1    17    11    -6425.75    -23.2236    0.506547    7.24224    
1    18    12    -6425.65    -22.8697    0.50388    7.16645    
1    20    13    -6425.31    -23.3778    0.503507    7.25769    
1    21    14    -6427.27    -23.616    0.503261    7.25431    
1    22    15    -6427.24    -22.9639    0.506006    7.26293    
1    23    16    -6429.78    -23.3184    0.505451    7.22744    
1    25    17    -6429    -23.4733    0.500294    7.28585    
1    26    18    -6428.33    -23.8396    0.502224    7.10183    
1    27    19    -6429.4    -22.8619    0.502582    7.23845    
1    28    20    -6429.44    -22.639    0.50178    7.20515    
1    29    21    -6428.67    -23.0133    0.502331    7.22091    
1    30    22    -6430.76    -23.1229    0.504907    7.22605    
1    32    23    -6429    -23.8384    0.503518    7.14869    
1    33    24    -6425.76    -23.3977    0.50482    7.19844    
1    34    25    -6429.11    -23.6989    0.500632    7.15523    
1    35    26    -6430.86    -23.2412    0.503032    7.19743    
1    36    27    -6423.13    -24.134    0.505184    7.20101    
1    37    28    -6428.9    -23.3183    0.504915    7.22238    
1    38    29    -6430.42    -22.6569    0.505693    7.21353    
1    39    30    -6429.42    -23.7568    0.503976    7.18828    
1    42    31    -6430.09    -23.5645    0.504593    7.20206    
1    46    32    -6429.15    -23.5841    0.509142    7.17822    
1    47    33    -6429.64    -23.4317    0.50643    7.16011    
1    51    34    -6430.34    -23.3146    0.50498    7.18564    
1    53    35    -6429.75    -23.1556    0.502772    7.15175    
1    56    36    -6427.08    -22.335    0.498718    7.16533    
1    57    37    -6428.75    -22.9017    0.501004    7.1687    
1    61    38    -6427.57    -23.7751    0.501255    7.12624    
1    62    39    -6429.92    -23.429    0.502424    7.16878    
1    63    40    -6429.56    -23.449    0.503488    7.1853    
1    64    41    -6430.46    -22.8738    0.50713    7.18724    
1    71    42    -6428.34    -23.0075    0.504338    7.21942    
1    72    43    -6429.65    -23.4321    0.504967    7.10894    
1    73    44    -6429.98    -23.7735    0.501282    7.15177    
1    75    45    -6427.77    -23.678    0.502151    7.1735    
1    76    46    -6431.37    -23.2856    0.501026    7.13373    
1    78    47    -6428.92    -23.5729    0.50081    7.17917    
1    80    48    -6429.63    -23.9327    0.500493    7.16194    
1    81    49    -6429.78    -23.2117    0.501328    7.16113    
1    83    50    -6430.73    -23.7089    0.501961    7.16689    
1    84    51    -6431.57    -24.2507    0.50185    7.04032    
1    85    52    -6430.84    -23.5132    0.502616    7.14913    
1    90    53    -6430.6    -23.5174    0.501254    7.1856    
1    91    54    -6431.41    -23.6538    0.502899    7.19374    
1    92    55    -6429.45    -23.5937    0.503236    7.19305    
1    93    56    -6431.45    -23.4622    0.50311    7.18225    
1    96    57    -6430.93    -25.0078    0.503188    7.08658    
1    97    58    -6429.59    -24.7201    0.501263    7.21129    
