#Task    Step    numberOfAcceptedPeleSteps    currentEnergy    BindingEnergy    sasaLig    distance_A43SG_L1S1    
1    0    0    -6212.22    -2.42195    0.519686    7.37367    
1    1    1    -6420.49    -21.2531    0.522905    7.24319    
1    3    2    -6422.38    -21.4695    0.523332    7.23201    
1    5    3    -6422.58    -21.706    0.521561    7.24648    
1    6    4    -6421.73    -21.2228    0.522622    7.2426    
1    7    5    -6421.39    -21.0508    0.525647    7.22359    
1    10    6    -6423.19    -21.381    0.526738    7.23238    
1    11    7    -6421.56    -21.239    0.524242    7.22077    
1    13    8    -6421.3    -21.5857    0.523523    7.24113    
1    15    9    -6421.5    -21.2709    0.523207    7.24052    
1    17    10    -6421.41    -21.5968    0.525753    7.2572    
1    23    11    -6420.98    -21.5358    0.526411    7.22886    
1    24    12    -6418.8    -20.5414    0.525507    7.08351    
1    25    13    -6418.07    -21.3297    0.523831    7.19408    
1    26    14    -6419.37    -20.9756    0.523862    7.16048    
1    27    15    -6419.69    -21.2433    0.525407    7.17948    
1    28    16    -6419.07    -21.7509    0.524965    7.21995    
1    29    17    -6419.57    -21.1717    0.52435    7.19637    
1    30    18    -6420.77    -21.5001    0.527188    7.22992    
1    31    19    -6420.57    -21.165    0.525621    7.21031    
1    32    20    -6420.07    -21.1966    0.525505    7.18563    
1    33    21    -6421.44    -21.0838    0.526869    7.20543    
1    35    22    -6421.06    -21.7342    0.521634    7.22334    
1    36    23    -6421.93    -21.0854    0.525382    7.2141    
1    39    24    -6423.03    -21.3836    0.523192    7.20881    
1    41    25    -6425.02    -21.4921    0.526866    7.22367    
1    42    26    -6423.99    -20.954    0.52701    7.19559    
1    45    27    -6421.4    -21.9286    0.526111    7.19585    
1    46    28    -6422.33    -21.5603    0.52709    7.1922    
1    47    29    -6422.54    -21.825    0.524824    7.1758    
1    48    30    -6423.39    -21.4402    0.525796    7.13536    
1    49    31    -6421.54    -21.9515    0.519819    7.16005    
1    50    32    -6421.26    -21.6348    0.52345    7.17448    
1    54    33    -6421.76    -21.5926    0.52665    7.20041    
1    57    34    -6419.29    -21.6335    0.525427    7.14999    
1    58    35    -6418.1    -21.8487    0.52541    7.18209    
1    60    36    -6417.13    -22.1404    0.524131    7.19801    
1    61    37    -6420.66    -22.5067    0.522945    7.18454    
1    62    38    -6421.29    -22.2282    0.525903    7.19288    
1    65    39    -6420.59    -21.8035    0.5251    7.20939    
1    66    40    -6418.24    -21.2864    0.522372    7.18441    
1    67    41    -6421.56    -21.9468    0.523171    7.20471    
1    70    42    -6421.43    -21.3974    0.524965    7.18359    
1    71    43    -6421.39    -21.7703    0.523966    7.19186    
1    75    44    -6422.07    -21.8678    0.523904    7.19036    
1    76    45    -6420.94    -21.3866    0.523864    7.12758    
1    77    46    -6418.96    -21.7222    0.521451    7.19263    
1    78    47    -6420.15    -21.8171    0.524236    7.20484    
1    81    48    -6419.46    -21.6068    0.514402    7.22312    
1    82    49    -6420.42    -21.3217    0.521919    7.15724    
1    83    50    -6422.09    -20.483    0.519765    7.22242    
1    88    51    -6423.11    -21.4204    0.523878    7.19344    
1    89    52    -6420.06    -21.3007    0.520831    7.20497    
1    90    53    -6420.54    -22.0549    0.520141    7.17477    
1    91    54    -6421.52    -21.9038    0.519234    7.22426    
1    92    55    -6420.59    -21.5173    0.521838    7.12879    
1    96    56    -6421.87    -21.4404    0.522286    7.11903    
1    97    57    -6421.09    -22.2792    0.519765    7.19245    
1    98    58    -6421.06    -21.8045    0.523752    7.20444    
1    99    59    -6421.78    -21.5126    0.524704    7.18824    
