#Task    Step    numberOfAcceptedPeleSteps    currentEnergy    BindingEnergy    sasaLig    distance_A43SG_L1S1    
1    0    0    -6212.22    -2.42195    0.519686    7.37367    
1    1    1    -6374.83    -20.2495    0.506188    7.21324    
1    2    2    -6402.39    -20.9651    0.527414    7.19308    
1    3    3    -6418.7    -27.7572    0.495848    7.2419    
1    5    4    -6419.33    -24.2345    0.500688    7.26138    
1    7    5    -6426.87    -27.1863    0.504554    7.40162    
1    10    6    -6424.81    -26.5542    0.501712    7.29038    
1    11    7    -6423.63    -26.7852    0.503951    7.27124    
1    13    8    -6428.69    -27.7296    0.505337    7.25423    
1    15    9    -6428.15    -27.5111    0.505068    7.29061    
1    18    10    -6429.59    -27.3138    0.50778    7.29523    
1    21    11    -6428.12    -28.0789    0.50672    7.25438    
1    29    12    -6424.42    -23.7448    0.513519    7.1853    
1    30    13    -6422.27    -21.1534    0.503185    6.98982    
1    31    14    -6426.56    -24.0768    0.500765    7.27919    
1    33    15    -6426.18    -27.7173    0.504273    7.28583    
1    34    16    -6429.18    -27.7983    0.505283    7.29371    
1    38    17    -6415.08    -23.7914    0.489542    7.08111    
1    39    18    -6421.37    -18.8044    0.525347    7.25203    
1    41    19    -6420.9    -21.1672    0.529792    7.1856    
1    42    20    -6420.43    -21.1819    0.530311    7.21523    
1    43    21    -6416.1    -21.4431    0.534835    7.23015    
1    44    22    -6417.22    -21.0698    0.53116    7.19651    
1    45    23    -6418.76    -21.4502    0.529066    7.17253    
1    46    24    -6419.4    -21.1915    0.532462    7.20853    
1    47    25    -6416.75    -21.1197    0.529651    7.25479    
1    49    26    -6418.75    -21.3276    0.533552    7.21865    
1    54    27    -6417.27    -20.7589    0.530751    7.23974    
1    56    28    -6418.6    -20.9203    0.530969    7.25766    
1    58    29    -6417.94    -20.8624    0.531273    7.2214    
1    59    30    -6418.15    -21.5693    0.532672    7.21467    
1    60    31    -6414.03    -19.4305    0.542031    7.31004    
1    61    32    -6416.15    -21.5746    0.535731    7.25066    
1    62    33    -6410.31    -13.949    0.544534    7.24888    
1    63    34    -6411.7    -17.6418    0.533991    7.23661    
1    65    35    -6413.44    -21.7306    0.530505    7.20448    
1    66    36    -6414.31    -21.5772    0.534167    7.21776    
1    67    37    -6413.91    -20.795    0.53402    7.23755    
1    70    38    -6411.85    -21.4202    0.532517    7.20529    
1    74    39    -6416.31    -21.6795    0.534961    7.22431    
1    76    40    -6415.94    -21.4415    0.534857    7.21413    
1    77    41    -6415.76    -21.2686    0.5365    7.1679    
1    80    42    -6416.34    -22.2771    0.534281    7.11213    
1    84    43    -6414.85    -20.9886    0.534964    7.21416    
1    85    44    -6415.23    -21.5492    0.535898    7.18011    
1    86    45    -6416.36    -21.4587    0.536936    7.18758    
1    88    46    -6416.34    -22.0368    0.534358    7.16731    
1    90    47    -6415.38    -21.2678    0.535404    7.23752    
1    93    48    -6414.8    -21.8893    0.535998    7.19094    
1    94    49    -6408.16    -21.3788    0.533566    7.2721    
1    95    50    -6411.84    -15.5862    0.538027    7.18615    
1    96    51    -6411.89    -16.9203    0.535378    7.19531    
1    98    52    -6405.86    -20.3014    0.525329    7.20623    
1    99    53    -6409.1    -19.3012    0.534723    7.23914    
1    100    54    -6414.36    -18.4721    0.537559    7.19086    
