#Task    Step    numberOfAcceptedPeleSteps    currentEnergy    BindingEnergy    sasaLig    distance_A43SG_L1S1    
1    0    0    -6212.22    -2.42195    0.519686    7.37367    
1    1    1    -6396.22    -19.9948    0.522478    7.15756    
1    3    2    -6409.81    -21.0054    0.523566    7.23721    
1    5    3    -6408.86    -19.8553    0.521304    7.20066    
1    6    4    -6411.4    -21.2934    0.525129    7.21316    
1    7    5    -6419.35    -20.9589    0.525299    7.20369    
1    10    6    -6419.81    -20.255    0.525724    7.2131    
1    14    7    -6420.89    -20.2824    0.528275    7.20711    
1    17    8    -6419.06    -20.1467    0.524856    7.1965    
1    18    9    -6421.05    -19.871    0.523115    7.18602    
1    19    10    -6420.75    -20.6859    0.52111    7.19829    
1    20    11    -6421.71    -20.5294    0.52312    7.09855    
1    21    12    -6416.27    -19.5263    0.52615    7.17693    
1    22    13    -6418.99    -21.3323    0.523313    7.1426    
1    24    14    -6417.47    -20.0399    0.524354    7.18081    
1    26    15    -6421.91    -20.3085    0.524527    7.17968    
1    27    16    -6421.99    -20.1539    0.523557    7.21544    
1    30    17    -6422.31    -19.9349    0.524585    7.20281    
1    31    18    -6421.95    -19.8519    0.526541    7.21263    
1    32    19    -6421.07    -20.1    0.52615    7.15856    
1    33    20    -6421.14    -20.484    0.524156    7.21058    
1    36    21    -6421.84    -20.2014    0.523594    7.18487    
1    37    22    -6421.19    -20.5367    0.5252    7.22144    
1    38    23    -6421    -20.056    0.523266    7.21303    
1    39    24    -6421.99    -20.7475    0.525129    7.25092    
1    40    25    -6415    -13.0467    0.541293    7.20071    
1    41    26    -6419.22    -21.7059    0.525933    7.22236    
1    42    27    -6422.11    -21.2929    0.525877    7.23462    
1    44    28    -6420.48    -20.9795    0.523755    7.2429    
1    45    29    -6422.08    -21.2304    0.524336    7.23083    
1    46    30    -6419.11    -22.0961    0.51973    7.13963    
1    47    31    -6418.7    -20.5556    0.52223    7.26289    
1    48    32    -6421    -20.8662    0.523146    7.22495    
1    49    33    -6421.54    -21.6772    0.524629    7.20811    
1    50    34    -6418.12    -21.6895    0.517197    7.18591    
1    51    35    -6420.6    -21.3502    0.521971    7.21981    
1    52    36    -6423.45    -21.2092    0.524154    7.20999    
1    58    37    -6422.96    -21.6409    0.524089    7.16395    
1    59    38    -6419.4    -21.0596    0.52301    7.22941    
1    61    39    -6420.06    -21.2925    0.524623    7.19103    
1    62    40    -6421.98    -20.5871    0.52622    7.18989    
1    65    41    -6419.84    -20.9683    0.526454    7.16401    
1    68    42    -6419.69    -20.5237    0.523916    7.10382    
1    72    43    -6421.68    -21.572    0.522944    7.10416    
1    74    44    -6421.48    -21.3359    0.523155    7.14475    
1    79    45    -6421.82    -21.0716    0.525192    7.16041    
1    80    46    -6418.75    -21.94    0.524047    7.18737    
1    81    47    -6421.65    -21.3203    0.527041    7.22663    
1    84    48    -6421.92    -21.1851    0.528987    7.22474    
1    87    49    -6418.7    -19.2829    0.532785    7.29095    
1    88    50    -6420.3    -21.0703    0.528664    7.23876    
1    89    51    -6415.39    -20.8731    0.527667    7.2181    
1    90    52    -6417.2    -22.2113    0.525197    7.143    
1    91    53    -6417.23    -20.2693    0.522798    7.19732    
1    94    54    -6418.15    -20.1968    0.52099    7.19781    
1    95    55    -6419.44    -20.7086    0.522722    7.17446    
1    99    56    -6417.6    -19.775    0.52012    7.16352    
