#Task    Step    numberOfAcceptedPeleSteps    currentEnergy    BindingEnergy    sasaLig    distance_A43SG_L1S1    
1    0    0    -6212.22    -2.42195    0.519686    7.37367    
1    1    1    -6387.63    -19.3402    0.516365    7.21716    
1    2    2    -6413.51    -19.8692    0.531091    7.36912    
1    4    3    -6417.25    -20.615    0.531128    7.34951    
1    5    4    -6415.46    -21.3262    0.524436    7.30316    
1    7    5    -6417.21    -19.7795    0.530007    7.33131    
1    8    6    -6413.72    -20.3309    0.530319    7.17663    
1    9    7    -6421.08    -19.4557    0.530653    7.1149    
1    10    8    -6419.41    -19.0569    0.539877    7.2389    
1    12    9    -6421.49    -19.5867    0.525305    7.1298    
1    13    10    -6428.67    -20.0316    0.535775    7.20844    
1    15    11    -6431.09    -20.4009    0.542369    7.2567    
1    17    12    -6432.49    -20.1385    0.541703    7.27432    
1    18    13    -6430.1    -20.6009    0.539614    7.23769    
1    19    14    -6432.1    -20.2102    0.540503    7.29242    
1    22    15    -6432.1    -20.3511    0.540006    7.27857    
1    23    16    -6432.24    -20.0623    0.540341    7.27402    
1    24    17    -6432.54    -19.7537    0.542516    7.30602    
1    25    18    -6433.65    -20.3041    0.535367    7.0059    
1    27    19    -6433.25    -19.9564    0.543421    7.34074    
1    28    20    -6433.23    -19.9755    0.542689    7.30731    
1    30    21    -6433.25    -20.5058    0.542333    7.31599    
1    36    22    -6431.74    -20.7629    0.537806    7.1693    
1    37    23    -6432.15    -20.8121    0.539052    7.14315    
1    38    24    -6432.96    -20.053    0.538995    7.14489    
1    40    25    -6429.35    -19.6663    0.537006    7.18614    
1    41    26    -6430.28    -19.8862    0.535253    7.1556    
1    45    27    -6428.2    -19.6879    0.53647    7.09978    
1    46    28    -6427.56    -19.8741    0.536596    7.15226    
1    47    29    -6431.49    -19.9204    0.536938    7.23931    
1    51    30    -6430.59    -19.3211    0.535183    7.15029    
1    54    31    -6433.67    -20.471    0.537035    7.19236    
1    55    32    -6432.13    -20.3362    0.534561    7.16294    
1    57    33    -6430.47    -20.0715    0.536898    7.15364    
1    58    34    -6424.81    -20.5433    0.534666    7.14823    
1    60    35    -6430.9    -20.0996    0.541943    7.04181    
1    63    36    -6430.69    -19.9042    0.536219    7.13358    
1    65    37    -6431    -20.047    0.536388    7.15311    
1    67    38    -6430.28    -20.1615    0.536596    7.16576    
1    72    39    -6427.94    -20.1254    0.53721    7.17115    
1    73    40    -6429.16    -20.1882    0.537388    7.17898    
1    74    41    -6429.95    -19.9476    0.537828    7.1513    
1    75    42    -6429.74    -20.3168    0.535826    7.1692    
1    80    43    -6430.16    -20.6561    0.53708    7.18439    
1    81    44    -6431.52    -19.9267    0.53541    7.13966    
1    87    45    -6431.19    -20.1217    0.535551    7.14218    
1    90    46    -6430.44    -20.5592    0.537282    7.1679    
1    91    47    -6431.14    -20.6688    0.536236    7.17529    
1    94    48    -6424.87    -20.6293    0.536583    7.19188    
1    95    49    -6421.96    -14.6191    0.537941    7.28314    
1    96    50    -6421.7    -14.0215    0.537737    7.26181    
1    97    51    -6420.51    -15.0544    0.539913    6.84515    
1    99    52    -6423.36    -13.6407    0.542965    6.7857    
1    100    53    -6419.79    -15.819    0.54031    6.4557    
