#Task    Step    numberOfAcceptedPeleSteps    currentEnergy    BindingEnergy    sasaLig    distance_A43SG_L1S1    
1    0    0    -6212.22    -2.42195    0.519686    7.37367    
1    1    1    -6416.81    -22.5875    0.528134    7.25264    
1    2    2    -6418.71    -22.8301    0.528346    7.18922    
1    3    3    -6419.29    -21.0879    0.525908    7.23146    
1    5    4    -6418.61    -20.9225    0.521098    7.27855    
1    6    5    -6421.05    -20.998    0.521351    7.28387    
1    7    6    -6422.5    -20.5797    0.525435    7.31542    
1    8    7    -6422.21    -21.9059    0.526282    7.34345    
1    11    8    -6423.08    -20.9255    0.527376    7.26703    
1    12    9    -6424.42    -20.2784    0.53012    7.27734    
1    14    10    -6423.88    -21.0273    0.52549    7.22619    
1    15    11    -6424.79    -21.4833    0.522204    7.24774    
1    17    12    -6422.31    -21.2165    0.517731    7.13591    
1    19    13    -6423.33    -20.5879    0.527605    7.23643    
1    23    14    -6423.45    -20.905    0.52948    7.21983    
1    25    15    -6423.84    -21.5978    0.526093    7.22622    
1    27    16    -6424.75    -21.7755    0.527562    7.20305    
1    29    17    -6422.37    -21.6744    0.531608    7.18677    
1    30    18    -6422.9    -21.9296    0.528464    7.04902    
1    31    19    -6423.41    -21.218    0.528401    7.19015    
1    32    20    -6424.09    -22.0275    0.527627    7.17895    
1    34    21    -6424.97    -22.4229    0.527723    7.16734    
1    35    22    -6424.72    -21.651    0.52442    7.19157    
1    37    23    -6423.15    -21.8502    0.526977    7.22122    
1    38    24    -6422    -21.4015    0.527532    7.21307    
1    43    25    -6423.45    -21.2829    0.531196    7.2079    
1    45    26    -6422.98    -21.5487    0.525422    7.21332    
1    46    27    -6423.72    -21.4477    0.526601    7.22794    
1    47    28    -6422.2    -21.0188    0.524528    7.20245    
1    48    29    -6422.99    -20.78    0.526742    7.20078    
1    49    30    -6423.05    -20.3779    0.527226    7.20528    
1    52    31    -6423.64    -20.3954    0.528247    7.21174    
1    53    32    -6422.15    -21.1215    0.529315    7.18957    
1    54    33    -6423.97    -21.2407    0.530184    7.19118    
1    55    34    -6424.76    -21.6962    0.528922    7.20835    
1    56    35    -6424.68    -21.1616    0.52914    7.1941    
1    57    36    -6422.5    -21.2693    0.530109    7.20646    
1    58    37    -6423.91    -21.6376    0.530368    7.20418    
1    59    38    -6423.57    -21.7777    0.53006    7.19016    
1    61    39    -6420.48    -21.2626    0.531961    7.21277    
1    63    40    -6424.14    -21.1568    0.530033    7.19948    
1    64    41    -6424.49    -22.3743    0.528558    7.16937    
1    65    42    -6418.35    -21.5424    0.527351    7.21872    
1    67    43    -6418.9    -21.3446    0.527518    7.25421    
1    68    44    -6413.03    -21.2445    0.527145    7.21451    
1    69    45    -6416.62    -21.8078    0.52993    7.20681    
1    70    46    -6419.01    -21.5475    0.529614    7.20649    
1    72    47    -6418.99    -20.122    0.530165    7.18988    
1    75    48    -6417.5    -22.0355    0.523097    7.23296    
1    77    49    -6415.84    -21.5393    0.526863    7.24068    
1    78    50    -6416.64    -21.4008    0.527525    7.23292    
1    79    51    -6418.67    -21.4214    0.52857    7.23666    
1    80    52    -6419.21    -21.4578    0.528157    7.25613    
1    81    53    -6417.77    -21.5888    0.524574    7.25236    
1    82    54    -6405.02    -20.7031    0.520175    7.23215    
1    83    55    -6419.88    -20.977    0.523344    7.24221    
1    84    56    -6418.81    -21.9477    0.524805    7.17022    
1    85    57    -6420.5    -21.6295    0.525013    7.20658    
1    86    58    -6416.61    -21.0137    0.524205    7.20597    
1    87    59    -6425.8    -21.6697    0.527372    7.22108    
1    91    60    -6425.64    -21.8016    0.526338    7.1766    
1    92    61    -6425.5    -21.5284    0.526691    7.16787    
1    95    62    -6424.85    -21.3152    0.525449    7.20949    
1    96    63    -6425.28    -21.771    0.526088    7.16109    
1    99    64    -6424.26    -21.6661    0.527124    7.2216    
1    100    65    -6424.03    -21.1525    0.527292    7.20226    
