#Task    Step    numberOfAcceptedPeleSteps    currentEnergy    BindingEnergy    sasaLig    distance_A43SG_L1S1    
1    0    0    -6212.22    -2.42195    0.519686    7.37367    
1    1    1    -6363.7    -18.908    0.508956    7.26266    
1    2    2    -6398.61    -18.0093    0.514764    6.97579    
1    3    3    -6405.36    -20.4948    0.514442    7.06687    
1    4    4    -6408.26    -20.0404    0.515716    7.15841    
1    5    5    -6405.99    -19.1576    0.516434    7.16327    
1    6    6    -6406.86    -18.1116    0.513166    6.95783    
1    7    7    -6417.87    -19.0743    0.519049    7.11832    
1    8    8    -6418.47    -17.0962    0.517574    7.02659    
1    9    9    -6417.34    -19.2312    0.51856    7.07156    
1    10    10    -6412.85    -21.345    0.512807    7.05745    
1    11    11    -6420.35    -20.2861    0.516781    7.03021    
1    12    12    -6420.91    -20.2076    0.516307    7.04248    
1    15    13    -6420.63    -19.5921    0.51541    7.06598    
1    16    14    -6419.98    -20.1809    0.516046    7.07166    
1    18    15    -6418.33    -20.7949    0.513697    6.99095    
1    19    16    -6418.16    -19.1769    0.519129    7.08972    
1    21    17    -6418.75    -19.2837    0.519836    7.07455    
1    24    18    -6418.09    -17.5437    0.521237    7.02552    
1    26    19    -6417.84    -20.0902    0.517603    7.03014    
1    27    20    -6417.36    -19.3968    0.518414    7.0618    
1    28    21    -6419.57    -19.0422    0.519325    7.06846    
1    31    22    -6419.24    -16.1797    0.53303    6.97123    
1    32    23    -6417.71    -16.0191    0.526298    6.93865    
1    33    24    -6424.02    -20.2968    0.527468    7.23101    
1    34    25    -6424.68    -20.7987    0.528479    7.13196    
1    35    26    -6424.34    -20.8181    0.528585    7.21303    
1    36    27    -6417.43    -21.188    0.530608    7.22343    
1    37    28    -6425.61    -20.6401    0.530713    7.17723    
1    38    29    -6425.82    -20.6163    0.53665    7.25513    
1    39    30    -6426.84    -20.3606    0.53425    7.26392    
1    41    31    -6424.31    -20.5994    0.533718    7.20465    
1    45    32    -6423.82    -20.2179    0.53294    7.23919    
1    46    33    -6421.24    -19.9931    0.533735    7.15069    
1    47    34    -6424.37    -20.1542    0.533297    7.1817    
1    49    35    -6422.99    -20.2171    0.533461    7.19027    
1    51    36    -6425.91    -20.0688    0.536385    7.23603    
1    54    37    -6426.73    -21.6883    0.53083    7.18797    
1    55    38    -6426.54    -20.296    0.534111    7.17948    
1    56    39    -6426.46    -20.32    0.533998    7.18157    
1    58    40    -6426.13    -20.5017    0.534952    7.21651    
1    61    41    -6423.34    -20.751    0.534394    7.24063    
1    62    42    -6426.21    -20.326    0.53513    7.22378    
1    64    43    -6426.99    -21.0988    0.53348    7.22635    
1    66    44    -6426.21    -21.1743    0.532354    7.17141    
1    67    45    -6418.5    -21.7501    0.531497    7.23784    
1    68    46    -6424.99    -20.5181    0.538533    7.2095    
1    69    47    -6423.75    -20.5984    0.534608    7.20223    
1    71    48    -6423.37    -19.7773    0.535242    7.25642    
1    72    49    -6423.32    -20.9404    0.534033    7.20667    
1    73    50    -6422.76    -20.5203    0.533296    7.21972    
1    76    51    -6422.72    -20.2456    0.533716    7.20148    
1    79    52    -6422.57    -20.5684    0.534678    7.30075    
1    81    53    -6422.86    -20.293    0.537115    7.24269    
1    84    54    -6423.07    -20.4669    0.53743    7.16589    
1    86    55    -6423.29    -20.4094    0.538193    7.21635    
1    90    56    -6424.57    -20.5832    0.538014    7.21723    
1    97    57    -6422.92    -21.012    0.536098    7.22705    
