#Task    Step    numberOfAcceptedPeleSteps    currentEnergy    BindingEnergy    sasaLig    distance_A43SG_L1S1    
1    0    0    -6212.22    -2.42195    0.519686    7.37367    
1    1    1    -6378.06    -18.5722    0.50029    7.22358    
1    2    2    -6414.29    -21.0337    0.518728    7.09725    
1    3    3    -6422.06    -22.0199    0.518328    7.14677    
1    7    4    -6414.77    -17.586    0.533583    7.08666    
1    8    5    -6418.33    -17.2628    0.532878    7.09831    
1    12    6    -6419.54    -17.0187    0.534684    7.04973    
1    14    7    -6420.19    -16.8931    0.533662    7.04434    
1    15    8    -6422.65    -17.0256    0.53514    7.15162    
1    18    9    -6418.66    -17.4723    0.533656    7.07099    
1    20    10    -6423.13    -17.3331    0.535012    7.08016    
1    21    11    -6420.15    -16.8911    0.533532    7.12086    
1    22    12    -6424.5    -16.8811    0.533021    7.15877    
1    23    13    -6423.49    -16.5757    0.53628    7.18067    
1    26    14    -6424.55    -16.5457    0.536519    7.17482    
1    30    15    -6423.4    -15.958    0.535683    7.15964    
1    31    16    -6425.08    -16.1508    0.538576    7.16003    
1    32    17    -6425.53    -16.4666    0.537587    7.07645    
1    34    18    -6425.27    -15.9591    0.537404    7.16761    
1    35    19    -6423.44    -16.1504    0.536062    7.1581    
1    37    20    -6424.36    -15.9481    0.536901    7.17503    
1    38    21    -6424.91    -15.2955    0.537599    7.17001    
1    39    22    -6424.84    -15.8128    0.536564    7.18836    
1    40    23    -6419.39    -16.2264    0.537774    7.1552    
1    41    24    -6423.15    -21.6533    0.528482    7.13837    
1    42    25    -6424.79    -22.1042    0.527537    7.16061    
1    46    26    -6424.54    -20.8718    0.526788    7.13413    
1    47    27    -6424.4    -20.9769    0.523885    7.19755    
1    51    28    -6421.2    -19.8846    0.531696    7.29466    
1    52    29    -6424.08    -21.7792    0.526445    7.20045    
1    54    30    -6426.32    -21.3477    0.529483    7.23867    
1    55    31    -6425.64    -21.0983    0.52895    7.24032    
1    56    32    -6425.15    -20.7205    0.529109    7.23483    
1    57    33    -6425.07    -21.0486    0.526964    7.23617    
1    63    34    -6423.09    -21.0236    0.528344    7.2501    
1    65    35    -6422.27    -21.0632    0.526165    7.24099    
1    67    36    -6423.26    -21.0044    0.526646    7.25899    
1    69    37    -6420.27    -20.666    0.525169    7.26317    
1    71    38    -6422.63    -21.482    0.523118    7.2609    
1    72    39    -6420.36    -21.0133    0.527468    7.23459    
1    73    40    -6419.18    -20.4987    0.521029    7.22392    
1    76    41    -6415.65    -19.7857    0.521252    7.24785    
1    77    42    -6418.05    -20.4125    0.523619    7.16813    
1    79    43    -6418.57    -20.535    0.524876    7.19677    
1    80    44    -6420.39    -19.7645    0.5274    7.19535    
1    81    45    -6416.25    -15.6424    0.535804    7.19253    
1    82    46    -6414.39    -17.5979    0.531032    7.11864    
1    83    47    -6417.15    -17.3934    0.530202    7.22415    
1    86    48    -6417.2    -18.829    0.530447    7.20296    
1    91    49    -6417.86    -20.241    0.519429    7.21852    
1    92    50    -6417.25    -20.8604    0.523854    7.15591    
1    93    51    -6418.63    -20.3897    0.527926    7.1801    
1    95    52    -6418.17    -20.9761    0.526129    7.19618    
1    96    53    -6419.8    -20.8447    0.528553    7.18191    
1    98    54    -6419.52    -20.7233    0.528586    7.18209    
1    100    55    -6418.4    -20.6987    0.526516    7.05585    
