#Task    Step    numberOfAcceptedPeleSteps    currentEnergy    BindingEnergy    sasaLig    distance_A43SG_L1S1    
1    0    0    -6212.22    -2.42195    0.519686    7.37367    
1    1    1    -6401.29    -20.4517    0.513192    7.15989    
1    2    2    -6413.16    -14.629    0.53813    7.11447    
1    3    3    -6419.35    -20.8858    0.522078    7.14556    
1    4    4    -6419    -20.7618    0.523652    7.17334    
1    9    5    -6418.45    -21.551    0.519664    6.98161    
1    10    6    -6417.91    -20.7122    0.52108    7.29516    
1    11    7    -6421.89    -21.6486    0.522595    7.21973    
1    12    8    -6422.35    -20.9551    0.526678    7.23154    
1    15    9    -6421.85    -21.5088    0.523306    7.2248    
1    16    10    -6422.13    -21.5653    0.523806    7.19101    
1    17    11    -6421.1    -20.9535    0.523289    7.2323    
1    18    12    -6421.55    -21.1399    0.524663    7.22721    
1    20    13    -6421.64    -21.2364    0.526281    7.22268    
1    24    14    -6419.8    -20.8744    0.528413    7.27282    
1    25    15    -6422.7    -21.6599    0.525586    7.25401    
1    26    16    -6421.74    -21.5369    0.52496    7.27136    
1    27    17    -6422.77    -20.9903    0.526607    7.25378    
1    28    18    -6423.85    -21.1685    0.523967    7.19599    
1    36    19    -6423.05    -21.9454    0.524339    7.23147    
1    38    20    -6423.41    -21.4751    0.524656    7.21737    
1    40    21    -6422.55    -21.9313    0.525988    7.18083    
1    41    22    -6420.89    -22.2418    0.522502    7.16419    
1    42    23    -6420.64    -22.3855    0.525278    7.18514    
1    44    24    -6421.28    -20.9625    0.52546    7.16455    
1    45    25    -6421.43    -22.0856    0.525858    7.15015    
1    46    26    -6419.8    -21.9203    0.527197    7.17062    
1    48    27    -6422.98    -21.5381    0.527196    7.20419    
1    49    28    -6421.65    -22.3978    0.523843    7.17703    
1    50    29    -6422.53    -21.4535    0.523873    7.19968    
1    51    30    -6424.33    -21.3648    0.527667    7.21941    
1    52    31    -6424.43    -21.4262    0.528059    7.18144    
1    53    32    -6423.64    -21.4597    0.524109    7.20271    
1    54    33    -6424.41    -21.7357    0.525461    7.19976    
1    58    34    -6417.3    -21.2642    0.524902    7.19833    
1    59    35    -6423.42    -21.6095    0.524918    7.22548    
1    60    36    -6421.38    -20.8937    0.525743    7.20941    
1    63    37    -6423.08    -21.8929    0.524059    7.22866    
1    64    38    -6423.45    -21.4061    0.528432    7.20212    
1    67    39    -6420.11    -21.5175    0.529606    7.25196    
1    69    40    -6421.37    -21.5088    0.529244    7.21678    
1    73    41    -6415.15    -21.1503    0.528656    7.14616    
1    74    42    -6416.14    -21.2909    0.526746    7.15743    
1    76    43    -6416.28    -21.4964    0.525319    7.18081    
1    77    44    -6414.26    -21.9299    0.526637    7.13649    
1    81    45    -6415.8    -21.9131    0.524903    7.14202    
1    83    46    -6417.25    -21.5302    0.525104    7.17267    
1    84    47    -6419.49    -22.1015    0.526064    7.12459    
1    85    48    -6417.33    -21.7734    0.522775    7.18814    
1    86    49    -6420.16    -21.8241    0.524482    7.17451    
1    87    50    -6417.44    -16.974    0.532262    7.16747    
1    90    51    -6418.26    -16.9918    0.53371    7.18552    
1    91    52    -6420.18    -21.7191    0.521543    7.16167    
1    96    53    -6418.87    -21.1387    0.523267    7.2003    
1    99    54    -6418.94    -20.4473    0.521906    7.2246    
1    100    55    -6420.68    -21.5166    0.524239    7.18827    
