#Task    Step    numberOfAcceptedPeleSteps    currentEnergy    BindingEnergy    sasaLig    distance_A43SG_L1S1    
1    0    0    -6212.22    -2.42195    0.519686    7.37367    
1    1    1    -6393.78    -20.5286    0.510717    7.22413    
1    2    2    -6406.58    -12.9622    0.513299    7.09128    
1    3    3    -6411.61    -17.2794    0.502966    7.16046    
1    4    4    -6411.5    -16.9243    0.5032    7.13387    
1    7    5    -6410.69    -19.4642    0.505846    7.08764    
1    8    6    -6410.12    -20.1266    0.51434    7.06039    
1    9    7    -6413.18    -19.9259    0.514845    7.10282    
1    10    8    -6413.7    -20.7156    0.511642    7.08707    
1    12    9    -6415.09    -19.2667    0.510812    7.05868    
1    15    10    -6417.36    -20.0848    0.513092    7.07067    
1    17    11    -6417.02    -20.6655    0.515093    7.11373    
1    19    12    -6415.57    -20.6187    0.512131    7.08898    
1    21    13    -6415.22    -20.5435    0.514008    7.07287    
1    22    14    -6415.71    -20.8039    0.517786    7.05454    
1    23    15    -6412.83    -19.3528    0.517022    6.99796    
1    27    16    -6418.3    -21.3653    0.516574    7.10299    
1    32    17    -6417.86    -20.5005    0.516362    7.08228    
1    35    18    -6416.74    -21.1568    0.514624    7.08108    
1    37    19    -6413.69    -21.2717    0.514028    7.05143    
1    40    20    -6413.8    -21.1425    0.516141    7.06073    
1    41    21    -6415.2    -21.3349    0.515005    7.02095    
1    42    22    -6414.9    -21.1993    0.51381    7.07051    
1    45    23    -6416.27    -21.2217    0.515185    7.07577    
1    47    24    -6412.09    -21.0422    0.51604    6.94919    
1    48    25    -6413.81    -17.8529    0.514494    7.03854    
1    49    26    -6417.25    -18.4176    0.513117    7.04353    
1    50    27    -6415.63    -18.0675    0.524939    7.01278    
1    53    28    -6415.06    -17.9721    0.524663    6.97814    
1    54    29    -6413.23    -17.5311    0.523121    6.98722    
1    55    30    -6415.58    -17.6486    0.525338    6.9864    
1    56    31    -6415.41    -17.8483    0.526174    6.9214    
1    57    32    -6416.33    -17.4067    0.524477    6.95033    
1    60    33    -6415.72    -17.8227    0.526561    6.94688    
1    61    34    -6415.48    -17.4757    0.524759    6.93574    
1    62    35    -6416.08    -17.1487    0.527496    6.95888    
1    63    36    -6415.98    -17.3991    0.523866    6.99852    
1    66    37    -6416.34    -17.6508    0.525916    6.99268    
1    67    38    -6416.19    -17.9319    0.525504    6.98835    
1    70    39    -6416.09    -17.4054    0.524424    6.96371    
1    71    40    -6416.3    -17.5252    0.52542    6.9898    
1    72    41    -6415.12    -17.1653    0.523801    6.53928    
1    73    42    -6417.93    -18.0493    0.526181    7.02066    
1    74    43    -6417.35    -17.8479    0.523626    6.95509    
1    76    44    -6416.92    -17.7731    0.526378    6.98429    
1    78    45    -6417.89    -17.9061    0.523259    6.98918    
1    86    46    -6416.9    -17.6016    0.525235    6.99259    
1    87    47    -6416.85    -17.7242    0.524461    7.01229    
1    88    48    -6416.33    -17.2057    0.524302    7.00099    
1    89    49    -6416.68    -17.8198    0.524361    6.9886    
1    92    50    -6417.12    -17.8138    0.523973    6.84532    
1    93    51    -6419.29    -20.9306    0.533461    7.25393    
1    94    52    -6421.71    -20.8013    0.533552    7.28384    
1    95    53    -6422.32    -20.9722    0.532134    7.29733    
1    96    54    -6421.6    -20.6291    0.53233    7.28985    
1    97    55    -6423.67    -17.4599    0.535442    6.99726    
1    98    56    -6422.32    -17.9503    0.531709    7.03049    
1    99    57    -6423.01    -16.3532    0.533928    7.00847    
1    100    58    -6421.62    -15.7208    0.536642    7.05163    
