#Task    Step    numberOfAcceptedPeleSteps    currentEnergy    BindingEnergy    sasaLig    distance_A43SG_L1S1    
1    0    0    -6212.22    -2.42195    0.519686    7.37367    
1    1    1    -6380.46    -19.7951    0.510666    7.19763    
1    2    2    -6406.27    -21.5745    0.527633    7.1855    
1    3    3    -6412.92    -24.9807    0.502329    7.36651    
1    4    4    -6426.34    -28.3441    0.503206    7.311    
1    5    5    -6425.78    -27.7001    0.503486    7.26857    
1    7    6    -6425.77    -28.0126    0.498612    7.26129    
1    8    7    -6420.48    -29.064    0.489641    7.18153    
1    9    8    -6427.4    -29.1358    0.495392    7.19348    
1    13    9    -6426.46    -28.7543    0.497731    7.18353    
1    20    10    -6424.04    -29.2157    0.498037    7.06642    
1    23    11    -6426.47    -29.0566    0.499565    7.10866    
1    24    12    -6424.63    -29.582    0.498776    7.13548    
1    29    13    -6424.44    -28.6676    0.499564    7.16768    
1    30    14    -6424.32    -29.398    0.495671    7.11278    
1    31    15    -6420.18    -29.0816    0.497224    7.21071    
1    33    16    -6423.31    -30.1219    0.493629    6.89859    
1    37    17    -6424.63    -29.4619    0.497078    7.1321    
1    38    18    -6425.08    -29.3704    0.493724    7.13845    
1    41    19    -6423.69    -29.1085    0.493647    7.13907    
1    45    20    -6423.71    -29.5031    0.499932    7.19517    
1    49    21    -6421.55    -28.9927    0.496803    7.18535    
1    50    22    -6425.62    -28.4366    0.496716    7.1976    
1    52    23    -6422.79    -28.6354    0.499253    7.19381    
1    53    24    -6426.96    -29.0168    0.494068    7.18905    
1    61    25    -6426.21    -28.5035    0.496865    7.21449    
1    66    26    -6424.18    -28.9192    0.493806    7.15919    
1    69    27    -6422.09    -26.484    0.493972    7.14593    
1    73    28    -6424.23    -28.2959    0.49736    7.18561    
1    74    29    -6428.21    -28.7943    0.499518    7.18165    
1    75    30    -6427.33    -22.8648    0.504153    7.1697    
1    76    31    -6431.25    -23.3899    0.505399    7.20927    
1    78    32    -6431.52    -23.6619    0.49805    7.14676    
1    79    33    -6431.84    -23.2402    0.500064    7.17606    
1    82    34    -6432.23    -23.4386    0.500388    7.17583    
1    87    35    -6430.89    -23.4599    0.500964    7.22696    
1    97    36    -6429.4    -23.9104    0.500141    7.19802    
1    98    37    -6430.7    -23.0158    0.504996    7.21772    
1    99    38    -6431.31    -23.8095    0.501512    7.21316    
1    100    39    -6431.74    -23.8296    0.500988    7.18546    
