#Task    Step    numberOfAcceptedPeleSteps    currentEnergy    BindingEnergy    sasaLig    distance_A43SG_L1S1    
1    0    0    -6212.22    -2.42195    0.519686    7.37367    
1    1    1    -6382.91    -19.5081    0.507358    7.21523    
1    2    2    -6411.18    -19.6015    0.517864    7.0855    
1    3    3    -6413.5    -13.9427    0.51671    7.13111    
1    5    4    -6416.79    -13.5826    0.519481    7.20423    
1    7    5    -6418.44    -13.0047    0.519658    7.18919    
1    9    6    -6417.66    -15.7729    0.521704    6.99112    
1    11    7    -6414.78    -13.4037    0.518162    7.02526    
1    12    8    -6417.75    -16.1557    0.518875    6.96793    
1    13    9    -6416.55    -16.4351    0.516024    6.99799    
1    14    10    -6419.61    -16.9347    0.519242    6.99321    
1    15    11    -6420.04    -16.1333    0.517827    6.98797    
1    19    12    -6419.79    -16.6819    0.523266    7.00795    
1    20    13    -6419.93    -17.452    0.523212    6.82732    
1    24    14    -6420.89    -17.0236    0.522348    6.88744    
1    26    15    -6419.72    -16.863    0.521755    6.88165    
1    27    16    -6418.42    -17.1252    0.523635    6.9368    
1    28    17    -6419.66    -16.7815    0.523895    6.9361    
1    29    18    -6415.39    -17.1021    0.523825    6.952    
1    32    19    -6415.76    -17.3839    0.516903    7.0003    
1    34    20    -6418.48    -17.8236    0.516163    6.93829    
1    35    21    -6417.66    -17.3561    0.519932    6.9083    
1    36    22    -6419.04    -17.2415    0.520071    6.87763    
1    42    23    -6415.44    -17.6597    0.520871    6.70061    
1    45    24    -6414.18    -17.1619    0.519046    6.88055    
1    46    25    -6415.82    -17.1333    0.520202    6.87234    
1    47    26    -6414.28    -14.7027    0.513516    6.91851    
1    50    27    -6415.11    -15.0158    0.513303    6.76613    
1    52    28    -6414.94    -15.2966    0.513956    6.77815    
1    53    29    -6414.66    -16.8702    0.515066    6.7687    
1    54    30    -6413.54    -16.4182    0.515397    6.85832    
1    56    31    -6413.37    -15.8245    0.512769    6.83566    
1    57    32    -6410.36    -14.9788    0.514957    6.68635    
1    58    33    -6411.94    -15.0236    0.517017    6.73716    
1    60    34    -6412.29    -14.6269    0.515337    6.6522    
1    61    35    -6411.83    -15.2623    0.516941    6.74867    
1    63    36    -6412.34    -14.916    0.518912    6.77907    
1    64    37    -6414.1    -15.5385    0.517881    6.74823    
1    67    38    -6413.75    -15.1273    0.517157    6.72133    
1    68    39    -6414.57    -15.6415    0.516311    6.71986    
1    71    40    -6414.88    -15.6075    0.517393    6.69978    
1    72    41    -6415.8    -15.7605    0.517598    6.70828    
1    74    42    -6414.76    -15.7974    0.515992    6.69583    
1    77    43    -6414.87    -15.5779    0.516699    6.69153    
1    78    44    -6415.94    -15.31    0.514407    6.70629    
1    83    45    -6415.82    -14.2615    0.511856    6.74628    
1    84    46    -6418.13    -15.7285    0.516096    6.7157    
1    86    47    -6418.47    -15.7814    0.516757    6.71708    
1    90    48    -6416.21    -15.0534    0.513726    6.6884    
1    91    49    -6416.01    -14.2275    0.511613    6.65941    
1    92    50    -6415.93    -14.5786    0.513749    6.60404    
1    94    51    -6416.32    -15.5939    0.513182    6.66903    
1    95    52    -6416.65    -15.488    0.513481    6.67584    
1    96    53    -6417.08    -15.493    0.515821    6.68335    
1    97    54    -6416.93    -17.0887    0.522695    6.73722    
1    99    55    -6417.49    -16.7659    0.519386    6.7687    
