#Task    Step    numberOfAcceptedPeleSteps    currentEnergy    BindingEnergy    sasaLig    distance_A43SG_L1S1    
1    0    0    -6212.22    -2.42195    0.519686    7.37367    
1    1    1    -6406.2    -21.2193    0.520277    7.20115    
1    2    2    -6418.43    -28.2879    0.497604    7.19218    
1    3    3    -6423.95    -29.0349    0.499521    7.23103    
1    6    4    -6421.63    -25.696    0.505204    7.45801    
1    7    5    -6422.19    -23.7199    0.502578    7.25507    
1    8    6    -6426.06    -23.9646    0.503859    7.24639    
1    11    7    -6426.22    -24.5556    0.503721    7.23346    
1    12    8    -6427.28    -23.466    0.50509    7.20936    
1    16    9    -6427.15    -23.4976    0.506568    7.20791    
1    17    10    -6424.76    -23.8369    0.503537    7.21978    
1    18    11    -6424.7    -25.0045    0.511515    6.93487    
1    20    12    -6427.32    -23.4623    0.510356    7.00777    
1    21    13    -6429.31    -23.7984    0.508753    7.2075    
1    25    14    -6425.57    -23.8672    0.506361    7.20962    
1    27    15    -6427.3    -23.6299    0.50492    7.2268    
1    31    16    -6428.46    -22.7491    0.507308    7.22761    
1    32    17    -6428.4    -24.1717    0.5029    7.22554    
1    37    18    -6428.11    -23.6577    0.50351    7.22446    
1    40    19    -6429.6    -23.3039    0.503586    7.21918    
1    47    20    -6429.9    -22.5629    0.511038    7.26924    
1    48    21    -6431.32    -23.3822    0.507984    7.24908    
1    50    22    -6431.2    -23.2706    0.510589    7.20081    
1    51    23    -6430.99    -23.0516    0.505581    7.23359    
1    53    24    -6431.18    -23.5453    0.506435    7.24339    
1    54    25    -6432.13    -23.4265    0.508867    7.22683    
1    56    26    -6430.7    -23.6338    0.50028    7.23087    
1    57    27    -6430.27    -23.8632    0.509179    7.23358    
1    64    28    -6427.72    -23.8008    0.505455    7.20842    
1    65    29    -6427.13    -23.5961    0.507166    7.23109    
1    66    30    -6433.11    -23.754    0.501143    7.25118    
1    70    31    -6433.27    -23.6446    0.50977    7.22481    
1    72    32    -6433.77    -22.9704    0.508801    7.20737    
1    73    33    -6429.87    -23.2015    0.506477    7.18513    
1    79    34    -6431.6    -23.0231    0.508575    7.23092    
1    81    35    -6427.86    -22.8192    0.511436    7.1685    
1    83    36    -6429.05    -22.9469    0.509506    7.18802    
1    87    37    -6428.32    -23.1823    0.508861    7.17474    
1    88    38    -6432    -23.5946    0.507412    7.11156    
1    89    39    -6424.3    -22.6403    0.510435    7.19671    
1    90    40    -6431.27    -22.6237    0.512224    7.18994    
1    91    41    -6432.34    -23.4784    0.512245    7.16688    
1    92    42    -6430.77    -23.6698    0.50952    7.20319    
1    93    43    -6432.4    -23.4489    0.508563    7.20468    
1    94    44    -6432.14    -24.3983    0.506816    7.16318    
1    95    45    -6433.42    -24.1548    0.505267    7.17082    
1    96    46    -6429.57    -23.2595    0.508494    7.18942    
1    97    47    -6429.93    -23.5275    0.507717    7.18684    
1    98    48    -6431.58    -22.9772    0.51007    7.06463    
1    99    49    -6433.6    -23.3232    0.506829    7.13264    
1    100    50    -6434.58    -23.3869    0.508338    7.18695    
