#Task    Step    numberOfAcceptedPeleSteps    currentEnergy    BindingEnergy    sasaLig    distance_A43SG_L1S1    
1    0    0    -6212.22    -2.42195    0.519686    7.37367    
1    1    1    -6387.72    -17.0961    0.50873    7.21764    
1    2    2    -6411.48    -28.1616    0.490016    6.928    
1    3    3    -6415.51    -28.2236    0.496415    7.01528    
1    4    4    -6417.21    -28.5945    0.487956    7.09868    
1    8    5    -6421.94    -28.78    0.490093    7.10696    
1    9    6    -6419.12    -28.7735    0.492395    7.10358    
1    14    7    -6419.95    -29.6161    0.491163    6.99773    
1    15    8    -6423.67    -28.791    0.495905    7.13308    
1    17    9    -6422.8    -27.8296    0.496458    7.12242    
1    19    10    -6424.28    -27.9797    0.495134    7.13904    
1    21    11    -6419.59    -28.1966    0.49389    7.14016    
1    22    12    -6423.45    -28.3998    0.493219    7.12366    
1    24    13    -6422.53    -28.6673    0.491922    7.13975    
1    26    14    -6421.76    -27.464    0.491048    7.15602    
1    32    15    -6422.07    -29.0241    0.492399    7.09123    
1    33    16    -6419.71    -28.4538    0.494371    7.1386    
1    34    17    -6422.66    -28.0932    0.496419    7.14635    
1    35    18    -6419.94    -27.7089    0.499241    7.14014    
1    36    19    -6418.95    -29.0739    0.492702    7.03899    
1    39    20    -6420.49    -28.9311    0.496558    7.14988    
1    40    21    -6421.73    -28.4496    0.495557    7.12882    
1    44    22    -6422.68    -29.0204    0.497224    7.10809    
1    47    23    -6420.36    -28.9897    0.497279    7.11709    
1    50    24    -6421.76    -28.2651    0.498547    7.13689    
1    52    25    -6422.65    -29.7879    0.492706    7.04584    
1    53    26    -6421.56    -28.7612    0.496126    7.07711    
1    54    27    -6423.97    -28.5631    0.494795    7.1273    
1    57    28    -6422.93    -29.2031    0.493913    7.12057    
1    58    29    -6425.25    -29.5875    0.49368    7.10095    
1    63    30    -6422.34    -27.9885    0.498206    7.1366    
1    64    31    -6425.35    -27.8088    0.49891    7.1363    
1    66    32    -6424.55    -27.6127    0.498612    7.08775    
1    68    33    -6425.13    -29.0483    0.495309    7.12751    
1    73    34    -6421.49    -29.2489    0.493815    7.10496    
1    77    35    -6424.06    -28.8408    0.493347    7.09057    
1    80    36    -6424.48    -28.6849    0.494127    7.09081    
1    84    37    -6424.45    -29.1756    0.491947    7.04265    
1    85    38    -6423.46    -28.1194    0.493903    7.12352    
1    89    39    -6422.61    -28.8374    0.494806    7.09656    
1    90    40    -6422.73    -29.4142    0.495514    7.09242    
1    92    41    -6423.75    -29.05    0.495746    7.08381    
1    93    42    -6421.64    -29.6987    0.493522    7.11595    
1    95    43    -6419.11    -29.3252    0.492295    7.15898    
1    97    44    -6425.74    -29.2483    0.495632    7.1308    
