#Task    Step    numberOfAcceptedPeleSteps    currentEnergy    BindingEnergy    sasaLig    distance_A43SG_L1S1    
1    0    0    -6212.22    -2.42195    0.519686    7.37367    
1    1    1    -6416.37    -22.054    0.527679    7.2639    
1    4    2    -6417.47    -21.512    0.531192    7.25187    
1    5    3    -6416.91    -22.1179    0.525044    7.24524    
1    6    4    -6414.18    -22.1164    0.524491    7.23791    
1    7    5    -6421.11    -22.3616    0.531746    7.22559    
1    11    6    -6420.25    -21.5487    0.529246    7.24773    
1    12    7    -6420.4    -22.8902    0.528867    7.21049    
1    13    8    -6419.84    -22.0859    0.529174    7.22531    
1    15    9    -6418.19    -20.6407    0.527196    7.23705    
1    16    10    -6421.15    -21.0933    0.527935    7.25331    
1    17    11    -6421.07    -21.8717    0.519268    7.19237    
1    19    12    -6416.98    -21.6589    0.524095    7.21483    
1    20    13    -6421.5    -21.0662    0.527479    7.23577    
1    21    14    -6423.1    -21.3589    0.522822    7.26234    
1    23    15    -6421.57    -21.1013    0.521127    7.20428    
1    24    16    -6424.22    -21.7889    0.52202    7.23651    
1    26    17    -6418.31    -20.9814    0.526969    7.20703    
1    27    18    -6424.61    -21.384    0.524542    7.2243    
1    28    19    -6424.61    -21.341    0.527649    7.21756    
1    30    20    -6421.8    -21.1437    0.52973    7.19176    
1    31    21    -6419.62    -21.1567    0.5269    7.21675    
1    32    22    -6421.39    -21.5163    0.525085    7.05531    
1    36    23    -6424.31    -21.6064    0.52595    7.15702    
1    37    24    -6422.25    -21.455    0.523935    7.17005    
1    38    25    -6422.67    -21.4566    0.526723    7.20433    
1    39    26    -6423.51    -21.2157    0.524137    7.20227    
1    42    27    -6424.13    -21.892    0.524122    7.16096    
1    46    28    -6424.33    -21.469    0.524726    7.19379    
1    48    29    -6424.22    -21.2649    0.525685    7.16862    
1    49    30    -6421.02    -21.8925    0.523717    7.21671    
1    50    31    -6413.08    -20.6236    0.516389    7.07342    
1    51    32    -6417.78    -19.6238    0.533796    7.34463    
1    54    33    -6419.68    -21.547    0.525115    7.23182    
1    55    34    -6422.39    -21.3415    0.528761    7.22786    
1    56    35    -6423.89    -21.7314    0.529941    7.23682    
1    58    36    -6422.89    -20.5584    0.531277    7.24562    
1    59    37    -6423.64    -20.9821    0.532293    7.36931    
1    60    38    -6421.38    -21.6168    0.525877    7.20503    
1    62    39    -6424.33    -21.5974    0.527435    7.2271    
1    63    40    -6423.47    -22.0878    0.524564    7.22253    
1    65    41    -6422.1    -21.9001    0.522304    7.24836    
1    67    42    -6422.47    -21.691    0.526393    7.22587    
1    69    43    -6421.37    -21.8401    0.522767    7.20264    
1    70    44    -6422.27    -21.3271    0.526286    7.13755    
1    71    45    -6419.03    -22.1436    0.525186    7.17607    
1    72    46    -6423.65    -21.6294    0.526504    7.19526    
1    74    47    -6422.7    -21.6812    0.524994    7.127    
1    76    48    -6423.93    -21.9041    0.527837    7.12773    
1    79    49    -6423.47    -21.9099    0.52555    7.20198    
1    80    50    -6417.52    -21.3357    0.526028    7.22583    
1    81    51    -6419.97    -21.3862    0.525287    7.22225    
1    83    52    -6418.78    -21.0822    0.527741    7.28153    
1    86    53    -6419.91    -22.2677    0.527207    7.12958    
1    87    54    -6417.53    -16.3964    0.53973    7.10493    
1    88    55    -6421.22    -17.3516    0.53583    7.2127    
1    89    56    -6419.35    -16.6911    0.535939    7.22833    
1    92    57    -6421.52    -17.2348    0.534808    7.14378    
1    94    58    -6421.22    -18.0057    0.531827    7.19537    
1    95    59    -6419.82    -15.9526    0.539559    7.23879    
1    96    60    -6414.21    -10.4348    0.539708    7.1337    
1    97    61    -6419.43    -15.545    0.545516    7.39667    
1    98    62    -6417.87    -15.2346    0.539199    7.33976    
1    99    63    -6418.11    -14.7218    0.541874    7.37572    
