#Task    Step    numberOfAcceptedPeleSteps    currentEnergy    BindingEnergy    sasaLig    distance_A43SG_L1S1    
1    0    0    -6212.22    -2.42195    0.519686    7.37367    
1    1    1    -6406.17    -20.6368    0.516666    7.24331    
1    2    2    -6409.98    -21.3158    0.524905    7.23494    
1    3    3    -6416.34    -20.393    0.526376    7.25497    
1    4    4    -6415.09    -19.9245    0.531711    7.25416    
1    5    5    -6415.18    -21.1069    0.530849    7.25215    
1    6    6    -6419.83    -21.9604    0.528699    7.21955    
1    8    7    -6420.03    -20.9943    0.531404    7.18521    
1    9    8    -6419.39    -22.0057    0.532326    7.28885    
1    10    9    -6416.28    -20.9223    0.524163    7.17377    
1    11    10    -6420.59    -21.0135    0.525736    7.19572    
1    12    11    -6421.44    -21.2217    0.52691    7.19844    
1    14    12    -6420.74    -21.4749    0.527506    7.20909    
1    15    13    -6420.9    -21.3748    0.524746    7.21775    
1    16    14    -6421.89    -21.5366    0.52551    7.17905    
1    17    15    -6420.37    -21.5381    0.526612    7.21981    
1    18    16    -6422.16    -21.3854    0.525907    7.19978    
1    20    17    -6419.26    -21.4005    0.526793    7.14305    
1    23    18    -6420.39    -21.4987    0.527676    7.22579    
1    24    19    -6417.68    -20.8235    0.528064    7.21405    
1    25    20    -6415.88    -16.458    0.53492    7.21741    
1    26    21    -6416.04    -16.3738    0.532612    7.28235    
1    27    22    -6418.48    -15.8767    0.534394    7.25118    
1    28    23    -6420.15    -16.2159    0.535044    7.25407    
1    29    24    -6415.62    -16.522    0.536445    7.21949    
1    30    25    -6417.26    -15.7234    0.539496    7.19225    
1    31    26    -6418.16    -15.7716    0.537996    7.23051    
1    33    27    -6419.78    -16.2908    0.536021    7.20983    
1    36    28    -6421.24    -16.0493    0.537426    7.20523    
1    40    29    -6421.3    -16.6408    0.536368    7.17507    
1    45    30    -6420.95    -16.2288    0.536666    7.20034    
1    46    31    -6421.7    -16.5816    0.537401    7.19645    
1    47    32    -6421.55    -15.6135    0.536203    7.19757    
1    49    33    -6419.52    -16.2454    0.534691    7.22781    
1    51    34    -6421.73    -16.5997    0.535781    7.23502    
1    52    35    -6422.61    -16.2022    0.536573    7.22173    
1    56    36    -6422.01    -16.5351    0.532506    7.24002    
1    59    37    -6422.15    -16.1541    0.536329    7.24284    
1    61    38    -6419.88    -16.2991    0.533756    7.22864    
1    62    39    -6418.52    -16.078    0.536493    7.21978    
1    63    40    -6420.57    -16.7056    0.540035    7.38592    
1    64    41    -6419.74    -16.5393    0.536368    7.23495    
1    65    42    -6420.76    -16.7368    0.536918    7.18715    
1    67    43    -6420.94    -16.409    0.536539    7.20139    
1    69    44    -6422.87    -17.1294    0.537471    7.17427    
1    70    45    -6422.45    -17.4406    0.537563    7.11239    
1    71    46    -6422.62    -17.3995    0.536404    7.1178    
1    72    47    -6416.9    -16.5084    0.538196    7.27167    
1    73    48    -6423.8    -17.0221    0.536551    7.18435    
1    75    49    -6422.3    -16.5903    0.538101    7.20232    
1    76    50    -6421.8    -16.81    0.535376    7.17713    
1    77    51    -6422.04    -16.5827    0.53571    7.14901    
1    78    52    -6422.13    -16.5722    0.536096    7.17076    
1    80    53    -6422.3    -17.087    0.536592    7.16906    
1    81    54    -6422.69    -17.2254    0.537972    7.17408    
1    83    55    -6423.96    -16.5386    0.535608    7.18097    
1    84    56    -6423.98    -16.8416    0.539214    7.14012    
1    87    57    -6423.84    -16.8111    0.536116    7.16734    
1    89    58    -6420.22    -17.1544    0.536736    7.14576    
1    90    59    -6421.9    -16.5729    0.537706    7.19418    
1    91    60    -6423.56    -16.5633    0.537626    7.19729    
1    94    61    -6423.12    -16.3126    0.538915    7.15357    
1    97    62    -6420.1    -16.7485    0.53604    7.21804    
1    98    63    -6419.52    -16.7478    0.538494    7.18071    
1    99    64    -6415.48    -16.8338    0.537212    7.15114    
1    100    65    -6421.9    -16.7667    0.538009    7.20563    
