126	3565	1.00	2.286E-91	0	397	398	0	397	398	398M
131	1326	0.331	3.318E-38	27	387	398	1	358	361	22M5I39M1D74M2I2M1D181M1D29M1D7M
93	1261	0.318	4.034E-37	26	387	398	3	360	362	23M5I40M1D73M3I1M2D171M1I9M1D29M1D7M
129	1095	0.306	2.972E-34	27	387	398	1	369	373	26M1D4M3I22M1I14M1D72M1D106M1I8M1D46M5D12M1I5M4D34M1D6M
22	1037	0.295	3.405E-33	26	389	398	1	375	378	22M6I25M3I75M1D12M1I1M2D4M1D24M1I130M5D10M8D8M4D36M1D6M
120	881	0.221	7.902E-29	26	393	398	1	367	369	21M6I32M4D9M1D19M2I9M4I27M1D12M3I30M1I30M1D95M2D4M4D18M3I4M6D8M2I19M1D10M
94	867	0.224	9.054E-28	26	389	398	1	368	370	21M6I17M1I10M1I3M7D10M1D23M4I6M2I26M1D11M2I4M1I14M1D137M2D5M4D16M1D2M3I4M6D26M1D9M
119	853	0.232	1.250E-29	22	389	398	1	374	394	7M2I11M2I7M9I19M2I5M1D70M1D40M1D7M3D6M4D121M5D20M5D19M2I3M2D10M1D6M
86	839	0.245	8.900E-29	24	396	398	34	411	412	12M9I3M8I2M3I23M4I35M1D33M1D11M4I3M4D10M1D12M15D134M5D20M5D4M1I29M1D4M1D9M
20	833	0.240	3.870E-29	24	383	398	4	384	393	12M13D20M8D2M3I23M8I6M5D58M1D11M2I1M9I5M1I13M6D73M1D78M10D35M
118	818	0.211	1.020E-27	32	385	398	6	366	391	16M8I2M2I22M2I3M1D70M1D39M8D134M5D21M5D6M1I28M
101	814	0.241	4.435E-28	22	380	398	1	383	395	19M12D9M1D6M8D2M3I22M3I70M1D13M12I17M6D73M2D78M10D23M2D9M
36	807	0.242	1.817E-28	23	397	398	1	390	392	18M12D9M1D6M8D2M3I11M2I8M2I3M1D69M1D13M12I17M6D73M2D78M10D8M1D6M1I17M7I10M
78	807	0.218	1.373E-27	23	389	398	1	378	399	13M5I5M14I19M1I17M1D19M2I8M1D31M1D10M1I3M2I22M2D4M2D3M19D128M7D21M3D39M
117	805	0.210	5.970E-28	23	389	398	1	378	399	13M5I5M14I24M1I12M1D19M2I12M1D27M1D10M1I3M2I22M2D3M2D4M19D128M7D20M4D4M1I35M
76	804	0.215	6.336E-28	23	389	398	1	378	399	13M5I5M14I24M1I12M1D19M2I12M1D27M1D10M1I3M2I22M2D3M2D4M19D128M7D20M4D4M1I35M
6	799	0.198	2.489E-27	23	389	398	1	378	399	13M5I5M14I24M1I12M1D19M2I8M1D31M1D10M2I5M1I24M23D131M7D20M4D4M1I35M
102	797	0.248	3.294E-28	23	380	398	1	380	392	10M3I7M15D7M1D6M8D2M3I11M2I8M2I3M1D69M1D13M12I17M6D73M2D78M10D8M1D6M1I17M
82	795	0.212	2.082E-27	23	385	398	1	374	399	13M5I5M14I24M1I12M1D19M2I12M1D27M1D10M2I5M1I24M23D131M7D20M4D4M1I31M
19	794	0.237	4.005E-27	26	386	398	1	359	382	3M4I10M18I21M1D2M2I33M2I5M1D30M1D14M3I23M8D133M5D20M3D3M6D6M1D25M1D4M
111	793	0.231	6.074E-27	26	388	398	1	361	382	3M4I10M18I21M1I36M2I5M1D30M1D14M3I23M8D133M5D20M9D9M1D25M1D6M
95	792	0.255	5.301E-28	25	386	398	1	381	402	11M10I3M5I1M5I18M1D3M6I12M5D18M1I38M1D14M3I29M31D128M7D20M3D34M1D3M
12	789	0.212	1.020E-27	24	397	398	2	382	399	12M5I5M14I24M1I12M1D19M2I8M1D30M1D11M1I3M2I21M2D11M21D125M7D21M3D39M4I4M
80	788	0.210	2.803E-27	23	389	398	1	378	399	13M5I5M14I24M1I12M1D19M2I8M1D31M1D10M1I3M2I24M10D5M13D128M7D20M4D4M1I35M
83	788	0.210	2.345E-27	23	389	398	1	378	399	13M5I5M14I24M1I12M1D19M2I12M1D27M1D10M1I3M2I22M2D3M2D4M19D128M7D20M4D4M1I35M
73	787	0.201	1.149E-27	23	386	398	1	394	417	13M10I4M9I11M1D14M1I12M1D22M2I5M1D31M1D11M2D2M5I20M18D7M22D128M7D20M4D4M1I28M1D4M
109	785	0.228	1.101E-26	26	388	398	1	361	382	3M4I10M18I21M1I36M2I5M1D30M1D14M3I23M8D133M5D20M9D9M1D24M1D7M
88	785	0.244	7.260E-27	22	386	398	1	386	407	14M13I4M7I18M1D5M2I12M1D20M1I38M1D14M3I29M33D128M7D20M4D4M1I28M1D4M
98	784	0.230	1.082E-27	23	384	398	1	384	392	6M4I10M16D7M1D6M8D2M3I32M3I60M1D13M12I17M6D73M2D78M10D8M1D6M1I21M
1	781	0.224	1.880E-26	26	391	398	1	365	367	15M1D6M5I33M5D28M4I9M2I28M1D11M2I3M1I27M1I47M1I6M2I19M5D2M5I43M2D4M4D14M3D8M1D40M
0	781	0.226	1.457E-27	23	384	398	1	384	392	6M4I10M16D13M9D2M3I32M3I60M1D13M12I17M6D73M2D78M10D8M1D6M1I21M
55	780	0.229	1.573E-26	26	386	398	1	359	382	3M4I10M18I21M1I36M2I5M1D30M1D14M3I23M8D132M5D21M3D3M6D7M1D23M1D5M
9	778	0.204	4.005E-27	23	389	398	1	378	399	13M5I5M14I24M1I12M1D19M2I12M1D26M1D10M2D3M5I25M11D3M12D128M7D20M4D4M1I35M
37	775	0.228	8.678E-27	26	386	398	1	381	402	10M13I4M7I18M1D5M2I12M1D20M1I38M1D14M3I29M32D128M7D20M3D33M1D4M
11	774	0.212	5.392E-27	23	386	398	1	376	399	13M5I5M14I24M1I12M1D19M2I12M1D26M1D10M2D3M5I25M11D3M12D128M7D20M4D4M1I26M1D6M
5	773	0.230	9.210E-27	26	386	398	1	359	382	3M4I10M18I21M1I36M2I5M1D31M1D13M3I23M8D133M5D20M3D3M6D6M1D9M4D2M4I9M1D5M
30	772	0.228	3.351E-27	23	384	398	1	384	392	6M4I10M16D7M1D6M8D2M3I32M3I60M1D13M12I17M6D73M2D81M10D5M1D6M1I21M
128	771	0.217	1.037E-26	26	389	398	1	371	394	3M2I17M1I2M9I19M2I5M1D70M1D40M8D134M5D9M1I5M1D4M1D3M5D7M1I23M1D7M
91	771	0.226	4.251E-27	26	386	398	1	382	403	10M13I4M7I18M1D5M2I8M1D24M1I39M1D8M3D3M6I27M29D4M4D123M7D22M3D31M1D6M
84	770	0.209	1.037E-26	23	389	398	1	378	399	13M5I5M14I24M1I12M1D19M2I12M1D26M1D10M2D3M5I24M3D2M2D2M18D128M7D20M4D4M1I35M
72	769	0.224	3.409E-26	26	386	398	1	359	382	3M4I10M18I21M1I33M2I8M1D31M1D13M3I24M7D5M1D127M5D20M3D3M6D6M1D22M1D7M
103	768	0.226	4.251E-27	23	384	398	1	384	392	6M4I10M16D7M1D6M8D2M3I32M3I60M1D13M12I17M6D73M2D78M10D8M1D6M1I21M
48	768	0.209	2.210E-27	25	386	398	3	394	417	11M10I4M7I7M2I5M1D13M1I12M1D22M2I5M1D31M1D11M2D1M5I21M18D7M22D128M7D20M4D4M1I28M1D4M
87	767	0.209	9.943E-26	26	390	398	1	364	367	15M1D6M5I33M5D28M4I9M2I28M1D11M2I3M1I27M1I47M1I7M2I68M6D18M3D8M1D39M
81	767	0.192	8.678E-27	23	389	398	1	378	399	13M5I5M14I24M1I12M1D19M2I12M1D26M1D10M2D3M5I22M6D6M17D128M7D20M3D40M
92	766	0.230	1.848E-27	27	389	398	10	396	410	9M15I4M5I18M1D5M2I12M1D20M1I38M1D9M3D2M6I22M13D6M15D6M4D123M7D20M4D4M1I28M1D4M4D3M
85	766	0.225	1.482E-26	23	397	398	1	401	417	13M10I4M9I11M1D14M1I12M1D22M2I5M1D31M1D13M3I27M27D2M13D128M7D20M3D33M1D6M4I5M
4	765	0.230	1.219E-27	24	397	398	2	393	398	9M3I7M15D7M1D6M8D2M3I22M3I70M1D13M12I16M3D5M3D38M1D31M2D83M6D7M4D11M2D9M7I10M
47	765	0.243	2.489E-27	11	387	398	4	400	424	12M1D13M10I1M2I3M7I10M1D15M1I7M1D24M2I8M1D31M1D13M3I28M10D8M19D120M7D19M4D6M1I28M1D5M
77	764	0.216	1.772E-26	22	383	398	23	400	429	14M12I4M7I10M1D15M1I10M2I2M3D18M2I8M1D30M1D13M3I23M14D4M1D2M12D127M7D21M4D3M1I30M
21	762	0.216	3.409E-26	23	389	398	1	384	404	13M12I4M7I13M1D6M1D6M2I11M1D19M2I8M1D31M1D13M3I27M14D2M13D128M7D18M2D2M2D4M1I28M1D7M
79	760	0.221	1.219E-27	23	383	398	2	375	402	8M10I6M2I3M7I13M1D12M5I10M5D17M2I12M1D26M1D12M2D2M5I24M3D3M20D127M7D19M5D6M1I29M
57	758	0.225	2.851E-26	26	386	398	1	359	382	3M4I10M18I21M1I36M2I5M1D31M1D13M3I23M8D133M5D20M3D3M6D6M1D9M4D2M4I9M1D5M
53	756	0.237	2.385E-26	26	386	398	1	359	382	3M4I10M18I21M1D2M2I33M2I5M1D31M1D13M3I23M8D133M5D20M3D3M6D6M1D9M4D2M4I9M1D5M
116	756	0.248	1.120E-25	26	389	398	1	362	382	3M4I10M18I21M1I36M2I5M1D31M1D13M2I3M1I20M8D133M5D20M9D9M1D25M1D7M
105	756	0.204	2.118E-26	26	386	398	1	382	403	10M15I5M5I17M1D5M2I8M1D24M1I38M1D9M3D2M6I29M33D128M7D20M3D33M1D4M
122	755	0.217	1.482E-26	22	393	398	1	393	408	14M15I4M5I18M1D3M6I8M1D3M4D19M1I38M1D14M3I29M34D126M7D20M3D46M
50	755	0.211	3.774E-27	25	386	398	4	395	418	11M10I4M7I7M2I4M1D8M1D6M2I11M1D22M2I5M1D31M1D11M2D2M5I20M18D7M22D128M7D20M4D4M1I28M1D4M
112	754	0.232	4.074E-26	26	386	398	1	359	382	3M4I10M18I21M1I36M2I5M1D31M1D13M3I23M8D133M5D20M3D3M6D6M1D9M4D2M4I9M1D5M
35	753	0.225	3.839E-26	26	386	398	1	359	382	3M4I10M18I21M1I36M2I5M1D31M1D13M3I23M8D132M5D21M3D3M6D6M1D9M4D2M4I9M1D5M
40	752	0.235	5.169E-26	26	386	398	1	359	382	3M4I10M18I21M1I36M2I5M1D31M1D13M3I23M8D133M5D20M9D9M1D9M4D2M4I9M1D5M
58	751	0.232	5.169E-26	26	386	398	1	359	382	3M4I10M18I21M1I36M2I5M1D31M1D13M3I23M5D6M3D127M5D20M9D9M1D9M4D2M4I9M1D5M
7	751	0.224	7.705E-27	26	393	398	1	389	404	10M15I5M5I17M1D3M6I12M5D18M1I38M1D11M2I5M1I27M34D126M7D20M3D46M
16	750	0.227	6.557E-26	26	386	398	1	359	382	3M4I10M18I21M1I36M2I5M1D31M1D13M3I23M4D3M4D130M5D20M3D3M6D6M1D9M4D2M4I9M1D5M
31	750	0.225	5.822E-26	26	386	398	1	359	382	3M4I10M18I21M1I36M2I5M1D31M1D13M3I23M8D133M5D20M3D3M6D6M1D9M4D2M4I9M1D5M
115	750	0.230	5.822E-26	26	386	398	1	359	382	3M4I10M18I21M1I36M2I5M1D31M1D13M3I23M4D3M4D129M5D21M9D9M1D9M4D2M4I9M1D5M
63	749	0.230	6.557E-26	26	386	398	1	359	382	3M4I10M18I21M1I36M2I5M1D31M1D13M3I23M4D3M4D129M5D21M9D9M1D9M4D2M4I9M1D5M
125	749	0.235	4.589E-26	26	386	398	1	359	382	3M4I10M18I21M1I36M2I5M1D31M1D13M3I23M5D6M3D126M5D21M3D3M6D6M1D9M4D2M4I9M1D5M
56	748	0.227	5.486E-26	26	386	398	1	359	382	3M4I10M18I21M1I36M2I5M1D31M1D13M3I23M8D132M5D21M9D9M1D9M4D2M4I9M1D5M
106	748	0.227	7.838E-26	26	386	398	1	359	382	3M4I10M18I21M1I36M2I5M1D31M1D13M3I23M4D3M4D130M5D20M3D3M6D6M1D9M4D2M4I9M1D5M
45	747	0.239	5.822E-26	26	386	398	1	359	382	3M4I10M18I21M1D2M2I33M2I5M1D31M1D13M3I23M8D133M5D20M9D9M1D9M4D2M4I9M1D5M
3	745	0.225	9.943E-26	26	386	398	1	359	382	3M4I10M18I21M1I36M2I5M1D31M1D13M3I23M8D133M5D20M3D3M6D6M1D9M4D2M4I9M1D5M
33	745	0.230	7.838E-26	26	386	398	1	359	382	3M4I10M18I21M1I36M2I5M1D31M1D13M3I23M5D6M3D127M5D20M3D3M6D6M1D9M4D2M4I9M1D5M
38	744	0.230	4.324E-26	26	386	398	1	359	382	3M4I10M18I21M1D2M2I30M4I3M3D34M1D13M3I23M8D133M5D20M9D9M1D9M4D2M4I9M1D5M
59	744	0.227	9.369E-26	26	386	398	1	359	382	3M4I10M18I21M1I36M2I5M1D31M1D13M3I23M4D3M4D129M5D21M3D3M6D6M1D9M4D2M4I9M1D5M
71	744	0.230	9.369E-26	26	386	398	1	359	382	3M4I10M18I21M1I36M2I5M1D31M1D13M3I23M4D3M4D129M5D21M9D9M1D9M4D2M4I9M1D5M
90	744	0.234	1.168E-26	11	387	398	7	403	427	12M1D13M10I1M2I3M7I10M1D15M1I8M1D23M2I8M1D31M1D13M3I23M8D4M1D9M20D120M7D19M4D6M1I29M1D4M
23	742	0.232	1.189E-25	26	386	398	1	359	382	3M4I10M18I21M1I36M2I5M1D31M1D13M3I23M8D133M5D20M3D3M6D6M1D9M4D2M4I9M1D5M
65	741	0.225	1.261E-25	26	386	398	1	359	382	3M4I10M18I21M1I36M2I5M1D31M1D13M3I23M8D133M5D20M3D3M6D6M1D9M4D2M4I9M1D5M
15	740	0.227	9.369E-26	26	386	398	1	359	382	3M4I10M18I23M1I34M2I5M1D31M1D17M3I19M4D3M4D130M5D20M3D3M6D6M1D9M4D2M4I7M1D7M
64	737	0.227	1.421E-25	26	386	398	1	359	382	3M4I10M18I21M1I36M2I5M1D31M1D13M3I23M4D3M4D129M5D21M3D3M6D6M1D9M4D2M4I9M1D5M
99	735	0.229	5.822E-26	26	386	398	1	359	382	3M4I10M18I12M2I10M1D34M2I5M1D31M1D13M3I23M4D3M4D130M5D20M3D3M6D6M1D9M4D2M4I9M1D5M
108	735	0.224	3.212E-26	26	397	398	1	395	408	10M2I4M18I22M5I6M1D5M4D18M2I8M1D31M1D13M3I29M33D6M4D120M7D21M4D41M2I6M
104	732	0.212	4.324E-26	23	388	398	0	383	403	6M1I6M13I4M7I18M1D5M2I8M1D23M2I8M1D29M1D11M2D4M5I26M28D7M4D120M7D21M3D40M
29	730	0.227	7.838E-26	26	386	398	1	359	382	3M4I10M18I12M2I10M1D34M2I5M1D31M1D13M3I23M8D133M5D20M3D3M6D6M1D9M4D2M4I9M1D5M
8	730	0.212	5.822E-26	26	386	398	1	381	402	10M13I4M7I18M1D5M2I8M1D24M1I38M1D9M3D3M6I28M28D5M4D123M7D18M3D35M1D4M
130	730	0.233	7.385E-26	26	386	398	2	382	403	10M13I4M7I18M1D5M2I12M1D18M1I39M1D10M3D3M6I28M32D126M7D20M3D2M1D4M1I28M1D4M
61	729	0.232	8.828E-26	26	386	398	1	359	382	3M4I10M18I12M2I10M1D34M2I5M1D31M1D13M3I23M5D6M3D127M5D20M9D9M1D9M4D2M4I9M1D5M
14	728	0.214	5.822E-26	26	386	398	1	382	403	10M15I6M5I16M1D5M2I12M1D20M1I39M1D8M3D2M6I29M33D128M7D20M4D4M1I13M2I4M2D9M1D4M
26	727	0.229	1.189E-25	26	386	398	2	382	403	10M13I4M7I18M1D5M2I8M1D23M2I8M1D30M1D10M2D4M5I27M32D126M7D20M3D35M1D4M
18	726	0.227	1.120E-25	26	386	398	1	359	382	3M4I10M18I12M2I10M1D34M2I5M1D31M1D13M3I23M8D133M5D20M3D3M6D6M1D9M4D2M4I9M1D5M
96	722	0.215	2.687E-26	26	393	398	1	389	404	10M15I5M5I17M1D3M6I8M1D3M4D19M1I38M1D9M3D2M6I29M34D123M3D3M4D20M3D46M
89	720	0.215	5.822E-26	22	393	398	1	393	408	14M15I4M5I18M1D3M6I8M1D3M4D19M1I38M1D9M3D2M6I29M34D123M3D2M4D21M3D46M
62	719	0.235	4.589E-26	23	383	398	5	396	405	24M18D7M10D4M3I11M2I8M1I38M1D35M1D13M12I17M6D73M2D21M1I56M10D8M1D6M1I8M2D12M
74	719	0.223	8.828E-26	27	385	398	1	377	407	9M6I7M12I9M1D14M1I8M1D26M2I5M1D30M1D14M3I27M14D2M14D128M7D18M2D2M2D4M1I31M
27	717	0.213	3.839E-26	26	393	398	1	389	404	10M15I5M5I17M1D3M6I8M1D3M4D19M1I38M1D9M3D2M6I29M34D123M3D3M4D20M3D46M
2	714	0.230	1.055E-25	23	383	398	5	396	405	20M19D13M9D2M3I11M2I8M1I38M1D35M1D13M12I17M6D73M2D21M1I56M10D8M1D6M1I7M2D13M
127	712	0.234	8.828E-26	23	382	398	5	395	405	8M2I9M22D14M8D2M3I11M2I8M1I39M1D34M1D13M12I17M6D73M2D21M1I56M10D8M1D6M1I8M2D11M
66	711	0.233	9.943E-26	23	383	398	5	396	405	24M18D6M2D3M8D2M3I11M2I8M1I38M1D35M1D13M12I17M6D73M2D21M1I56M10D8M1D6M1I8M2D12M
68	710	0.242	9.943E-26	23	383	398	5	396	405	8M2I9M3D6M17D6M10D4M3I11M2I8M1I38M1D35M1D13M12I17M6D73M2D21M1I56M10D22M2D13M
100	706	0.239	5.822E-26	23	383	398	5	396	405	6M2I11M3D6M17D6M10D4M3I11M2I8M1I38M1D35M1D13M12I17M6D73M2D18M1I59M10D8M1D6M1I8M2D12M
113	706	0.237	1.261E-25	23	383	398	5	396	405	8M2I9M3D6M17D6M10D4M3I11M2I8M1I38M1D35M1D13M12I17M6D73M2D21M1I56M10D23M2D12M
42	705	0.237	2.427E-25	23	383	398	1	392	401	8M2I9M5D1M16D13M9D2M3I11M2I8M1I38M1D35M1D13M12I17M6D73M2D21M1I56M10D22M2D13M
24	705	0.234	2.155E-25	23	383	398	5	396	405	8M2I9M5D1M16D13M9D2M3I11M2I8M1I38M1D35M1D13M12I17M6D73M2D21M1I56M10D23M2D12M
39	704	0.234	2.287E-25	23	383	398	1	392	401	8M2I9M5D1M16D13M9D2M3I11M2I8M1I38M1D35M1D13M12I17M6D73M2D21M1I56M10D23M2D12M
44	704	0.234	2.287E-25	23	383	398	1	392	401	8M2I9M5D1M16D13M9D2M3I11M2I8M1I38M1D35M1D13M12I17M6D73M2D21M1I56M10D23M2D12M
41	702	0.235	2.427E-25	23	382	398	1	391	401	8M2I9M5D1M16D13M9D2M3I11M2I8M1I38M1D35M1D13M12I17M6D73M2D21M1I56M10D23M2D11M
69	701	0.226	1.600E-25	23	384	398	1	393	401	6M2I11M5D3M15D9M10D4M3I11M2I8M1I38M1D35M1D13M12I17M6D73M2D21M1I56M10D8M1D6M1I8M2D13M
75	701	0.219	2.030E-25	26	386	398	1	383	404	10M15I5M5I17M1D3M6I12M5D18M1I38M1D7M2D6M5I28M34D126M7D20M3D35M1D4M
114	701	0.237	1.913E-25	23	383	398	5	396	405	8M2I9M3D6M17D6M10D4M3I11M2I8M1I38M1D35M1D13M12I17M6D73M2D21M1I56M10D23M2D12M
46	700	0.237	2.287E-25	23	383	398	1	392	401	8M2I9M3D6M17D5M2D3M8D2M3I11M2I8M1I38M1D35M1D13M12I17M6D73M2D21M1I56M10D23M2D12M
110	700	0.229	1.698E-25	23	383	398	5	396	405	6M2I11M5D1M16D13M9D2M3I11M2I8M1I38M1D35M1D13M12I17M6D73M2D21M1I56M10D8M1D6M1I8M2D12M
121	700	0.236	1.189E-25	23	383	398	5	396	405	6M2I11M3D6M17D6M10D4M3I11M2I8M1I38M1D35M1D13M12I17M6D73M2D21M1I56M10D8M1D6M1I8M2D12M
67	700	0.215	4.954E-25	26	393	398	1	394	409	10M12I4M8I18M1D5M2I12M1D18M1I40M1D9M1D1M1D3M5I23M14D5M21D6M4D120M2D3M5D17M3D46M
25	699	0.221	3.905E-25	27	386	398	1	382	403	10M8I3M3I2M7I18M1D5M2I8M1D23M2I8M1D30M1D9M3D3M6I28M32D126M7D22M4D4M1I28M1D4M
32	699	0.231	1.913E-25	16	383	398	2	396	405	4M4I23M18D7M10D4M3I11M2I8M1I38M1D35M1D13M12I17M6D73M2D21M1I56M10D8M1D6M1I8M2D12M
43	698	0.237	4.145E-25	23	383	398	5	396	405	8M2I9M5D1M16D13M9D2M3I11M2I8M1I38M1D35M1D13M12I17M6D73M2D21M1I56M10D22M2D13M
97	697	0.228	2.901E-25	23	383	398	1	392	401	24M18D7M10D4M3I11M2I8M1I38M1D35M1D13M12I17M6D73M2D21M1I56M10D8M1D6M1I8M2D12M
70	697	0.227	2.155E-25	23	383	398	5	396	405	6M2I11M5D1M16D13M9D2M3I11M2I8M1I38M1D35M1D13M12I17M6D73M2D21M1I56M10D8M1D6M1I8M2D12M
60	696	0.228	2.155E-25	23	383	398	5	396	405	27M20D6M8D2M3I11M2I8M1I38M1D35M1D13M12I17M6D73M2D21M1I56M10D8M1D6M1I8M2D12M
51	695	0.218	2.427E-25	26	393	398	1	389	404	10M15I5M5I17M1D3M6I12M5D18M1I38M1D9M2D4M5I28M34D123M3D3M4D20M3D46M
10	694	0.214	1.012E-24	26	386	398	1	381	402	10M12I4M8I18M1D5M2I8M1D23M2I8M1D30M1D10M2D4M5I27M28D5M4D121M7D20M3D35M1D4M
123	694	0.231	2.030E-25	23	383	398	5	396	405	6M2I11M3D6M17D6M10D4M3I11M2I8M1I38M1D35M1D13M12I17M6D73M2D21M1I56M10D8M1D6M1I8M2D12M
124	694	0.237	3.267E-25	23	382	398	5	395	405	8M2I9M3D6M17D6M10D4M3I11M2I8M1I38M1D35M1D13M12I17M6D73M2D21M1I56M10D23M2D11M
49	693	0.237	3.905E-25	23	383	398	5	396	405	8M2I9M3D6M17D5M2D3M8D2M3I11M2I8M1I38M1D35M1D13M12I17M6D73M2D21M1I56M10D23M2D12M
52	693	0.237	3.905E-25	23	383	398	5	396	405	8M2I9M3D6M17D5M2D3M8D2M3I11M2I8M1I38M1D35M1D13M12I17M6D73M2D21M1I56M10D23M2D12M
54	692	0.227	4.399E-25	23	383	398	1	392	401	8M2I9M3D6M17D6M10D4M3I11M2I8M1I38M1D35M1D13M12I17M6D73M2D21M1I56M10D23M2D12M
13	690	0.232	5.258E-25	23	383	398	1	392	401	8M2I9M3D6M17D6M10D4M3I11M2I8M1I38M1D35M1D13M12I17M6D73M2D21M1I56M10D23M2D12M
34	690	0.229	2.733E-25	23	383	398	5	396	405	6M2I11M3D6M17D6M10D4M3I11M2I8M1I38M1D35M1D13M12I17M6D73M2D21M1I56M10D8M1D6M1I8M2D12M
28	689	0.227	4.668E-25	23	383	398	5	396	405	6M2I11M5D1M16D13M9D2M3I11M2I8M1I38M1D35M1D13M12I17M6D73M2D21M1I56M10D8M1D6M1I8M2D12M
17	684	0.231	4.399E-25	23	383	398	5	396	405	6M2I11M3D6M17D6M10D4M3I11M2I8M1I38M1D35M1D13M12I17M6D73M2D21M1I56M10D8M1D6M1I8M2D12M
107	684	0.228	6.670E-25	23	383	398	5	396	405	27M20D6M8D2M3I11M2I8M1I38M1D35M1D13M12I17M6D73M2D21M1I56M10D8M1D6M1I8M2D12M
 