#Task    Step    numberOfAcceptedPeleSteps    currentEnergy    BindingEnergy    sasaLig    distance_A43SG_L1S1    
1    0    0    -6428.91    -53.0633    0.474804    9.15456    
1    3    1    -6431.14    -33.1486    0.520678    9.43429    
1    5    2    -6434    -29.0105    0.54173    8.71393    
1    14    3    -6433.31    -27.2746    0.530245    8.08516    
1    17    4    -6431.68    -28.7873    0.521055    7.93499    
1    18    5    -6436.16    -34.7078    0.499378    7.86706    
1    19    6    -6436.19    -31.0086    0.460841    8.57254    
1    21    7    -6442.5    -48.3257    0.468014    9.00437    
1    25    8    -6449.66    -53.3944    0.472083    9.16811    
1    28    9    -6450.43    -53.6867    0.468544    9.04524    
1    34    10    -6446.78    -50.3142    0.484993    9.07867    
1    41    11    -6453.87    -54.4363    0.471024    9.1239    
1    44    12    -6446.87    -48.4143    0.461713    9.14622    
1    47    13    -6453.55    -53.4799    0.467247    9.25679    
1    55    14    -6452.86    -55.7118    0.46947    8.99542    
1    59    15    -6453.29    -54.0424    0.468769    9.10863    
1    60    16    -6452.62    -51.5739    0.476102    9.09389    
1    73    17    -6452.84    -53.5894    0.470645    9.16327    
1    74    18    -6449.6    -52.0315    0.470518    9.30774    
1    77    19    -6451.05    -54.001    0.469342    9.19422    
1    94    20    -6453.18    -53.1812    0.470696    9.23169    
1    97    21    -6453.64    -53.0004    0.469617    9.30081    
