#Task    Step    numberOfAcceptedPeleSteps    currentEnergy    BindingEnergy    sasaLig    distance_A43SG_L1S1    
1    0    0    -6414.29    -29.5393    0.530999    6.35189    
1    1    1    -6414.95    -9.42413    0.557429    9.29165    
1    2    2    -6418.99    -7.69272    0.560455    9.79186    
1    5    3    -6423.73    -17.0894    0.565863    7.67662    
1    7    4    -6426.86    -19.7913    0.569903    8.28164    
1    8    5    -6429.02    -18.9629    0.55134    8.80724    
1    9    6    -6437.19    -30.0888    0.521911    9.06573    
1    28    7    -6435.63    -29.382    0.529853    9.33158    
1    30    8    -6430.54    -23.0106    0.578736    9.77192    
1    31    9    -6427.96    -25.8255    0.517462    9.20839    
1    35    10    -6434.96    -31.6799    0.509108    9.06471    
1    44    11    -6431.29    -27.8275    0.520597    8.96038    
1    49    12    -6434.36    -29.3008    0.496012    8.20953    
1    53    13    -6434.42    -25.4873    0.58623    6.7799    
1    65    14    -6431.89    -27.2088    0.581422    7.91277    
1    70    15    -6435.56    -26.8257    0.568478    8.27762    
1    76    16    -6433.29    -25.8974    0.565075    7.92988    
1    77    17    -6433.24    -29.2347    0.5589    7.70695    
1    100    18    -6432.97    -27.8864    0.560581    7.22719    
