#Task    Step    numberOfAcceptedPeleSteps    currentEnergy    BindingEnergy    sasaLig    distance_A43SG_L1S1    
1    0    0    -6412.57    -26.8014    0.559852    8.9431    
1    1    1    -6421.7    -16.117    0.550501    6.62353    
1    3    2    -6429.69    -19.2001    0.563995    7.11952    
1    5    3    -6433.23    -30.4321    0.506753    8.34044    
1    9    4    -6431.6    -24.6812    0.519019    5.5401    
1    13    5    -6433.44    -26.2471    0.520651    5.71492    
1    16    6    -6432.57    -25.5106    0.539378    5.70097    
1    17    7    -6435.16    -31.4281    0.51032    6.72989    
1    25    8    -6440.44    -33.1566    0.504138    6.43618    
1    37    9    -6440.61    -32.7823    0.498682    6.18264    
1    57    10    -6441.55    -33.3736    0.497746    6.4527    
1    59    11    -6439.93    -32.0425    0.497544    6.06002    
1    75    12    -6440.04    -32.1434    0.507236    6.61001    
1    77    13    -6441    -32.488    0.502561    6.45314    
1    78    14    -6439.04    -28.408    0.520827    6.17775    
1    81    15    -6440.46    -32.7241    0.494565    6.3737    
1    90    16    -6440.9    -33.6043    0.491189    6.03264    
