#Task    Step    numberOfAcceptedPeleSteps    currentEnergy    BindingEnergy    sasaLig    distance_A43SG_L1S1    
1    0    0    -6404.91    -15.1064    0.572447    4.46224    
1    1    1    -6417.77    -12.8495    0.53522    6.37771    
1    3    2    -6418.61    -9.83928    0.615844    4.5238    
1    4    3    -6421.04    -4.49638    0.670255    3.85946    
1    5    4    -6422.63    -8.98173    0.638267    3.89672    
1    8    5    -6421.67    -6.89125    0.685913    4.00648    
1    10    6    -6425.71    -8.53894    0.658997    3.80896    
1    15    7    -6423.75    -8.71374    0.624901    3.78594    
1    16    8    -6422.14    -5.03421    0.669658    3.94146    
1    18    9    -6424.67    -7.13166    0.687111    7.8158    
1    20    10    -6424.37    -5.28528    0.717726    7.88264    
1    21    11    -6426.81    -8.4668    0.719298    6.40313    
1    22    12    -6428.41    -8.19584    0.716816    6.99295    
1    23    13    -6428.14    -8.83442    0.723771    6.44603    
1    24    14    -6429.36    -11.8527    0.695214    6.79985    
1    25    15    -6434.89    -18.2257    0.62877    6.6327    
1    38    16    -6432.66    -16.7769    0.661747    6.86766    
1    39    17    -6436.24    -18.2132    0.635084    6.74688    
1    42    18    -6437.26    -17.6901    0.64402    7.19365    
1    44    19    -6436.62    -18.114    0.641321    7.42526    
1    49    20    -6436.47    -19.1431    0.63283    6.71314    
1    50    21    -6436.62    -19.4304    0.630305    6.70331    
1    53    22    -6437.29    -19.4145    0.642634    6.99007    
1    55    23    -6436.5    -21.2518    0.624264    6.76513    
1    57    24    -6439.61    -27.8608    0.602373    6.64326    
1    60    25    -6438.33    -25.1574    0.616178    6.70912    
1    61    26    -6439.47    -29.2808    0.598161    6.67392    
1    64    27    -6438.47    -28.2893    0.602533    6.74265    
1    66    28    -6439.39    -28.0983    0.570968    6.92579    
1    68    29    -6439.86    -31.4007    0.550817    7.15768    
1    71    30    -6439.81    -29.0171    0.568234    7.0774    
1    73    31    -6444.04    -31.8626    0.558234    7.42079    
1    75    32    -6439.98    -30.1771    0.53114    8.28128    
1    77    33    -6442.15    -26.7147    0.5505    7.0597    
1    78    34    -6441.3    -27.0517    0.544354    7.13667    
1    80    35    -6441.1    -25.3752    0.557228    7.10783    
1    89    36    -6445.07    -30.3788    0.561067    7.24293    
1    93    37    -6443.83    -29.9512    0.598125    7.14059    
1    96    38    -6442.98    -29.0052    0.594663    7.21095    
