#Task    Step    numberOfAcceptedPeleSteps    currentEnergy    BindingEnergy    sasaLig    distance_A43SG_L1S1    
1    0    0    -6411.86    -26.9532    0.59068    7.57116    
1    1    1    -6436.74    -31.6428    0.581503    7.56644    
1    2    2    -6435.35    -27.8803    0.596804    7.7621    
1    5    3    -6434.92    -20.8278    0.55573    7.85244    
1    9    4    -6440.51    -22.3649    0.579513    7.87986    
1    15    5    -6434.3    -18.8904    0.597686    8.44618    
1    29    6    -6435.3    -17.941    0.585063    8.39306    
1    33    7    -6433.67    -16.8493    0.599919    8.02887    
1    34    8    -6432.99    -14.3812    0.646076    8.7937    
1    35    9    -6436.13    -16.0122    0.607988    8.0472    
1    42    10    -6434.53    -15.1496    0.614491    8.04524    
1    43    11    -6432.71    -14.2456    0.629006    7.89215    
1    45    12    -6431.43    -12.1762    0.632229    7.82664    
1    50    13    -6436.17    -17.7306    0.614261    7.81787    
1    57    14    -6434.65    -17.0368    0.625583    8.02787    
1    58    15    -6433.73    -15.2232    0.639951    8.17026    
1    68    16    -6423.51    -3.17812    0.680467    8.06076    
1    70    17    -6427.91    -8.57701    0.680434    7.74539    
1    71    18    -6430.9    -13.9557    0.632901    7.90519    
1    74    19    -6429.85    -10.2965    0.631933    7.84759    
1    75    20    -6428.99    -15.9408    0.646415    7.91127    
1    77    21    -6423.27    -12.57    0.702601    8.189    
1    78    22    -6433.62    -19.2976    0.670233    7.3605    
1    81    23    -6433.29    -20.2061    0.628222    7.21812    
1    82    24    -6432.62    -16.9995    0.662063    7.07671    
1    87    25    -6434.94    -21.6697    0.614539    7.17076    
1    90    26    -6434.06    -21.0385    0.623075    7.34552    
1    92    27    -6436.35    -23.0757    0.617571    7.12934    
1    94    28    -6432.9    -19.9453    0.610565    6.94892    
1    95    29    -6434.82    -21.8041    0.616564    7.0874    
