#Task    Step    numberOfAcceptedPeleSteps    currentEnergy    BindingEnergy    sasaLig    distance_A43SG_L1S1    
1    0    0    -6420.7    -40.2438    0.517242    8.98511    
1    1    1    -6432.64    -30.5428    0.497285    9.08773    
1    5    2    -6439.26    -39.5318    0.471677    8.917    
1    12    3    -6437.5    -34.5787    0.530272    8.96849    
1    15    4    -6436.67    -34.0264    0.508231    8.55333    
1    23    5    -6443.42    -38.1783    0.506241    8.64929    
1    33    6    -6441.9    -39.9726    0.512125    8.64655    
1    43    7    -6443.17    -35.742    0.52133    8.50963    
1    45    8    -6442.21    -36.7982    0.500037    8.63629    
1    53    9    -6441.69    -39.5062    0.500621    8.60826    
1    59    10    -6440.82    -37.6495    0.508441    8.8458    
1    61    11    -6443.95    -38.0631    0.504514    8.62745    
1    63    12    -6443.53    -37.0933    0.522046    8.92501    
1    64    13    -6438.77    -36.2298    0.523259    8.76266    
1    67    14    -6438.64    -35.6688    0.553204    9.20449    
1    69    15    -6439.96    -37.7632    0.544792    9.13661    
1    70    16    -6443.3    -40.6362    0.544473    9.00492    
1    71    17    -6444.37    -38.3607    0.538309    8.84338    
1    81    18    -6445.19    -40.021    0.517842    8.87759    
1    86    19    -6437.07    -29.4179    0.599267    8.66848    
1    94    20    -6446.02    -39.6162    0.530566    8.87727    
1    96    21    -6442.53    -38.8328    0.551207    8.7351    
1    100    22    -6441.55    -34.4775    0.552895    8.81249    
