#Task    Step    numberOfAcceptedPeleSteps    currentEnergy    BindingEnergy    sasaLig    distance_A43SG_L1S1    
1    0    0    -6411.6    -14.8166    0.609683    7.41872    
1    1    1    -6432.96    -19.0786    0.567982    7.56864    
1    5    2    -6435.28    -23.8234    0.564957    7.35102    
1    6    3    -6435.69    -23.9552    0.554848    7.21209    
1    17    4    -6437.11    -19.953    0.586804    7.67957    
1    19    5    -6438.49    -15.1027    0.620952    9.59729    
1    21    6    -6438.98    -16.0813    0.545901    8.68257    
1    23    7    -6440.72    -17.5064    0.574933    9.02634    
1    27    8    -6438.29    -20.2395    0.538707    9.04953    
1    31    9    -6438.88    -18.1777    0.557689    10.2142    
1    35    10    -6437.11    -17.3305    0.56327    10.2117    
1    37    11    -6436.6    -22.8622    0.540361    10.0952    
1    41    12    -6436.08    -24.4115    0.53083    10.1495    
1    43    13    -6434.86    -21.3893    0.527603    9.6524    
1    44    14    -6437.16    -21.6648    0.530123    9.50143    
1    46    15    -6436.26    -18.8442    0.537709    9.44787    
1    47    16    -6438.76    -23.556    0.537024    9.30219    
1    48    17    -6436.86    -20.5864    0.564537    8.95507    
1    56    18    -6444.62    -27.1145    0.569532    8.74951    
1    59    19    -6440.47    -25.5729    0.551379    9.2987    
1    62    20    -6435.95    -23.4443    0.5501    9.59029    
1    63    21    -6438.1    -12.5084    0.636644    7.67139    
1    65    22    -6440.17    -9.58325    0.673232    10.222    
1    72    23    -6441.57    -11.4879    0.655359    10.0774    
1    73    24    -6442.98    -20.8184    0.675743    10.7868    
1    76    25    -6446.33    -22.1567    0.61932    9.88194    
1    77    26    -6443.74    -25.678    0.646845    9.44344    
1    82    27    -6443.2    -23.3416    0.674652    9.72001    
1    93    28    -6441.63    -21.5036    0.673297    10.0741    
1    96    29    -6438.33    -16.7047    0.695586    10.6142    
1    97    30    -6437.56    -22.4327    0.643719    9.58477    
