#Task    Step    numberOfAcceptedPeleSteps    currentEnergy    BindingEnergy    sasaLig    distance_A43SG_L1S1    
1    0    0    -6416.57    -41.0372    0.430524    8.29965    
1    1    1    -6438.18    -39.7764    0.429876    8.42213    
1    3    2    -6437.81    -35.0141    0.470785    8.53514    
1    7    3    -6442.9    -40.3557    0.446496    8.2574    
1    9    4    -6441.06    -40.3452    0.443196    8.53231    
1    30    5    -6440.43    -41.8651    0.429425    8.53253    
1    33    6    -6443.22    -42.473    0.427113    8.32975    
1    49    7    -6442.22    -42.7201    0.432111    8.422    
1    65    8    -6442.45    -42.0266    0.435181    8.52387    
1    69    9    -6443.9    -42.166    0.431763    8.32362    
1    81    10    -6444.29    -42.7201    0.437018    8.28642    
1    88    11    -6442.91    -40.6846    0.433277    8.5716    
1    97    12    -6441.65    -42.2419    0.43456    8.33082    
1    99    13    -6442.34    -42.5187    0.436192    8.17584    
1    100    14    -6440.76    -39.3651    0.45838    7.96752    
