#Task    Step    numberOfAcceptedPeleSteps    currentEnergy    BindingEnergy    sasaLig    distance_A43SG_L1S1    
1    0    0    -6414.68    -25.6043    0.608464    7.22485    
1    1    1    -6437.86    -26.8853    0.606684    7.27666    
1    3    2    -6436.97    -24.9341    0.627064    7.27802    
1    10    3    -6438.48    -26.4275    0.606765    7.0035    
1    12    4    -6431.56    -22.6555    0.615615    7.31913    
1    17    5    -6435.9    -23.5635    0.611778    7.76721    
1    21    6    -6435.78    -24.7134    0.556377    6.89796    
1    22    7    -6437.34    -24.9911    0.538107    6.95125    
1    23    8    -6430.97    -19.3945    0.559341    7.59201    
1    24    9    -6439.07    -24.9864    0.551506    6.94019    
1    29    10    -6435.75    -23.9852    0.548439    7.02522    
1    31    11    -6435.54    -24.843    0.538109    6.46205    
1    32    12    -6437.34    -26.8326    0.529152    6.58705    
1    33    13    -6437.63    -28.1544    0.526054    6.42289    
1    42    14    -6431.22    -26.4498    0.514907    5.74714    
1    44    15    -6429.41    -22.7894    0.568627    6.33973    
1    47    16    -6434.24    -26.6702    0.562603    6.36793    
1    52    17    -6433.06    -26.3416    0.57255    7.25448    
1    54    18    -6433.42    -27.2769    0.555109    6.4049    
1    57    19    -6435.52    -32.4023    0.530534    6.1079    
1    62    20    -6436.14    -31.6462    0.535478    5.86885    
1    63    21    -6429.02    -29.302    0.557313    5.89099    
1    64    22    -6437.82    -32.3392    0.55673    6.3022    
1    68    23    -6429.86    -28.0598    0.551252    7.67988    
1    69    24    -6438.89    -31.6683    0.526944    6.12305    
1    70    25    -6433.94    -29.7268    0.552888    6.05739    
1    75    26    -6438.9    -31.93    0.531827    6.12012    
1    77    27    -6438.42    -30.6707    0.536628    6.25379    
1    78    28    -6441.48    -28.8676    0.540804    6.5966    
1    85    29    -6436.25    -28.4769    0.527613    6.55683    
1    95    30    -6433.53    -29.0026    0.518195    6.72977    
1    98    31    -6438.09    -31.1618    0.550399    6.70718    
