#Task    Step    numberOfAcceptedPeleSteps    currentEnergy    BindingEnergy    sasaLig    distance_A43SG_L1S1    
1    0    0    -6414.82    -31.3668    0.522123    9.89081    
1    3    1    -6424.66    -21.2088    0.532762    8.33256    
1    4    2    -6430.67    -23.2689    0.511608    8.76681    
1    5    3    -6433.96    -30.6738    0.5125    8.85085    
1    6    4    -6432.53    -29.0071    0.530995    8.55651    
1    9    5    -6437.17    -35.8359    0.513472    9.20557    
1    11    6    -6438.96    -34.0356    0.512353    9.32008    
1    21    7    -6441.48    -34.8923    0.515849    9.36375    
1    22    8    -6436.69    -30.8224    0.506139    9.90096    
1    25    9    -6440.13    -36.2381    0.506581    9.54744    
1    28    10    -6435.16    -28.1526    0.547608    9.71619    
1    33    11    -6440.38    -35.5228    0.518942    9.47971    
1    37    12    -6438.92    -35.9861    0.51697    9.52106    
1    38    13    -6440.04    -35.6863    0.512807    9.5987    
1    44    14    -6435.4    -25.1359    0.564369    10.6534    
1    53    15    -6437.17    -33.2006    0.519585    9.76457    
1    65    16    -6436.42    -34.4243    0.520108    9.66832    
1    68    17    -6434.3    -33.8024    0.535403    9.75289    
1    69    18    -6435.93    -31.8216    0.52708    9.834    
1    77    19    -6436    -33.8156    0.525299    9.80306    
1    79    20    -6436.69    -29.3847    0.5409    9.86021    
1    81    21    -6437.87    -32.8578    0.522528    9.79868    
1    84    22    -6434.93    -27.9125    0.535675    10.4238    
1    85    23    -6438.35    -33.4154    0.519318    9.7442    
1    97    24    -6437.54    -32.5624    0.521943    9.79032    
