#Task    Step    numberOfAcceptedPeleSteps    currentEnergy    BindingEnergy    sasaLig    distance_A43SG_L1S1    
1    0    0    -6412.01    -30.1428    0.468514    8.97167    
1    1    1    -6424.17    -13.7624    0.483651    6.65644    
1    3    2    -6437.01    -29.0351    0.464684    8.82012    
1    9    3    -6435.05    -28.6108    0.474352    8.69749    
1    11    4    -6434.32    -28.0898    0.492477    8.39992    
1    22    5    -6430.03    -19.7154    0.512861    8.49947    
1    25    6    -6433.46    -30.7841    0.459616    7.56788    
1    29    7    -6429.47    -30.4751    0.462296    7.86791    
1    33    8    -6438.49    -30.4008    0.455134    7.7444    
1    39    9    -6435.36    -28.4832    0.463752    6.93981    
1    57    10    -6435.16    -28.3717    0.502676    7.42158    
1    58    11    -6432.9    -21.838    0.514649    8.3222    
1    61    12    -6435.04    -31.2163    0.464405    7.4085    
1    65    13    -6433.56    -25.8871    0.497159    5.63586    
1    73    14    -6434.66    -29.179    0.485481    6.50436    
1    77    15    -6434.97    -31.2757    0.47154    6.07787    
1    81    16    -6433.84    -32.6336    0.479509    5.93396    
1    83    17    -6433.51    -23.63    0.493698    7.8277    
1    84    18    -6431.34    -28.8657    0.53426    8.50311    
1    88    19    -6429.18    -22.8317    0.526059    8.73779    
1    89    20    -6430.79    -23.1019    0.519104    8.50882    
1    90    21    -6434.78    -27.5706    0.532534    8.05112    
1    94    22    -6434.15    -23.6609    0.498675    7.74847    
