#Task    Step    numberOfAcceptedPeleSteps    currentEnergy    BindingEnergy    sasaLig    distance_A43SG_L1S1    
1    0    0    -6399.39    -3.84126    0.655059    11.3124    
1    1    1    -6418.06    -2.4452    0.660138    8.10909    
1    2    2    -6420.44    -2.31351    0.657739    7.57214    
1    3    3    -6422.39    -0.766225    0.650567    8.88668    
1    6    4    -6425.9    -3.06988    0.60807    8.54042    
1    7    5    -6429.16    -11.5029    0.560204    8.43073    
1    10    6    -6430.05    -6.26839    0.63223    8.06553    
1    11    7    -6429.57    -4.84948    0.680422    7.87217    
1    12    8    -6430.12    -4.48153    0.601225    8.70424    
1    13    9    -6428.58    -9.18424    0.620231    7.57539    
1    15    10    -6430.99    -10.8856    0.572473    7.78269    
1    17    11    -6431.91    -13.5498    0.580457    7.70632    
1    24    12    -6434.28    -12.9758    0.579541    8.28246    
1    25    13    -6434.67    -13.0894    0.572192    7.81925    
1    31    14    -6432.4    -10.6019    0.581164    8.4671    
1    33    15    -6438.04    -15.1954    0.569496    8.08502    
1    38    16    -6438.18    -14.3091    0.578329    7.93003    
1    39    17    -6438.49    -15.4101    0.579119    7.91023    
1    40    18    -6439.06    -12.0973    0.592158    7.83496    
1    41    19    -6436.16    -15.2925    0.588557    8.09446    
1    45    20    -6435.47    -14.8777    0.597767    7.76563    
1    46    21    -6432.67    -13.1083    0.580402    7.5177    
1    51    22    -6431.53    -13.9065    0.671311    7.75369    
1    52    23    -6433.81    -13.9187    0.650217    7.66444    
1    55    24    -6432.93    -11.9314    0.654054    7.6939    
1    57    25    -6434.99    -13.136    0.631558    7.68229    
1    60    26    -6433.92    -11.137    0.611602    7.66916    
1    63    27    -6433.4    -6.50944    0.683981    7.0581    
1    64    28    -6432.24    -6.06277    0.656108    6.89922    
1    69    29    -6426.09    -0.00228036    0.667946    7.27077    
1    70    30    -6426.86    0.892305    0.67785    7.03028    
1    72    31    -6426.8    -0.647867    0.651405    6.67273    
1    74    32    -6427.33    -4.54301    0.636073    6.86736    
1    75    33    -6429.97    -9.16327    0.608665    3.74824    
1    83    34    -6430.2    -10.1361    0.605158    3.79548    
1    86    35    -6434.3    -13.4479    0.610685    3.53222    
1    96    36    -6432.36    -11.8909    0.654136    3.68402    
1    97    37    -6434.95    -16.7156    0.63484    6.16632    
1    98    38    -6442.45    -18.514    0.638955    6.15626    
