#Task    Step    numberOfAcceptedPeleSteps    currentEnergy    BindingEnergy    sasaLig    distance_A43SG_L1S1    
1    0    0    -6427.93    -35.2565    0.537863    7.70844    
1    2    1    -6447.66    -30.8909    0.550174    7.94016    
1    7    2    -6449.61    -34.5748    0.536447    7.37462    
1    9    3    -6451.06    -34.7875    0.537574    7.70169    
1    11    4    -6453.07    -44.3492    0.50449    7.61622    
1    21    5    -6458.89    -44.7579    0.513406    7.63721    
1    27    6    -6457.14    -42.6206    0.530357    7.81567    
1    30    7    -6457.27    -42.5452    0.523669    7.90068    
1    32    8    -6459.92    -45.9303    0.524356    7.60468    
1    37    9    -6460.69    -45.5467    0.514329    7.50524    
1    49    10    -6458.58    -47.2901    0.512854    7.50777    
1    53    11    -6457.6    -47.0579    0.515293    7.75275    
1    54    12    -6453.67    -44.514    0.52754    7.66567    
1    55    13    -6456.43    -48.0304    0.51051    7.50983    
1    60    14    -6453.56    -43.6156    0.494465    7.4981    
1    61    15    -6456.47    -44.6635    0.523824    7.7532    
1    68    16    -6458.01    -46.0309    0.516177    7.54665    
1    73    17    -6455.14    -39.6884    0.557409    7.38453    
1    77    18    -6453.87    -46.8858    0.511183    7.50766    
1    81    19    -6460.37    -46.7272    0.500555    7.51003    
1    91    20    -6459.28    -45.7097    0.504212    7.60122    
1    92    21    -6461.63    -46.5435    0.511902    7.62925    
1    93    22    -6460.97    -47.0288    0.504354    7.58041    
1    96    23    -6458.47    -45.939    0.506991    7.48193    
1    97    24    -6460.35    -46.8271    0.49999    7.62743    
