#Task    Step    numberOfAcceptedPeleSteps    currentEnergy    BindingEnergy    sasaLig    distance_A43SG_L1S1    
1    0    0    -6432.67    -42.7586    0.54915    8.86465    
1    3    1    -6447.05    -32.6011    0.571734    9.70926    
1    6    2    -6453.35    -35.7206    0.563179    9.19481    
1    7    3    -6453.54    -39.3543    0.568512    9.62034    
1    8    4    -6449.11    -38.9571    0.558063    9.6904    
1    11    5    -6452.66    -35.4248    0.582771    9.75845    
1    27    6    -6450.89    -37.5709    0.58644    9.69531    
1    28    7    -6452.08    -37.6055    0.571899    9.13806    
1    31    8    -6454.84    -42.5759    0.546586    8.77605    
1    37    9    -6454.74    -37.3366    0.554913    8.3858    
1    45    10    -6454.57    -38.1375    0.54457    8.29205    
1    46    11    -6454.09    -35.9679    0.545738    8.20144    
1    47    12    -6455.91    -38.8767    0.539609    8.40662    
1    49    13    -6453.56    -42.459    0.542818    8.20856    
1    51    14    -6455.73    -42.326    0.548016    8.19177    
1    53    15    -6456.93    -42.3414    0.538403    8.2222    
1    57    16    -6453.73    -41.6249    0.534055    8.24718    
1    68    17    -6451.6    -36.0064    0.549274    8.68787    
1    69    18    -6458.73    -43.4396    0.527699    8.40518    
1    70    19    -6456.35    -36.6348    0.539245    8.26637    
1    89    20    -6451.79    -41.3577    0.532049    8.26088    
1    90    21    -6452.75    -40.179    0.540296    8.64982    
1    94    22    -6451.61    -39.6137    0.567055    8.79593    
1    98    23    -6455.22    -40.5401    0.527926    8.3311    
