#Task    Step    numberOfAcceptedPeleSteps    currentEnergy    BindingEnergy    sasaLig    distance_A43SG_L1S1    
1    0    0    -6414.41    -21.278    0.591287    7.38822    
1    2    1    -6415.56    -4.77871    0.74331    7.5597    
1    3    2    -6429.71    -18.3181    0.582052    9.04356    
1    8    3    -6424.96    -17.1858    0.582233    8.57376    
1    9    4    -6428.01    -22.8356    0.573364    7.96667    
1    16    5    -6430.26    -23.2415    0.568924    7.99771    
1    17    6    -6432.7    -28.4612    0.554285    7.8135    
1    18    7    -6441.65    -31.8062    0.562871    7.37047    
1    20    8    -6441.37    -30.1128    0.549767    7.68332    
1    22    9    -6442.41    -29.8386    0.565397    7.43145    
1    28    10    -6440.57    -27.3903    0.54434    7.48392    
1    29    11    -6441.08    -29.4579    0.557013    7.52967    
1    34    12    -6440.94    -27.8236    0.585321    7.65741    
1    37    13    -6444.17    -37.7104    0.516219    6.31316    
1    41    14    -6444.01    -39.0415    0.491761    6.18877    
1    44    15    -6444.95    -36.6229    0.495488    6.19856    
1    49    16    -6445.31    -38.4841    0.489211    7.42102    
1    62    17    -6444.5    -40.0012    0.518435    7.75031    
1    65    18    -6444.87    -41.18    0.514272    7.25242    
1    66    19    -6444.8    -40.029    0.511058    7.59386    
1    74    20    -6443.36    -38.1292    0.517954    7.94876    
1    81    21    -6446.45    -39.5942    0.514263    7.50116    
1    83    22    -6445.55    -41.4498    0.494629    7.402    
