#Task    Step    numberOfAcceptedPeleSteps    currentEnergy    BindingEnergy    sasaLig    distance_A43SG_L1S1    
1    0    0    -6399.25    -4.98863    0.682634    7.16959    
1    1    1    -6424.48    -8.63504    0.641847    7.57984    
1    5    2    -6424    -9.32387    0.648615    6.67577    
1    6    3    -6425.53    -8.53392    0.697271    6.63124    
1    7    4    -6426.12    -10.366    0.651054    6.76257    
1    11    5    -6422.94    -9.54644    0.707368    7.20893    
1    16    6    -6422.92    -8.87163    0.682543    6.93429    
1    17    7    -6426.48    -14.248    0.666045    7.40952    
1    18    8    -6426.06    -13.5161    0.657016    7.57297    
1    22    9    -6413.68    1.28912    0.703893    7.63758    
1    23    10    -6421.88    -7.02053    0.669683    6.81435    
1    27    11    -6421.68    -13.7621    0.61716    7.21364    
1    28    12    -6423.54    -2.99545    0.69923    5.04895    
1    29    13    -6428.44    -8.4272    0.653865    4.1813    
1    31    14    -6430.93    -8.11418    0.665367    4.18431    
1    38    15    -6429.4    -7.43867    0.67318    4.13361    
1    39    16    -6429.5    -4.73707    0.705208    7.5625    
1    41    17    -6434.27    -16.0715    0.673029    7.72894    
1    42    18    -6434.55    -17.0749    0.675228    8.12264    
1    46    19    -6434.86    -17.001    0.663581    8.33886    
1    47    20    -6437.56    -18.5541    0.649426    7.50695    
1    52    21    -6436.46    -18.3178    0.63881    7.63968    
1    53    22    -6439.26    -19.1748    0.639436    6.7873    
1    55    23    -6439.5    -18.8565    0.63614    6.88151    
1    71    24    -6437.85    -16.9255    0.651894    7.6887    
1    73    25    -6438.67    -18.757    0.641619    7.73583    
1    78    26    -6427.66    -1.88379    0.70305    6.46019    
1    79    27    -6429.37    -19.344    0.614948    4.08298    
1    81    28    -6432.86    -7.17461    0.718494    5.02213    
1    84    29    -6432.9    -6.99223    0.744613    6.0366    
1    86    30    -6433.73    -8.5713    0.68627    5.7613    
1    88    31    -6433.68    -6.54816    0.748897    5.90198    
1    89    32    -6438.01    -16.5683    0.664474    7.76387    
1    94    33    -6435.19    -14.5581    0.659109    7.79154    
1    97    34    -6434.49    -14.9607    0.657867    6.9631    
1    99    35    -6435.64    -15.5098    0.650353    6.91932    
