#Task    Step    numberOfAcceptedPeleSteps    currentEnergy    BindingEnergy    sasaLig    distance_A43SG_L1S1    
1    0    0    -6419.55    -36.9025    0.630742    10.334    
1    1    1    -6437.91    -25.6396    0.652566    9.9989    
1    9    2    -6438.95    -28.2744    0.67382    10.5469    
1    21    3    -6432.53    -29.3212    0.597741    10.4605    
1    24    4    -6431.54    -25.2488    0.629253    10.2157    
1    25    5    -6430.74    -28.3529    0.621937    10.6    
1    26    6    -6430.55    -24.5402    0.618804    10.14    
1    27    7    -6441.41    -30.05    0.626957    10.0603    
1    29    8    -6439.96    -32.4227    0.63474    10.607    
1    33    9    -6440.57    -32.6775    0.62847    10.7084    
1    36    10    -6433.59    -26.1305    0.62728    10.8561    
1    41    11    -6436.79    -35.7685    0.636586    10.6523    
1    56    12    -6437.24    -38.1451    0.626277    10.8185    
1    61    13    -6439.58    -36.0614    0.61168    11.1298    
1    69    14    -6440.69    -37.9915    0.583581    10.997    
1    72    15    -6440.45    -34.6256    0.604421    11.0919    
1    75    16    -6441.69    -39.248    0.576474    10.835    
1    77    17    -6443.11    -40.3196    0.583942    10.6859    
1    81    18    -6442.97    -39.943    0.592346    10.6152    
1    83    19    -6444.19    -39.9273    0.621623    10.5715    
1    84    20    -6444.81    -39.684    0.588888    10.7407    
