#Task    Step    numberOfAcceptedPeleSteps    currentEnergy    BindingEnergy    sasaLig    distance_A43SG_L1S1    
1    0    0    -6421.69    -45.5248    0.458238    9.03224    
1    1    1    -6445.52    -47.885    0.45912    8.86716    
1    5    2    -6444.92    -48.5459    0.434756    9.06967    
1    7    3    -6444.33    -47.2491    0.444653    9.2869    
1    11    4    -6443.61    -47.1161    0.435893    9.11698    
1    12    5    -6443.91    -45.0444    0.459973    8.91412    
1    13    6    -6448.82    -49.2359    0.438787    8.96678    
1    29    7    -6445.81    -49.595    0.440731    9.02986    
1    33    8    -6429.47    -16.0748    0.610709    5.63048    
1    39    9    -6426.17    -8.07488    0.577656    6.52152    
1    40    10    -6429.88    -11.3209    0.618292    6.7276    
1    43    11    -6434.68    -16.5752    0.560567    4.55705    
1    47    12    -6426.87    -17.2488    0.545991    4.72194    
1    49    13    -6428.73    -20.2954    0.525941    3.92209    
1    50    14    -6429.7    -19.3356    0.549538    4.67926    
1    51    15    -6427.5    -15.0047    0.584335    4.56509    
1    68    16    -6427.14    -14.9982    0.606852    5.63679    
1    69    17    -6428.65    -23.0145    0.618176    6.34068    
1    70    18    -6425.05    -18.0233    0.661716    8.04393    
1    71    19    -6434.54    -31.3442    0.512028    8.71724    
1    73    20    -6433.02    -25.1341    0.536942    8.94252    
1    74    21    -6431.51    -25.1649    0.519464    7.77913    
1    88    22    -6431.39    -28.6536    0.517405    7.05893    
1    90    23    -6427.8    -22.029    0.495263    6.91469    
1    91    24    -6433.22    -27.6306    0.53442    8.41127    
1    93    25    -6437.01    -32.0624    0.495093    9.04184    
