#Task    Step    numberOfAcceptedPeleSteps    currentEnergy    BindingEnergy    sasaLig    distance_A43SG_L1S1    
1    0    0    -6413.11    -29.9069    0.54048    9.6485    
1    1    1    -6413.91    -3.00174    0.576996    7.84706    
1    2    2    -6423.88    -4.84054    0.595958    8.17872    
1    3    3    -6423.54    -8.80697    0.548578    7.38517    
1    4    4    -6427.16    -11.0353    0.579256    7.43024    
1    7    5    -6422.56    -4.64287    0.628251    7.13093    
1    9    6    -6422.83    -3.81958    0.687855    10.1357    
1    13    7    -6422.63    1.56714    0.820624    11.9799    
1    14    8    -6424.17    -0.08995    0.779351    11.7152    
1    15    9    -6426.01    -1.43359    0.763784    9.49532    
1    16    10    -6426.61    -1.15154    0.761041    8.5097    
1    17    11    -6426.69    -2.22077    0.743055    9.99663    
1    18    12    -6432.31    -7.28389    0.683591    10.3386    
1    20    13    -6432.4    -10.1847    0.657347    9.47459    
1    22    14    -6432.61    -8.84582    0.681284    10.3682    
1    29    15    -6433.27    -9.39724    0.663773    9.41549    
1    34    16    -6434.33    -10.6334    0.639662    9.20197    
1    39    17    -6435.18    -14.7249    0.576704    8.78156    
1    40    18    -6429.35    -6.18642    0.600476    7.3163    
1    43    19    -6432.86    -12.9673    0.588914    8.38605    
1    47    20    -6433.82    -13.7378    0.577683    8.95886    
1    53    21    -6434.18    -17.5476    0.623685    8.59073    
1    55    22    -6433.08    -16.3733    0.608922    8.85669    
1    56    23    -6434.15    -18.8223    0.586699    8.85458    
1    63    24    -6433.23    -33.1584    0.474238    10.4765    
1    64    25    -6434    -33.6686    0.496427    10.5456    
1    65    26    -6434.82    -35.5331    0.485572    10.5933    
1    69    27    -6436.35    -37.4415    0.464805    10.4685    
1    73    28    -6437.07    -37.5691    0.450833    10.3929    
1    75    29    -6437.06    -37.9522    0.460491    10.5842    
1    79    30    -6440.25    -36.9089    0.474134    10.5586    
1    89    31    -6437.46    -37.1198    0.477252    10.6027    
1    93    32    -6431.07    -28.1886    0.620267    9.14219    
1    96    33    -6429.73    -24.6287    0.630452    9.40931    
1    97    34    -6434.3    -29.2684    0.581717    8.18309    
