#Task    Step    numberOfAcceptedPeleSteps    currentEnergy    BindingEnergy    sasaLig    distance_A43SG_L1S1    
1    0    0    -6414.81    -41.3478    0.466909    9.17543    
1    1    1    -6413.5    -16.8102    0.518106    7.64474    
1    2    2    -6412.44    -2.73476    0.632633    7.7377    
1    3    3    -6424.31    -13.5693    0.598498    7.07882    
1    5    4    -6423.92    -22.3731    0.568559    9.05208    
1    6    5    -6424.65    -20.8539    0.577305    9.77373    
1    7    6    -6431.96    -27.2001    0.595702    9.44631    
1    8    7    -6431.78    -27.2731    0.513547    9.16727    
1    9    8    -6430.92    -36.3617    0.489628    8.87395    
1    14    9    -6432.65    -34.2795    0.505493    8.60003    
1    15    10    -6439.66    -42.0586    0.528487    8.50634    
1    16    11    -6439.46    -40.8832    0.541817    8.92996    
1    30    12    -6441.57    -39.7005    0.531514    8.96979    
1    35    13    -6439.48    -38.2048    0.526238    8.82836    
1    36    14    -6436.06    -33.3767    0.502818    8.91437    
1    38    15    -6441.77    -39.655    0.493548    8.86896    
1    53    16    -6441.97    -45.6841    0.47434    8.86426    
1    57    17    -6441.66    -47.7307    0.470938    8.83105    
1    59    18    -6439.67    -48.425    0.468131    8.84987    
1    72    19    -6441.61    -47.2173    0.482445    8.56119    
1    73    20    -6447.26    -49.6169    0.472608    8.74475    
1    77    21    -6450.75    -53.1313    0.495871    8.60157    
1    86    22    -6448.17    -49.8141    0.525863    8.60603    
1    89    23    -6451.43    -52.3783    0.506866    8.62241    
1    90    24    -6452.18    -52.2235    0.524486    8.60358    
1    93    25    -6451.2    -52.5247    0.523041    8.5939    
1    96    26    -6451.27    -49.8987    0.544652    8.76965    
