#Task    Step    numberOfAcceptedPeleSteps    currentEnergy    BindingEnergy    sasaLig    distance_A43SG_L1S1    
1    0    0    -6417.6    -34.6408    0.502789    10.2711    
1    1    1    -6427.72    -23.034    0.537248    9.59454    
1    4    2    -6431.83    -26.4881    0.552301    9.44895    
1    5    3    -6437.88    -35.6873    0.539575    8.97903    
1    20    4    -6436.8    -32.8597    0.54    9.19223    
1    24    5    -6433.3    -30.8019    0.529359    9.58582    
1    29    6    -6441.1    -34.8627    0.538374    8.99983    
1    37    7    -6440.78    -35.5034    0.542843    8.98984    
1    39    8    -6437.97    -32.6731    0.544984    9.20387    
1    48    9    -6438.42    -34.5364    0.542166    8.65074    
1    61    10    -6439.02    -35.4188    0.533703    8.82304    
1    65    11    -6435.51    -22.9823    0.628119    8.27596    
1    69    12    -6431.59    -31.5742    0.533146    8.44831    
1    73    13    -6437.24    -34.0454    0.536465    8.96074    
1    77    14    -6439.63    -33.9676    0.539755    8.8745    
1    79    15    -6438.29    -32.8615    0.541631    9.21459    
1    81    16    -6437.61    -33.159    0.543575    9.05511    
1    86    17    -6433.07    -29.682    0.576941    8.88351    
1    95    18    -6439.56    -34.5157    0.537432    8.98284    
1    97    19    -6437.47    -33.4475    0.542765    8.90494    
1    100    20    -6438    -31.958    0.54605    8.93553    
