#Task    Step    numberOfAcceptedPeleSteps    currentEnergy    BindingEnergy    sasaLig    distance_A43SG_L1S1    
1    0    0    -6419.21    -41.4942    0.462847    4.89728    
1    1    1    -6411.2    -7.75829    0.539276    4.62088    
1    5    2    -6410    -1.80982    0.654208    6.74019    
1    6    3    -6423.75    -7.45047    0.638618    6.69883    
1    7    4    -6424.19    -7.79125    0.579267    7.59291    
1    12    5    -6423    -7.58298    0.596704    7.3909    
1    16    6    -6427.71    -9.51376    0.561963    7.10803    
1    22    7    -6430.63    -12.7968    0.602003    6.9353    
1    25    8    -6431.98    -23.6975    0.517882    7.48567    
1    26    9    -6434.02    -26.6577    0.499729    8.29355    
1    32    10    -6434.07    -25.8158    0.511029    8.3152    
1    36    11    -6437.64    -27.0709    0.514205    8.49721    
1    38    12    -6436.43    -25.9143    0.523472    7.89195    
1    39    13    -6440.43    -29.1549    0.506334    8.485    
1    49    14    -6440.76    -33.0944    0.465336    7.77433    
1    53    15    -6441.56    -35.6277    0.467245    7.62046    
1    59    16    -6442.36    -34.5687    0.472819    7.75654    
1    62    17    -6440.63    -28.7788    0.529164    7.35883    
1    65    18    -6443.91    -34.5915    0.483289    7.48839    
1    78    19    -6444.09    -33.6267    0.468221    7.42805    
1    80    20    -6444.37    -34.4777    0.458567    7.65976    
1    87    21    -6444.9    -33.8703    0.473972    7.91609    
1    89    22    -6434.35    -29.537    0.496227    7.38388    
