#Task    Step    numberOfAcceptedPeleSteps    currentEnergy    BindingEnergy    sasaLig    distance_A43SG_L1S1    
1    0    0    -6412.28    -18.843    0.593887    8.56183    
1    1    1    -6424.42    -10.3934    0.622827    8.46007    
1    4    2    -6430.55    -12.3959    0.597066    8.18849    
1    5    3    -6432.31    -22.6148    0.601215    7.95961    
1    9    4    -6435.42    -28.2725    0.58253    8.27665    
1    10    5    -6433.84    -25.3822    0.58337    8.30842    
1    21    6    -6434.9    -22.5421    0.587008    7.61559    
1    25    7    -6438.17    -27.7292    0.570384    8.1566    
1    28    8    -6434.98    -22.7382    0.592454    7.74631    
1    29    9    -6433.26    -22.8109    0.569572    8.4827    
1    33    10    -6435.9    -20.8921    0.567203    9.23999    
1    37    11    -6436.21    -26.5018    0.53158    10.0365    
1    45    12    -6432.77    -15.6033    0.650568    8.42753    
1    46    13    -6438.51    -16.3442    0.66541    9.15231    
1    47    14    -6443.03    -20.6373    0.614659    8.80545    
1    61    15    -6441.02    -22.0262    0.572864    9.00255    
1    63    16    -6444.64    -25.5234    0.685605    10.0723    
1    69    17    -6445.59    -25.6992    0.667541    9.98448    
1    70    18    -6443.77    -23.0915    0.652255    9.91971    
1    75    19    -6442.07    -22.3479    0.687362    10.1257    
1    80    20    -6444.2    -22.5703    0.711727    10.7419    
1    91    21    -6446.1    -24.9361    0.702088    8.43347    
1    92    22    -6444.8    -22.6536    0.708712    8.84609    
1    93    23    -6448.57    -25.7931    0.650585    8.09216    
1    94    24    -6447.17    -24.3901    0.637536    7.97409    
1    96    25    -6449.41    -24.8593    0.624121    7.61558    
1    97    26    -6448.67    -23.3224    0.618491    7.55165    
1    98    27    -6446.79    -25.5236    0.614142    7.42683    
