#Task    Step    numberOfAcceptedPeleSteps    currentEnergy    BindingEnergy    sasaLig    distance_A43SG_L1S1    
1    0    0    -6417.3    -31.6731    0.584845    8.99247    
1    1    1    -6442.42    -38.8709    0.535206    8.64421    
1    4    2    -6440.21    -37.2856    0.518414    8.51464    
1    6    3    -6438.43    -32.0689    0.538903    8.95965    
1    11    4    -6444.74    -36.5336    0.548273    9.20054    
1    13    5    -6440.2    -36.4913    0.533671    9.20365    
1    17    6    -6440    -36.0665    0.594159    5.91809    
1    23    7    -6437.59    -32.8666    0.538941    7.92617    
1    26    8    -6438.33    -31.3237    0.537629    8.12914    
1    33    9    -6441.35    -37.8249    0.533799    8.63366    
1    37    10    -6441.7    -40.6849    0.528187    8.58423    
1    53    11    -6442.65    -40.0763    0.52059    8.27194    
1    55    12    -6441.36    -38.078    0.52869    7.63479    
1    63    13    -6441.41    -37.8216    0.545019    7.49834    
1    73    14    -6442.06    -38.2809    0.541299    7.93926    
1    77    15    -6442.09    -37.8276    0.540012    8.2356    
1    87    16    -6440.57    -38.0598    0.53583    8.54729    
1    90    17    -6439.85    -38.0334    0.533235    8.39321    
1    91    18    -6437.52    -38.8083    0.544134    9.02361    
1    95    19    -6441.36    -39.2069    0.541199    8.67774    
1    97    20    -6441.49    -39.3948    0.530412    8.5993    
