#Task    Step    numberOfAcceptedPeleSteps    currentEnergy    BindingEnergy    sasaLig    distance_A43SG_L1S1    
1    0    0    -6423.04    -38.2247    0.498498    7.82213    
1    1    1    -6446.49    -39.3957    0.496503    7.83291    
1    3    2    -6447.32    -37.2413    0.506833    7.77025    
1    5    3    -6446.11    -38.2561    0.495483    8.02533    
1    16    4    -6443.18    -35.6137    0.492237    8.49145    
1    19    5    -6442.62    -35.9184    0.494484    8.33025    
1    20    6    -6436.03    -28.6074    0.5091    8.30867    
1    21    7    -6442.45    -36.783    0.471275    8.0731    
1    24    8    -6439.58    -32.9428    0.463039    8.23323    
1    27    9    -6442.09    -34.9005    0.456746    7.92816    
1    28    10    -6442.09    -35.5933    0.502978    7.80736    
1    33    11    -6447.27    -39.1007    0.498754    8.25214    
1    38    12    -6447.31    -37.4335    0.509592    8.1519    
1    39    13    -6449.56    -38.296    0.507936    8.39347    
1    43    14    -6450.47    -39.8029    0.50974    8.37332    
1    60    15    -6447.06    -32.2484    0.509075    8.37945    
1    63    16    -6441.81    -31.3008    0.503438    9.50614    
1    64    17    -6440.28    -29.3984    0.50437    9.52934    
1    65    18    -6449.76    -38.333    0.489899    9.33019    
1    69    19    -6455.81    -48.6945    0.483132    9.38302    
1    72    20    -6456.25    -49.9481    0.472207    9.30245    
1    74    21    -6450.81    -42.1724    0.496522    9.34164    
1    75    22    -6451.93    -44.2009    0.499048    9.59191    
1    81    23    -6451.31    -46.0115    0.490948    9.40159    
1    82    24    -6451.59    -43.9665    0.498575    9.44804    
1    87    25    -6456.32    -48.7796    0.484521    9.36573    
1    93    26    -6456.74    -48.9141    0.475144    9.31369    
