#Task    Step    numberOfAcceptedPeleSteps    currentEnergy    BindingEnergy    sasaLig    distance_A43SG_L1S1    
1    0    0    -6425.98    -46.0389    0.564632    9.13491    
1    1    1    -6449.12    -44.563    0.568156    9.13611    
1    2    2    -6447.91    -43.775    0.563737    8.80287    
1    7    3    -6446.84    -44.107    0.563156    8.82761    
1    19    4    -6446.36    -44.7491    0.554452    9.11726    
1    21    5    -6448.3    -45.1876    0.56196    9.1368    
1    23    6    -6449.4    -43.9133    0.553912    9.23053    
1    45    7    -6448.72    -44.4245    0.564176    9.12011    
1    55    8    -6445.66    -41.6616    0.572815    9.25699    
1    67    9    -6448.76    -43.9573    0.564732    9.13985    
1    80    10    -6445.55    -39.5062    0.581284    9.08588    
1    81    11    -6450.04    -44.1872    0.567259    9.14382    
1    82    12    -6435.42    -32.5907    0.574133    9.65818    
1    83    13    -6442.11    -36.082    0.585608    9.60458    
1    95    14    -6448.18    -41.6695    0.567753    9.31281    
