#Task    Step    numberOfAcceptedPeleSteps    currentEnergy    BindingEnergy    sasaLig    distance_A43SG_L1S1    
1    0    0    -6415.11    -27.2857    0.540506    9.78187    
1    1    1    -6433.25    -28.7121    0.548856    6.89933    
1    7    2    -6434.85    -27.1234    0.52815    7.22016    
1    10    3    -6434.85    -23.0632    0.531912    7.6746    
1    11    4    -6442.37    -31.3395    0.500883    7.05175    
1    17    5    -6440.21    -34.0028    0.477838    7.32303    
1    25    6    -6441.91    -36.4749    0.497234    6.91785    
1    33    7    -6442.32    -35.7664    0.525075    9.68113    
1    35    8    -6433.99    -28.1739    0.545706    9.268    
1    36    9    -6434.68    -28.3316    0.567511    8.87287    
1    37    10    -6441.65    -38.1838    0.507829    9.17405    
1    54    11    -6430.8    -25.5585    0.50151    9.24533    
1    55    12    -6435.36    -35.8956    0.497023    8.75669    
1    57    13    -6439.71    -38.6685    0.510724    9.08096    
1    65    14    -6439.98    -38.5375    0.49213    8.98881    
1    73    15    -6441.46    -39.4026    0.506522    9.12164    
1    78    16    -6439.28    -38.3701    0.524004    8.80922    
1    80    17    -6439.91    -38.2942    0.503431    8.82052    
1    81    18    -6441.61    -40.5002    0.507384    8.98372    
1    85    19    -6443.64    -40.6554    0.492963    8.9609    
1    89    20    -6443.96    -40.4237    0.495828    8.96315    
1    97    21    -6442.07    -39.8851    0.468545    9.02752    
1    99    22    -6442.44    -33.9988    0.455383    8.99415    
