62	3407	1.00	2.947E-78	0	369	370	0	369	370	370M
23	297	0.106	1.314E-12	2	369	370	0	370	373	20M16I13M11D10M1I5M2I6M1I12M1D10M2D6M1D13M3D6M11D6M5D5M2D10M1I6M2D11M1I25M4I13M2D5M2I11M2D13M5I19M1I12M6I9M3D9M1I2M3D12M4I15M4D4M1D17M4I6M1I7M
38	293	0.114	2.628E-12	4	368	370	7	369	373	10M2D14M8I7M4I14M1I5M2I6M1I11M1D8M7I3M18I14M1I11M25D6M26D7M1I25M4I13M2D5M2I12M2D12M5I18M1I10M5I4M1I9M4D8M1I2M3D11M5I15M4D4M1D17M4I6M1I6M
44	293	0.112	1.062E-12	10	369	370	2	370	374	13M13I17M3I5M8D9M6D5M1I12M1D7M7I3M18I14M1I12M25D5M26D7M1I25M4I13M2D5M2I12M2D12M5I18M1I13M6I10M4D8M1I2M3D6M2D3M7I15M4D4M1D17M4I6M1I7M
40	290	0.119	1.462E-12	4	369	370	7	370	373	10M2D14M8I10M4I11M1I5M2I6M1I11M1D11M2D6M1D13M3D3M9D3M2D5M5D5M2D11M1I6M2D11M1I25M4I13M2D5M2I12M2D12M5I18M1I13M6I10M4D8M1I2M3D11M5I15M4D4M1D17M4I6M1I7M
8	286	0.117	2.239E-12	1	369	370	0	373	376	21M16I9M11D14M1I5M2I6M1I12M1D10M2D6M1D11M5I3M21D3M4D2M1I5M2D10M1I6M2D11M1I25M4I13M2D5M2I12M2D12M5I19M1I9M3I3M3I8M1D3M5D7M1I2M3D6M2D3M7I15M4D4M1D17M4I6M1I7M
39	276	0.105	4.245E-12	4	368	370	7	369	373	18M16I6M6D17M4D7M8I11M1D8M7I3M18I14M2D4M3I5M25D6M26D7M1I25M4I13M2D5M2I12M2D12M5I18M1I13M6I10M4D8M1I2M3D6M2D3M7I15M4D4M1D17M4I6M1I6M
24	275	0.117	2.923E-12	7	369	370	14	373	377	10M1D11M14I13M1I11M2I6M1I11M1D8M8D11M1D4M11I2M10D3M14D8M2D10M1I6M2D11M1I25M4I13M2D5M2I12M2D12M5I17M2D2M3I7M5I2M1I9M1D3M5D7M1I2M3D6M2D3M7I15M4D4M1D17M4I6M1I7M
45	267	0.117	1.888E-11	1	369	370	0	373	376	21M16I9M11D8M1I11M2I6M1I12M1D10M2D6M1D11M5I3M21D3M4D2M1I5M2D10M1I6M2D11M1I25M4I13M2D5M2I12M2D12M5I19M1I12M6I8M1D3M5D7M1I2M3D6M2D3M7I15M4D4M1D17M4I6M1I7M
0	250	0.101	1.169E-11	0	369	370	0	402	403	19M11D12M6I2M14D13M10D7M5D2M3D7M8I11M10D15M1D8M6I2M2D2M8D3M3D14M1D4M2I12M1D8M1I17M9I15M1D8M2I8M1D13M8I3M13D7M7D5M1I13M6I11M1I9M2D11M5I17M2D12M2I8M4I3M1I7M
51	249	0.093	3.940E-10	4	369	370	6	369	370	20M3D19M5I19M3D2M2I2M3I10M2D10M25I23M1I9M1D9M1I7M3D4M2D6M4I2M5I11M1D7M2I12M1D10M11D3M22D4M4D22M1I4M3I3M1I15M1I11M2D9M5I19M7D19M4I4M1I7M
48	244	0.114	3.018E-10	0	364	370	7	351	353	21M18I7M3D20M4I6M1I11M1D9M2D12M1D8M1D6M15D7M4D14M1I8M1D10M1I17M4I2M5I11M3D7M2I13M1D11M5I19M1I12M6I13M1D5M1I2M3D11M5I16M1D20M3I10M
9	244	0.125	7.158E-11	0	366	370	1	353	354	8M1I9M1I5M14I13M10D13M2D5M7I7M10D9M7I10M1D6M5I3M21D10M3D14M1I16M1I16M9I15M2D5M2I12M1D12M5I18M1I15M6I9M1D10M2D11M5I16M1D20M3I12M
58	241	0.116	3.358E-10	0	364	370	7	351	353	22M2D6M16I14M3I4M6I6M3D11M1D9M2D12M1D8M1D6M15D7M4D14M1I8M1D10M1I17M4I2M5I11M3D7M2I13M1D11M5I19M1I12M6I13M1D5M1I2M3D11M5I16M1D20M3I10M
60	239	0.091	6.036E-10	4	364	370	8	344	346	14M19I9M4D20M5I3M1I13M1D4M24I6M1I14M2D4M3I2M2I2M26D5M24D9M1I16M9I14M1D6M2I13M1D11M5I18M1I15M6I11M1D5M2D14M5I15M1D24M3I7M
10	235	0.102	3.542E-10	13	364	370	31	387	389	15M8I2M4D13M5D2M7D12M6I6M3D11M1D4M25I20M1I17M10D4M30D5M8D17M4I2M5I11M3D7M2I12M1D12M5I19M1I12M6I13M1D5M1I2M3D11M5I16M1D20M3I10M
20	231	0.088	3.736E-10	1	364	370	2	344	346	6M1I15M15I8M4D20M5I3M1I11M10D8M1I11M1D5M5I7M15D3M3D3M1I5M2D9M1I19M1I15M9I15M1D6M2I13M1D11M5I18M1I13M6I13M1D5M2D11M2D1M7I16M1D23M3I7M
56	231	0.119	7.879E-10	78	364	370	107	351	353	10M10D6M3I6M17I2M3D6M4I5M8I8M1D10M1I17M4I2M5I11M3D7M2I13M1D11M5I19M1I12M6I13M1D5M1I2M3D11M5I16M1D20M3I10M
15	230	0.112	3.018E-10	13	364	370	3	338	340	11M15I16M5D19M1I6M10D16M6I12M6D3M8D4M2D10M2D15M1I16M1I16M9I15M1D5M2I11M1D13M5I18M1I8M5I6M1I12M1D5M1I2M3D11M5I16M1D20M3I10M
26	227	0.106	2.862E-10	7	364	370	3	338	340	16M15I8M4D12M3I6M2I8M1I3M10D13M1I10M1D5M11I2M21D9M2D15M1I16M1I16M9I14M1D6M2I12M1D12M5I18M1I15M6I9M1D7M1I2M3D11M5I9M3D5M2I20M3I10M
18	226	0.122	5.144E-10	13	364	370	3	338	340	11M14I17M4D22M1I3M10D13M1I8M5I7M6D3M8D4M2D10M2D15M1I16M1I16M9I15M1D5M2I11M1D13M5I19M1I7M5I6M1I10M1D7M1I2M3D11M5I16M1D20M3I10M
28	224	0.107	2.312E-10	38	364	370	8	338	340	9M5D7M5D23M1I3M10D13M1I10M1D5M11I2M21D9M2D15M1I16M1I16M9I14M1D6M2I12M1D12M5I18M1I15M6I11M1D5M1I2M3D11M5I9M3D5M2I20M3I10M
36	224	0.122	4.624E-10	38	364	370	8	338	340	13M5D4M6D7M1I14M1I5M10D11M1I11M1D5M4D6M4D5M2D10M2D15M1I16M1I16M9I14M1D6M2I12M1D12M5I18M1I8M5I6M1I10M1D7M1I2M3D11M5I16M1D20M3I10M
30	223	0.107	2.713E-10	38	364	370	8	338	340	9M5D7M5D23M1I3M10D13M1I10M1D5M11I2M21D9M2D15M1I16M1I16M9I14M1D6M2I12M1D12M5I18M1I15M6I11M1D5M1I2M3D11M5I9M3D5M2I20M3I10M
2	222	0.117	1.971E-10	0	369	370	0	389	390	11M13D17M4I5M18D14M1D4M4D4M1D7M6I5M3D6M10D14M8D7M3D5M3D2M6I11M2I9M2D16M1D8M1I16M4I3M5I13M1D5M2I11M1D8M9D6M4I4M9I7M1I8M3I3M3I11M1I9M2D11M5I16M1D20M4I6M1I7M
12	221	0.111	6.366E-10	35	364	370	0	338	340	16M10D4M5D6M2D4M6I6M3D6M10D9M7I10M1D7M4D3M10D3M2D10M2D15M1I16M1I16M9I15M1D5M2I11M1D13M5I18M1I8M5I6M1I12M1D5M1I2M3D11M5I16M1D20M3I10M
29	221	0.107	3.358E-10	38	364	370	8	338	340	9M5D7M5D23M1I3M10D13M1I10M1D5M11I2M21D9M2D15M1I16M1I16M9I14M1D6M2I12M1D12M5I18M1I15M6I11M1D5M1I2M3D11M5I9M3D5M2I20M3I10M
47	221	0.114	2.312E-10	38	364	370	8	338	340	9M14D12M2I4M6I6M3D4M10D13M1I11M1D4M5D6M4D7M1D9M2D15M1I16M1I16M9I14M1D6M2I12M1D12M5I18M1I8M5I6M1I12M1D5M1I2M3D11M5I9M3D5M2I20M3I10M
50	221	0.119	8.310E-10	13	364	370	3	338	340	11M15I16M5D22M1I3M10D11M7I10M1D6M6D3M8D4M2D10M2D15M1I16M1I16M9I15M1D5M2I11M1D13M5I18M1I8M5I6M1I10M1D7M1I2M3D11M5I16M1D20M3I10M
21	221	0.111	2.713E-10	12	364	370	2	345	347	11M15I13M5D20M3D6M3D4M10D13M1I11M1D4M5D6M4D6M1I9M4D15M1I16M1I16M7I2M2I12M1D6M2I11M1D13M5I18M1I8M5I6M1I12M1D5M1I2M3D11M5I16M1D20M3I10M
42	220	0.125	8.765E-10	4	364	370	5	346	348	7M1I11M14I8M4D14M6D5M12I12M1D9M2D12M1D8M1D6M4D4M10D8M3D12M1I3M1I3M2D8M1I17M4I4M5I8M3D8M2D3M4I6M1D13M5I19M1I12M6I11M1D7M1I2M3D10M5I16M1D18M2I4M2I4M1D4M
17	218	0.113	1.343E-09	7	364	370	1	339	341	16M15I8M7D12M3I6M2I8M1I3M10D13M1I11M1D5M4D6M4D5M2D10M2D15M1I16M1I18M9I12M1D6M2I11M1D13M5I19M1I14M6I9M1D7M1I2M3D11M5I16M1D20M3I10M
31	216	0.107	5.722E-10	38	364	370	8	338	340	9M5D7M5D23M1I3M10D13M1I10M1D5M11I2M21D9M2D15M1I16M1I16M9I14M1D6M2I12M1D12M5I18M1I15M6I9M1D7M1I2M3D11M5I9M3D5M2I20M3I10M
37	216	0.105	4.156E-10	7	364	370	3	338	340	16M15I8M4D12M3I4M6I6M3D4M10D13M1I11M1D4M5D6M4D7M1D9M2D15M1I16M1I16M9I14M1D6M2I12M1D12M5I18M1I8M5I6M1I10M1D7M1I2M3D11M5I6M1D3M2D5M2I20M3I10M
1	215	0.101	3.150E-09	3	364	370	4	345	347	18M18I7M4D12M2D8M7I3M1I11M1D9M2D12M1D8M1D6M15D10M4D11M1I8M1D10M1I17M4I2M5I10M2D3M1D5M2I13M1D11M5I19M1I12M6I13M1D5M1I2M3D11M5I16M1D20M3I10M
22	215	0.100	1.207E-09	12	369	370	14	355	365	12M5I13M6D12M4I4M1D5M4I3M3I11M1D7M7I3M18I14M2D4M3I11M1D7M1I9M1D2M2I5M8I16M1D5M2I11M1D11M5I20M1I10M5I2M1I12M1I6M3D11M19D7M19D10M1D2M1D4M2D21M4I6M1I7M
34	215	0.114	8.310E-10	13	364	370	31	387	389	15M8I2M4D9M5D6M7D12M6I6M3D10M10D5M7I10M1D8M1D6M15D10M4D11M1I8M1D10M1I17M4I2M5I11M3D7M2I13M1D11M5I19M1I12M6I11M1D7M1I2M3D11M5I16M1D20M3I10M
49	214	0.119	8.310E-10	38	364	370	8	338	340	13M5D3M7D13M2I8M1I5M10D11M1I8M5I7M6D3M8D4M2D10M2D15M1I16M1I16M9I14M1D6M2I12M1D12M5I18M1I15M6I9M1D7M1I2M3D11M5I6M1D3M2D5M2I20M3I10M
54	214	0.114	1.085E-09	13	364	370	31	387	389	15M8I7M8D11M6D22M1I3M42D8M10D6M3I6M7I5M7I6M4I5M8I8M1D10M1I17M4I2M5I11M3D7M2I12M1D12M5I19M1I12M6I11M1D7M1I2M3D10M5I16M1D21M3I10M
19	213	0.112	1.273E-09	38	364	370	8	338	340	9M5D8M5D22M1I3M10D30M4D6M4D5M2D10M2D15M1I16M1I16M9I15M1D5M2I11M1D13M5I18M1I8M5I6M1I10M1D7M1I2M3D11M5I16M1D20M3I10M
25	213	0.119	1.085E-09	37	364	370	7	338	340	14M5D3M7D13M2I8M1I3M10D13M1I8M5I7M6D3M8D4M2D10M2D15M1I16M1I16M9I14M1D6M2I12M1D12M5I18M1I15M6I9M1D7M1I2M3D11M5I9M3D5M2I20M3I10M
46	212	0.114	7.082E-10	8	364	370	2	339	341	14M16I9M7D9M11D7M1D3M5I3M1D6M3I9M7I10M1D6M6D3M8D4M2D10M2D15M1I16M1I16M9I14M1D6M2I11M1D13M5I18M1I15M6I11M1D5M1I2M3D11M5I16M1D20M3I10M
57	211	0.094	2.057E-09	24	369	370	0	359	378	14M1D11M5I7M9D2M3D4M4D11M6D10M1D10M25I19M1I12M1D7M1I9M1D1M2I5M8I15M1D10M2I8M1D11M11D3M22D3M1D5M3D8M1D10M1I6M5I15M2I5M1I2M4D9M5I10M5D7M2D19M2I3M2I5M1I7M
55	210	0.108	1.085E-09	7	364	370	3	338	340	16M15I8M4D12M3I4M6I6M3D4M10D13M1I11M1D4M5D6M4D7M1D9M2D15M1I16M1I16M9I14M1D6M2I12M1D12M5I18M1I8M5I6M1I10M1D7M1I2M3D11M5I10M3D4M2I20M3I10M
35	210	0.124	4.337E-09	77	364	370	101	346	348	11M10D6M3I6M17I3M3D4M5I6M7I6M3D2M2I8M1I17M4I2M5I11M3D7M2I12M1D12M5I19M1I14M6I11M1D5M1I2M3D10M5I17M1D20M3I10M
11	209	0.113	1.343E-09	38	364	370	8	338	340	9M5D8M5D6M2D4M6I6M3D4M10D30M4D6M4D5M2D10M2D15M1I16M1I15M4I5M5I11M1D5M2I11M1D13M5I18M1I8M5I6M1I12M1D5M1I2M3D11M5I16M1D20M3I10M
41	209	0.117	2.987E-09	8	364	370	2	339	341	14M18I15M6D7M1I14M1I3M10D11M7I10M1D6M6D3M8D4M2D10M2D15M1I16M1I16M9I14M1D6M2I12M1D12M5I18M1I8M5I6M1I12M1D5M1I2M3D11M5I16M1D20M3I10M
27	205	0.117	2.413E-09	38	364	370	8	338	340	9M5D8M5D22M1I3M10D13M1I8M5I7M6D3M8D4M2D10M2D15M1I16M1I15M4I5M5I12M1D4M2I12M1D7M1D4M6I18M1I8M5I6M1I10M1D7M1I2M3D11M5I16M1D20M3I10M
32	204	0.110	4.112E-09	7	364	370	3	338	340	16M15I8M4D12M3I6M2I8M1I3M10D16M6I12M6D3M8D4M2D10M2D15M1I16M1I15M4I5M5I12M1D4M2I12M1D7M1D4M6I18M1I8M5I6M1I10M1D7M1I2M3D11M5I16M1D20M3I10M
13	203	0.109	4.337E-09	7	364	370	3	338	340	16M15I8M4D12M3I6M2I8M1I3M10D13M1I11M1D5M4D6M4D5M2D10M2D15M1I16M1I15M4I5M5I12M1D4M2I12M1D7M1D4M6I18M1I8M5I6M1I10M1D7M1I2M3D11M5I16M1D20M3I10M
14	202	0.131	2.169E-09	38	364	370	8	338	340	13M5D3M7D13M2I8M1I3M10D13M1I8M5I7M6D3M8D4M2D10M2D15M1I16M1I16M9I14M1D6M2I12M1D12M5I18M1I12M4D2M10I6M1D7M1I2M3D11M5I6M1D3M2D5M2I20M3I10M
33	202	0.115	2.545E-09	38	364	370	8	338	340	9M5D8M5D6M2D4M6I6M3D4M10D13M1I11M1D5M4D6M4D5M2D10M2D15M1I16M1I15M4I5M5I12M1D4M2I12M1D7M1D4M6I18M1I8M5I6M1I10M1D7M1I2M3D11M5I16M1D20M3I10M
59	197	0.107	7.391E-09	38	364	370	8	338	340	9M5D8M5D22M1I3M10D16M6I13M4D3M10D3M2D10M2D15M1I16M1I16M4I4M5I10M1D6M2I11M1D13M5I19M1I7M5I6M1I10M1D7M1I2M3D11M5I16M1D20M3I10M
61	189	0.108	3.287E-08	38	365	370	13	355	369	14M3D5M5D14M3D4M3D12M1D7M7I3M20I2M4D5M3I11M3D20M1I11M5I28M1D6M12D1M3D17M5I32M4I7M1I1M1I5M1I11M1D7M29D17M2D2M1I15M2I6M4I10M
52	186	0.107	1.559E-08	15	369	370	18	356	375	10M1D7M5D3M3D8M8I3M3I10M4I3M3I11M1D10M25I14M2D8M3I7M1D7M1I9M1D1M2I5M8I15M1D10M2I8M1D11M5I19M2D3M3I7M6I13M1I6M1I2M4D8M19D8M19D8M2D8M1I2M3D15M2I3M2I5M1I7M
53	176	0.086	6.573E-08	1	369	370	0	397	406	21M10I16M6I3M1D10M9I11M9D13M11D16M19D1M6D6M11D14M6D4M4I5M3D4M1I7M1I13M4D4M8I14M2D11M2I9M1D11M6I11M1D7M1I11M5I14M1I7M3D13M5I9M14D7M1D12M2D3M3I5M2I5M1I7M
16	165	0.097	2.656E-08	4	364	370	5	394	400	18M16I8M12D9M2D3M2D10M8I12M1D4M25I20M2D4M3I11M1D8M1I7M9I11M5D24M2I7M1D7M5I12M6D11M23D2M18D10M6I9M25D3M11D8M1I2M3D8M2I4M3I15M1D20M3I10M
6	165	0.115	1.181E-07	8	365	370	32	402	407	15M1I3M11D5M8I13M8D12M8I3M1I10M1I7M6I3M3D9M3D7M9D3M12D12M2D2M1D4M2I12M1D9M1I6M1I4M17D5M6I8M5I5M2D5M2I12M1D11M5I4M1I14M1I11M2I5M1I11M1I7M3D13M5I10M1D6M1D15M3I6M1I9M
3	159	0.089	1.542E-07	56	369	370	85	404	407	8M5I3M2D4M1I8M8D25M3D3M3I7M12D12M2D2M1D4M2I12M1D9M1I6M7D5M9D5M6I8M5I5M2D5M2I13M1D10M5I4M1I14M1I11M2I5M1I11M1I7M3D13M5I10M1D5M1D16M3I5M2I5M1I7M
5	151	0.108	2.628E-07	59	365	370	87	401	406	5M5I3M2D4M1I10M1I7M6I3M3D9M3D7M9D3M12D12M2D2M1D4M2I12M1D9M1I6M1I4M17D5M6I8M5I5M2D5M2I12M1D11M5I4M1I14M1I11M2I5M1I11M1I7M3D13M5I7M2I6M4D16M3I6M1I9M
4	151	0.105	1.120E-07	76	353	370	3	305	407	11M6D22M3I5M1I6M6D8M12D2M1I12M12D7M1I8M1I9M1I7M5I4M4I6M3D5M1D18M1D7M2D1M5I23M1I21M10D9M1I8M1D12M5I38M
7	144	0.095	2.924E-07	56	365	370	85	402	407	8M5I3M2D4M1I8M8D25M3D3M3I7M12D12M2D2M1D4M2I12M1D9M1I6M7D5M9D5M6I8M5I5M2D5M2I13M1D10M5I4M1I14M1I11M2I6M2I2M1D7M1I7M3D13M5I6M2I7M4D16M3I6M1I9M
43	122	0.079	1.372E-06	38	369	370	5	401	410	4M2D5M6D6M4I10M9I10M5D2M2D3M4D3M22I6M1I3M18D8M3D2M2D12M5D7M2D7M1I7M4D4M4D2M2D5M1D8M10I6M2D4M6I2M4D9M8D5M5I13M1D10M1I12M3I11M1D3M2I7M3D13M5I11M1D4M1D16M10D7M7D3M5D4M3D2M28D7M
 