22	7982	1.00	0.000E+00	0	871	872	0	871	872	872M
24	5938	0.932	0.000E+00	0	871	872	0	870	871	547M1I324M
23	5654	0.916	0.000E+00	0	871	872	0	870	871	109M1I762M
15	5347	0.919	0.000E+00	0	869	872	1	870	871	870M
27	5252	0.646	0.000E+00	0	871	872	2	871	955	27M1D166M1D155M1D159M11D34M6D5M22I304M
25	5136	0.658	0.000E+00	0	871	872	0	878	963	4M1I188M1D22M2D294M4D2M3D30M2D16M1I3M3I308M
38	5043	0.644	0.000E+00	0	871	872	2	870	955	27M1D166M1D314M11D31M6D8M22I304M
26	4992	0.647	0.000E+00	0	871	872	3	872	956	27M1D166M1D155M1D159M11D31M6D8M22I304M
28	4891	0.655	0.000E+00	0	871	872	2	871	955	27M1D166M1D151M1D162M11D32M6D8M22I304M
29	4679	0.660	0.000E+00	5	871	872	4	878	964	188M1D22M2D294M4D3M3D29M2D16M1I3M3I308M
32	4571	0.666	0.000E+00	5	871	872	4	878	961	188M1D22M2D292M7D19M1D18M1D13M1I3M3I308M
36	4547	0.649	0.000E+00	0	871	872	2	870	954	27M1D166M1D312M1D13M10D23M6D5M22I304M
16	4329	0.632	0.000E+00	0	870	872	2	876	955	110M3D234M3D70M3I5M1I114M2D334M
37	3725	0.554	0.000E+00	0	871	872	0	871	957	109M3D3M1D21M4I56M1D21M1D30M2D101M2I107M1I64M12D4M12I10M2I13M4D1M5I185M2D121M
41	371	0.126	1.756E-22	7	866	872	19	782	788	5M4D20M1D9M4D7M6I8M4I14M1D9M4I8M2I2M17I8M3D19M2I9M3I2M3D2M1D8M16I5M2D4M3D1M6I9M6D3M14I10M7I2M3I11M16I11M6I9M3I5M15D3M8I6M9D1M8D8M6I14M8D3M1I2M4I5M16I19M43I10M10D10M6I3M1I4M4D4M9I5M10D13M2D55M12I7M12D4M5I19M3I11M1I52M4D28M2D3M1D27M3I3M4D6M1I40M5D14M6D15M1D3M3D35M
50	369	0.144	3.978E-23	6	864	872	37	808	816	9M4D15M1D11M4D7M6I8M4I20M4I11M2I2M12I3M1D6M4I8M3I6M2D2M1I15M3D2M1D8M6I5M1D1M6I5M9I9M12I5M2D11M7I8M2D7M1D5M3I7M2D7M1D8M7D6M2D3M3D7M4I5M10I5M1I5M1D7M5I3M7D2M1I7M5I5M2D2M9I3M9I15M44I6M10D10M4I3M1I6M2D4M9I5M13D21M2D18M1D10M2D27M12D7M4I4M5I19M3I11M1I54M1D26M2D3M1D27M1D12M2I39M2D4M3D8M1D7M2D5M7D41M
51	352	0.138	2.384E-23	4	864	872	28	857	863	5M2I10M1D4M8D5M1D4M1D2M3D5M3D6M3I2M1I9M4I14M5I10M1D8M14I8M5I7M3I9M1I17M1D7M6I5M10I4M8I4M6I3M14I9M5I13M1I4M1I1M4I6M3D2M1I15M2D6M3D5M1D12M14I5M13D16M6I2M10D5M1D5M13I5M2I6M1I2M1D17M2I1M13D6M5I6M6D4M1I3M6I14M42D5M1I2M18D5M9I8M1I1M4I2M3D56M8I3M4D8M4I7M11I15M2I7M2I9M1I50M1I9M3D20M2D3M1D45M1I34M2D6M1D2M1D12M2D4M3D5M4D36M
13	349	0.138	6.987E-23	25	863	872	54	853	860	5M1D4M1D2M3D5M3D6M2I4M2I8M3I13M6I6M1D12M14I7M8I5M4I6M2D5M1I14M1D7M12I3M4I6M15I5M14I10M7I7M11I2M5I9M12D8M3D4M1D16M4I1M6I3M3I7M1I12M4I3M4D4M11D3M4D1M7D10M13I3M2I6M1D2M1I18M1I3M13D4M6I2M1D5M2D5M3I17M43D4M3I5M8D2M2D9I7M8I11M9D30M3I29M6D3M4I7M11I15M2I7M2I9M1I50M1I7M3D22M2D3M1D45M1I34M2D7M2I6M4D4M2D5M3D5M4D35M
21	348	0.132	2.269E-22	2	864	872	14	836	842	10M1D3M2D7M4I5M1I7M3D2M3D6M4I12M3I13M6I10M1D8M14I7M8I13M3I19M1D7M29I12M1I4M14I10M3I2M1D2M22I2M1D9M3D3M7D12M5D1M3D6M1I7M5D39M7D2M6I13M13I3M2I6M1I3M2D17M14D4M9I5M1D3M4D5M4I7M2I8M42D5M1I2M20D3M25I18M5D33M1D26M3D11M11I15M2I7M2I9M1I59M2D21M2D3M1D45M1I34M2D7M2I7M4D3M2D5M3D5M4D36M
44	348	0.134	5.139E-23	15	864	872	23	857	863	8M4D4M19D3M1D4M1D2M3D5M3D6M3I2M1I10M3I13M6I6M1D12M14I7M8I5M4I11M1D15M1D7M3I1M15I8M6I4M4I5M16I7M12I3M12I5M1D9M3D4M1D5M9D3M2D6M3D5M1D8M17I4M1I12M4I3M6D6M19D6M1D5M7D9M1I7M16D10M4D2M21D8M1D9M2I2M11D5M4I2M2D4M2I1M8D4M6I2M7D7M14I4M9I9M1I2M5I67M4D8M4I7M11I15M2I7M2I9M1I50M1I7M3D22M2D3M1D45M1I33M3D19M6D11M4D36M
53	348	0.145	1.292E-22	5	860	872	30	858	866	3M1I12M1D3M8D5M1D5M1D5M3D2M3D6M3I2M1I10M4I13M5I6M1D11M12I5M2I7M5I2M7I10M1D15M1D7M12I3M4I6M8I4M4I5M16I7M5I13M1I4M1I1M4I3M9I2M4D2M2D11M6D3M3D4M1D10M3D24M4I10M6I2M10D6M1D5M11I7M4I2M1I3M1D18M15D4M9I6M6D4M8I7M1D8M51D4M3I2M13D3M18I3M4D3M5I57M1I28M7I23M3I11M1I57M2D23M2D3M1D45M1I34M2D7M2I6M4D3M2D6M3D5M4D32M
52	346	0.126	9.043E-22	0	860	872	24	777	791	12M1D11M10D7M3D5M3D6M3D7M6I9M3I16M2I7M2I8M12I1M5I12M1I5M1I11M1I17M1D8M16I8M1D3M4D5M1D4M6I2M14I8M25I3M5D2M5I8M1D9M6I3M2I4M3D2M25D9M2I4M5I12M1D19M1I6M4I2M6D4M3I11M2I3M3I6M25I9M18I6M4I4M9I1M3I8M4I2M7I10M3D40M5D18M1D5M10D11M4I4M5I15M4I14M1I53M1D28M2D2M1D27M1I11M1I40M5D11M1D7M5D11M4D32M
11	345	0.124	1.360E-22	0	860	872	0	827	838	3M1I5M2I10M1D4M8D4M1D5M1D4M3D3M3D10M4I7M1I4M2I9M6I10M1D9M14I7M9I5M3I6M2D5M1I14M1D7M1D11M31I4M14I9M5I13M1I4M14D8M1D6M3D6M28I10M5I7M1I19M10D7M6D3M10D3M6D5M8D2M1I5M1I5M32D7M9D14M20D4M5D6M2I2M11D7M2I6M15I6M15I3M17I1M8I11M8D29M7I26M3I11M11I15M2I7M2I9M1I52M1D3M1D25M2D3M1D45M1I34M2D7M14D11M7I4M4D32M
3	341	0.133	3.985E-22	14	864	872	0	836	841	9M5D6M18D5M1D5M3D2M3D6M3I2M1I10M4I8M1I8M4I3M1D12M14I9M12I7M2I2M1I17M1D7M1D3M6I3M8I5M17I4M14I9M5I7M13I3M5I7M3D5M1D5M10D3M1D14M6I3M4I3M3I7M1I12M4I3M6D7M5D13M2I3M5D3M1I5M2I6M1I3M2D16M15D1M3I3M7I6M6D4M1I3M6I14M43D9M20D3M11I7M11I6M4D16M2D22M1I14M4I13M4D4M2I2M4I3M2I16M2I7M2I9M1I59M2D21M2D3M1D45M1I34M2D6M1D8M1D5M2D5M3D5M4D36M
45	340	0.122	2.785E-22	15	860	872	0	815	823	8M4D4M19D3M1D7M4D4M3D10M4I11M3I10M6I6M1D12M14I11M13I6M2D5M1I14M1D7M29I12M1I4M14I9M5I14M9I4M6I5M13I11M1D2M8D2M3I4M3I5M9D7M1I12M4I3M6D6M21D2M1D10M13I3M2I6M1I2M1D18M1I3M12D5M4I8M13I8M2D13M20D2M12I5M1D2M21D3M10D9M2D53M4I9M2D6M4I7M11I15M2I7M2I9M1I50M1I7M3D22M2D3M1D25M2D17M3I34M3D9M1D11M2D5M3D5M4D32M
9	339	0.124	4.647E-22	1	866	872	36	870	874	10M1D4M2D7M4I5M1I6M6D3M3D6M3I2M1I13M3I10M3I6M5I2M2D8M14I10M5I5M3D16M1D14M1D7M12I3M4I6M9I4M5I2M14I13M1I14M1I3M7I3M6I6M2D5M10D4M1D16M4I1M6I3M3I7M1I12M4I3M6D3M5D9M17D5M13I4M2I6M1I3M2D17M14D4M9I5M1D3M2D3M2D3M10I3M14I5M5I6M71D4M1I4M5I5M6D48M10I13M4I7M11I15M2I7M2I9M1I58M2D22M2D3M1D45M1I34M2D7M1D1M1D12M3D5M2D4M4D38M
49	338	0.128	1.672E-21	13	860	872	52	794	808	10M3I11M9D3M3I5M6I8M4I4M1D18M5I3M1D5M2D6M15I12M5D6M1I4M1D1M1D3M2I12M1D4M1D7M1I5M5D7M2I6M18I6M14I10M9I3M12I4M2D5M6I4M2D2M8D6M9D4M5D3M7I4M4D7M2I6M4I5M1I5M6I8M7D3M1I5M1I3M4I6M11I3M7I9M22I9M20I5M7D10M6I3M1I7M2I2M1I12M2I30M5D20M5D15M7I11M12D4M5I15M4I14M1I58M1D23M3D27M2D7M2I5M1I40M5D11M2I3M7D6M6D4M1I34M
42	337	0.133	4.901E-21	13	866	872	40	794	800	10M7I11M4D7M6I11M4I8M1D12M4I8M2I2M17I16M3I6M2D2M2I16M1D8M16I4M2D5M3D1M6I9M12I5M4D8M9I4M12I5M4I4M1D5M1D3M1D4M11I8M1D6M15D3M14D10M5I14M6I8M8D5M11D5M1I3M11I3M1I15M25I4M18I4M8I10M8I5M5D5M9I5M12D8M2D69M6D8M1D6M5I19M3I11M1I52M1D6M3D19M1D6M2D33M1D6M1I49M2D9M9D11M4D38M
43	334	0.142	3.604E-21	21	864	872	36	784	792	2M3I11M8D4M3D7M6I8M3I17M3I3M1D3M2I9M17I12M6I12M2I2M1I9M1D4M1D8M6I4M1D2M8D8M2I6M4I6M2D2M3I2M3D9M6I1M3D2M4D2M10I8M2I3M4I2M1D4M3I3M12I11M5D8M6I5M8I7M1I5M1D7M3I3M3D5M1I6M21I22M43I12M6D4M2D6M6I3M1I8M4I2M7I9M6D19M2D9M13D2M11D15M1D19M6D11M4I4M5I13M4I16M1I53M3D4M4D26M3D27M1I11M1I40M5D11M1D7M5D11M4D36M
1	332	0.131	4.203E-21	2	860	872	36	831	843	10M1D3M2D8M4I4M1I5M3D4M3D6M3I2M1I10M3I11M2I5M4I7M1D8M14I7M6I5M6I6M1D20M1D7M12I3M4I3M12I12M16I7M5I7M13I3M5I8M11D7M3D5M2D14M6I3M4I3M3I7M1I12M4I3M6D4M9D3M10D1M1D10M13I3M2I6M1I2M1D14M7I6M4I1M17D4M1D3M13I6M2D15M70D3M27I9M1D46M8I8M4I11M11I19M5I11M1I57M2D23M2D3M1D34M1I7M1I37M2D7M2I6M4D4M2D5M3D5M4D32M
7	332	0.132	3.253E-21	0	860	872	21	843	851	4M2D5M2I10M1D4M8D4M1D6M3D6M3D10M6I5M1D3M3I5M2I10M3I3M1D12M14I7M7I4M6I8M1I17M1D7M6I5M11I5M7I2M4I4M16I4M1D5M5I14M10I3M2I3M1I2M5D8M3D5M1D7M3D3M1D5M1I4M4D24M6I4M2D4M6I3M6D4M5D7M13I3M2I27M19D13I6M1D3M4D5M13I3M3I4M1D5M70D3M17I2M8I10M5D46M3I13M4D3M4I7M11I15M2I5M2I11M1I57M2D23M2D3M1D45M1I34M2D7M2I9M6D6M3D3M1D4M3D30M
47	328	0.128	1.294E-21	16	860	872	0	829	839	7M6D9M18D4M3D5M3D6M3I2M1I10M4I8M1I8M4I3M1D12M14I8M16I12M1D14M1D7M29I12M1I4M14I9M6I2M1I2M7I2M10I2M1D9M4D3M6D12M8D2M1D13M5D26M3I5M1I5M6I2M4D2M7D9M8I1M5I3M2I30M13D3M7I6M6D4M8I10M1D5M66D10M14I7M4D38M10I25M4D6M9I7M4I3M2I16M2I7M2I9M1I52M2D28M2D3M1D42M1I37M2D6M1D2M1D11M2D5M3D5M4D32M
2	328	0.128	2.160E-21	1	863	872	23	840	847	3M1I4M2I10M1D3M8D6M5D11M3D6M3I2M1I12M3I12M3D7M8I8M14I7M8I13M2I5M1I14M1D7M6I6M7I6M17I4M14I9M5I4M9I2M4I4M5I8M3D3M2D4M7D7M7D3M1D5M1I9M7D10M4I12M3I5M1D4M6I3M4D1M7D10M13I3M2I6M1D21M14D4M9I6M6D4M1I3M13I3M3I4M1D5M70D3M17I1M8I11M10D9M2I32M8I7M1I6M4I7M11I15M2I7M2I9M1I52M1I27M2D3M1D42M1I37M2D6M1D7M1D5M2D6M3D5M4D35M
10	325	0.148	5.158E-21	6	871	872	16	840	841	5M1D4M2D7M4I7M1I5M7D2M3D5M2D3M6I7M1I17M6I5M2I2M3D8M14I12M12I6M2D2M1I17M1D7M29I2M2I3M2D6M2D3M14I5M3D6M8I3M1D16M8I13M4D4M1D16M4I1M6I1M3I9M1I12M4I3M6D6M5D8M1D14M1I5M2I27M15D6M9I7M5D3M5I3M4I7M3I8M65D3M27I9M6D37M2I7M8I2M1D10M4I7M11I17M4I11M1D6M11D55M1D23M2D3M1D45M1I32M9D3M4I9M6D15M4D31M3I9M
34	325	0.129	5.158E-21	26	863	872	62	876	885	5M3I3M4D9M3I13M4I20M9I8M14I10M11I11M1I24M29I2M2I1M8D3M4I4M8I2M10I5M3I11M1I7M11I9M4D2M3D11M6D2M1I11M1D3M5D6M3I9M3D6M4D3M5D5M3D6M12I7M8I1M5I3M5I10M7D9M6I3M16D4M2D5I5M3D9M8I11M1D7M15D4M11D3M9I4M5D4M24D2M9D1M3I15M3D58M4I3M10D8M11I17M4I14M1I58M3D23M2D2M1D27M1D6M2I45M5D15M6D14M4D31M3D4M
46	324	0.134	3.993E-21	0	860	872	35	838	850	5M1I5M1D4M2D7M4I5M1I7M3D2M3D5M3I3M1I10M4I12M5I10M1D10M14I9M6I2M6I4M1D1M1D3M1I17M1D7M29I2M2I2M14I6M1I12M5I11M16I11M10D14M5D11M8I6M5I7M1I12M4I3M6D8M21D10M11I6M4I3M1I2M1D19M16D3M9I6M6D4M8I15M51D4M5I3M11I4M11D7M5I25M1D31M9I10M4I7M11I17M5I13M1I58M2D22M2D3M1D45M1I34M2D7M2I6M4D4M2D5M3D5M4D32M
48	324	0.133	1.002E-21	13	864	872	23	867	872	10M5D7M15D4M4D5M3D2M3D8M4I10M4I8M1I8M4I6M1D9M14I7M8I13M2I5M1I14M1D7M6I6M7I6M17I4M14I10M5I8M18I9M3I6M6I3M2I5M2I4M10D6M3I6M9D6M1I12M3I4M5D6M19D2M1D10M13I3M2I6M1I2M1D18M15D4M9I6M6D4M1I3M6I13M3I4M7D2M55D3M17I1M8I9M8D7M4D10M2D41M7D9M4I7M11I15M2I7M2I9M1I50M1I7M3D22M2D3M1D45M1I33M7D3M4I2M1D10M2D6M3D5M4D36M
40	322	0.137	7.770E-21	25	864	872	51	864	867	5M1D4M1D5M3D2M3D7M4I11M4I14M3D4M8I10M14I7M3I4M7I11M1I17M1D7M29I2M5D6M4I6M18I5M4I8M17I1M1D10M3D4M1D5M9D3M2D16M4I1M9I10M1I12M4I3M4D4M1D4M5D5M3D3M3D3M2I2M3D3M1I8M4I3M1D12M3D4M8I5M17D6I7M2D6M5I14M3D5M40D6M5D2M12I1M9D4M8I18M10D4M1D23M3D23M4D14M15I20M5I11M1I50M1I6M3D23M2D3M1D45M1I34M2D7M1D1M1D12M2D4M3D5M4D31M5D5M
5	317	0.136	5.715E-21	14	860	872	18	842	854	9M5D7M1D2M18D7M3D2M3D6M3I2M1I13M3I10M6I9M1D9M14I12M12I6M2D2M1I17M1D7M29I12M1I4M14I10M7I3M7I2M10I1M1D10M3D4M1D5M9I6M11D8M1D8M5I7M1I12M4I3M6D8M21D10M11I6M4I2M1I3M1D17M2I5M13D3M4I6M6D4M8I15M11D4M10D3M22D6M16I2M2I1M5I4M10D10M2D10M4D15M5I20M1I14M3D9M7I19M5I13M1I50M1I7M3D22M2D3M1D45M1I34M2D6M1D2M1D12M2D4M3D5M4D32M
35	316	0.133	2.164E-20	26	863	872	64	877	882	8M1D12M1I8M2I8M4I17M9I8M14I10M3I4M8I7M1I24M29I2M2I1M8D3M4I4M8I2M10I2M3D3M6I8M1I7M3D5M6I1M1D16M2D4M2D4M3I8M1D3M5D6M3I9M3D6M4I11M4I2M2D4M3D1M3D7M8I1M5I3M5I10M4D10M6I5M5D2M15D4I5M4D5M1I3M8I12M19D2M19D1M4I3M6D3M22D10I3M5I2M11D5I13M3D37M1D28M6D8M11I17M4I14M1I58M3D23M2D2M1D27M1D6M2I45M5D20M4D6M2D3M1D3M3D28M3D4M
54	315	0.126	9.537E-21	2	860	872	33	850	863	10M1D3M2D7M4I5M1I5M4D4M3D7M4I11M3I12M6I10M1D9M14I14M10I12M1D14M1D7M12I3M4I6M12I8M8I2M8I7M5I12M1I4M2I3M12I4M8D12M5D4M3D3M1I7M15I7M1I12M4I3M6D4M8D3M9D5M2D6M13I3M2I27M13D8M6I7M13I2M11I3M5D2M1I6M5I8M71D5M1I2M4I4M12D4M1I51M8I8M4I7M11I15M2I4M3I11M1I53M2D27M2D3M1D42M1I37M2D7M14D5M1D8M4I37M
6	315	0.139	1.297E-20	27	860	872	33	859	867	14M3D7M2I3M1I12M3I16M8I2M3D8M14I10M10I15M1I7M2D7M1I6M29I4M2D12M14I11M4I10M1I7M11I1M1D4M2I6M9I9M1I7M13D2M5D4M3I8M3D5M13D8M4D10M3I4M9D10M8I1M5I3M2I5M2I2M2D8M1D6M6I5M7D1M24I9M5I14M5I7M7I8M34D2M6D10M59D32M4D9M4D19M8I5M4I3M2I18M4I14M1I50M1I10M3D19M2D3M1D33M1I6M1I36M1I4M6D6M4D6M2D15M4D32M
4	313	0.141	1.170E-20	15	860	872	23	856	867	8M5D7M1D2M18D7M3D2M3D5M1I3M3I10M3I13M6I9M1D9M14I12M12I6M1D20M1D7M1D2M8I1M9I5M8I4M6I2M14I11M4I13M1I4M11I1M3I5M8D6M3D4M1D8M3D2M1I5M1D4M4D24M3I2M4D8M7D1M6I12M11I8M4I15M4D4M6I6M7D2M6D4I6M6D4M8I15M10D1M6I3M34D4M9I4M5I7M14D14M2D10M4D43M6D8M4I7M11I19M5I11M1I58M2D21M3I1M6D45M1I34M2D7M2I6M4D4M2D5M3D5M4D32M
12	309	0.130	6.343E-20	27	860	872	35	867	881	12M1D7M3I13M2I23M5I9M2I2M12I7M9I12M3I15M1D4M1D7M6I3M10I5M10I8M1D7M11I9M8I10M1I4M5D7M4I3M3I9M3D4M2D5M9I14M5I11M8D4M12I3M1I4M5D4M13D5M14I3M7I8M1D3M5D7M17I1M18D3M3D8M13I3M3D4M56D3M12D5M33D5M14I2M1I5M4I16M27I29M17D14M5D9M6D1I19M2I5M2I6M1I55M3D31M3D39M1I37M1I14M7D6M4D9M1D5M3D29M
18	307	0.130	2.523E-20	4	864	872	32	825	827	7M1I8M11I8M2I6M4I11M1I24M5I11M14I11M10I13M1I15M1D7M29I13M1I2M14I5M1D6M5I12M1I3M7I3M6I6M6D5M2D7M8D15M15I7M1I12M3I6M5D3M9D2M9D7M2D9M3D3M3I5M13I13M12D7M10I2M1D5M5D2M6I9M1I7M3I8M15D3M8I2M44D6M9I4M8D37M5I8M4I5M1I11M4I7M11I15M3I4M2I11M1I57M1I3M2D19M2D3M1D42M1I35M4D17M14D6M7I4M3D33M
8	306	0.118	4.910E-20	1	860	872	13	816	828	11M1D3M2D7M4I5M1I6M3D3M3D6M4I11M3I14M6I10M1D8M14I7M7I5M5I12M1D14M1D7M12I3M4I6M8I4M6I3M14I9M5I13M1I3M7I2M7I7M1D5M9D3M2D14M6I3M4I3M3I7M1I12M4I3M6D4M5D2M15D6M1D6M13I3M2I6M1I2M1D18M15D4M9I3M1D5M4D6M10I4M5I9M70D4M9I9M6I4M4D14M2I16M9I14M8I10M4I7M11I15M2I7M2I9M1I58M2D23M2D2M1D31M1D11M1I37M2D6M1D2M1D10M2D6M3D5M4D32M
0	303	0.131	7.785E-20	25	866	872	53	846	848	5M1D11M3D5M4I12M1I15M6I11M1D8M14I13M12I10M1D15M1D7M1D2M5I5M7I5M5I2M12I3M14I9M4I5M9I2M10I2M1D14M10I6M2D3M15D8M3D5M7I8M1I11M19D6M6I3M8D11M13I3M2I27M15D5M9I8M4D5M13I3M12I4M5I5M48D5M1I2M1I1M14D16M5D3M3D26M2I15M5I20M15I16M3I4M2I11M1I50M1I9M2D20M2D3M1D45M1I32M4D12M1D8M6D10M4D39M
20	300	0.130	6.343E-20	13	864	872	18	849	853	10M4D7M1D2M18D7M4D2M3D5M2D3M6I7M1I24M5I10M14I12M10I11M1I17M1D7M29I13M1I2M14I11M4I9M18I9M3I5M7I16M8D6M3I4M9D8M1I12M4I3M6D6M19D11M14I4M1I7M2D3M1I13M5I5M9D1M5I1M5D4M5D9M3I3M4I10M43D13M7I5M10D2M9I12M7D17M4D29M8I11M4I7M11I17M5I13M1I53M1I5M2D21M2D3M1D25M2D5M1D9M4I36M5D6M1D12M12D7M3I2M1D36M
19	298	0.133	2.282E-19	14	864	872	0	823	827	9M4D6M18D3M1D9M7D6M4I11M1I24M5I11M14I11M10I11M1I17M1D7M29I13M1I2M14I11M4I9M18I9M3D4M1D5M11D3M2D3M9I6M2D10M5I7M1I12M4I3M6D3M1I10M9D16M1I5M2I3M1D13M2D5M12D8M10I4M5D3M1D2M1I3M13I3M3I10M48D4M15I2M1I3M14D14M11D36M16I13M4I7M11I19M5I11M1I58M1D22M2D3M1D25M2D9M2I6M1I35M5D19M12D6M5I4M3D33M
31	294	0.165	2.976E-14	395	870	872	298	790	828	29M7D8M5D13M1D22M15D5M12D5M4D3M5I9M5I10M2I20M2D5M7I19M3I4M2D8M18I6M2D17M3I15M1D45M1I23M1D30M3D24M4I34M1I7M2I7M1D8M2D32M2D3M8D14M
17	290	0.159	8.724E-14	395	870	872	341	826	848	4M3I23M12D4M4D16M1D21M11I7M32D10M5I3M10I15M4I32M1D13M11I3M5I7M2D16M3I12M1D48M1I23M1D30M3D12M1D10M5I35M1I8M2I17M3D29M7D3M3D14M
14	265	0.142	1.373E-17	43	861	872	40	807	817	4M1I5M1I3M9D5M12D1M4D4M9I4M5I2M7I16M4D6M2D3M9I16M2I3M4D4M12D5M3I2M18I5M9D3M2I6M4I4M13I9M35I9M9D4M4I11M1I8M4I4M1D3M6D9M13D4M6D9M11D4M1I5M3D6M2I6M1D4M4I10M2D5M11I8M6D3M1I4M23I1M1I3M8D7M13I3M8I4M5I6M11D4M6D7M1D1M9I4M5I2M3I29M7D5M16I14M1I9M1I8M6D1I19M4I20M1I56M1D17M3I1M6D27M1I29M2D21M6D5M2D5M4D10M6D11M1D33M
30	263	0.134	1.118E-17	32	861	872	34	814	824	9M1D1M5D4M1D7M4I2M3I5M7D3M10D2M5D8M1D6M6I4M15I17M7I5M1I8M4D4M12D5M33I5M8D12M7I6M1D6M1I4M7I5M3I2M8D4M3I4M9D5M2I3M2I2M1D9M2I1M10I6M5I3M1I12M13D11M4D10M3D5M2I9M4I10M2D5M11I8M6D3M1I5M24I3M8D7M13I3M8I7M9I3M11D7M2D4M8I16M8D26M23I7M3D19M5D5M2D19M4I12M1D7M2I46M1D27M3I1M6D27M1I29M2D21M9D12M12D15M4D4M1D33M
33	237	0.146	3.646E-15	82	870	872	43	790	808	8M5I6M3I7M4I7M11I21M9I3M9I10M22I6M7I13M2D6M5I3M7I3M5D17M10D11M1I7M3I20M6I5M6D11M3I12M8I3M2D5M15I3M16D8M19D22M7D14M5D14M1D22M6D3M7D4M18D6M5I9M5I10M2I7M6I34M4I12M15I6M1D6M2D17M3I12M1D48M1I23M1D30M3D12M1D10M5I35M1I7M2I7M1D8M2D32M2D3M8D14M
39	204	0.140	5.803E-13	82	870	872	43	789	808	8M5I6M3I6M4I8M11I22M39I8M5I5M1I2M1I3M1I13M2D6M4I1M12D7M3I21M2I8M1I7M3I16M18D5M16D1M7D3M6D2M7D10M9I7M1I8M15I3M19I31M6I13M19D22M6D3M7D4M18D6M5I9M5I10M2I19M3I16M14I19M9I2M1D3M1D6M2D16M3I12M1D48M1I23M1D30M3D12M1D10M5I35M1I7M2I7M1D8M2D32M2D3M4D10M4D4M
 