#Task    Step    numberOfAcceptedPeleSteps    currentEnergy    BindingEnergy    sasaLig    distance_A35SG_L1S1    
1    0    0    -6467.06    -12.5195    0.559542    6.79943    
1    1    1    -6487.67    -7.37412    0.570671    8.97776    
1    2    2    -6493.36    -3.56826    0.669149    6.15609    
1    3    3    -6499.82    -2.92492    0.675333    5.07208    
1    5    4    -6500.44    -4.32406    0.655132    5.62947    
1    7    5    -6502.78    -5.21751    0.601793    7.01276    
1    9    6    -6501.52    -5.29749    0.568053    5.01168    
1    11    7    -6499.42    -3.58207    0.595031    4.09362    
1    13    8    -6499.81    -4.07159    0.597329    4.18044    
1    14    9    -6497.84    -1.3074    0.648685    4.19216    
1    15    10    -6504.63    1.55932    0.610216    5.97794    
1    16    11    -6504.63    3.23466    0.636912    7.64408    
1    17    12    -6510.17    -2.7248    0.615004    4.80355    
1    21    13    -6512.36    -9.89921    0.527754    4.14638    
1    22    14    -6512.74    -9.49568    0.546985    5.39527    
1    23    15    -6512.39    -7.09731    0.534896    5.65512    
1    25    16    -6515.93    -11.954    0.54217    5.58084    
1    27    17    -6515.85    -12.4973    0.524997    4.70055    
1    29    18    -6508.8    -3.62613    0.538477    3.68819    
1    34    19    -6515.58    -8.17546    0.573184    6.33687    
1    35    20    -6510.01    -3.36933    0.552197    3.71314    
1    36    21    -6505.13    -1.77153    0.600546    3.87755    
1    37    22    -6508.29    -2.5976    0.588658    3.79201    
1    38    23    -6510.32    -0.786076    0.620109    6.93144    
1    39    24    -6514.48    -8.33034    0.54346    6.9839    
1    40    25    -6515.76    -9.62828    0.532466    6.51145    
1    41    26    -6517.43    -11.3148    0.48024    7.75443    
1    42    27    -6516.02    -9.11653    0.509037    8.57658    
1    44    28    -6517.11    -10.2015    0.521911    6.32349    
1    45    29    -6516.3    -16.4569    0.615496    7.60702    
1    46    30    -6514.85    -17.379    0.607062    7.28124    
1    49    31    -6515.25    -17.5358    0.496864    10.3165    
1    53    32    -6512.08    -19.989    0.415184    10.4637    
1    60    33    -6507.24    -12.6675    0.431738    10.9189    
1    61    34    -6510.68    -21.3732    0.42518    11.0234    
1    63    35    -6504    -16.6224    0.421053    11.1197    
1    65    36    -6510.68    -23.9781    0.416962    11.4104    
1    71    37    -6508.35    -23.9507    0.463908    8.58212    
1    75    38    -6512.56    -24.8119    0.449731    8.5612    
1    76    39    -6510.72    -24.1932    0.46572    8.5873    
1    78    40    -6510.86    -23.6158    0.504936    8.52107    
1    79    41    -6510.45    -21.5244    0.466499    9.04979    
1    86    42    -6515.11    -24.3566    0.446085    8.60132    
1    89    43    -6516.42    -25.1985    0.455446    8.26712    
