#Task    Step    numberOfAcceptedPeleSteps    currentEnergy    BindingEnergy    sasaLig    distance_A35SG_L1S1    
1    0    0    -6466.45    -13.3191    0.553956    6.98727    
1    1    1    -6485.52    -15.695    0.501411    9.74754    
1    2    2    -6494.03    -7.93771    0.624174    10.2913    
1    3    3    -6490.22    -6.22309    0.654346    7.16866    
1    4    4    -6489.89    -4.39262    0.679823    5.81468    
1    6    5    -6490.77    -3.98397    0.640311    9.05211    
1    7    6    -6499.24    -10.8646    0.605157    9.43164    
1    9    7    -6502.27    -6.81534    0.623856    8.19096    
1    12    8    -6506.48    -6.83568    0.624887    6.49466    
1    16    9    -6506.61    -6.36592    0.607621    7.21602    
1    17    10    -6507.82    -6.35586    0.610274    6.76891    
1    18    11    -6507.97    -5.67563    0.589691    6.78656    
1    21    12    -6508.12    -6.67016    0.534939    8.86105    
1    23    13    -6510.83    -7.19664    0.536979    8.84569    
1    24    14    -6508.1    -4.37534    0.45917    7.43596    
1    28    15    -6511.28    -7.91835    0.436432    7.38582    
1    31    16    -6505.56    -4.04217    0.51308    7.02809    
1    33    17    -6501.26    -6.413    0.500506    6.10798    
1    34    18    -6499.14    -6.00795    0.574766    6.92421    
1    37    19    -6503.58    -4.04601    0.44517    5.42263    
1    42    20    -6504.44    -6.78608    0.451722    5.76386    
1    46    21    -6503.04    -3.39746    0.418201    4.94224    
1    47    22    -6503.78    -4.48939    0.416818    4.74895    
1    48    23    -6503.9    -9.16023    0.565793    4.71657    
1    49    24    -6506.02    -8.79674    0.518413    5.21233    
1    50    25    -6511.01    -9.18503    0.499549    5.08464    
1    51    26    -6513.83    -9.50856    0.484179    5.0559    
1    65    27    -6514.4    -9.85427    0.495673    5.05871    
1    67    28    -6516.92    -11.9877    0.560608    8.05331    
1    70    29    -6515    -6.48041    0.510826    8.09156    
1    71    30    -6515.27    -10.0218    0.467465    8.16631    
1    72    31    -6516.36    -9.89118    0.487895    7.42197    
1    73    32    -6518.97    -11.8951    0.487143    7.21673    
1    74    33    -6520.33    -12.8396    0.505646    7.84911    
1    76    34    -6519.53    -10.7667    0.483137    7.11036    
1    82    35    -6520.87    -12.5583    0.494532    7.61657    
1    83    36    -6515.82    -7.73194    0.457822    7.03915    
1    86    37    -6516.03    -7.78375    0.449721    6.72872    
1    93    38    -6517.78    -11.1011    0.466072    7.14135    
1    96    39    -6518.06    -11.2521    0.468968    7.54786    
1    99    40    -6519.17    -12.1418    0.493748    7.6    
1    100    41    -6516.16    -9.74575    0.518991    7.43403    
