#Task    Step    numberOfAcceptedPeleSteps    currentEnergy    BindingEnergy    sasaLig    distance_A35SG_L1S1    
1    0    0    -6475.65    -24.095    0.520027    6.59809    
1    1    1    -6507.18    -26.6677    0.551229    9.34423    
1    5    2    -6510.24    -22.9479    0.588983    9.51635    
1    6    3    -6508.96    -19.6697    0.542111    10.04    
1    7    4    -6512.61    -35.6569    0.51824    7.91034    
1    9    5    -6515.7    -38.8091    0.480123    7.82292    
1    17    6    -6518.57    -39.0736    0.473546    7.61793    
1    23    7    -6518.94    -40.696    0.501002    7.59791    
1    29    8    -6516.08    -42.292    0.481085    7.74291    
1    34    9    -6520.8    -45.4097    0.46269    7.55894    
1    37    10    -6533.96    -55.2601    0.459051    7.64004    
1    40    11    -6535.82    -55.1994    0.461978    7.68315    
1    41    12    -6533.23    -55.519    0.461416    7.71595    
1    42    13    -6535.35    -57.7714    0.467188    7.62597    
1    49    14    -6537.67    -57.0025    0.47211    7.82261    
1    50    15    -6535.38    -55.4955    0.464598    7.60516    
1    55    16    -6535.15    -55.5912    0.463595    8.02297    
1    58    17    -6533.9    -54.7466    0.481046    8.01677    
1    69    18    -6535.32    -54.8089    0.462203    8.02477    
1    87    19    -6532.39    -52.5112    0.459357    8.53346    
1    89    20    -6533.77    -53.6506    0.469828    8.22795    
