#Task    Step    numberOfAcceptedPeleSteps    currentEnergy    BindingEnergy    sasaLig    distance_A35SG_L1S1    
1    0    0    -6477.69    -18.3948    0.520704    6.78143    
1    1    1    -6507    -30.7159    0.492869    6.55314    
1    2    2    -6516.85    -36.3024    0.502748    6.9487    
1    13    3    -6515.58    -36.9876    0.475472    7.13424    
1    35    4    -6500.12    -27.8275    0.491606    9.19001    
1    37    5    -6503.79    -26.3202    0.494223    9.29849    
1    43    6    -6501.84    -27.2807    0.456928    9.37258    
1    45    7    -6516.19    -43.4562    0.469262    9.52947    
1    48    8    -6518.2    -42.8005    0.48903    9.3602    
1    59    9    -6518.12    -45.3249    0.488884    9.61874    
1    64    10    -6508.41    -39.7633    0.495915    9.77355    
1    72    11    -6511.83    -37.9878    0.543693    9.36467    
1    74    12    -6514.01    -37.9291    0.526415    9.82745    
1    77    13    -6513.98    -39.1597    0.470653    9.45613    
1    78    14    -6514.25    -41.8711    0.451189    9.32333    
1    82    15    -6503.08    -25.14    0.539555    7.21461    
1    83    16    -6501.14    -33.004    0.440046    7.24437    
1    84    17    -6499.46    -29.2702    0.442589    7.83323    
1    89    18    -6497.43    -16.82    0.529524    7.30311    
1    91    19    -6499.84    -29.931    0.469857    6.39293    
1    93    20    -6505.68    -44.0402    0.412784    9.16321    
1    95    21    -6508.29    -44.2206    0.420068    9.10154    
1    100    22    -6501.67    -38.5439    0.449091    9.15142    
