#Task    Step    numberOfAcceptedPeleSteps    currentEnergy    BindingEnergy    sasaLig    distance_A35SG_L1S1    
1    0    0    -6461.3    -19.9366    0.526406    6.858    
1    1    1    -6474.44    3.44727    0.713058    10.6273    
1    2    2    -6480.05    0.503974    0.697213    9.92988    
1    4    3    -6477.12    5.34912    0.704889    10.6678    
1    6    4    -6479.29    3.92329    0.674679    10.8965    
1    7    5    -6485.06    -9.77489    0.677633    10.5162    
1    11    6    -6484.96    -8.93415    0.6175    10.5758    
1    13    7    -6481.97    -5.62128    0.558925    10.3011    
1    14    8    -6487.84    -10.3513    0.563487    10.4819    
1    16    9    -6491.18    -9.11448    0.57381    10.0246    
1    17    10    -6496.24    -12.9236    0.552563    10.2234    
1    21    11    -6498.34    -17.1607    0.542279    10.2419    
1    25    12    -6489.07    -8.26386    0.525889    9.96633    
1    27    13    -6491.78    -12.3364    0.537849    9.96575    
1    28    14    -6492.33    -11.4887    0.535272    9.9116    
1    29    15    -6490.88    -10.3006    0.522351    10.0803    
1    30    16    -6490.1    -11.2551    0.529736    10.2125    
1    31    17    -6496.48    -11.9729    0.557908    10.0231    
1    32    18    -6501.96    -17.2307    0.547528    10.1665    
1    35    19    -6499.14    -15.4731    0.530472    10.247    
1    41    20    -6505.34    -18.8522    0.526846    10.8075    
1    42    21    -6506.08    -21.3483    0.51471    10.7571    
1    43    22    -6505.21    -21.7616    0.51242    10.3979    
1    45    23    -6505.73    -20.7773    0.524439    10.6493    
1    50    24    -6504.5    -20.8771    0.520776    10.7631    
1    56    25    -6485.05    2.85062    0.692027    7.88431    
1    58    26    -6488.87    2.0205    0.628026    6.54531    
1    60    27    -6486.44    4.7928    0.603885    7.2617    
1    62    28    -6489.8    2.50514    0.582546    6.53616    
1    63    29    -6489.24    -4.80561    0.560595    7.65813    
1    64    30    -6491.28    -1.0024    0.669506    9.5057    
1    67    31    -6495.93    -0.661548    0.589044    4.37608    
1    68    32    -6500.35    -3.75247    0.590721    5.72851    
1    70    33    -6503.21    -6.48098    0.576227    4.83014    
1    72    34    -6499.9    -2.33431    0.562476    4.2381    
1    73    35    -6498.81    -3.24898    0.56125    6.14788    
1    74    36    -6500.92    -2.33602    0.601751    7.90625    
1    75    37    -6504.86    -6.77858    0.541557    6.58416    
1    76    38    -6506.43    -7.81193    0.523062    6.20151    
1    77    39    -6506.28    -7.85768    0.53423    5.77148    
1    79    40    -6506.32    -9.7147    0.52066    6.23046    
1    81    41    -6507.21    -9.92142    0.51527    6.59656    
1    84    42    -6507    -8.49295    0.508898    5.1941    
1    85    43    -6505.12    -10.7212    0.503582    3.91625    
1    87    44    -6506.3    -11.3189    0.517756    4.49088    
1    91    45    -6505.24    -9.15311    0.51602    4.12319    
1    93    46    -6503    -10.2265    0.517306    5.02384    
1    94    47    -6502.87    -8.3489    0.539757    5.98676    
1    95    48    -6504.95    -9.73688    0.526416    4.48053    
1    96    49    -6506.61    -11.2912    0.512826    4.3174    
1    98    50    -6508.65    -11.9541    0.522665    4.96317    
