#Task    Step    numberOfAcceptedPeleSteps    currentEnergy    BindingEnergy    sasaLig    distance_A35SG_L1S1    
1    0    0    -6480.1    -9.64655    0.526105    6.84852    
1    1    1    -6509.05    -18.8594    0.499918    6.22892    
1    3    2    -6514.51    -33.5222    0.513198    7.57817    
1    19    3    -6515.35    -33.3684    0.483273    6.84582    
1    20    4    -6516.34    -33.9394    0.491134    6.84832    
1    23    5    -6519.71    -35.3279    0.487482    6.85233    
1    37    6    -6524.31    -36.9927    0.477016    6.82499    
1    49    7    -6520.32    -27.6725    0.554988    5.50096    
1    54    8    -6522.29    -26.9896    0.571834    5.87331    
1    55    9    -6519.06    -33.9575    0.494645    9.21003    
1    59    10    -6532.95    -46.9954    0.487001    8.85242    
1    61    11    -6534.71    -49.1921    0.4716    8.53665    
1    77    12    -6535.42    -51.6092    0.463257    8.47799    
1    90    13    -6529.1    -45.8481    0.474285    8.52088    
1    95    14    -6529.61    -48.7913    0.456001    8.65965    
