#Task    Step    numberOfAcceptedPeleSteps    currentEnergy    BindingEnergy    sasaLig    distance_A35SG_L1S1    
1    0    0    -6479.17    -18.1737    0.506642    6.91354    
1    1    1    -6490.57    2.13056    0.527076    10.1333    
1    2    2    -6494.05    -0.789949    0.595757    9.52789    
1    3    3    -6505.86    -16.9769    0.502126    9.44858    
1    5    4    -6513.37    -32.4749    0.479007    9.17727    
1    23    5    -6510.78    -32.5832    0.498719    9.42918    
1    26    6    -6512.45    -34.2592    0.505933    9.43865    
1    40    7    -6515.6    -39.1669    0.479785    9.11119    
1    47    8    -6507.96    -24.4346    0.576161    7.38696    
1    48    9    -6509.55    -24.7371    0.562502    8.71009    
1    49    10    -6513.98    -30.0656    0.503007    9.05404    
1    51    11    -6513.82    -34.7153    0.505065    9.29982    
1    52    12    -6506.61    -21.372    0.558955    10.5945    
1    53    13    -6513.69    -29.4533    0.528754    9.66026    
1    57    14    -6511.04    -27.5057    0.54039    10.4192    
1    58    15    -6511.11    -27.8591    0.545143    10.4007    
1    59    16    -6512.4    -27.246    0.569024    8.71664    
1    60    17    -6513.77    -25.9191    0.557336    9.20458    
1    61    18    -6519.98    -36.871    0.496448    9.2381    
1    69    19    -6521.79    -36.8334    0.499516    9.35104    
1    79    20    -6519.65    -36.7839    0.502685    9.32855    
1    81    21    -6520.59    -37.3853    0.463967    8.81784    
1    84    22    -6522.13    -37.2277    0.455357    8.36609    
1    89    23    -6522.6    -39.5048    0.455169    8.17026    
1    97    24    -6522.91    -37.331    0.503781    9.37925    
1    99    25    -6518.74    -31.7895    0.526787    9.52586    
