#Task    Step    numberOfAcceptedPeleSteps    currentEnergy    BindingEnergy    sasaLig    distance_A35SG_L1S1    
1    0    0    -6474.53    -21.3656    0.504215    6.70276    
1    2    1    -6475.95    3.33719    0.65782    8.82738    
1    4    2    -6483.19    8.74909    0.734308    10.4124    
1    5    3    -6495.99    1.59129    0.707102    9.66417    
1    7    4    -6498.46    -2.31684    0.633332    7.63385    
1    8    5    -6500.89    -3.44702    0.646209    7.43829    
1    13    6    -6497.51    -3.10599    0.603807    7.62127    
1    14    7    -6502.2    -4.1315    0.634951    7.45551    
1    15    8    -6503.65    -5.87993    0.605883    7.46742    
1    16    9    -6504.99    -5.07349    0.637595    7.41084    
1    18    10    -6498.55    1.01721    0.69462    7.32115    
1    19    11    -6500.28    0.920098    0.627827    9.62056    
1    20    12    -6500.8    -0.0223762    0.591072    9.25536    
1    21    13    -6503.01    -1.36535    0.589328    8.4383    
1    23    14    -6503.13    -0.680253    0.615583    8.22128    
1    24    15    -6504.87    -3.87843    0.606325    7.49237    
1    29    16    -6503.97    -3.91039    0.594493    7.44676    
1    36    17    -6507.54    -5.80214    0.58137    7.83675    
1    38    18    -6504.57    -4.01445    0.590956    7.59703    
1    39    19    -6502.78    -3.53016    0.599849    8.04223    
1    40    20    -6499.47    -1.20495    0.597016    7.55362    
1    47    21    -6501.73    -10.8971    0.595444    8.35056    
1    50    22    -6505.4    -13.5242    0.60375    8.42799    
1    51    23    -6511.06    -17.4934    0.563899    8.40478    
1    58    24    -6512.37    -18.9584    0.574118    7.68914    
1    60    25    -6511.42    -17.8193    0.589647    7.66059    
1    69    26    -6510.74    -18.5751    0.59083    7.93066    
1    71    27    -6508.52    -15.7156    0.620955    9.05021    
1    73    28    -6512.64    -23.2087    0.636842    8.08191    
1    75    29    -6511.6    -21.3355    0.662694    8.8458    
1    78    30    -6506.72    -20.5552    0.64307    9.0433    
1    79    31    -6509.37    -23.6891    0.640921    8.88365    
1    80    32    -6506.75    -17.1077    0.662254    8.66656    
1    81    33    -6506.75    -17.6407    0.663927    8.18258    
1    83    34    -6507.79    -18.5372    0.65504    9.58312    
1    89    35    -6508.9    -16.76    0.701811    8.75908    
1    94    36    -6508.9    -13.7657    0.687815    8.11656    
1    95    37    -6504.64    -13.3082    0.589324    12.4959    
1    100    38    -6503.11    -13.7315    0.605046    12.3633    
