#Task    Step    numberOfAcceptedPeleSteps    currentEnergy    BindingEnergy    sasaLig    distance_A35SG_L1S1    
1    0    0    -6469.65    -18.9764    0.531109    6.82236    
1    2    1    -6490.65    -13.4162    0.577355    6.1919    
1    4    2    -6495.53    -20.7749    0.549401    6.99174    
1    9    3    -6504.02    -36.4229    0.482934    8.62729    
1    10    4    -6503.04    -34.9203    0.530777    8.06237    
1    13    5    -6504.88    -40.9383    0.463738    8.43677    
1    15    6    -6505.9    -45.5238    0.480228    8.47373    
1    21    7    -6516.33    -58.2925    0.459239    8.42977    
1    31    8    -6517.54    -59.0489    0.468158    8.56254    
1    35    9    -6515.21    -55.0087    0.444206    8.81913    
1    37    10    -6509.53    -59.2157    0.451256    8.65308    
1    40    11    -6512.34    -62.2969    0.475861    8.61082    
1    50    12    -6519.07    -59.316    0.460182    8.67804    
1    67    13    -6517.32    -59.2846    0.461179    8.50438    
1    73    14    -6522.76    -60.1069    0.467666    8.60734    
1    75    15    -6519.07    -58.8226    0.470213    8.56114    
1    77    16    -6527.2    -58.8504    0.453801    8.72021    
1    81    17    -6530.39    -59.6555    0.435283    8.94512    
1    99    18    -6528.89    -58.4994    0.432648    8.71145    
