#Task    Step    numberOfAcceptedPeleSteps    currentEnergy    BindingEnergy    sasaLig    distance_A35SG_L1S1    
1    0    0    -6466.78    -17.192    0.516095    6.8782    
1    1    1    -6503.81    -39.3937    0.464337    6.53808    
1    5    2    -6512.36    -50.3123    0.458754    6.70197    
1    13    3    -6508.01    -48.3496    0.458759    6.78218    
1    15    4    -6512.32    -51.3807    0.468311    8.23363    
1    17    5    -6520.83    -53.4644    0.464879    8.32059    
1    21    6    -6523.37    -54.1718    0.470424    8.35848    
1    25    7    -6523.74    -53.9373    0.483495    8.56244    
1    34    8    -6522.13    -52.9266    0.460437    8.3163    
1    36    9    -6520.82    -50.9557    0.477021    7.88744    
1    41    10    -6519.11    -51.4511    0.468811    7.58403    
1    45    11    -6520.73    -54.9546    0.465022    7.66467    
1    53    12    -6518.52    -56.0962    0.467319    7.72538    
1    65    13    -6516.42    -55.5045    0.452718    7.42464    
1    70    14    -6516.02    -56.4795    0.45596    7.65147    
1    72    15    -6515.69    -54.6029    0.46711    7.69264    
1    78    16    -6518.19    -56.5568    0.449933    7.5484    
1    82    17    -6525.9    -55.8981    0.452162    7.4676    
1    85    18    -6525.58    -54.895    0.466637    7.73637    
1    99    19    -6524.99    -53.3378    0.462427    7.79947    
