#Task    Step    numberOfAcceptedPeleSteps    currentEnergy    BindingEnergy    sasaLig    distance_A35SG_L1S1    
1    0    0    -6486.93    -15.057    0.530815    6.67215    
1    1    1    -6499.54    3.32301    0.609628    9.05767    
1    2    2    -6513.46    -6.90383    0.584243    8.38426    
1    3    3    -6512.17    -9.29121    0.616202    8.28728    
1    8    4    -6513.83    -7.23568    0.664447    8.39537    
1    10    5    -6510.06    0.353311    0.713962    6.18558    
1    12    6    -6514.71    -6.60022    0.672263    5.6765    
1    16    7    -6518.68    -9.42469    0.663883    6.92328    
1    18    8    -6520.56    -11.116    0.687051    6.58875    
1    20    9    -6520.02    -11.2451    0.65586    5.78872    
1    23    10    -6520.14    -10.9973    0.628363    6.19547    
1    25    11    -6519.86    -12.1885    0.650097    7.85982    
1    30    12    -6517.04    -8.06874    0.699342    9.01467    
1    33    13    -6516.66    -7.94038    0.734764    9.76363    
1    34    14    -6511.29    -3.81748    0.749773    11.186    
1    36    15    -6516.77    -6.57771    0.771577    10.7223    
1    38    16    -6517.03    -5.9214    0.758108    7.44708    
1    39    17    -6518.79    -6.87296    0.722769    6.86012    
1    41    18    -6516.2    -15.879    0.673985    6.95135    
1    43    19    -6516.65    -14.6459    0.668241    7.3742    
1    52    20    -6518.83    -14.8186    0.684471    7.30263    
1    57    21    -6517.91    -15.273    0.660174    7.5093    
1    59    22    -6519.12    -16.2128    0.651067    8.03826    
1    66    23    -6515.86    -14.1249    0.626534    7.77359    
1    68    24    -6512.77    -13.1938    0.593464    7.95249    
1    69    25    -6513.02    -12.6089    0.580475    9.02523    
1    70    26    -6508.19    -8.07175    0.594998    9.41816    
1    71    27    -6510.99    -14.3159    0.578356    8.87901    
1    73    28    -6506.8    -10.1216    0.543506    8.04933    
1    75    29    -6505.34    -7.89633    0.51976    8.13982    
1    77    30    -6511.61    -15.6746    0.518569    8.32456    
1    79    31    -6511.96    -14.2105    0.516233    7.84575    
1    81    32    -6515.12    -20.2402    0.514178    7.47749    
1    83    33    -6510.79    -2.40553    0.542321    7.9192    
1    84    34    -6515.71    -8.05455    0.528384    7.93658    
1    86    35    -6515.26    -7.01877    0.541094    8.40679    
1    90    36    -6515.25    -5.99062    0.535329    8.30714    
1    91    37    -6516.88    -5.71168    0.572471    10.4073    
1    92    38    -6518.89    -5.67173    0.581004    10.0363    
1    94    39    -6521.82    -9.06793    0.557876    9.71582    
1    96    40    -6520.96    -7.8133    0.54579    8.49865    
1    99    41    -6516.48    -4.4911    0.520407    9.09513    
1    100    42    -6518.83    -7.63469    0.49444    9.28082    
