#Task    Step    numberOfAcceptedPeleSteps    currentEnergy    BindingEnergy    sasaLig    distance_A35SG_L1S1    
1    0    0    -6478.56    -25.5699    0.506245    6.76976    
1    1    1    -6502.1    -17.4722    0.633476    8.01798    
1    5    2    -6507.56    -17.471    0.647332    9.83771    
1    6    3    -6507.81    -15.9902    0.671407    10.3514    
1    9    4    -6510.75    -20.0244    0.670686    9.67461    
1    21    5    -6510.6    -19.7258    0.673881    10.103    
1    23    6    -6508.63    -18.7947    0.657208    10.1509    
1    24    7    -6514.1    -20.4743    0.657494    9.6074    
1    29    8    -6511.52    -19.512    0.666978    10.1435    
1    30    9    -6513.46    -20.8833    0.653536    9.34707    
1    32    10    -6515.25    -22.0512    0.658386    9.21549    
1    34    11    -6512.52    -19.7935    0.658288    9.90336    
1    40    12    -6512.42    -18.8231    0.681763    10.4433    
1    43    13    -6514.2    -19.2281    0.681181    9.51606    
1    44    14    -6513.41    -19.6047    0.673164    9.00854    
1    45    15    -6511.87    -13.2842    0.642979    9.19335    
1    48    16    -6507.14    -10.2199    0.619064    9.58992    
1    55    17    -6507.82    -11.0452    0.590884    8.939    
1    61    18    -6506.99    -16.038    0.568361    9.17399    
1    63    19    -6509.93    -17.1259    0.558162    8.87729    
1    65    20    -6509.38    -12.8635    0.59354    9.80783    
1    68    21    -6511.31    -13.1416    0.609809    8.80546    
1    69    22    -6516.31    -14.8406    0.592018    8.90573    
1    70    23    -6513.47    -12.3538    0.577875    10.0564    
1    72    24    -6513.52    -13.2981    0.615327    8.93    
1    75    25    -6515.06    -15.6583    0.571676    8.97715    
1    76    26    -6516.26    -16.1664    0.577132    8.9803    
1    81    27    -6511.08    -18.0538    0.545966    9.6494    
1    82    28    -6515.88    -17.1489    0.587629    9.01044    
1    84    29    -6508.16    -7.37913    0.549883    11.1023    
1    85    30    -6521.14    -27.6435    0.479523    7.78957    
1    88    31    -6519.24    -23.297    0.509763    8.00102    
1    90    32    -6522.88    -23.5084    0.51204    8.36262    
1    92    33    -6521.83    -20.8431    0.52465    8.94493    
1    94    34    -6526.72    -25.8962    0.484481    8.48175    
