#Task    Step    numberOfAcceptedPeleSteps    currentEnergy    BindingEnergy    sasaLig    distance_A35SG_L1S1    
1    0    0    -6475.64    -16.7185    0.536703    6.65416    
1    1    1    -6510.19    -28.4701    0.490128    6.47188    
1    17    2    -6507.65    -31.0076    0.472353    6.55372    
1    25    3    -6509.65    -32.4691    0.483438    6.32779    
1    29    4    -6511.4    -31.7602    0.476483    6.33353    
1    44    5    -6509.43    -27.1959    0.488483    6.74827    
1    47    6    -6510.16    -27.4547    0.507326    6.60106    
1    50    7    -6510.51    -27.4833    0.505041    6.29409    
1    62    8    -6509.13    -27.0156    0.508269    6.21338    
1    69    9    -6516.6    -32.2595    0.531083    8.47699    
1    74    10    -6515.9    -32.4631    0.514775    8.27879    
1    77    11    -6515.89    -36.8226    0.495092    8.40496    
1    88    12    -6517.29    -33.1027    0.518072    8.52017    
1    91    13    -6515.28    -34.8034    0.513974    8.85032    
1    95    14    -6516.68    -35.0306    0.539931    8.29823    
1    99    15    -6519.35    -47.9676    0.480043    8.49683    
