#Task    Step    numberOfAcceptedPeleSteps    currentEnergy    BindingEnergy    sasaLig    distance_A35SG_L1S1    
1    0    0    -6479.57    -12.9972    0.56458    6.59495    
1    1    1    -6507.43    -9.95734    0.59902    10.0252    
1    5    2    -6510.6    -6.37429    0.64497    6.83501    
1    6    3    -6512.05    -7.80864    0.64091    6.76394    
1    8    4    -6510.88    -6.95679    0.645175    6.55636    
1    10    5    -6511.36    -6.58814    0.656278    6.3171    
1    15    6    -6509.41    -8.5309    0.549003    7.43157    
1    17    7    -6509.82    -8.69736    0.52125    7.3621    
1    19    8    -6507.79    -7.24722    0.556141    7.86411    
1    26    9    -6512.07    -10.4773    0.547632    6.92036    
1    29    10    -6510.23    -10.3211    0.549557    7.20002    
1    37    11    -6510.87    -11.1979    0.559638    7.04923    
1    38    12    -6513.01    -10.8099    0.563322    6.96554    
1    40    13    -6512    -10.4827    0.563824    6.83744    
1    51    14    -6510.22    -10.5064    0.572511    6.70531    
1    55    15    -6512.64    -3.99872    0.625475    7.21639    
1    56    16    -6517.08    -8.47913    0.615629    7.09027    
1    57    17    -6513.22    -7.06094    0.616558    7.22527    
1    58    18    -6511.45    -5.10833    0.629726    7.0737    
1    60    19    -6511.97    -4.51579    0.659337    6.93551    
1    62    20    -6514.53    -5.38813    0.605118    6.43166    
1    64    21    -6514.33    -6.42677    0.597184    6.88743    
1    66    22    -6512.44    -5.26051    0.596945    6.95781    
1    67    23    -6508.73    -2.48123    0.619117    6.71839    
1    68    24    -6506.37    -0.199587    0.653181    6.73521    
1    70    25    -6509.46    -4.00823    0.634343    6.94917    
1    74    26    -6510.34    -4.1536    0.609205    6.65671    
1    76    27    -6509.37    -3.82029    0.57734    6.70818    
1    81    28    -6509.35    -6.72286    0.573568    6.79768    
1    83    29    -6510.71    -7.212    0.564602    6.90846    
1    86    30    -6509.92    -6.18713    0.564421    7.10989    
1    87    31    -6509.78    -6.44902    0.590983    7.44784    
1    93    32    -6508.63    -3.56748    0.617549    7.54015    
1    94    33    -6503.6    3.63672    0.672923    9.36666    
1    95    34    -6504.8    -1.76141    0.728706    7.14936    
1    96    35    -6505.8    -4.8374    0.728652    6.69117    
1    97    36    -6509.16    -12.0019    0.694758    6.80645    
1    99    37    -6513.58    -14.8434    0.679221    6.72993    
