#Task    Step    numberOfAcceptedPeleSteps    currentEnergy    BindingEnergy    sasaLig    distance_A35SG_L1S1    
1    0    0    -6475.04    -17.0453    0.518347    6.59004    
1    1    1    -6495.11    -3.34211    0.567294    7.06838    
1    2    2    -6494.95    -1.04317    0.704712    7.79424    
1    3    3    -6497.86    3.12775    0.739729    7.51653    
1    4    4    -6499.61    0.893371    0.676276    7.2556    
1    7    5    -6501.02    1.37202    0.647569    8.59917    
1    8    6    -6502.93    -0.573331    0.626375    7.88828    
1    9    7    -6515.84    -27.7826    0.564092    8.56766    
1    10    8    -6513.9    -27.8448    0.590843    8.72736    
1    11    9    -6515.37    -30.3282    0.502374    6.66845    
1    12    10    -6518.68    -28.9814    0.509372    7.1473    
1    13    11    -6523.48    -33.5313    0.505052    6.53984    
1    17    12    -6523.26    -30.3733    0.582405    6.85514    
1    23    13    -6514.5    -23.4431    0.569242    6.91939    
1    33    14    -6518.12    -26.3706    0.575321    6.75984    
1    34    15    -6517.74    -25.4467    0.568485    7.00717    
1    37    16    -6517.25    -29.179    0.540917    6.58947    
1    42    17    -6517.91    -28.4307    0.565303    6.49076    
1    44    18    -6519.54    -29.9521    0.57616    6.81142    
1    46    19    -6516.57    -28.6263    0.542564    6.489    
1    56    20    -6520.33    -29.3013    0.576409    6.84943    
1    57    21    -6518.43    -28.4887    0.573347    9.72546    
1    65    22    -6519.05    -32.0735    0.519457    8.49962    
1    69    23    -6518.47    -34.3303    0.479776    8.09628    
1    71    24    -6516.96    -33.318    0.476392    8.81416    
1    72    25    -6519.38    -31.348    0.469529    9.1904    
1    85    26    -6516.12    -23.7071    0.461253    6.2753    
1    87    27    -6529.38    -30.4985    0.484155    6.4963    
1    91    28    -6529.79    -31.3238    0.492628    6.65084    
