#Task    Step    numberOfAcceptedPeleSteps    currentEnergy    BindingEnergy    sasaLig    distance_A35SG_L1S1    
1    0    0    -6469.77    -18.9029    0.504489    6.86532    
1    2    1    -6489.98    -10.0247    0.598692    9.35503    
1    5    2    -6491.72    -8.88951    0.528919    8.37022    
1    6    3    -6494.64    -3.45568    0.665497    5.89486    
1    7    4    -6497.45    -19.5662    0.5281    5.42445    
1    9    5    -6511.46    -24.3488    0.557912    8.63224    
1    11    6    -6517.09    -25.5056    0.529196    7.12876    
1    35    7    -6513.62    -24.7674    0.539743    8.4061    
1    39    8    -6514.07    -35.4368    0.48709    8.64216    
1    43    9    -6516.12    -27.474    0.562038    8.71685    
1    44    10    -6512.61    -29.2436    0.580201    9.235    
1    46    11    -6512.75    -28.6173    0.567971    8.58643    
1    47    12    -6512.64    -27.6204    0.495639    8.23975    
1    48    13    -6510.56    -23.9649    0.471693    7.8474    
1    49    14    -6515.67    -30.6746    0.468754    7.62552    
1    53    15    -6515.74    -30.0724    0.460758    7.75076    
1    57    16    -6518.58    -31.9315    0.459323    7.60631    
1    64    17    -6516.15    -32.0419    0.469733    7.57546    
1    83    18    -6517.95    -31.7775    0.466432    7.60847    
1    100    19    -6517.57    -30.1869    0.465143    7.58955    
