#Task    Step    numberOfAcceptedPeleSteps    currentEnergy    BindingEnergy    sasaLig    distance_A35SG_L1S1    
1    0    0    -6470.42    -22.306    0.51476    6.84132    
1    1    1    -6491.74    -1.19972    0.683559    8.12943    
1    3    2    -6488.29    0.670033    0.657097    8.21339    
1    4    3    -6491.01    3.15904    0.669212    9.37234    
1    5    4    -6491.91    2.04328    0.682943    9.1669    
1    7    5    -6498.16    -11.7672    0.639328    11.0233    
1    9    6    -6505.09    -22.4532    0.583355    10.9819    
1    12    7    -6503.96    -22.178    0.602773    11.2134    
1    16    8    -6509.52    -25.1713    0.589047    10.9646    
1    17    9    -6509.54    -23.3773    0.578461    10.9948    
1    18    10    -6506.37    -24.5072    0.581781    11.2596    
1    19    11    -6504.63    -19.2656    0.542689    10.2477    
1    27    12    -6504.94    -19.0966    0.549718    10.4409    
1    29    13    -6514.59    -29.3693    0.493296    10.3573    
1    48    14    -6516.45    -30.1648    0.504413    10.0087    
1    53    15    -6516.84    -30.54    0.492726    10.0376    
1    59    16    -6515.31    -30.258    0.483186    9.89784    
1    77    17    -6513.35    -32.4243    0.480387    9.59231    
1    79    18    -6512.64    -27.6508    0.483759    10.1952    
1    80    19    -6512.18    -27.115    0.498832    9.86312    
1    81    20    -6509.88    -29.8236    0.48341    9.72209    
1    92    21    -6507.88    -27.6831    0.496714    9.75462    
