#Task    Step    numberOfAcceptedPeleSteps    currentEnergy    BindingEnergy    sasaLig    distance_A35SG_L1S1    
1    0    0    -6475.95    -19.3877    0.517237    6.96113    
1    1    1    -6516.55    -35.3502    0.467111    6.66991    
1    2    2    -6516.21    -37.0642    0.499273    7.55097    
1    11    3    -6520.23    -41.505    0.476031    7.62297    
1    13    4    -6524.01    -45.8982    0.452011    6.73657    
1    21    5    -6525.49    -45.9678    0.461979    6.89976    
1    22    6    -6526    -46.5934    0.462281    6.85178    
1    24    7    -6525.12    -49.3633    0.479164    7.1758    
1    27    8    -6522.23    -42.8885    0.518589    8.1233    
1    31    9    -6526.81    -43.0376    0.511655    9.48081    
1    34    10    -6526.02    -42.0889    0.480292    8.98105    
1    41    11    -6527.86    -43.2625    0.488521    8.65245    
1    46    12    -6529.67    -46.3022    0.455776    7.12442    
1    49    13    -6530.66    -48.1924    0.451176    7.08922    
1    51    14    -6533.21    -53.2586    0.466097    9.06267    
1    64    15    -6530.26    -54.4573    0.457697    8.92408    
1    71    16    -6531.15    -52.9897    0.446837    8.83708    
1    73    17    -6532.56    -53.8114    0.458718    8.30707    
1    77    18    -6531.02    -53.6823    0.448833    8.31598    
1    86    19    -6529.42    -52.9076    0.474065    8.43184    
1    95    20    -6528.25    -54.5358    0.458048    8.05129    
