#Task    Step    numberOfAcceptedPeleSteps    currentEnergy    BindingEnergy    sasaLig    distance_A35SG_L1S1    
1    0    0    -6470.59    -13.3111    0.530099    6.70075    
1    1    1    -6504.97    -26.1391    0.476417    6.11615    
1    3    2    -6510.5    -31.9448    0.494972    5.86953    
1    6    3    -6509.77    -33.445    0.488413    5.80253    
1    8    4    -6509.49    -28.6296    0.51408    4.99375    
1    10    5    -6513.39    -32.5974    0.52855    5.9388    
1    13    6    -6514.58    -33.5622    0.497387    6.21303    
1    17    7    -6517.75    -32.719    0.491712    6.21046    
1    18    8    -6514.46    -30.7665    0.493603    6.37756    
1    20    9    -6516.74    -32.7961    0.516097    7.09385    
1    24    10    -6516.07    -30.5539    0.523471    6.61302    
1    30    11    -6515.8    -31.4912    0.509913    6.20577    
1    37    12    -6517.47    -39.0603    0.487214    7.88527    
1    45    13    -6505.12    -34.2365    0.520075    7.47793    
1    46    14    -6498.94    -24.2339    0.50735    5.79059    
1    47    15    -6504.31    -31.9724    0.503463    6.34544    
1    50    16    -6509.04    -35.7471    0.497747    6.22401    
1    51    17    -6506.96    -32.8633    0.516152    6.11772    
1    52    18    -6509.58    -34.31    0.540317    6.70779    
1    54    19    -6513.08    -37.5188    0.509605    6.76895    
1    55    20    -6513.95    -36.9904    0.545725    8.06318    
1    59    21    -6513.72    -35.9564    0.523191    8.14977    
1    61    22    -6507.17    -33.4518    0.548131    8.10066    
1    64    23    -6509.26    -36.3597    0.572294    7.33502    
1    68    24    -6508.78    -35.4386    0.551384    6.75872    
1    72    25    -6514.35    -37.942    0.539351    7.36225    
1    73    26    -6518    -38.806    0.548258    7.552    
1    76    27    -6515.53    -38.0016    0.574754    8.39574    
1    79    28    -6516.08    -38.9018    0.553988    8.52914    
1    84    29    -6515.09    -39.5155    0.548622    8.54572    
1    85    30    -6516.06    -39.9998    0.54284    8.33335    
1    89    31    -6517.07    -38.6521    0.509128    6.82897    
1    90    32    -6513.59    -34.3651    0.567337    7.12238    
1    91    33    -6510.28    -33.9468    0.502299    7.04529    
1    95    34    -6509.89    -33.2521    0.503259    5.87305    
