#Task    Step    numberOfAcceptedPeleSteps    currentEnergy    BindingEnergy    sasaLig    distance_A35SG_L1S1    
1    0    0    -6475.8    -22.8737    0.516378    6.85444    
1    1    1    -6511.18    -37.0722    0.471924    6.49686    
1    3    2    -6516.94    -43.4009    0.46788    7.64806    
1    9    3    -6516.82    -44.247    0.48504    7.78772    
1    12    4    -6517.46    -45.1138    0.503449    8.37711    
1    15    5    -6518.73    -41.9516    0.528356    9.1379    
1    21    6    -6525.95    -46.8867    0.505992    8.83256    
1    24    7    -6522.5    -41.3765    0.510681    8.27488    
1    29    8    -6523.81    -46.2885    0.499138    9.00106    
1    33    9    -6525.01    -45.209    0.485511    8.74581    
1    37    10    -6523.99    -47.1712    0.453415    8.17309    
1    39    11    -6525.03    -48.1242    0.460572    8.1239    
1    41    12    -6526.07    -47.0958    0.464406    8.20752    
1    53    13    -6521.41    -46.9989    0.445231    7.98381    
1    60    14    -6517.35    -45.0347    0.4505    8.19104    
1    64    15    -6511.34    -38.3401    0.482042    8.07409    
1    69    16    -6520.63    -46.87    0.504531    10.0607    
1    74    17    -6516.31    -43.7666    0.493854    9.85586    
1    77    18    -6517.32    -46.8943    0.479244    9.78417    
1    78    19    -6514.34    -41.7252    0.488199    9.97756    
1    85    20    -6514.16    -39.7334    0.499956    10.421    
1    86    21    -6517.3    -41.8525    0.503325    10.0542    
1    87    22    -6511.86    -32.258    0.464738    7.32272    
1    91    23    -6521.84    -46.5908    0.470754    9.35423    
1    93    24    -6526.08    -48.0205    0.47611    9.57593    
