#Task    Step    numberOfAcceptedPeleSteps    currentEnergy    BindingEnergy    sasaLig    distance_A35SG_L1S1    
1    0    0    -6478.44    -14.7635    0.542065    6.61786    
1    1    1    -6496.64    -9.35581    0.544333    6.28066    
1    3    2    -6495.07    -6.72363    0.511482    5.88957    
1    5    3    -6505.82    -27.1142    0.51759    6.26003    
1    6    4    -6513.76    -30.9183    0.507359    6.583    
1    7    5    -6516.71    -31.869    0.514406    6.85879    
1    11    6    -6512.59    -30.5138    0.5233    6.49809    
1    14    7    -6516.07    -31.7696    0.51931    6.61676    
1    15    8    -6520.55    -33.1749    0.50223    6.95467    
1    16    9    -6520.59    -35.7081    0.484212    6.81958    
1    29    10    -6521.07    -38.6242    0.482965    8.44973    
1    34    11    -6520.31    -37.6774    0.480635    8.55028    
1    39    12    -6522.89    -41.2516    0.476092    8.11403    
1    41    13    -6521.91    -40.9389    0.465901    7.99422    
1    43    14    -6513.47    -36.6512    0.464995    7.69497    
1    44    15    -6511.67    -39.9961    0.436422    7.49761    
1    50    16    -6510.63    -38.4254    0.493507    8.9979    
1    51    17    -6516.18    -43.9114    0.457541    8.85735    
1    53    18    -6507.53    -14.7435    0.55268    7.54246    
1    55    19    -6506.03    -9.07649    0.561688    10.3927    
1    56    20    -6506.89    -10.6687    0.534876    9.65993    
1    57    21    -6507.95    -10.5991    0.649086    8.62575    
1    61    22    -6501.97    -4.44891    0.610116    9.35377    
1    62    23    -6505.96    -5.68619    0.622188    8.44723    
1    65    24    -6504.61    -5.10406    0.63449    7.63528    
1    68    25    -6503.38    -3.45098    0.648132    7.42294    
1    69    26    -6505.16    -6.38866    0.648666    7.33603    
1    72    27    -6504.51    -7.04748    0.664468    8.43644    
1    73    28    -6504.05    -3.34023    0.682744    8.29262    
1    74    29    -6503.52    -3.20194    0.691897    8.77508    
1    75    30    -6515.14    -11.8553    0.738364    9.07913    
1    77    31    -6518.21    -17.0464    0.685673    7.81489    
1    80    32    -6518.85    -14.1777    0.685583    9.11454    
1    81    33    -6517.2    -11.7697    0.66246    8.98834    
1    84    34    -6518.56    -13.0021    0.628201    8.1505    
1    85    35    -6514.72    -9.455    0.638379    10.714    
1    89    36    -6508.49    -10.9096    0.634585    7.90318    
1    90    37    -6503.55    -3.21139    0.63911    11.3002    
1    91    38    -6505.28    -6.81919    0.645979    8.97745    
1    92    39    -6509.3    -8.91283    0.639884    8.20727    
1    93    40    -6510.87    -11.0216    0.640193    7.78023    
1    94    41    -6513.09    -10.3055    0.607162    8.1275    
1    96    42    -6514.82    -15.2968    0.607751    7.88862    
1    97    43    -6520.17    -22.2374    0.570131    7.62723    
