#Task    Step    numberOfAcceptedPeleSteps    currentEnergy    BindingEnergy    sasaLig    distance_A35SG_L1S1    
1    0    0    -6476.66    -22.4712    0.517423    6.63421    
1    1    1    -6515.61    -30.9503    0.530287    6.60252    
1    3    2    -6506.76    -30.6261    0.524959    6.52682    
1    7    3    -6508.95    -20.6939    0.588528    9.16823    
1    8    4    -6509.05    -20.911    0.539839    8.93738    
1    12    5    -6510.03    -22.6214    0.539667    9.02884    
1    13    6    -6518.73    -29.4939    0.514141    8.36376    
1    15    7    -6515.08    -26.8766    0.501591    8.86647    
1    27    8    -6514.81    -29.3907    0.513046    8.51115    
1    31    9    -6515.03    -29.5764    0.460809    8.84946    
1    35    10    -6520.59    -37.0703    0.438253    8.62578    
1    44    11    -6513.11    -32.8867    0.44876    8.90969    
1    45    12    -6510.04    -26.5773    0.442059    9.18678    
1    49    13    -6515.18    -28.5197    0.443578    9.3893    
1    53    14    -6509.61    -27.6856    0.450251    9.65405    
1    57    15    -6503.98    -24.858    0.461909    8.70388    
1    63    16    -6507.85    -28.2576    0.411805    8.4514    
1    67    17    -6512.19    -36.0114    0.428491    8.87611    
1    73    18    -6517.7    -46.5328    0.418949    8.68717    
1    80    19    -6516.51    -46.352    0.423073    8.45592    
1    83    20    -6517.6    -47.3963    0.428166    8.38111    
1    89    21    -6522.37    -55.0948    0.398813    8.70722    
