#Task    Step    numberOfAcceptedPeleSteps    currentEnergy    BindingEnergy    sasaLig    distance_A35SG_L1S1    
1    0    0    -6477.92    -14.7875    0.575061    6.69446    
1    1    1    -6501.9    -9.9331    0.641495    9.46791    
1    3    2    -6493.46    2.18111    0.659748    7.50188    
1    4    3    -6497.23    0.556401    0.640229    8.03919    
1    5    4    -6496.31    -4.2905    0.59727    7.78906    
1    6    5    -6493.1    -0.166111    0.576678    7.61671    
1    7    6    -6502.97    -15.332    0.516897    8.32871    
1    9    7    -6503.98    -1.10799    0.729643    9.32593    
1    10    8    -6504.61    0.00542379    0.755771    9.84174    
1    12    9    -6504.82    1.74775    0.73861    8.79738    
1    13    10    -6502.09    -4.11158    0.695813    8.00333    
1    14    11    -6504.71    -3.3292    0.692356    8.57812    
1    15    12    -6505.05    -10.3951    0.676007    9.98404    
1    21    13    -6508.58    -11.8984    0.649551    10.1185    
1    29    14    -6509.52    -12.776    0.676907    10.3658    
1    31    15    -6511.22    -11.4681    0.667159    9.66112    
1    35    16    -6508.99    -8.41314    0.652365    9.74778    
1    36    17    -6508.76    -7.29649    0.639328    9.66156    
1    37    18    -6506.08    -8.58123    0.649672    9.51539    
1    42    19    -6506.08    -12.1404    0.630375    9.47017    
1    45    20    -6505.32    -13.3854    0.598202    9.62699    
1    46    21    -6504.44    -13.0538    0.608664    9.7164    
1    53    22    -6504.72    -15.8373    0.584184    9.69931    
1    54    23    -6506.38    -15.0755    0.557785    9.23102    
1    55    24    -6508.22    -13.8983    0.554671    8.90859    
1    60    25    -6511.33    -16.2466    0.559097    9.35687    
1    67    26    -6510.72    -14.0991    0.538737    8.6065    
1    68    27    -6509.47    -13.4218    0.552001    9.14316    
1    69    28    -6511.08    -16.5023    0.539194    9.83834    
1    70    29    -6511.57    -11.6036    0.513431    8.54042    
1    73    30    -6506.58    -12.5114    0.499061    8.08833    
1    77    31    -6504.92    -8.92014    0.529846    9.45618    
1    80    32    -6510.1    -12.7546    0.532848    9.47752    
1    82    33    -6509.34    -12.2856    0.514147    9.1884    
1    83    34    -6506.77    -15.0858    0.489104    9.19766    
1    87    35    -6504.4    -3.23843    0.668849    6.29362    
1    88    36    -6506.98    -5.688    0.611273    7.04281    
1    91    37    -6508.97    -6.11438    0.626764    7.33604    
1    96    38    -6507.63    -5.78774    0.630093    7.33357    
1    98    39    -6507.38    -4.59548    0.628582    7.49161    
1    99    40    -6504.8    1.07073    0.597607    4.64094    
1    100    41    -6504.02    3.89512    0.63463    6.33561    
