#Task    Step    numberOfAcceptedPeleSteps    currentEnergy    BindingEnergy    sasaLig    distance_A35SG_L1S1    
1    0    0    -6476.2    -21.7372    0.51159    6.63381    
1    1    1    -6505.24    -24.8678    0.465406    6.3351    
1    5    2    -6504.31    -17.2611    0.571863    9.06342    
1    7    3    -6502.72    -11.0577    0.558752    7.63949    
1    8    4    -6506.78    -12.8134    0.530511    6.83622    
1    9    5    -6507.33    -16.231    0.5216    6.66747    
1    28    6    -6507.64    -15.5578    0.537611    6.63361    
1    29    7    -6510.25    -17.7064    0.525723    6.35645    
1    33    8    -6509.11    -16.2176    0.533298    6.36507    
1    40    9    -6508.66    -15.7382    0.522825    5.83485    
1    42    10    -6508.87    -14.2752    0.517912    6.07235    
1    45    11    -6510.47    -17.3802    0.543697    6.58018    
1    46    12    -6506.65    -22.9066    0.516293    5.88369    
1    47    13    -6508.03    -19.7264    0.53367    5.91244    
1    49    14    -6516.16    -26.4747    0.557692    8.12963    
1    50    15    -6516.39    -26.1287    0.563106    7.81112    
1    52    16    -6516.29    -26.3327    0.5542    8.25614    
1    54    17    -6516.57    -25.8822    0.568282    8.06194    
1    57    18    -6516.36    -26.1703    0.553208    8.27025    
1    66    19    -6516.18    -24.9984    0.570831    8.05458    
1    71    20    -6515.72    -25.0282    0.556043    8.27267    
1    76    21    -6515.21    -22.5393    0.559879    8.64871    
1    80    22    -6514.45    -22.4213    0.561854    9.01551    
1    81    23    -6516.11    -23.7197    0.547321    8.66064    
1    83    24    -6516.69    -23.7023    0.566241    8.04222    
1    87    25    -6517.88    -22.7992    0.584462    7.90279    
1    90    26    -6517.85    -22.2387    0.598746    7.64551    
1    91    27    -6515.01    -21.3515    0.56153    7.21732    
1    92    28    -6515.59    -21.0052    0.55756    7.54771    
1    93    29    -6516.89    -30.2692    0.546586    7.42186    
1    94    30    -6522.79    -35.2328    0.529472    8.07612    
1    95    31    -6523.54    -41.1314    0.527922    8.66722    
1    96    32    -6513.63    -29.0337    0.549844    8.2295    
1    97    33    -6529.75    -46.3099    0.476536    7.66273    
