#Task    Step    numberOfAcceptedPeleSteps    currentEnergy    BindingEnergy    sasaLig    distance_A35SG_L1S1    
1    0    0    -6478.97    -16.6874    0.528702    6.70902    
1    1    1    -6513.01    -29.2503    0.488523    6.33953    
1    18    2    -6509.41    -27.457    0.500068    7.20035    
1    22    3    -6512.59    -29.5925    0.495092    6.94838    
1    26    4    -6512.32    -30.3831    0.465111    6.44738    
1    27    5    -6512.68    -31.8755    0.478466    6.70365    
1    33    6    -6513.95    -24.8442    0.571031    9.33267    
1    38    7    -6513.54    -23.8045    0.591138    9.61173    
1    41    8    -6516.48    -27.9672    0.54841    9.32204    
1    47    9    -6515.43    -23.4512    0.52876    9.18446    
1    49    10    -6521.84    -28.7484    0.489856    9.54752    
1    54    11    -6519.77    -25.2887    0.516217    9.71451    
1    58    12    -6519.65    -26.6189    0.489013    9.58108    
1    64    13    -6518.11    -25.7614    0.493307    9.6597    
1    65    14    -6519.97    -27.0972    0.480765    9.29297    
1    69    15    -6518.23    -29.126    0.499246    10.5036    
1    71    16    -6516.69    -27.2544    0.496646    10.5482    
1    73    17    -6515.12    -28.0731    0.499201    10.6137    
1    77    18    -6514.24    -23.6409    0.528247    10.8598    
1    79    19    -6517.76    -28.285    0.481796    10.5444    
1    82    20    -6521.87    -28.0024    0.471942    10.2548    
1    84    21    -6518.9    -27.4876    0.466219    10.2143    
1    86    22    -6514.66    -24.1577    0.481526    10.1788    
1    91    23    -6514.71    -25.6307    0.473248    10.2302    
1    93    24    -6514.14    -24.7823    0.474804    10.0771    
