#Task    Step    numberOfAcceptedPeleSteps    currentEnergy    BindingEnergy    sasaLig    distance_A35SG_L1S1    
1    0    0    -6473.94    -15.8194    0.535046    6.60334    
1    1    1    -6481.04    -6.02546    0.590005    8.15078    
1    3    2    -6496.71    -11.8122    0.629876    9.31369    
1    8    3    -6496.61    -11.1887    0.616123    9.77811    
1    12    4    -6497.6    -12.3543    0.604897    9.51665    
1    13    5    -6497.92    -14.9065    0.603209    9.10751    
1    15    6    -6496.73    -13.4191    0.604671    8.91788    
1    16    7    -6498.04    -15.4809    0.617813    8.40588    
1    17    8    -6498.51    -17.5107    0.580617    8.21817    
1    18    9    -6498.73    -16.8476    0.602875    8.02488    
1    20    10    -6500.2    -17.2642    0.605042    7.28568    
1    21    11    -6499.19    -22.0256    0.574464    6.56447    
1    23    12    -6502.58    -18.0134    0.585037    6.46894    
1    24    13    -6503.47    -17.2722    0.58464    6.89735    
1    26    14    -6508.84    -19.9673    0.602242    6.15195    
1    29    15    -6504.63    -21.8783    0.602367    6.13338    
1    30    16    -6505.24    -20.2178    0.596893    6.22979    
1    33    17    -6507.31    -19.1102    0.592313    6.76643    
1    34    18    -6508.69    -20.5209    0.592899    6.37069    
1    35    19    -6507.97    -20.6518    0.572041    6.30435    
1    37    20    -6510.16    -23.5297    0.565297    6.03804    
1    41    21    -6508.85    -20.8911    0.57072    6.24961    
1    42    22    -6509.03    -21.5645    0.564312    5.9413    
1    50    23    -6509.11    -23.6611    0.567667    6.0578    
1    55    24    -6506.77    -18.4283    0.577035    5.96219    
1    58    25    -6508.72    -21.2275    0.5673    6.18542    
1    60    26    -6510.01    -21.6948    0.564294    6.11553    
1    61    27    -6509.04    -22.5346    0.554692    6.08536    
1    70    28    -6511.72    -23.3447    0.579446    6.09895    
1    71    29    -6501.54    -13.7732    0.589019    7.64091    
1    73    30    -6500.42    -17.6438    0.569865    7.07883    
1    75    31    -6500.31    -16.0009    0.563234    7.71593    
1    77    32    -6499.21    -16.6932    0.532931    6.055    
1    78    33    -6500.94    -15.8916    0.559369    5.96592    
1    85    34    -6502.33    -17.2317    0.550001    5.98271    
1    87    35    -6500.86    -16.4928    0.560762    6.39259    
1    89    36    -6499.18    -17.6235    0.581195    6.76857    
1    93    37    -6500.78    -16.9316    0.553702    6.0829    
1    96    38    -6499.95    -14.3374    0.557817    6.03736    
1    99    39    -6502.17    -20.8502    0.584897    6.26281    
