#Task    Step    numberOfAcceptedPeleSteps    currentEnergy    BindingEnergy    sasaLig    distance_A35SG_L1S1    
1    0    0    -6473.37    -13.0047    0.524025    6.58576    
1    1    1    -6495.5    0.0966454    0.658421    7.4197    
1    2    2    -6502.88    -1.49679    0.719268    7.44861    
1    5    3    -6501.23    -4.6712    0.751544    11.5924    
1    8    4    -6501.36    0.960373    0.675303    9.16252    
1    10    5    -6506.08    -2.56616    0.669348    8.81232    
1    13    6    -6503.96    -7.48342    0.609281    10.2684    
1    15    7    -6501.34    -7.64769    0.638888    10.1744    
1    16    8    -6503.91    -7.94759    0.569897    10.4155    
1    17    9    -6506.34    -11.4554    0.580801    10.2645    
1    18    10    -6506.65    -9.97671    0.64073    9.93969    
1    19    11    -6505.23    -7.5932    0.671947    9.62935    
1    21    12    -6504.94    -13.6627    0.646976    9.75151    
1    23    13    -6501.67    -10.9653    0.612866    9.83023    
1    28    14    -6494.76    1.72391    0.717905    10.0815    
1    31    15    -6496.64    2.27971    0.636257    6.28332    
1    32    16    -6497.69    -0.0799326    0.645989    5.84882    
1    33    17    -6495.59    1.27804    0.6427    5.50786    
1    36    18    -6494.65    2.92065    0.661857    4.96789    
1    37    19    -6499.04    -0.470527    0.591285    5.51237    
1    38    20    -6498.56    -3.12987    0.577056    5.77667    
1    39    21    -6498.22    -4.10492    0.575559    5.45492    
1    41    22    -6498.18    -2.54765    0.605563    8.27897    
1    44    23    -6491.05    7.47564    0.66586    9.27468    
1    46    24    -6491.87    6.81877    0.682449    8.55728    
1    47    25    -6500.08    -9.60107    0.645177    10.9736    
1    48    26    -6495.85    -9.49801    0.622821    8.04387    
1    49    27    -6501.24    -5.3073    0.672386    10.5699    
1    52    28    -6503.84    -7.15607    0.67587    8.77735    
1    55    29    -6507.4    -9.78755    0.610872    8.96534    
1    63    30    -6509.56    -9.60482    0.568207    9.56721    
1    64    31    -6508.83    -8.61551    0.631792    8.88743    
1    70    32    -6506.94    -8.73737    0.571008    8.67052    
1    72    33    -6510.73    -10.1328    0.636312    8.42134    
1    74    34    -6509.24    -9.0373    0.623637    9.06963    
1    76    35    -6509.47    -9.16416    0.648944    8.32959    
1    78    36    -6510.47    -9.89294    0.624462    8.62409    
1    83    37    -6508.76    -8.85316    0.650331    8.68604    
1    85    38    -6508.1    -8.01312    0.635854    9.10667    
1    87    39    -6511.03    -8.17712    0.636224    8.96418    
1    89    40    -6512.07    -15.6704    0.646136    9.55368    
1    91    41    -6513    -14.7387    0.642789    9.58687    
1    95    42    -6506.8    -13.0135    0.602363    10.1541    
1    96    43    -6508.96    -15.199    0.559852    10.6209    
1    100    44    -6509.69    -14.7842    0.553305    10.8135    
