#Task    Step    numberOfAcceptedPeleSteps    currentEnergy    BindingEnergy    sasaLig    distance_A35SG_L1S1    
1    0    0    -6464.97    -12.9962    0.524307    6.82977    
1    1    1    -6464.15    5.19558    0.742549    8.44658    
1    2    2    -6483.97    4.18375    0.708087    9.29779    
1    3    3    -6489.86    2.04535    0.674108    9.31532    
1    5    4    -6491.18    -12.6241    0.532838    7.57761    
1    8    5    -6486.32    -2.67427    0.708969    6.27345    
1    9    6    -6489.89    -13.1774    0.548831    5.3346    
1    12    7    -6489.95    -5.94189    0.61583    10.6793    
1    13    8    -6502.24    -32.7607    0.451059    11.0447    
1    15    9    -6504.91    -30.1534    0.534374    8.64589    
1    16    10    -6507.09    -26.7878    0.604832    8.88214    
1    18    11    -6509.01    -27.0629    0.604237    8.8096    
1    19    12    -6510.97    -27.5152    0.649364    9.29014    
1    21    13    -6510.3    -25.8657    0.639715    9.9941    
1    24    14    -6515.28    -31.8507    0.559189    9.34627    
1    25    15    -6514.61    -28.1116    0.517065    9.08418    
1    26    16    -6517.26    -28.139    0.57076    9.42429    
1    27    17    -6517.43    -27.9944    0.53368    8.66878    
1    30    18    -6519.87    -31.9284    0.539599    8.53205    
1    31    19    -6520.54    -35.237    0.585272    8.03113    
1    32    20    -6521.03    -32.9847    0.578904    8.17244    
1    37    21    -6517.61    -34.7373    0.508002    8.10944    
1    38    22    -6511.31    -30.0289    0.536015    8.36892    
1    39    23    -6517.73    -33.4506    0.517547    8.26095    
1    40    24    -6520.45    -35.345    0.535708    8.51452    
1    47    25    -6519.83    -35.1533    0.537505    8.84747    
1    54    26    -6520.65    -35.2818    0.542796    8.85855    
1    58    27    -6516.63    -34.3282    0.550196    9.21156    
1    59    28    -6517.58    -32.0364    0.555705    9.30271    
1    60    29    -6513.95    -29.0289    0.541012    8.52711    
1    63    30    -6516.69    -31.3798    0.522708    8.72403    
1    65    31    -6518.73    -32.9398    0.51944    8.78692    
1    71    32    -6518.78    -31.5074    0.523529    8.8151    
1    72    33    -6517.73    -30.0107    0.581543    9.45734    
1    73    34    -6511.54    -21.2052    0.542981    10.9767    
1    78    35    -6507.6    -18.2659    0.520635    10.7821    
1    84    36    -6507.26    -17.782    0.598813    11.1391    
1    87    37    -6502.24    -13.11    0.535877    9.95225    
1    89    38    -6516.71    -54.5583    0.454999    10.134    
1    95    39    -6522.49    -57.506    0.436383    9.75397    
