#Task    Step    numberOfAcceptedPeleSteps    currentEnergy    BindingEnergy    sasaLig    distance_A35SG_L1S1    
1    0    0    -6470.6    -14.362    0.528126    6.56967    
1    1    1    -6496.32    -14.8809    0.572413    7.23392    
1    3    2    -6495.51    -12.4532    0.616087    8.52257    
1    7    3    -6499.06    -15.6803    0.626413    8.70763    
1    9    4    -6501.93    -17.0443    0.613586    9.05381    
1    19    5    -6497.16    -15.2398    0.626521    8.97519    
1    22    6    -6486.23    -2.6093    0.673647    8.00253    
1    23    7    -6487.85    3.11484    0.668025    10.0426    
1    24    8    -6494.07    -1.03686    0.642028    8.67209    
1    26    9    -6494.07    -2.75742    0.627778    9.22913    
1    27    10    -6493.59    -3.31233    0.574957    8.789    
1    29    11    -6497.84    -9.69457    0.614588    8.99172    
1    34    12    -6499.3    -11.5699    0.571587    8.72349    
1    35    13    -6502.28    -8.70578    0.577283    9.16801    
1    38    14    -6505.1    -9.08888    0.640663    9.34393    
1    39    15    -6505.41    -11.0228    0.634129    9.17411    
1    44    16    -6508.34    -15.113    0.608144    8.99365    
1    60    17    -6510.38    -21.2808    0.591554    8.84639    
1    69    18    -6511.27    -18.9459    0.601241    8.85394    
1    75    19    -6511.29    -19.8489    0.606672    8.89807    
1    76    20    -6512.56    -21.5793    0.590131    8.70517    
1    87    21    -6512.68    -22.341    0.607129    8.90291    
1    92    22    -6507.82    -20.3466    0.620462    9.03137    
1    93    23    -6512.74    -25.8634    0.577862    8.81118    
1    96    24    -6514.82    -30.7304    0.551853    8.73209    
1    97    25    -6512.6    -30.829    0.545513    8.77859    
1    99    26    -6509.68    -29.2009    0.561881    9.29745    
