#Task    Step    numberOfAcceptedPeleSteps    currentEnergy    BindingEnergy    sasaLig    distance_A35SG_L1S1    
1    0    0    -6476.44    -14.3027    0.534947    6.97396    
1    1    1    -6511.61    -27.4811    0.502622    6.64062    
1    2    2    -6509.64    -30.3035    0.48333    6.43715    
1    3    3    -6510.81    -29.4021    0.476822    6.73142    
1    5    4    -6510.56    -32.1094    0.467197    6.57583    
1    13    5    -6512.8    -34.9477    0.467809    6.68225    
1    17    6    -6514.13    -34.6996    0.464106    6.66    
1    65    7    -6515.94    -35.2796    0.471222    6.66129    
1    67    8    -6512.2    -33.2685    0.477387    6.71377    
1    69    9    -6515.89    -47.0548    0.461347    8.36281    
1    77    10    -6525.12    -51.7697    0.465846    8.43417    
1    79    11    -6527.46    -51.3723    0.471751    8.41244    
1    90    12    -6527.58    -51.3026    0.469058    8.44635    
1    93    13    -6526.12    -52.5761    0.470779    8.22815    
1    94    14    -6525.68    -50.8503    0.499598    8.70656    
1    97    15    -6525.73    -50.6424    0.481133    6.5948    
