21	7387	1.00	0.000E+00	0	849	850	0	849	850	850M
42	6575	0.961	0.000E+00	8	848	850	1	841	933	841M
58	6556	0.911	0.000E+00	1	848	850	4	851	918	848M
54	6496	0.923	0.000E+00	8	848	850	1	841	933	841M
34	6377	0.829	0.000E+00	1	849	850	3	847	848	744M4I101M
40	6366	0.817	0.000E+00	0	848	850	3	847	916	744M4I101M
19	6327	0.819	0.000E+00	1	849	850	3	847	848	743M4I102M
57	6312	0.810	0.000E+00	2	849	850	5	847	848	534M1I208M4I101M
43	6169	0.819	0.000E+00	8	848	850	1	837	866	737M4I100M
56	6028	0.816	0.000E+00	8	848	850	1	837	926	736M4I101M
18	6013	0.822	0.000E+00	9	848	850	1	836	912	736M4I100M
55	5977	0.801	0.000E+00	8	848	850	1	847	919	529M1D4M4I207M9D97M
44	5897	0.759	0.000E+00	9	848	850	2	836	920	534M1I197M4I104M
16	5840	0.832	0.000E+00	8	848	850	1	837	913	736M4I101M
46	3270	0.402	7.153E-71	14	849	850	2	801	802	13M1D55M7I167M1I84M2I5M1I27M3D11M1I25M2I45M6I3M3I64M5D7M5I120M1D60M6I8M9I32M1D25M4I38M
24	3175	0.359	3.500E-68	21	842	850	5	804	818	8M2D53M7I82M1D55M1D36M1I78M2I3M1I17M2D25M3D41M3D3M1D29M7I3M1I62M1I2M3I7M3D176M1I4M3I5M8I64M3I31M
30	3170	0.357	1.273E-68	21	849	850	3	815	816	8M2D53M7I78M1D59M1D33M1I80M4I3M1D17M2D12M3D52M4D34M7I3M1I62M1D2M3D6M5I176M1I4M3I5M8I65M3I30M6D7M
22	3165	0.362	6.313E-68	13	842	850	0	802	818	3M1I3M3I6M1D53M7I78M1D59M1D36M1I77M4I3M1D17M2D17M1D7M2D42M3D3M1D29M7I3M1I62M1I2M3I7M3D178M4I12M8I61M3I29M
17	3162	0.360	6.868E-68	21	842	850	5	803	817	8M1D53M7I82M1D54M1D37M1I77M4I3M1D17M2D12M3D54M3D3M1D29M7I3M1I62M1I5M3I4M3D178M4I7M8I66M3I29M
8	3150	0.355	3.971E-68	14	842	850	2	803	819	2M1I3M3I6M1D53M7I82M1D55M1D36M1I77M4I3M1D17M2D12M3D52M4D34M7I3M1I62M1I5M3I4M3D181M4I4M8I66M3I29M
41	3116	0.352	3.863E-67	23	849	850	1	812	813	6M1D52M7I79M1D59M1D33M1I80M4I3M1D17M2D12M3D54M3D6M1D26M7I3M1I62M1I2M3I7M3D180M10I68M1I3M2I31M6D7M
23	3091	0.349	1.888E-67	14	849	850	0	818	819	6M3I6M1D52M7I83M1D54M1D34M1I80M4I3M1D17M2D23M3D46M4D29M8I65M1I2M3I7M3D174M4I3M3I10M3I68M2I28M6D7M
13	3083	0.362	4.088E-66	25	848	850	5	841	849	57M7I80M1I60M1D12M1D17M1I82M1I25M2D10M1I8M1I25M1D48M5I3M3I62M1I8M2I5M6D105M1D3M2I6M14D61M3D9M4D10M6I25M1D36M3D7M7D29M
14	3064	0.364	5.047E-66	25	848	850	5	841	849	57M7I80M1I60M1D12M1D17M1I82M1I25M2D10M1I8M1I25M1D48M5I3M3I62M1I8M2I3M1I6M7D100M1D3M2I6M14D61M3D9M4D10M6I25M1D36M3D7M7D29M
9	3030	0.358	1.688E-66	21	842	850	1	802	832	8M1D52M7I83M1D55M1D33M1I80M4I3M1D17M2D12M3D54M3D3M1D29M2I3M6I62M1I5M3I4M3D177M7I8M5D6M8I56M4I4M2D25M
26	2174	0.244	6.103E-50	0	841	850	0	856	865	54M1D26M10I3M3D41M4D2M2D55M13D34M1D40M1I74M4I4M1D11M1I4M1I4M4D13M2D49M4D3M6D30M2I7M5D53M1D17M6I119M1D27M2D33M6I9M5I35M1D59M
11	2152	0.248	6.926E-50	3	841	850	5	858	867	51M1D28M7I45M4D3M2D52M13D36M1D40M1I74M4I20M1I4M4D11M1I6M3D44M4D3M5D3M1D27M2I7M5D53M1D17M6I119M1D27M2D33M6I9M5I35M1D59M
20	2152	0.228	1.055E-49	4	844	850	6	881	887	4M3I5M1I30M1D28M3D5M1D54M2D2M4D54M23D75M1I75M3I17M2D16M4D4M2I30M1D18M5D2M4D7M1D23M3I6M8D55M1D16M6I119M1D26M2D34M6I10M5I33M1D57M1D6M
3	2048	0.245	6.193E-49	2	841	850	4	858	867	46M1D34M7I45M4D2M2D55M13D29M1D45M1I74M4I4M1D11M1I4M1I4M4D13M2D49M4D3M6D30M1I7M4D52M2D2M1I16M6I119M1D27M2D33M6I6M6I10M1D27M1D59M
12	2044	0.251	1.165E-48	3	841	850	5	858	867	51M1D28M7I45M4D2M2D53M13D36M1D28M1D11M2I74M4I20M1I4M4D11M1I6M3D44M4D3M5D3M1D27M1I7M4D52M2D2M1I16M6I119M1D27M2D33M6I9M5I36M1D58M
2	2017	0.227	1.608E-49	9	847	850	2	942	944	20M1D20M1D33M7I101M13D42M1D7M3I98M4I8M33D13M6D3M3D2M4D43M1D10M1I7M12D33M1D7M8D53M15D15M10I6M4D88M4D17M2D22M1D10M1D5M2D7M2D25M6I16M8D25M10D8M1I18M1I4M1I4M4D8M1I26M
5	1964	0.252	1.702E-48	11	847	850	9	901	903	2M1I15M1D5M1D14M1D12M1D24M7I100M14D34M1D17M1D19M2I77M4I3M13D4M5D6M10D6M4D5M6D15M2D32M1D17M3D3M7D6M1D21M1D63M5D11M1I6M5I56M1D49M1D5M2I8M2D14M1D15M3D4M2D3M2D22M7I9M8I3M1I24M8D2M5I18M1I5M2D39M
15	1949	0.238	7.974E-49	4	849	850	5	913	914	3M4I18M1D2M1D20M1D9M1D24M5I1M2I30M1I5M1D64M21D33M1D17M1D16M2I79M3I4M18D7M8D10M4D5M6D16M2D28M1D19M6D3M5D7M1D23M2I7M5D54M5D15M6I55M1D50M1D5M2I6M1D2M1D14M1D15M3D6M4D24M5I6M1I3M4I4M5I29M1I2M4D13M1I8M2D41M
28	1946	0.222	3.633E-48	9	842	850	2	896	899	20M1D22M1D32M7I102M12D39M1D31M1I77M4I4M7D4M26D12M6D6M8D39M1I4M1I17M12D8M4I19M3I7M7D55M4D15M6I55M1D55M1I10M2D14M1D13M3D6M4D23M6I5M10I35M5D5M4D18M2D3M1I24M1I9M
37	1935	0.229	1.438E-48	9	841	850	1	890	892	3M1D15M1D30M1D25M7I97M4D4M8D43M2D27M2I77M3I3M6D7M22D13M12D16M2D31M1I18M12D9M4I18M3D9M1D54M7D17M6I56M1D64M1D9M4D9M6D4M1I6M1D7M2I20M7I9M9I28M1D4M2I3M3D20M2D34M
29	1824	0.229	2.560E-46	28	849	850	4	873	874	24M1D30M7D5M2I1M5D101M11D34M1D18M4D17M1D79M1D1M3I13M1D12M5D9M5D4M5I25M1I59M6D56M3D6M12I3M1I55M1D61M11D4M3D14M1D25M2D6M3D15M3I5M10I5M8D26M7D4M5I20M2I2M1D8M1D9M4D12M1I9M
6	1809	0.233	2.454E-46	11	845	850	4	884	888	17M1D4M1D19M1D9M1D24M5I1M2I99M12D30M1D21M1D7M1I9M1I8M4D14M4I54M4I3M12D5M8D13M10D3M5D11M5D6M3I23M1I19M15D8M4I18M4I5M4I50M2D4M8D10M2I5M4I55M1D49M1D5M2I8M2D14M1D11M6D2M1I8M2D24M7I7M4I4M5I24M1D4M2I2M4D16M1I4M2D38M
49	1725	0.234	2.632E-47	10	843	850	2	886	888	19M1D19M1D34M7I97M4D4M13D35M1D18M1D15M2I79M4I9M12D12M4D6M6D43M1I18M3D3M6D6M1D22M2I6M4D55M3D13M2I3M4I56M1D64M1D14M1D15M3D6M3D26M2I20M2D26M2D5M3I2M4D18M4D1M3I35M
27	1714	0.236	1.233E-47	11	845	850	4	909	911	37M1D42M2I99M13D42M1D23M1I81M3D3M1I3M3D3M11D4M6D11M6D7M10D42M8D3M1D16M4D3M6D33M1D60M3D16M6I55M1D55M1I8M3D14M1D15M3D2M4D32M3I4M7I38M2D21M1D42M
4	1692	0.235	6.835E-48	9	839	850	0	880	883	20M1D21M1D32M7I101M13D43M1D10M1D6M1I18M3D4M1I6M3I58M4I4M20D4M8D12M4D4M6D9M6D4M2I48M4D4M4D6M2D30M3D54M1D3M2D14M6I56M1D53M1I12M2D12M1D15M3D2M4D29M5I5M10I37M2D25M1D10M4I16M
33	1686	0.221	3.253E-44	29	849	850	5	871	872	23M1D30M5D8M5D98M6D3M5D39M1D13M4D17M1D81M2I13M1D12M5D43M1I24M2I35M6D51M13I12M3D56M1D36M4D25M9D2M1D15M1D14M2D6M2D11M1D15M2I6M8I3M3D4M2D31M2I15M3D19M5D21M1I9M
32	1612	0.236	1.440E-45	12	841	850	5	890	892	15M1D30M1D25M7I97M4D4M8D42M8D7M1D15M9I76M3I3M6D7M22D12M5D5M5D12M4D31M1I18M12D9M4I18M3D9M1D54M7D17M6I56M1D55M1I10M2D12M1D10M1I4M4D4M2D3M2D22M7I9M9I28M1D4M2I9M3D14M2D34M
47	1587	0.223	9.729E-44	11	847	850	11	888	893	16M1D25M1D30M7I96M3D5M11D33M1D19M1D6M3D7M5I80M4I3M28D16M3D7M8D2M1I14M1I23M3D20M13D9M4I16M2I2M6I58M3D7M6I63M1D55M1I10M2D12M1D11M6D2M3I5M4D25M7I8M9I32M1I2M4D19M1D42M
36	1585	0.233	2.490E-45	12	841	850	4	889	891	15M1D30M1D25M7I97M4D4M8D42M8D7M1D15M9I76M3I3M6D7M22D12M5D5M5D12M4D31M1I18M12D9M4I18M3D9M1D54M7D17M6I56M1D64M1D16M1D8M1I4M4D4M2D3M2D22M7I9M9I28M1D4M2I2M4D6M1I14M1I2M3D31M
51	1582	0.217	2.909E-43	11	848	850	11	890	893	16M1D21M1D34M7I79M1D4M1I18M12D41M5D23M5I80M4D12M23D11M2D7M4D17M2D25M2D18M3D6M3D5M4D23M1I2M7I54M3D15M6I55M1D64M1D14M1D15M3D6M4D24M9I3M6I39M1I2M4D16M1I4M2D41M
31	1572	0.223	9.729E-44	11	849	850	10	890	893	16M1D25M1D30M7I98M4D3M10D33M1D19M1D6M3D7M5I80M4D11M10D2M10D10M3D7M8D2M1I14M1I23M3D19M3D5M6D6M1D23M1I2M7I54M3D10M2I4M4I56M1D49M1D5M2I7M1D1M1D14M1D15M3D6M4D26M6I3M1I4M9I32M1I2M4D19M1D44M
35	1572	0.220	1.151E-43	11	847	850	10	888	893	16M1D25M1D30M7I98M4D3M10D33M1D15M4D17M5I80M4I3M28D16M3D7M8D2M1I14M1I23M3D18M13D11M3I17M2I2M6I58M3D15M6I55M1D49M1D5M2I7M1D1M1D14M1D15M3D6M4D26M6I3M1I4M9I32M1I2M4D19M1D42M
50	1557	0.224	6.210E-43	11	848	850	11	889	893	16M1D22M1D33M7I99M2D2M11D36M1D16M1D6M3D7M5I80M4D4M2D4M11D4M7D11M3D7M8D2M1I14M1I23M3D20M13D9M3I21M1I2M7I54M3D15M6I55M1D49M1D5M2I7M1D1M1D14M1D11M6D2M3I5M4D26M6I3M1I4M9I32M1I2M4D19M1D43M
1	1556	0.222	4.433E-43	11	849	850	11	891	892	16M1D25M1D30M7I79M1D4M1I17M12D42M5D23M5I78M3D5M3D5M18D8M2D7M3D7M4D17M2D24M2D17M3D8M3D5M4D23M1I2M7I50M2I1M5D16M6I55M1D51M1D3M2I8M2D14M1D15M3D4M2D3M2D23M9I3M6I39M1I2M4D16M1I4M2D42M
52	1555	0.230	7.340E-46	9	841	850	0	873	880	40M1D33M7I102M12D41M5D23M1D19M4D66M4I3M12D5M2D11M2D5M5D13M4D32M1I18M4D2M6D33M3D57M1D4M2D4M9I7M3D109M1I9M1D1M1D14M1D15M3D6M8D26M6I1M17I3M1D23M1D2M3D3M1I20M1D37M
53	1553	0.228	4.306E-45	9	839	850	0	868	874	44M1D29M7I101M12D42M5D31M1D11M4D65M4I9M11D11M2D5M5D10M4D31M1I22M4D2M6D37M3D53M1D4M2D14M6I109M1I10M2D14M1D15M3D6M4D26M18I29M2D6M3I2M4D18M1D35M
7	1550	0.227	1.613E-43	11	845	850	11	887	891	16M1D24M1D31M7I79M1D4M1I17M12D36M1D10M4D19M5I80M4D4M2D8M21D11M2D7M8D2M1I14M1I25M2D17M3D6M3D9M4D19M1I2M7I53M3D16M6I55M1D51M1D3M2I8M2D14M1D15M3D4M6D2M2I22M9I3M6I34M1D4M2I28M5D33M
48	1548	0.217	2.564E-43	11	848	850	11	890	894	16M1D25M1D30M7I24M3I6M1I4M4D60M4D3M10D36M1D17M4D12M5I80M4D11M10D2M10D10M3D7M8D2M1I14M1I23M3D18M13D11M3I17M2I2M6I58M3D15M6I55M1D42M1D12M2I7M1D1M1D14M1D11M6D2M3I5M4D25M7I8M9I32M1I2M4D19M1D43M
10	1526	0.218	6.486E-40	29	848	850	5	785	793	22M1D32M10I5M2D122M1D121M2I4M1D36M4I23M2I7M2I5M3I11M4I25M1I54M2I3M2D6M3I7M4I110M6D7M3D4M2D11M1D8M7I7M5D31M11I5M1I10M3D10M1I10M6I11M5I5M3D32M1I7M
25	1517	0.204	5.962E-40	27	849	850	3	775	776	25M1D23M1I7M6I6M1I73M1I50M1D120M2I17M2I5M3D13M1D4M5I21M3I3M1I18M10I15M4I8M5D53M2D9M4I6M5I106M7D16M2D13M1D13M2I8M4I19M3I10M9I17M1I10M6I8M1I14M2D23M4I15M
38	1498	0.214	5.038E-40	29	848	850	5	785	793	22M1D32M10I5M2D122M1D121M2I4M1D36M4I24M2I6M2I5M3I11M4I25M1I55M2D2M2I6M3I7M4I110M6D3M7D6M2I11M1D8M7I7M5D31M11I5M1I10M3D11M4I3M6I14M2I8M3D32M1I7M
0	1497	0.213	4.698E-39	29	847	850	5	781	789	20M1D34M7I4M1I137M1D107M1D1M3I7M3I30M4I18M2I12M2I7M7I37M1I62M3I7M4I109M6D8M7D2M2I11M1D9M5I8M3D27M11I6M1I14M3D10M2I8M4I6M1I6M5I5M3D39M
39	1496	0.221	1.170E-39	27	848	850	3	785	793	24M1D32M7I5M1I124M1D121M2I4M1D36M4I24M2I6M2I5M3I11M4I25M1I54M2I3M2D6M3I7M4I110M6D7M3D4M2D11M1D8M7I7M5D31M11I5M1I10M3D10M1I10M6I11M1I8M1I32M1I7M
45	1445	0.216	8.699E-43	52	845	850	2	936	944	30M2D5M3I4M3D72M2D24M13D33M1D33M2I9M10D72M6D4M5D5M11D5M7D15M15D8M17D9M7D26M1I19M15D9M3I19M1I5M4D5M8D51M2I1M9D15M6I98M1D3M1I18M1D14M1D7M2I4M5D6M8D32M4D7M5I5M7D2M5D26M8D2M5I18M1I5M2D10M4I23M
 