13	18662	1.00	0.000E+00	0	2051	2052	0	2051	2052	2052M
1	4123	0.334	0.000E+00	6	2051	2052	1	2188	2190	63M2D228M1D11M10I22M1I90M9D6M31D26M1D145M9I6M3I56M17I18M1I8M1D31M42D2M9D26M1D3M1D128M4I4M1I24M2I11M14I38M15I39M1I7M1D4M6D23M1D9M1D52M3I2M7I3M10I7M4I4M7I13M1I41M13I24M7I44M12I16M2I3M8I45M5D1M3I3M18I10M2D36M1I21M1I16M5D1M3I76M4D3M47D2M46D1M17D4M22D3M44D1M3D5M16D4M11D44M1I187M7I26M7I24M4D10M2I5M1D26M3D60M
12	2798	0.217	0.000E+00	0	2044	2052	0	2232	2243	49M1D61M2D38M1D160M10I20M4D90M41D8M12D4M44D24M3D13M1I24M1I20M2I9M1D75M3D14M8D40M2I17M17I13M3I6M1D24M1D12M10D6M43D22M3D98M4D19M1D20M3D26M1D14M13D42M1I8M5D27M3D5M4I15M3D5M3D12M7D7M1D8M1I16M3D10M1D6M6I6M19I4M6D6M8I8M19I10M7D6M10D6M12I3M9I11M19D3M5I9M3D5M4D6M4D2M2D5M1D14M25I5M5I4M17D2M2D5M5D4M5D1M7I5M4I3M8D8M1I3M1I3M2D11M7I6M3I3M10D2M6I18M1I8M4D4M1D5M20D16M2I13M1D3M1I4M4D2M5D3M2D5M1I3M10I2M1I14M1I4M1I10M4I2M12I7M2D8M34D24M21D15M3D1M9I44M3D9M1I33M2D44M1I75M1D12M4D8M1I3M16I23M2I8M10I22M1I7M4D76M
6	2744	0.215	0.000E+00	1	2048	2052	3	2133	2135	56M1D53M2D122M1D76M10I20M6D71M1I19M3D14M40D11M2I4M6I4M15D6M1I25M1I19M2I87M4D19M3D3M1D31M2I15M4I3M13I10M2I24M1I5M1D11M17D2M26D3M11D18M7D23M2D3M3I77M8D37M5I12M2D10M3D54M2I9M1I3M5D3M1D21M4D26M1D3M5D7M1D5M6D9M1D12M1I10M2D11M3I2M4I6M7D1M25I15M5D1M4I2M14I3M19D15M7I1M7D14M21I4M4I24M2D9M16I24M9D5M6I2M10I5M7I4M5D2M1I6M3I7M10I3M15I3M25D3M1I21M8D1M8D6M1D4M4D10M24D19M1I8M14I5M12I11M10D8M1I6M5I5M1D5M11I2M6D9M27D14M1D6M3D3M11D17M9I3M2D82M3D123M3D21M8I2M7I7M4I21M4I31M4I3M1D80M
11	2277	0.205	3.474E-102	2	2048	2052	4	2102	2108	47M1D19M1I41M2D198M10I22M1D66M3D19M1D14M41D19M8I5M18D4M1D47M3I10M3I28M1D44M1I19M4D31M2I19M17I13M3I5M2I11M3D6M4I14M22D10M26D36M3I17M2D9M1D53M2I14M1I3M1I8M6I32M1D13M1I32M1D16M4I3M5D25M2I14M2D13M4D5M1D1M3D27M2D13M4D2M3I8M8D8M3I9M7I5M12D7M6I9M1I6M6I1M5D4M14I11M1D17M30I14M6D3M1D5M2D3M3D33M1D5M13D6M19D9M1D10M12D5M7I11M6D2M1I5M27I5M7I27M3D4M12D4M9D18M1I9M1D10M4I4M9D8M8D9M5D5M3I13M1I7M9I8M3D4M1I4M3I3M1D2M6D15M1D3M2D8M17D12M2I16M5I35M1I42M3D105M7I25M20I7M4I9M2D3M5I6M7I23M1D10M6I11M6I59M
10	2259	0.200	3.033E-101	2	2043	2052	4	2091	2097	47M1D19M1I41M2D198M10I23M1D66M3D21M3D12M39D16M10I3M20D9M1D44M3I11M3I71M1I12M4D38M2I19M17I13M3I5M2I12M3D4M4I15M22D10M26D36M3I3M1I17M3D5M1D53M2I16M2I9M6I16M2D18M1D11M1I32M2D6M1I6M4I6M5D23M1I5M1I11M2D16M2D3M3D27M2D15M1D12M4D5M27I15M10D1M18I17M12D13M3I8M29I8M3D13M3D3M1D5M2D5M1I2M3D5M1D23M1D7M13D3M6I9M8I2M9D7M7I2M10D1M1I5M3D8M1I7M3D5M2D2M23I2M1D3M1D3M3D6M8D2M2D6M4D4M1D7M21D10M3D9M16D5M1I7M1I5M5D5M4D5M1D5M10I12M3I11M6I11M3I11M2I8M3D3M25D15M2I12M2I13M5I38M1I41M3D103M3D35M20I7M1D3M5I10M3I11M9I16M1D2M9I19M3I36M1I3M1I13M
14	2059	0.190	8.533E-101	0	2043	2052	2	2091	2097	49M1D19M1I41M2D198M10I23M1D66M3D21M3D12M39D16M10I3M20D9M1D44M3I11M3I71M1I12M4D38M2I19M17I13M3I5M2I12M3D4M4I15M22D10M26D36M3I4M3I7M5D12M1D53M2I16M2I9M6I16M2D18M1D11M1I32M2D6M1I17M1D13M4I12M2D10M2D14M2D6M3D27M2D15M1D11M5D5M28I15M10D1M18I17M12D13M1D9M33I6M3D13M9I7M4I1M6I7M4D10M1D3M22I4M4I4M3I18M26I5M7D8M19D14M13D6M3D4M35D3M1D1M6D3M1D5M5D8M24D6M3D9M16D5M1I7M1I4M5D6M4D5M1D5M10I12M3I11M6I11M3I11M2I8M3D3M25D15M2I12M2I12M9I4M4D31M1I41M3D104M3D34M20I7M3I4M1I10M3I11M9I16M1D2M9I19M3I39M2I13M
8	2029	0.210	0.000E+00	2	2043	2052	25	2134	2168	44M1D22M1D42M2D19M1D5M1D174M10I22M4D65M1D26M3D9M40D18M8I4M20D12M2D39M3I9M3I74M1I19M2D34M2I17M17I13M3I10M2I5M4I5M7D16M20D7M1I8M16D21M9D8M1I12M2I6M1I23M1I32M2D21M2I14M7I13M1D11M3I14M2D4M3D31M1I13M1D20M1I4M3D2M8D25M2D6M3I5M7D42M4I2M3I6M9D3M6I2M19I14M11D7M1I3M7D1M6I6M8I4M3I13M14I2M7I9M7I19M3D2M3D10M2I5M4D3M1D5M2D17M1D7M28D7M2I4M4D4M5I6M10D3M8I1M7I3M3D13M9I10M14I11M8D8M8D8M7D7M21D10M21D16M3I8M4D5M4D6M1I2M9I6M3I12M1D7M9I19M1I3M1I6M6D23M20D15M3I4M4I44M1I30M3D116M7I25M13I2M7I6M1D2M2I2M1I21M6I6M2D5M2I10M4I2M4I24M1I52M
3	2000	0.207	1.078E-101	0	2043	2052	2	2091	2097	49M1D19M1I41M2D198M10I23M1D66M3D21M1D12M41D23M13D3M3I6M1D47M3I11M3I71M1I12M4D38M2I19M17I13M3I5M2I12M3D4M4I15M22D10M26D36M3I4M3I13M5D6M1D53M2I16M2I9M4I5M2I11M2D18M1D11M1I32M2D6M1I10M1D22M3I4M2I5M3D10M2D20M5D27M2D13M4D3M3I7M5D9M38I7M8I5M10D17M12D13M3I8M29I8M3D13M20D11M11I22M1D5M21D3M11D20M1I2M4I2M17I4M3D8M1I7M3D3M2D4M23I2M1D3M1D3M3D6M8D10M5D1M7D11M13D4M1D29M4I5M10D2M1I4M8D11M2D17M1D10M6I10M3I11M2I8M3D3M25D15M2I12M2I12M3I4M2I35M1I41M3D104M3D34M20I9M9I7M4D1M2I11M9I16M1D2M9I19M3I39M2I13M
4	1947	0.206	6.923E-102	0	2043	2052	2	2091	2097	49M1D19M1I41M2D198M10I23M1D66M3D21M1D12M41D23M13D3M3I9M1D44M3I11M3I71M1I12M4D38M2I18M17I14M3I5M2I12M3D4M4I15M22D10M26D36M3I4M7D5M2D2M7I8M1D53M2I16M2I9M6I15M2D19M1D11M1I32M2D6M1I10M1D22M3I4M2I5M3D11M2D11M3I5M8D27M2D13M4D2M3I7M5D10M36I7M10I5M10D17M12D13M7I4M14I9M8I19M3D3M1D5M2D5M1I2M2D5M2D23M1D7M13D3M6I9M8I2M9D7M7I2M10D1M1I5M3D8M1I11M5I4M17I8M9D6M8D10M1I4M5D7M21D4M1D29M4I5M10D2M1I4M8D11M2D17M1D10M6I10M3I11M2I8M3D3M6D17M17D12M2I12M3I4M2I35M1I41M3D104M3D34M20I7M4I14M3I6M6I5M3I16M1D2M9I19M3I39M2I13M
9	1940	0.206	6.923E-102	0	2045	2052	2	2093	2097	49M1D19M1I41M2D198M10I23M1D66M3D21M1D12M41D23M13D3M3I9M1D44M3I11M3I71M1I12M4D38M2I19M17I13M3I5M2I12M3D4M4I15M22D10M26D36M3I10M2I6M4D8M1D53M2I16M2I9M4I5M2I11M2D18M1D11M1I32M2D6M1I6M2I3M3D21M3I4M2I5M3D11M2D13M2D6M3D27M2D13M4D2M3I7M1I2M5D4M27I4M10I7M8I5M10D17M12D13M3I8M29I8M3D13M3D3M1D5M2D5M1I2M3D5M1D23M1D5M21D3M2D4M9D16M1I2M4I2M17I3M1I3M2D10M11I3M2I5M2I3M6I9M9D6M8D10M5D3M10D6M13D10M3D9M16D5M1I7M1I5M5D5M4D5M1D5M10I12M3I12M6I10M2I3M1I8M2I8M3D3M25D15M2I12M2I12M3I4M2I35M1I30M4D10M1I104M3D34M20I7M3I4M1I10M3I6M6I10M3I11M1D2M9I19M3I39M2I15M
16	1935	0.214	3.432E-103	2	2043	2052	21	2130	2164	44M1D22M1D42M2D19M1D5M1D174M10I22M4D65M1D26M3D8M40D19M8I4M20D4M2D48M3I8M3I13M1I2M1D58M1I19M2D34M2I17M17I13M3I10M2I5M4I5M7D16M20D7M1I8M16D21M9D8M1I6M3I5M1D4M1I25M1I32M2D21M2I14M7I13M1D11M1I20M3D34M1I10M1D20M1I4M3D1M8D26M2D13M4D23M2D9M2I9M4I4M3I4M9D3M6I2M19I14M11D7M1I4M4I4M4D8M10I14M14I2M7I9M7I19M3D2M3D10M2D10M1D5M2D17M1D7M28D7M2I5M4D3M5I6M10D3M8I1M7I3M3D14M1I5M5I3M17I12M6D4M11D3M1I6M5D3M10D6M13D10M21D12M3I12M4D5M4D6M1I2M9I6M3I11M1D9M6I12M2I3M1I3M1I3M1I6M6D12M22D9M2I15M3I4M4I44M1I30M3D116M1I3M6I22M13I2M7I6M1D2M2D2M1I7M4I12M6I23M4I5M4I20M1I53M
2	1928	0.205	8.533E-101	2	2045	2052	3	2098	2102	44M1D22M1I41M2D198M10I23M1D65M2D22M3D13M46D15M10I3M1I3M21D2M1D47M3I10M3I72M1I19M4D31M2I17M17I15M3I5M2I18M1I16M12D4M16D5M20D37M8D10M10I15M1D45M1I5M1I13M2I8M4I6M2I73M1D13M4I5M5D18M3I7M1D14M2D17M1D5M4D24M2D15M4I3M4I6M20I7M10D11M6I6M8D2M1I3M12I15M13D2M20I3M8I10M5I7M2D4M8D10M4D8M2D5M1I2M3D5M1D6M1D6M2I17M3I3M10D7M7D2M7I1M4D7M4I5M2D4M4D1M1I5M3D8M1I7M5I9M9D6M10I3M4D2M1I16M4D2M1D9M21D10M3D9M16D5M1I7M1I5M5D5M4D5M1I5M8I4M4I11M1D9M6I10M2I3M1I8M2I2M6D11M3D12M17D15M2I11M1I3M4I53M1I26M3D46M5D57M8I26M20I7M4I14M3I6M8I9M2I11M4D2M9I23M3I35M3I14M
7	1861	0.207	1.027E-101	0	2048	2052	1	2090	2092	49M1D18M1I42M1D198M10I22M1D66M3D22M2D9M3D3M41D15M10I4M1I5M12D4M10D43M3I11M3I71M1I19M4D31M2I19M17I13M3I5M2I18M1I16M22D9M25D4M1D33M3I2M4I9M3I1M7D7M1D53M2I16M2I9M4I5M2I28M1D7M5D4M2I33M1D17M1D19M1I4M3D9M3I10M2D22M3D1M1D24M2D14M11I11M19I2M8D16M10D9M21I8M13D7M1I3M30I3M6I8M2D4M8D10M3D3M2I13M7D4M1D22M1D5M13D4M6I10M8I4M5D1M2I9M7D4M1D5M3D5M1I11M5I6M9D12M2I2M4I3M1I6M2I10M5D3M10D6M13D10M3D9M16D5M1I7M1I5M5D5M4D5M1I2M9I6M3I12M1D7M8I15M1I8M2I8M6D6M22D9M2I15M2I12M3I4M2I35M1I42M3D104M6I9M1I17M20I7M3I4M1I12M3I4M6I26M9I19M3I40M2I17M
15	1841	0.195	1.078E-101	2	2047	2052	31	2072	2074	41M1D5M1D20M1I41M2D17M7I7M4D167M10I21M5D68M1D38M2I17M20D2M19D4M22D11M1I38M1D4M4I11M1I70M1I53M2I15M4I3M13I13M5I21M2I2M1D13M46D42M2I3M1D8M3D12M1D7M1I6M1D33M3I14M1I25M5I17M2D20M3D8M6I33M2I7M2I7M3D27M2I30M3D26M6D10M1I7M12I3M26I5M50I5M56I6M5I1M3I10M6I12M9D11M10I2M2I11M1I5M3D17M11D1M7I6M1D6M3I4M1I2M11I2M45D5M1D1M18D8M13D2M1I2M9D2M5D3M2I10M4D4M1D7M21D10M3D2M6I11M1I5M12I4M2I1M9D6M2D18M6D3M16D6M3D3M6I1M9I9M1I8M3D19M8D5M12D13M10I6M8I24M1D51M2D3M1D101M1D6M1D34M20I3M1I16M5I7M3D9M3I25M5I18M2I5M3D52M
0	1748	0.200	6.586E-98	2	2048	2052	3	2077	2080	47M1D19M1I41M2D198M10I23M1D40M1D6M1I19M2D22M4D10M42D16M2D1M10I6M18D9M1D41M3I17M3I67M1I17M4D34M2I15M17I15M5I22M1I14M22D12M26D36M3I8M8D3M7I8M2D4M1I48M2I16M2I9M4I5M2I29M1D11M1I38M1D7M3I4M6D2M2I17M6D5M7I10M2D20M6D25M6D4M4I10M10I10M20I3M7D15M12D7M32I4M13D6M31I4M4I11M6D11M11I8M2D3M18D31M25D4M9D14M1I3M4I2M17I4M3D5M1I10M3D4M6I5M7D12M6I2M1I11M4I3M1D6M1D5M26D33M6I5M11D6M8D9M5D10M3I7M1D9M6I10M3I11M2I2M17D9M11D15M2I12M2I16M5I35M1I42M3D106M2I5M5I19M20I7M1D19M7D2M2I1M5I3M8I9M2D11M17I10M3I39M3I17M
5	1731	0.201	7.268E-98	2	2043	2052	32	2068	2074	41M1D5M1D20M1I41M2D15M10I6M7D167M10I21M5D66M1D23M1D14M7I4M1D10M21D3M18D4M22D8M1I41M1D4M4I4M1D6M2I70M1I53M2I15M4I3M13I13M5I25M1D13M46D42M2I3M1D5M5I9M10D1M1I6M1I6M1D33M3I14M1I15M2I10M3I17M2D20M3D8M6I30M2I16M1D2M2I9M5I5M1D9M2D26M2I3M5D23M8D19M4I5M3I6M22I3M3D2M15I14M3I2M6D2M18I9M31I4M4I12M5D10M9D3M8D10M9I10M4I13M1I3M8I1M14D18M9I5M3D3M7D5M3D1M1I16M4I5M9D8M11I22M2D4M1D7M21D10M3D2M6I11M1I5M12I5M1I3M10D22M6D3M16D6M3D3M6I1M9I9M1I8M3D19M8D5M12D7M13I3M3D6M8I23M1D47M4D2M1I105M1D7M1D29M14I2M6I6M3D9M4D9M5I2M2I7M7I7M1D12M1I5M4I19M2I5M3D48M
 