44	4593	1.00	0.000E+00	0	494	495	0	494	495	495M
30	3855	0.840	0.000E+00	0	494	495	0	494	496	495M
31	3759	0.824	0.000E+00	0	494	495	0	494	495	495M
26	3743	0.872	0.000E+00	0	494	495	0	494	496	495M
20	1573	0.347	1.197E-53	0	491	495	0	486	492	76M1D36M2D32M1I6M3I2M1D5M7I55M1D9M1I27M1D27M9I3M1I23M1I28M1I26M1I28M10D3M3I23M4D20M3I12M2D11M4D9M
2	1535	0.348	4.330E-52	0	491	495	0	486	492	76M1D36M2D30M5I1M2D13M7I92M1D27M9I3M1I23M1I28M1I28M1I26M10D3M3I24M1I3M5D15M3I12M2D16M4D4M
12	1535	0.337	4.330E-52	0	491	495	0	486	492	76M1D36M2D28M1I10M3I2M7I6M1D91M1D27M9I3M1I24M1I27M1I27M1D1M2I25M10D3M3I23M3D4M1D16M3I13M2D10M4D9M
24	1379	0.328	1.609E-49	0	479	495	1	462	499	71M7D6M1D67M26I12M5D5M4D27M1D3M1I10M2D4M2I26M1D21M1D9M10I69M1I10M6I17M15D17M1D41M10I9M
1	1357	0.320	3.615E-47	1	489	495	27	506	529	3M2D68M3D39M3D2M3D13M1D14M19I45M2I22M1D6M1I25M1D31M10I22M1I54M6I27M8D5M12D26M2I9M3I14M1D20M
42	1354	0.320	2.412E-48	0	479	495	1	462	499	71M7D6M1D67M26I12M5D5M4D27M1D3M1I10M2D4M2I26M1D21M1D9M10I69M1I10M6I17M2D2M7D7M6D8M1D41M10I9M
28	1343	0.314	5.468E-48	2	479	495	3	462	499	69M7D6M1D67M26I12M5D5M4D41M2D4M2I26M1D21M1D9M10I69M1I10M6I17M15D17M1D41M10I9M
9	1339	0.320	3.103E-48	0	479	495	1	461	498	71M6D3M2D70M26I12M5D5M4D20M1I6M1D3M1I10M2D4M2I26M1D21M1D9M10I69M1I10M6I17M15D17M1D41M10I9M
33	1326	0.312	8.497E-48	2	479	495	3	462	499	69M6D3M2D70M26I10M6D7M3D27M1D3M1I10M2D4M2I26M1D21M1D9M10I69M1I10M6I17M15D17M1D41M10I9M
15	1289	0.312	1.153E-45	0	484	495	3	476	509	73M3D38M3D2M3D13M1D4M4I12M6I6M8I4M1I35M2I20M1D6M1I22M1D33M8I2M2I22M1I53M6I27M8D5M12D26M2I11M3I12M1D15M
11	1219	0.270	8.342E-44	0	480	495	0	538	543	73M6D38M3D4M3D15M4I8M13D4M5I2M18D11M16D42M2I52M1D18M5D12M8I2M2I70M1D8M6I11M4D8M13D5M3I3M2D24M3I29M6D9M
4	1203	0.268	1.566E-43	2	481	495	1	539	544	69M7D2M1I37M3D4M3D15M4I8M9I13M3I2M55D1M1I35M2I52M1D18M5D12M8I2M2I70M1D8M6I7M2D4M4D8M6D6M1D5M4D24M3I28M6D11M
35	950	0.250	6.480E-37	0	480	495	0	471	487	24M1I24M1I24M1D40M1D17M4I9M2I2M6I4M11I3M2D8M1I26M1I16M3I4M9D30M1D19M3I8M10I77M3D7M10D6M1D8M3I4M2I9M2D6M16D15M6I20M2I7M1D8M
27	934	0.250	1.007E-36	0	480	495	1	472	488	24M2I3M1D20M1I24M1D40M1D17M4I9M2I2M6I4M11I3M2D4M1I27M1I19M3I4M9D29M1D20M3I8M10I77M3D8M6D2M4D3M1D8M3I4M2I7M2D8M16D15M6I22M2D4M3I8M
29	925	0.249	4.284E-36	0	480	495	0	471	487	24M2I3M1D20M1I24M1D37M1D20M4I9M2I2M6I4M11I3M2D4M1I28M1I18M3I4M9D29M1D20M3I8M10I77M3D8M6D2M4D3M1D11M4D14M5D6M4D16M6I22M2D4M3I8M
34	922	0.238	5.511E-36	0	480	495	17	490	508	29M1I19M1I24M1D37M1D21M2I10M10I4M11I3M2D8M3I5M3D16M1I19M3I4M9D29M1D20M3I7M8I2M2I76M3D7M10D6M1D11M6D3M2D7M11D5M5I16M6I20M2I7M1D8M
41	919	0.236	3.777E-36	4	480	495	4	473	516	25M1I19M1I24M1D37M1D21M2I10M10I3M11I4M2D8M3I5M3D16M1I19M3I4M9D29M1D20M3I7M8I2M2I76M3D7M10D6M1D8M3I5M3I4M15D8M5D16M6I20M2I7M1D8M
5	913	0.245	4.023E-36	1	476	495	2	480	495	23M2I4M1D19M1I24M1D37M1D20M4I9M5I4M7I26M1I20M1I16M3I4M9D29M1D20M3I8M10I77M3D2M11D11M11D8M3I4M6D6M4D8M2D20M3I5M3I7M1I6M3D5M3I4M
25	911	0.257	7.550E-36	3	480	495	4	472	488	21M1I24M1I24M1D40M1D17M4I9M2I2M6I4M11I3M2D8M1I26M1I16M3I4M9D30M1D19M3I8M10I77M5D8M4D2M4D3M1D8M3I4M2I12M2D3M16D15M6I20M2I7M1D8M
13	894	0.234	1.102E-35	0	476	495	0	476	494	24M2I4M1D19M1I24M1D37M1D20M4I9M2I4M10I26M1I20M1I16M3I4M9D26M1D23M3I8M10I77M18D1M1I11M8D8M3I4M6D10M1D7M5D17M3I2M4I16M1I4M2I5M
8	891	0.258	1.941E-35	1	476	495	2	480	495	23M2I4M1D19M1I24M1D37M1D20M4I9M5I6M2I6M1I4M4I14M1I20M1I16M3I4M9D5M1I6M1D14M1D23M3I8M10I77M3D2M4D9M17D2M1D8M3I4M6D4M4D10M2D20M6I12M1I18M
38	818	0.238	8.716E-33	0	462	495	0	478	482	111M10D23M12D3M6D7M3I8M8D5M4D8M2I10M3I23M2I15M1D6M1I30M1D17M9D13M7I1M3I22M1I58M5I3M1I10M6D5M5I5M1I20M6I5M1I14M
14	814	0.242	2.323E-33	2	476	495	3	477	495	22M2I4M1D19M1I24M1D37M1D20M4I5M2I3M7I10M7I19M3D19M1I16M3I4M9D30M1D19M3I8M10I77M14D6M1D7M10D8M3I4M6D6M4D8M2D20M3I2M4I16M1I4M2I5M
17	697	0.215	1.522E-30	2	479	495	1	532	536	27M1I19M1I23M2I7M11D50M4I8M1I8M6I8M4I36M1I15M45D4M4D17M5D18M1D15M26D5M2D6M3I2M1D5M1D51M1I11M8D13M3D4M6I6M1I11M4I6M1I4M6I15M3I23M8I8M
18	696	0.204	6.897E-30	4	469	495	10	492	514	21M8D4M18D43M2I40M23D15M3I4M29I7M1D8M1I5M2I26M1D3M4I9M1I6M11D25M1D11M1D2M6I4M3D3M10I26M1I45M1D14M25D7M6D11M6I4M2I3M6I5M1I9M7I17M1D2M2I4M
49	675	0.219	3.210E-28	0	478	495	0	430	466	23M2I5M2D47M5I28M1D3M5D5M2I14M33I13M1D2M1D8M3I30M3D2M10D6M2D3M2D11M5D15M1D14M1I13M15I18M3D1M2I29M2I25M1I2M2D7M2D10M16I7M1D16M1I25M6I8M
45	673	0.198	4.439E-30	0	479	495	1	535	541	23M2I5M1D19M1I23M2I3M8D5M6D49M3I5M3D3M19I3M1I3M3D12M1I7M2D15M1I13M11D3M31D6M8D16M5D19M1D15M4D5M21D6M3I2M1D4M2D3M1I46M2I2M1D9M8D14M2D4M10I3M3D17M7I3M4I12M3I28M6I9M
46	653	0.185	2.830E-28	0	480	495	0	532	546	29M1I19M1I24M1D8M6D46M3I10M22I7M5D10M1I23M1I16M41D8M4D6M3D10M5D17M1D12M11I9M6D5M15D2M13D47M4D5M2D17M1D8M10I3M3D10M1I3M1I11M6I15M3I30M2D4M1D6M
51	648	0.201	6.246E-29	2	480	495	2	511	524	20M1D2M3D6M2D20M1I17M6D9M3D4M1I6M8D37M2D1M3I7M16I4M13I6M2D5M14D8M23D35M1D6M6D8M3D18M10D3M1I14M1D6M5I6M10I30M1D23M2D20M2D7M1I12M4I4M6I7M1I7M4D16M2D38M3I2M
50	611	0.175	1.441E-25	0	476	495	0	416	457	75M5I31M2I6M3I8M16I7M11I2M4I2M21I12M3I20M6D5M12D41M11I3M14I51M2I36M3D10M11D4M10D4M1D2M8I20M1I24M2I11M
36	601	0.154	8.179E-26	0	477	495	0	505	507	73M3I4M2I32M6I17M30I13M1I6M2I18M1I14M3D3M9D6M52D3M20D3M5D7M9D15M1I2M2D14M4I2M2I3M12I1M1I2M1D49M2I18M3D7M1I11M3D9M2D2M13I5M2I17M1I28M3D10M
3	559	0.171	2.103E-25	0	477	495	0	485	487	24M5I8M1D39M4D20M1D11M1I7M2I3M7D11M4I2M29I13M1I8M3D19M1I15M7D14M32D24M1D21M18I2M2D3M1I15M1I32M1I19M3D5M14D5M3D4M3D3M4D6M4D5M11I3M2I25M6I17M4D7M2I3M
52	545	0.170	3.575E-24	0	475	495	0	459	464	17M1I54M3I5M4I2M5D20M2I11M2I7M3D8M13D8M22I3M14I20M2I9M1D3M3I5M14D5M6D7M29D23M1D19M6I2M12I20M4D4M1I27M3I26M2I4M4I1M4D10M1I6M5I6M3I17M1I21M5I10M
37	543	0.161	1.226E-24	0	463	495	0	473	489	22M8D8M3D50M1D41M21D7M1I5M4I6M26I1M5D8M9I18M3D17M1D7M8D3M6D4M11D23M1D14M2I4M4I3M11I25M1I19M3D4M1I4M2I12M1D8M3D17M7D8M3I15M6I17M2I22M
22	543	0.176	6.133E-25	0	477	495	0	491	493	24M5I8M1D39M4D4M4D1M2I4M2I7M1D11M1I7M2I3M7D11M4I2M29I13M1I8M3D19M1I15M7D14M32D21M1D24M18I4M1D17M1I32M1I19M3D5M14D5M3D4M3D3M4D4M2D2M2D5M11I3M2I25M6I17M4D6M4D6M
40	532	0.171	1.577E-24	0	480	495	0	478	484	24M5I8M1D39M4D5M2I6M2D8M1D10M1I7M2I3M7D10M4I3M29I13M1I8M3D19M1I15M7D14M32D24M1D21M18I2M2D3M1I15M1I32M1I19M3D5M14D5M3D4M3D3M4D6M4D5M11I3M2I19M2I2M4I6M3I13M1I4M4I5M
43	531	0.190	6.956E-25	3	460	495	0	455	481	68M3I14M1I24M4I12M5I7M10I17M24D5M1D2M11I3M2D18M1I6M1D3M14D9M4D11M16D7M5D18M1D13M5I2M1I4M12I1M1I3M1D18M3D31M2I24M1I4M6I1M4D9M2D2M7I2M3I3M6I15M1I22M
47	520	0.172	1.957E-23	0	469	495	0	447	450	17M1I54M3I4M1D23M2I15M2I3M1I6M6I6M9I3M5D15M7I1M5I5M3D26M1D3M9D3M7D7M5D3M14D7M11D23M1D23M18I22M1I28M2I16M1I13M7I6M2D4M6I5M5I4M1I16M1I9M3I19M
21	516	0.185	8.947E-25	3	478	495	0	479	481	64M2I12M1I6M1I24M4I12M5I7M10I17M24D5M1D2M11I3M2D28M14D9M4D11M16D8M5D17M1D13M5I2M1I4M12I1M1I3M1D18M3D31M2I24M1I4M6I1M4D9M2D2M7I2M3I3M6I15M1I22M7D14M1I3M
16	515	0.179	2.140E-22	0	464	495	0	459	485	18M1I92M2I7M1I5M6I5M45I22M2I15M38D4M2D35M1D13M25I3M3D22M1D24M2I5M9D17M2I6M1I3M1I7M3D11M5D1M26D13M1I2M3I16M1I26M
10	514	0.168	1.390E-24	0	480	495	0	478	482	24M5I8M1D39M4D4M4D1M2I4M2I7M1D11M1I7M2I3M7D12M33I14M1I8M3D19M1I15M7D14M32D25M1D20M18I4M1D17M1I32M1I19M3D14M5D4M10D5M1D5M7D3M7I1M1D3M2I19M2I2M4I6M3I13M1I4M4I5M
0	506	0.194	6.471E-23	0	465	495	0	454	512	72M3I5M2I28M1D6M5I5M2D2M8D2M11D12M8I4M29I25M5D19M15D6M28D27M1D15M5I2M1I4M12I1M1I2M1D28M2I23M1D22M6I7M3D9M16I5M1D17M2D28M
7	481	0.177	2.140E-22	3	476	495	1	450	497	74M5I29M10I3M10I5M7I3M2I4M7I5M14I2M16D5M14D35M2D3M18D8M8D3M11D46M16I1M1I19M1I3M1I22M2I12M6I12M1I3M4D8M3D9M16I3M1D19M1I25M1I12M
48	466	0.170	8.866E-23	0	455	495	0	440	469	19M2D2M1I7M1I37M9I10M13D20M8I7M3D8M5D14M12I8M1I5M3D8M1I1M13I15M2D16M2D3M10D9M17D2M16D24M1D15M5I1M1I4M12I21M1I31M2I11M2I7M2D8M8I1M2D10M6I4M3I3M6I14M1I18M
32	460	0.163	1.140E-22	3	466	495	1	497	514	19M2D7M3D43M3I4M4I2M2D21M1I10M5D3M7D4M3I2M1I22M8I4M3I5M4I5M8D4M1I3M2D14M2I9M10D23M43D6M1D19M1D25M1I2M17I17M1D29M2I11M1D25M13D9M16I5M1D17M1I28M
23	455	0.165	2.932E-22	3	464	495	1	495	514	19M2D8M3D42M3I4M4I2M2D21M1I9M5D5M7D3M3I6M13D5M4D4M9I5M9I5M2D2M9I4M1I3M2D14M2I9M10D8M40D5M2D6M2D29M1D25M1I2M17I14M1D32M2I11M1D25M13D9M16I5M1D17M1I26M
39	450	0.166	1.939E-21	0	478	495	0	448	471	66M4D3M7I5M3D23M8I6M2D6M41I3M3I22M1D8M3I5M1D5M1D3M10D8M3D12M37D24M1D14M4I3M2I2M12I2M1I3M2D19M1D11M1D18M2I16M1D4M2D7M8I2M7D11M14I22M1I28M4D3M5I4M
6	416	0.153	2.562E-20	0	455	495	0	516	519	17M1I54M6I5M4D23M2I6M2D3M2D8M1D1M1I13M10I1M1I2M8I8M9I9M6D29M10D4M10D2M31D8M3I11M5D15M1D14M1I7M1D1M18I21M3D2M21D31M9D18M9D4M2D2M3D10M4D2M4D10M1I4M1I5M2I4M2D26M5I7M
19	409	0.162	2.179E-19	0	453	495	0	509	511	17M1I59M3D4M5I20M2I6M2D3M2D8M1D1M1I13M10I1M1I2M8I8M9I9M6D40M22D2M21D7M10D23M1D14M1I7M18I3M1D19M1D3M23D30M9D18M9D4M2D2M3D12M8D10M1I4M1I5M2I4M2D19M10I7M
 