270	1422	1.00	5.969E-35	0	161	162	0	161	162	162M
24	1390	0.969	3.581E-34	0	161	162	0	161	162	162M
268	1389	0.981	3.794E-34	0	161	162	0	161	162	162M
277	1381	0.969	6.024E-34	0	161	162	0	161	162	162M
25	1379	0.962	6.024E-34	0	161	162	0	161	162	162M
330	1378	0.969	7.165E-34	0	161	162	0	161	162	162M
331	1377	0.956	7.165E-34	0	161	162	0	161	162	162M
327	1361	0.981	1.609E-33	0	161	162	0	161	162	162M
329	1355	0.913	2.276E-33	0	161	162	0	161	162	162M
54	1346	0.919	4.554E-33	0	161	162	0	161	162	162M
36	1345	0.912	3.614E-33	2	161	162	1	160	161	160M
90	1341	0.906	4.554E-33	2	161	162	1	160	161	160M
261	1314	0.906	2.168E-32	2	161	162	1	160	161	160M
166	1232	0.805	1.857E-30	2	160	162	1	159	160	159M
262	1217	0.805	4.419E-30	2	160	162	1	159	160	159M
102	1188	0.773	2.229E-29	2	160	162	1	159	163	159M
180	1186	0.740	1.051E-29	0	161	162	0	161	163	162M
148	1182	0.759	1.576E-29	0	161	162	0	161	162	162M
349	1162	0.703	3.750E-29	0	161	162	0	161	162	162M
273	1160	0.703	3.973E-29	0	161	162	0	161	162	162M
104	1156	0.731	8.422E-29	2	161	162	1	160	161	160M
122	1155	0.697	4.460E-29	0	161	162	0	161	162	162M
241	1153	0.668	1.590E-28	2	161	162	1	160	162	160M
147	1139	0.709	1.785E-28	0	161	162	0	161	162	162M
310	1134	0.622	2.835E-28	2	160	162	1	159	162	159M
67	1131	0.673	1.417E-28	0	155	162	0	155	157	156M
116	1129	0.693	3.572E-28	2	161	162	1	160	161	160M
177	1127	0.668	5.353E-28	2	161	162	1	160	162	160M
174	1105	0.698	6.745E-28	0	155	162	0	155	158	156M
358	1022	0.583	1.030E-25	5	153	162	4	152	156	149M
8	1012	0.532	1.456E-25	0	155	162	0	155	156	156M
9	973	0.556	1.387E-24	2	152	162	1	151	156	151M
247	964	0.506	2.776E-24	4	161	162	3	159	160	69M1I88M
314	963	0.503	2.941E-24	3	161	162	2	159	160	70M1I88M
57	959	0.503	3.706E-24	3	161	162	2	159	160	70M1I88M
313	958	0.503	3.706E-24	3	161	162	2	159	160	70M1I88M
188	957	0.503	4.160E-24	3	161	162	2	159	160	70M1I88M
293	957	0.503	3.926E-24	3	161	162	2	159	160	70M1I88M
86	956	0.503	4.407E-24	3	161	162	2	159	160	70M1I88M
94	955	0.506	4.670E-24	4	161	162	3	159	160	69M1I88M
187	955	0.506	4.947E-24	4	161	162	3	159	160	69M1I88M
186	954	0.503	4.670E-24	3	161	162	2	159	160	70M1I88M
72	953	0.503	5.242E-24	3	161	162	2	159	160	70M1I88M
340	953	0.503	5.242E-24	3	161	162	2	159	160	70M1I88M
292	949	0.503	6.605E-24	3	161	162	2	159	160	70M1I88M
259	947	0.503	6.998E-24	3	161	162	2	159	160	70M1I88M
246	945	0.503	8.323E-24	3	161	162	2	159	160	70M1I88M
158	941	0.496	4.947E-24	4	160	162	3	158	166	69M1I87M
288	939	0.509	9.899E-24	3	161	162	2	159	160	70M1I88M
309	939	0.512	7.856E-24	4	161	162	3	159	160	68M1I89M
113	939	0.490	5.554E-24	4	160	162	3	158	166	69M1I87M
56	937	0.490	6.605E-24	4	160	162	3	158	166	69M1I87M
160	936	0.518	1.400E-23	4	161	162	10	166	167	69M1I88M
284	934	0.503	1.322E-23	3	161	162	2	159	160	70M1I88M
196	933	0.487	1.483E-23	4	161	162	11	167	168	69M1I88M
111	931	0.537	1.981E-23	4	161	162	10	166	167	69M1I88M
224	927	0.500	1.764E-23	4	161	162	9	165	166	69M1I88M
31	926	0.506	2.098E-23	4	161	162	9	165	166	69M1I88M
359	925	0.490	9.899E-24	4	160	162	3	158	166	69M1I87M
47	924	0.515	2.644E-23	5	161	162	11	166	167	68M1I88M
255	922	0.477	2.968E-23	5	161	162	5	160	162	68M1I88M
93	921	0.490	1.483E-23	0	161	162	5	166	167	4M1D69M1I88M
216	918	0.500	3.332E-23	4	161	162	8	164	165	69M1I88M
150	916	0.425	2.644E-23	2	161	162	1	159	160	71M1I88M
215	916	0.500	3.740E-23	4	161	162	8	164	165	69M1I88M
207	914	0.481	6.292E-23	4	161	162	3	160	161	158M
322	914	0.512	3.740E-23	4	161	162	9	165	166	69M1I88M
334	914	0.512	3.740E-23	4	161	162	9	165	166	69M1I88M
154	912	0.518	3.530E-23	4	161	162	9	165	166	69M1I88M
21	911	0.406	2.801E-23	2	161	162	2	160	161	71M1I88M
5	911	0.468	2.801E-23	4	161	162	16	172	174	69M1I88M
130	910	0.480	3.145E-23	5	160	162	10	164	167	68M1I87M
68	908	0.509	3.963E-23	3	157	162	2	155	157	70M1I84M
95	908	0.407	2.355E-23	0	161	162	0	160	161	73M1I88M
81	908	0.435	2.355E-23	5	160	162	4	158	166	68M1I87M
244	908	0.518	4.713E-23	4	161	162	9	165	166	69M1I88M
267	908	0.500	1.869E-23	0	160	162	4	164	167	4M1D69M1I87M
107	907	0.537	4.993E-23	4	161	162	9	165	166	69M1I88M
43	905	0.401	3.740E-23	0	161	162	0	160	161	73M1I88M
304	905	0.407	2.968E-23	0	161	162	0	160	161	73M1I88M
6	905	0.522	7.483E-23	5	161	162	9	164	165	68M1I88M
28	904	0.450	3.332E-23	0	161	162	0	160	161	73M1I88M
82	904	0.434	4.713E-23	0	160	162	0	160	164	161M
50	904	0.512	6.666E-23	4	161	162	9	165	166	68M1I89M
117	904	0.437	3.530E-23	2	161	162	13	171	172	71M1I88M
272	901	0.407	3.530E-23	0	161	162	0	160	161	73M1I88M
140	901	0.425	3.530E-23	0	161	162	0	161	164	162M
71	901	0.487	8.900E-23	4	161	162	9	165	166	69M1I88M
34	900	0.407	3.963E-23	0	161	162	0	160	161	73M1I88M
346	900	0.500	9.429E-23	4	161	162	8	164	165	69M1I88M
170	900	0.468	7.063E-23	4	161	162	9	165	166	69M1I88M
294	900	0.462	7.063E-23	4	161	162	9	165	166	69M1I88M
126	899	0.407	4.198E-23	0	161	162	0	160	161	73M1I88M
209	899	0.446	6.666E-23	2	160	162	1	159	163	159M
78	899	0.464	9.990E-23	5	161	162	9	164	165	68M1I88M
120	899	0.487	9.429E-23	4	161	162	8	164	165	69M1I88M
79	899	0.509	4.448E-23	0	161	162	4	165	166	4M1D69M1I88M
156	898	0.522	9.429E-23	3	161	162	2	159	160	70M1I88M
27	898	0.407	4.993E-23	0	161	162	0	160	161	73M1I88M
32	898	0.407	4.448E-23	0	161	162	0	160	161	73M1I88M
264	898	0.401	4.448E-23	0	161	162	0	160	161	73M1I88M
342	898	0.415	8.900E-23	3	161	162	3	161	162	159M
146	898	0.425	4.448E-23	0	161	162	0	161	164	162M
333	898	0.503	4.993E-23	0	161	162	5	166	167	4M1D69M1I88M
35	897	0.407	4.448E-23	0	161	162	0	160	161	73M1I88M
144	897	0.466	5.290E-23	0	161	162	4	165	166	4M1D69M1I88M
253	897	0.487	1.121E-22	4	161	162	9	165	166	69M1I88M
303	897	0.512	1.058E-22	4	161	162	9	165	166	68M1I89M
323	896	0.437	1.764E-23	2	161	162	1	159	160	71M1I88M
136	896	0.401	4.713E-23	0	161	162	0	160	161	73M1I88M
168	896	0.451	8.900E-23	4	158	162	5	159	161	155M
7	896	0.503	5.605E-23	0	161	162	5	166	167	4M1D69M1I88M
41	896	0.480	6.666E-23	5	160	162	10	164	167	68M1I87M
302	895	0.407	5.290E-23	0	161	162	0	160	161	73M1I88M
109	894	0.400	7.063E-23	2	161	162	1	159	160	71M1I88M
332	894	0.411	7.928E-23	4	161	162	3	159	160	69M1I88M
344	894	0.431	5.939E-23	2	161	162	1	159	160	70M1I89M
69	894	0.401	5.605E-23	0	161	162	0	160	161	73M1I88M
257	894	0.407	5.605E-23	0	161	162	0	160	161	73M1I88M
202	894	0.471	7.483E-23	2	160	162	1	158	162	72M1I86M
19	893	0.407	6.292E-23	0	161	162	0	160	161	73M1I88M
164	893	0.462	1.259E-22	4	161	162	9	165	166	69M1I88M
315	893	0.503	6.666E-23	0	161	162	4	165	166	4M1D69M1I88M
350	893	0.455	1.188E-22	4	161	162	9	165	166	69M1I88M
347	892	0.407	5.939E-23	0	161	162	0	160	161	73M1I88M
201	892	0.471	8.900E-23	2	160	162	1	158	162	72M1I86M
89	892	0.500	1.413E-22	4	161	162	9	165	166	69M1I88M
295	892	0.465	5.605E-23	0	160	162	7	166	169	73M1I87M
217	892	0.447	1.259E-22	0	160	162	0	160	170	161M
55	891	0.464	1.586E-22	5	161	162	9	164	165	68M1I88M
12	891	0.474	8.900E-23	5	160	162	10	164	167	68M1I87M
271	891	0.480	9.429E-23	5	160	162	10	164	167	68M1I87M
278	890	0.407	6.292E-23	0	161	162	0	160	161	73M1I88M
305	890	0.465	6.292E-23	0	160	162	7	166	169	73M1I87M
280	890	0.518	3.530E-23	0	159	162	0	158	175	70M1I89M
218	889	0.412	9.990E-23	2	161	162	2	160	161	71M1I88M
235	889	0.413	6.292E-23	0	161	162	0	160	161	73M1I88M
135	888	0.407	6.666E-23	0	161	162	0	160	161	73M1I88M
87	888	0.500	1.586E-22	4	161	162	9	165	166	69M1I88M
64	888	0.459	6.666E-23	0	160	162	7	166	169	73M1I87M
65	888	0.496	7.483E-23	0	160	162	7	166	169	73M1I87M
17	888	0.431	1.058E-22	2	161	162	13	171	172	71M1I88M
127	887	0.401	8.400E-23	0	161	162	0	160	161	73M1I88M
96	887	0.416	7.928E-23	0	160	162	0	159	162	73M1I87M
252	886	0.412	1.058E-22	2	161	162	1	159	160	71M1I88M
213	886	0.407	7.483E-23	0	161	162	0	160	161	73M1I88M
299	886	0.506	2.244E-22	4	161	162	9	165	166	69M1I88M
129	886	0.480	1.121E-22	5	160	162	10	164	167	68M1I87M
48	885	0.387	1.121E-22	2	161	162	1	159	160	71M1I88M
59	885	0.400	1.188E-22	2	161	162	1	159	160	71M1I88M
84	885	0.406	1.188E-22	2	161	162	1	159	160	71M1I88M
176	885	0.405	1.413E-22	4	161	162	3	159	160	69M1I88M
128	885	0.503	1.058E-22	1	155	162	6	160	162	155M
321	885	0.459	1.334E-22	2	160	162	1	158	162	72M1I86M
263	885	0.462	1.586E-22	4	161	162	9	165	166	69M1I88M
319	885	0.455	1.887E-22	4	161	162	9	165	166	69M1I88M
33	884	0.411	1.497E-22	4	161	162	3	159	160	69M1I88M
42	884	0.443	1.334E-22	2	161	162	1	159	160	70M1I89M
74	884	0.405	1.413E-22	4	161	162	3	159	160	69M1I88M
210	884	0.398	1.497E-22	4	161	162	3	159	160	68M1I89M
355	884	0.405	1.413E-22	4	161	162	3	159	160	69M1I88M
178	884	0.474	1.681E-22	4	161	162	9	165	166	69M1I88M
152	883	0.392	1.259E-22	4	161	162	3	159	160	69M1I88M
15	882	0.411	1.887E-22	4	161	162	3	159	160	68M1I89M
30	882	0.392	1.334E-22	4	161	162	3	159	160	69M1I88M
98	882	0.392	1.334E-22	4	161	162	3	159	160	69M1I88M
212	882	0.400	1.413E-22	2	161	162	1	159	160	71M1I88M
360	882	0.459	1.497E-22	2	160	162	1	158	162	72M1I86M
106	882	0.515	1.334E-22	4	161	162	9	166	167	32M1D37M1I88M
77	881	0.464	2.669E-22	5	161	162	9	164	165	68M1I88M
133	881	0.474	1.586E-22	5	160	162	10	164	167	68M1I87M
236	881	0.440	1.887E-22	0	160	162	0	160	170	161M
173	880	0.484	1.334E-22	0	161	162	4	165	166	4M1D69M1I88M
138	880	0.474	1.781E-22	5	160	162	10	164	167	68M1I87M
75	879	0.392	1.586E-22	4	161	162	3	159	160	69M1I88M
112	879	0.401	1.121E-22	0	161	162	0	160	161	73M1I88M
118	879	0.401	1.058E-22	0	161	162	0	160	161	73M1I88M
123	879	0.407	1.188E-22	0	161	162	0	160	161	73M1I88M
352	879	0.487	3.563E-22	4	161	162	8	164	165	69M1I88M
91	879	0.402	2.519E-22	2	160	162	1	159	166	159M
134	879	0.467	1.887E-22	5	160	162	10	164	167	68M1I87M
0	878	0.455	2.827E-22	4	161	162	9	165	166	69M1I88M
183	878	0.434	2.669E-22	0	160	162	0	160	167	161M
2	877	0.443	2.669E-22	4	161	162	3	159	160	68M1I89M
60	877	0.400	1.887E-22	2	161	162	1	159	160	71M1I88M
219	877	0.387	1.497E-22	2	161	162	1	159	160	70M1I89M
289	877	0.400	1.887E-22	2	161	162	1	159	160	71M1I88M
336	877	0.418	2.519E-22	2	161	162	1	159	160	71M1I88M
354	877	0.427	3.563E-22	3	161	162	2	160	161	159M
312	877	0.428	2.377E-22	0	160	162	0	160	171	161M
3	876	0.398	2.377E-22	4	161	162	3	159	160	68M1I89M
46	876	0.406	1.999E-22	2	161	162	1	159	160	71M1I88M
85	876	0.418	2.669E-22	2	161	162	1	159	160	71M1I88M
131	876	0.440	2.669E-22	0	160	162	0	160	170	161M
63	876	0.474	2.118E-22	4	161	162	16	172	174	68M1I89M
16	875	0.373	1.681E-22	4	161	162	3	159	160	67M1I90M
324	875	0.496	1.781E-22	1	155	162	6	160	162	155M
66	875	0.445	2.519E-22	4	160	162	3	158	166	69M1I87M
339	875	0.490	1.259E-22	0	160	162	7	166	169	73M1I87M
345	875	0.440	2.996E-22	0	160	162	0	160	170	161M
110	874	0.445	2.827E-22	2	158	162	1	157	159	157M
14	874	0.394	2.244E-22	5	161	162	4	159	160	68M1I88M
326	874	0.418	2.827E-22	2	161	162	1	159	160	71M1I88M
1	874	0.401	1.497E-22	0	161	162	0	160	161	73M1I88M
40	874	0.401	1.497E-22	0	161	162	0	160	161	73M1I88M
226	874	0.401	1.497E-22	0	161	162	0	160	161	73M1I88M
38	874	0.466	1.781E-22	0	161	162	4	165	166	4M1D69M1I88M
39	874	0.478	1.887E-22	0	161	162	4	165	166	4M1D68M1I89M
348	874	0.455	3.563E-22	4	161	162	9	165	166	69M1I88M
105	874	0.515	2.244E-22	4	161	162	9	166	167	32M1D37M1I88M
29	873	0.474	2.996E-22	4	159	162	3	157	159	69M1I86M
37	873	0.405	2.377E-22	4	161	162	3	159	160	69M1I88M
208	873	0.401	1.497E-22	0	161	162	0	160	161	73M1I88M
351	873	0.440	3.363E-22	0	160	162	0	160	170	161M
307	872	0.405	2.996E-22	4	161	162	3	159	160	69M1I88M
243	872	0.412	2.244E-22	2	161	162	2	160	161	71M1I88M
335	872	0.474	5.339E-22	4	161	162	9	165	166	69M1I88M
306	872	0.484	2.118E-22	0	161	162	5	166	167	4M1D69M1I88M
142	872	0.440	3.174E-22	0	160	162	0	160	170	161M
250	872	0.440	3.174E-22	0	160	162	0	160	170	161M
23	871	0.388	2.996E-22	0	161	162	0	160	161	73M1I88M
163	871	0.387	2.827E-22	2	161	162	2	160	161	71M1I88M
221	871	0.401	1.781E-22	0	161	162	0	160	161	73M1I88M
195	871	0.435	2.244E-22	0	161	162	5	166	167	4M1D69M1I88M
290	871	0.434	4.237E-22	0	160	162	0	160	168	161M
44	870	0.474	3.999E-22	4	159	162	4	158	160	69M1I86M
159	870	0.402	2.377E-22	2	160	162	13	170	173	71M1I87M
70	869	0.408	2.827E-22	2	160	162	1	158	161	71M1I87M
265	869	0.503	3.775E-22	5	155	162	10	160	162	151M
343	869	0.467	3.363E-22	5	160	162	10	164	167	68M1I87M
157	869	0.434	3.999E-22	0	160	162	0	160	170	161M
11	868	0.442	5.339E-22	4	159	162	3	158	164	156M
145	868	0.445	3.563E-22	4	160	162	3	158	165	69M1I87M
132	868	0.434	4.237E-22	0	160	162	0	160	166	161M
361	868	0.481	5.657E-22	4	161	162	9	165	166	69M1I88M
125	868	0.434	4.489E-22	0	160	162	0	160	169	161M
162	868	0.440	4.489E-22	0	160	162	0	160	171	161M
52	867	0.418	4.756E-22	2	161	162	1	159	160	71M1I88M
73	867	0.440	4.489E-22	0	160	162	0	160	170	161M
139	866	0.455	3.999E-22	5	160	162	10	164	167	68M1I87M
161	865	0.418	5.039E-22	2	161	162	1	159	160	71M1I88M
179	865	0.401	4.237E-22	5	161	162	4	159	160	67M1I89M
211	865	0.401	4.237E-22	5	161	162	4	159	160	67M1I89M
10	865	0.490	3.999E-22	5	155	162	10	160	162	151M
149	865	0.428	5.039E-22	0	160	162	0	160	166	161M
45	864	0.477	5.039E-22	4	158	162	3	156	159	69M1I85M
88	864	0.483	4.756E-22	4	158	162	3	156	159	69M1I85M
137	864	0.406	3.174E-22	2	161	162	1	159	160	69M1I90M
258	864	0.402	4.489E-22	2	160	162	1	159	163	159M
76	864	0.434	5.993E-22	0	160	162	0	160	170	161M
141	863	0.439	5.993E-22	2	158	162	1	157	159	157M
189	863	0.467	5.339E-22	4	159	162	3	157	159	69M1I86M
200	863	0.467	5.339E-22	4	159	162	3	157	159	69M1I86M
281	863	0.381	2.996E-22	2	161	162	1	159	160	69M1I90M
205	862	0.394	3.999E-22	5	161	162	4	159	160	67M1I89M
311	862	0.433	6.350E-22	2	160	162	1	159	168	159M
190	861	0.467	5.993E-22	4	159	162	3	157	159	69M1I86M
357	861	0.445	6.350E-22	2	158	162	1	157	159	157M
169	861	0.425	1.999E-22	2	161	162	1	159	160	71M1I88M
206	861	0.446	8.478E-22	2	160	162	1	159	168	159M
100	860	0.434	8.002E-22	0	160	162	0	160	169	161M
26	859	0.461	8.478E-22	4	159	162	3	157	159	69M1I86M
124	859	0.425	2.996E-22	2	161	162	1	159	160	71M1I88M
356	859	0.418	7.552E-22	2	161	162	1	159	160	71M1I88M
114	859	0.434	8.002E-22	0	160	162	0	160	166	161M
103	859	0.434	8.478E-22	0	160	162	0	160	167	161M
18	859	0.426	5.657E-22	4	160	162	3	159	169	157M
121	858	0.428	8.002E-22	0	160	162	0	160	164	161M
62	858	0.428	8.002E-22	0	160	162	0	160	168	161M
256	857	0.424	4.756E-22	4	161	162	3	159	160	67M1I90M
248	857	0.490	5.993E-22	4	160	162	9	164	167	69M1I87M
119	856	0.428	8.982E-22	0	160	162	0	160	164	161M
242	856	0.422	8.982E-22	0	160	162	0	160	165	161M
182	856	0.434	1.008E-21	0	160	162	0	160	168	161M
199	855	0.490	5.657E-22	5	155	162	12	161	165	68M1I82M
92	854	0.429	9.517E-22	4	159	162	3	158	163	156M
153	854	0.422	1.008E-21	0	160	162	0	160	164	161M
22	853	0.397	5.039E-22	0	160	162	0	159	162	73M1I87M
269	853	0.448	7.552E-22	5	160	162	10	164	167	68M1I87M
223	852	0.435	1.132E-21	4	159	162	3	158	164	156M
220	852	0.428	1.199E-21	0	160	162	0	160	166	161M
194	852	0.441	6.350E-22	0	161	162	5	166	167	4M1D69M1I88M
193	851	0.449	1.008E-21	4	161	162	10	166	167	69M1I88M
260	850	0.448	5.993E-22	2	157	162	1	155	159	71M1I84M
222	850	0.411	6.728E-22	4	161	162	3	159	160	67M1I90M
229	850	0.442	1.132E-21	4	159	162	3	158	164	156M
337	850	0.439	1.068E-21	5	161	162	10	165	166	68M1I88M
151	849	0.435	4.489E-22	2	155	162	1	153	159	71M1I82M
191	848	0.461	1.601E-21	4	159	162	3	157	159	69M1I86M
232	848	0.461	1.601E-21	4	159	162	3	157	159	69M1I86M
53	848	0.412	1.511E-21	2	161	162	1	160	164	160M
341	847	0.424	1.271E-21	4	161	162	3	159	160	68M1I89M
240	847	0.411	1.511E-21	4	161	162	9	165	166	69M1I88M
274	847	0.422	1.696E-21	0	160	162	0	160	166	161M
83	846	0.415	1.601E-21	2	160	162	1	159	172	159M
279	846	0.413	7.552E-22	0	161	162	14	174	175	73M1I88M
249	845	0.422	1.696E-21	0	160	162	0	160	166	161M
58	844	0.400	2.542E-21	2	161	162	1	160	161	160M
204	844	0.427	1.601E-21	2	160	162	1	159	165	159M
155	844	0.434	1.511E-21	0	160	162	0	160	167	161M
61	843	0.430	1.904E-21	4	161	162	10	166	167	69M1I88M
51	842	0.422	2.017E-21	0	160	162	0	160	166	161M
143	842	0.428	1.904E-21	0	160	162	0	160	166	161M
287	841	0.406	1.068E-21	2	161	162	1	159	160	69M1I90M
227	840	0.490	8.478E-22	1	155	162	7	160	164	73M1I81M
317	840	0.434	2.265E-21	0	160	162	0	160	166	161M
225	839	0.506	1.008E-21	3	154	162	2	152	157	67M1I84M
192	839	0.461	2.017E-21	4	159	162	3	157	159	69M1I86M
237	839	0.439	7.552E-22	0	156	162	0	155	160	73M1I83M
282	838	0.461	2.137E-21	4	159	162	3	157	159	69M1I86M
80	838	0.506	1.199E-21	4	157	162	9	161	163	69M1I84M
296	837	0.435	2.693E-21	4	159	162	3	158	164	156M
101	836	0.428	2.854E-21	0	160	162	0	160	166	161M
316	835	0.444	1.068E-21	2	154	162	1	152	153	71M1I81M
20	835	0.441	1.426E-21	2	155	162	1	153	159	71M1I82M
203	835	0.421	1.797E-21	4	155	162	4	154	159	69M1I82M
318	835	0.473	5.993E-22	5	155	162	4	154	160	68M1I31M1D51M
328	835	0.412	1.797E-21	2	161	162	1	159	161	71M1I88M
254	835	0.396	2.693E-21	2	160	162	1	159	163	159M
353	834	0.427	2.854E-21	2	160	162	1	159	170	159M
238	833	0.406	1.797E-21	2	161	162	1	159	160	69M1I90M
320	832	0.448	1.797E-21	2	157	162	1	155	159	71M1I84M
4	831	0.462	2.399E-21	4	161	162	3	159	160	69M1I88M
181	830	0.421	2.693E-21	2	153	162	1	151	156	70M1I81M
171	830	0.461	3.394E-21	4	159	162	3	157	159	69M1I86M
49	830	0.422	4.036E-21	0	160	162	0	160	166	161M
234	829	0.461	3.596E-21	4	159	162	3	157	159	69M1I86M
285	829	0.439	2.265E-21	4	160	162	3	159	164	157M
286	829	0.439	2.265E-21	4	160	162	3	159	164	157M
233	828	0.461	4.036E-21	4	159	162	3	157	159	69M1I86M
338	828	0.409	5.709E-21	0	160	162	0	160	166	161M
239	827	0.416	5.709E-21	0	160	162	0	160	166	161M
231	825	0.464	4.276E-21	4	158	162	3	156	159	69M1I85M
266	825	0.493	3.023E-21	4	155	162	9	159	162	70M1I81M
301	824	0.439	2.854E-21	4	160	162	3	159	164	157M
297	823	0.424	6.409E-21	4	161	162	4	161	176	158M
298	822	0.421	3.596E-21	2	153	162	1	151	156	70M1I81M
115	820	0.464	2.017E-21	4	155	162	5	156	162	69M1I31M1D51M
175	819	0.421	3.810E-21	2	153	162	1	151	156	70M1I81M
251	819	0.451	5.709E-21	4	158	162	3	156	158	69M1I85M
184	818	0.403	3.203E-21	0	160	162	0	159	164	73M1I87M
230	818	0.477	4.531E-21	5	158	162	11	164	166	32M1D36M1I85M
108	815	0.415	9.605E-21	2	160	162	1	159	165	159M
300	814	0.461	9.065E-21	4	159	162	3	157	159	69M1I86M
185	813	0.403	4.800E-21	0	160	162	0	159	164	73M1I87M
172	811	0.461	1.078E-20	4	159	162	3	157	159	69M1I86M
245	811	0.429	1.142E-20	4	159	162	3	158	164	156M
283	810	0.398	6.790E-21	4	161	162	3	159	163	69M1I88M
291	810	0.403	5.389E-21	0	160	162	0	159	164	73M1I87M
99	809	0.403	6.049E-21	0	160	162	0	159	164	73M1I87M
13	807	0.403	6.790E-21	0	160	162	0	159	165	73M1I87M
97	803	0.387	1.142E-20	0	161	162	12	176	179	4M3D158M
165	800	0.438	7.194E-21	0	154	162	0	153	161	73M1I81M
198	795	0.417	4.276E-21	4	161	162	3	158	159	69M1I80M1I7M
228	792	0.420	4.276E-21	5	161	162	4	158	159	68M1I80M1I7M
197	790	0.425	4.276E-21	2	161	162	1	158	159	71M1I80M1I7M
325	785	0.425	5.709E-21	2	161	162	1	158	159	71M1I80M1I7M
167	783	0.382	1.712E-20	5	161	162	4	159	160	68M1I88M
214	778	0.375	2.566E-20	5	161	162	4	159	160	68M1I88M
308	774	0.377	1.616E-20	4	161	162	3	160	161	69M1I81M1D7M
275	762	0.437	2.718E-20	0	158	162	4	162	168	4M1D69M1I85M
276	758	0.443	3.629E-20	0	158	162	4	162	165	4M1D69M1I85M
 