#Task    Step    numberOfAcceptedPeleSteps    currentEnergy    BindingEnergy    sasaLig    distance_A43SG_L1S1    
1    0    0    -6420.26    -26.5051    0.566565    6.80492    
1    1    1    -6440.36    -24.4904    0.582191    7.15574    
1    3    2    -6440.69    -25.2604    0.569885    6.69496    
1    5    3    -6436.96    -23.6406    0.577686    6.74465    
1    7    4    -6437.87    -24.1886    0.570572    6.68229    
1    17    5    -6439.72    -25.3626    0.56761    5.22948    
1    19    6    -6438.43    -24.3978    0.573724    5.39636    
1    21    7    -6441.79    -26.1193    0.558892    5.12139    
1    24    8    -6435.99    -20.8101    0.572683    5.44399    
1    25    9    -6440.48    -25.0121    0.5753    5.42525    
1    26    10    -6438.08    -24.0036    0.577505    5.28385    
1    27    11    -6439.24    -26.8563    0.554052    5.60486    
1    29    12    -6441.53    -27.602    0.561687    5.44593    
1    32    13    -6440.03    -24.2138    0.586833    5.68053    
1    34    14    -6436.93    -21.4105    0.592709    6.05003    
1    36    15    -6438.32    -21.2238    0.62178    6.74836    
1    37    16    -6434.44    -18.5885    0.630086    7.40674    
1    38    17    -6434.09    -19.4572    0.649856    8.46969    
1    41    18    -6435.08    -22.653    0.58324    10.2899    
1    43    19    -6432.2    -21.6514    0.581748    9.51344    
1    44    20    -6429    -16.6184    0.58961    8.80261    
1    45    21    -6430.01    -23.8096    0.594631    9.20187    
1    46    22    -6429.54    -19.1913    0.626433    8.66342    
1    48    23    -6428.91    -17.5217    0.655283    8.27562    
1    49    24    -6432.59    -17.9455    0.646167    7.7133    
1    50    25    -6430.24    -15.5963    0.63615    7.40102    
1    52    26    -6433.05    -19.6    0.626738    7.84686    
1    54    27    -6433.15    -22.4563    0.669898    8.13874    
1    55    28    -6439.78    -22.8306    0.648977    7.48865    
1    56    29    -6435.68    -20.7845    0.641237    7.24961    
1    62    30    -6436.37    -21.381    0.679339    8.50437    
1    63    31    -6433.81    -21.5321    0.652706    7.93235    
1    69    32    -6434.89    -21.9373    0.632546    8.03489    
1    74    33    -6433.43    -18.9745    0.618687    7.53728    
1    75    34    -6431.65    -16.9209    0.632615    8.52362    
1    77    35    -6432.43    -16.4515    0.637306    6.56939    
1    79    36    -6429.61    -10.7528    0.672538    7.32218    
1    80    37    -6429.93    -14.7587    0.664452    7.17409    
1    81    38    -6431.42    -15.1604    0.666486    7.66542    
1    83    39    -6432.57    -17.3805    0.632697    7.29215    
1    84    40    -6434.46    -16.0767    0.647631    7.1237    
1    86    41    -6434.59    -16.3465    0.638143    7.13348    
1    92    42    -6433.79    -16.6267    0.642836    7.17099    
1    95    43    -6434.83    -16.7043    0.62105    6.44734    
