#Task    Step    numberOfAcceptedPeleSteps    currentEnergy    BindingEnergy    sasaLig    distance_A43SG_L1S1    
1    0    0    -6420.86    -39.8325    0.594679    10.7462    
1    1    1    -6443.56    -37.8854    0.604962    11.2071    
1    3    2    -6441.52    -33.6828    0.619987    11.6249    
1    6    3    -6440.11    -31.9886    0.629782    11.8298    
1    7    4    -6442.64    -34.8854    0.612891    11.449    
1    8    5    -6443.16    -34.0004    0.620318    11.4977    
1    14    6    -6441.82    -28.72    0.661869    11.7514    
1    16    7    -6443.37    -31.4657    0.664962    11.5833    
1    19    8    -6444.99    -35.8857    0.685848    11.6505    
1    22    9    -6445.37    -37.2523    0.692404    11.4857    
1    25    10    -6445.59    -37.5955    0.661742    11.0329    
1    28    11    -6443.56    -34.1788    0.68408    11.1548    
1    37    12    -6441.67    -35.6273    0.660415    10.681    
1    41    13    -6440.14    -36.2464    0.650406    10.2637    
1    48    14    -6442.28    -33.9461    0.648642    9.90491    
1    50    15    -6441.58    -32.0419    0.661966    9.80679    
1    54    16    -6439.82    -31.3757    0.636446    9.36342    
1    70    17    -6444.37    -34.2658    0.633924    9.1436    
1    73    18    -6445.8    -36.7683    0.634915    11.1507    
1    92    19    -6445.6    -38.8236    0.621256    11.4152    
1    93    20    -6446.29    -41.182    0.605648    11.2914    
1    100    21    -6441.53    -31.6861    0.633312    10.8072    
