#Task    Step    numberOfAcceptedPeleSteps    currentEnergy    BindingEnergy    sasaLig    distance_A43SG_L1S1    
1    0    0    -6405.47    -26.7251    0.494729    6.8465    
1    1    1    -6410.68    -9.46571    0.589527    6.07245    
1    2    2    -6408.09    -6.84478    0.583614    6.14809    
1    3    3    -6420.83    -16.023    0.521491    6.78715    
1    6    4    -6426.1    -20.1173    0.51275    5.95162    
1    14    5    -6426.43    -20.7546    0.513854    6.91113    
1    17    6    -6427.01    -23.8907    0.53003    6.48098    
1    19    7    -6425.75    -22.5889    0.530774    6.63481    
1    20    8    -6428.66    -25.4504    0.509374    5.81929    
1    21    9    -6433.66    -30.251    0.507832    5.49183    
1    27    10    -6429.31    -27.3709    0.502402    6.02177    
1    29    11    -6432.96    -29.0919    0.484966    5.4685    
1    32    12    -6427.44    -25.7673    0.489552    5.91875    
1    35    13    -6427.62    -26.2283    0.444034    5.80021    
1    37    14    -6425.07    -28.3946    0.478353    5.77866    
1    39    15    -6415.01    -23.019    0.547215    10.6881    
1    41    16    -6412.99    -12.4094    0.688761    8.21096    
1    43    17    -6414.92    -14.4501    0.665128    9.05317    
1    45    18    -6413.6    -17.347    0.594516    7.9631    
1    46    19    -6414.04    -11.7744    0.611073    8.75726    
1    47    20    -6424.52    -20.6884    0.590799    8.38359    
1    51    21    -6421.06    -15.2869    0.620283    8.46292    
1    53    22    -6420.85    -14.9615    0.621978    8.54445    
1    54    23    -6418.04    -10.8342    0.676194    8.11921    
1    55    24    -6425.17    -13.8256    0.661147    8.80901    
1    56    25    -6422.45    -10.5125    0.6728    8.71794    
1    58    26    -6428.24    -16.5951    0.622359    9.38979    
1    60    27    -6428.85    -19.6879    0.60991    9.1375    
1    61    28    -6425.54    -19.1615    0.608247    10.2253    
1    62    29    -6419.75    -12.9895    0.592928    7.71588    
1    63    30    -6425.82    -15.2983    0.627294    8.26666    
1    65    31    -6424.87    -19.4899    0.589208    10.0676    
1    69    32    -6430.2    -24.3675    0.567167    10.5641    
1    71    33    -6428.98    -23.5386    0.568262    10.7051    
1    73    34    -6429.28    -21.3019    0.596346    10.2636    
1    81    35    -6432.72    -29.6643    0.543559    10.6074    
1    82    36    -6429.06    -21.9071    0.58339    10.5396    
1    85    37    -6428.17    -26.7846    0.541333    10.5442    
1    90    38    -6429.4    -24.9596    0.555851    10.7783    
1    95    39    -6431.65    -31.2424    0.539449    10.9546    
1    97    40    -6431.93    -31.9078    0.547904    11.0176    
