#Task    Step    numberOfAcceptedPeleSteps    currentEnergy    BindingEnergy    sasaLig    distance_A43SG_L1S1    
1    0    0    -6425.22    -44.9993    0.497878    8.97865    
1    1    1    -6434.46    -30.2568    0.496369    9.36276    
1    3    2    -6431.56    -25.7804    0.467387    7.94944    
1    13    3    -6433.08    -30.5892    0.474996    7.75385    
1    15    4    -6438.45    -36.042    0.510559    8.2357    
1    19    5    -6441.33    -34.2286    0.511031    8.6565    
1    21    6    -6443.2    -36.2932    0.523702    9.05445    
1    37    7    -6442.8    -36.7612    0.507708    8.65537    
1    39    8    -6439.86    -36.1501    0.493479    8.79419    
1    43    9    -6439.37    -35.6959    0.482156    6.93175    
1    45    10    -6436.25    -37.103    0.494815    7.2006    
1    65    11    -6437.25    -38.3948    0.505386    7.59787    
1    69    12    -6439.71    -36.3488    0.518042    7.89308    
1    75    13    -6439.57    -36.5939    0.519622    8.07453    
1    76    14    -6437.7    -33.2637    0.509894    9.04162    
1    77    15    -6435.93    -28.202    0.493711    9.51606    
1    85    16    -6445.2    -35.9286    0.504816    9.21191    
1    87    17    -6444.7    -33.7179    0.533358    9.76215    
