#Task    Step    numberOfAcceptedPeleSteps    currentEnergy    BindingEnergy    sasaLig    distance_A43SG_L1S1    
1    0    0    -6426.18    -39.1956    0.491705    6.49477    
1    1    1    -6438.35    -29.2151    0.532739    5.23541    
1    2    2    -6439.03    -30.9049    0.526346    4.86452    
1    3    3    -6440.68    -34.5874    0.506956    5.65509    
1    9    4    -6446.39    -41.6965    0.495296    5.18798    
1    17    5    -6447.65    -39.8196    0.493603    5.49425    
1    21    6    -6443.33    -32.97    0.494892    5.52133    
1    25    7    -6439.22    -30.1098    0.520051    5.37845    
1    30    8    -6438.1    -25.6532    0.529296    6.90091    
1    31    9    -6441.7    -28.1236    0.543353    6.85823    
1    32    10    -6436.33    -21.4952    0.551254    5.65093    
1    33    11    -6449.43    -28.3674    0.542183    6.34326    
1    35    12    -6449.45    -31.6343    0.469411    5.96163    
1    37    13    -6450.65    -32.9972    0.473587    6.34395    
1    41    14    -6436.04    -20.3626    0.54045    7.52882    
1    44    15    -6435.99    -28.4513    0.55647    7.29269    
1    45    16    -6446.09    -35.098    0.564151    5.74185    
1    49    17    -6446.61    -37.1019    0.497362    5.72983    
1    51    18    -6446.66    -39.4782    0.46716    5.65658    
1    57    19    -6444.66    -39.1132    0.46968    5.63545    
1    64    20    -6445.44    -40.6831    0.485623    6.28337    
1    65    21    -6444.85    -38.3299    0.511755    6.84224    
1    85    22    -6443.38    -37.0371    0.517914    7.3075    
1    93    23    -6443.1    -41.2701    0.492283    6.21799    
1    96    24    -6443.07    -38.3205    0.524591    7.31435    
