#Task    Step    numberOfAcceptedPeleSteps    currentEnergy    BindingEnergy    sasaLig    distance_A43SG_L1S1    
1    0    0    -6429.29    -51.7105    0.450133    9.03649    
1    1    1    -6452.23    -48.3534    0.454665    9.17972    
1    5    2    -6449.99    -50.4808    0.453674    9.12026    
1    7    3    -6448.53    -47.214    0.457701    9.17789    
1    29    4    -6452.16    -50.9498    0.45618    8.97897    
1    33    5    -6453.65    -49.9903    0.451072    8.92482    
1    37    6    -6450.27    -49.7113    0.449709    8.82779    
1    39    7    -6446.09    -42.2762    0.504484    9.06067    
1    42    8    -6453.03    -49.5114    0.456186    8.90519    
1    51    9    -6450.81    -50.9125    0.455794    9.01501    
1    55    10    -6448.22    -44.5629    0.469484    9.20309    
1    57    11    -6450.27    -48.9256    0.459954    9.28693    
1    61    12    -6451.75    -51.4614    0.449664    8.99935    
1    64    13    -6444.61    -42.9317    0.475462    9.52477    
1    65    14    -6449.81    -51.8441    0.451613    8.91992    
1    71    15    -6446.11    -43.3429    0.478341    9.2305    
1    73    16    -6443.98    -46.8004    0.467745    8.89909    
1    78    17    -6439.34    -42.8817    0.483315    8.75995    
1    81    18    -6443.55    -44.8029    0.481143    9.23666    
1    85    19    -6451.62    -47.63    0.479561    9.32131    
1    97    20    -6448.12    -41.3565    0.496708    9.21579    
1    99    21    -6444.95    -42.4661    0.474411    8.08572    
