#Task    Step    numberOfAcceptedPeleSteps    currentEnergy    BindingEnergy    sasaLig    distance_A43SG_L1S1    
1    0    0    -6419.97    -24.7366    0.592984    7.29278    
1    1    1    -6429.6    -13.2612    0.584801    5.97491    
1    6    2    -6436.34    -16.05    0.584967    5.87061    
1    7    3    -6441.73    -25.8516    0.589087    6.71688    
1    8    4    -6441.44    -25.23    0.620624    6.41764    
1    12    5    -6441.85    -25.8852    0.630018    7.08806    
1    15    6    -6436.87    -24.6225    0.634352    7.06702    
1    18    7    -6437.35    -25.6124    0.636421    7.67017    
1    23    8    -6437.9    -33.6458    0.58425    10.4605    
1    25    9    -6442.37    -38.8847    0.559057    10.2618    
1    37    10    -6444.11    -38.9619    0.550057    9.7398    
1    53    11    -6446.78    -45.6018    0.500116    7.52808    
1    71    12    -6442.42    -45.9638    0.535466    8.71798    
1    72    13    -6442.36    -44.8816    0.501424    7.58322    
1    73    14    -6445.84    -47.049    0.491173    7.2888    
1    75    15    -6441.11    -42.1414    0.512225    7.37827    
1    81    16    -6443.9    -44.227    0.499005    7.30208    
