#Task    Step    numberOfAcceptedPeleSteps    currentEnergy    BindingEnergy    sasaLig    distance_A43SG_L1S1    
1    0    0    -6411.15    -13.3048    0.616593    7.91147    
1    1    1    -6426.64    -8.64437    0.665421    8.0719    
1    4    2    -6430.58    -9.06108    0.659235    8.24719    
1    8    3    -6432.56    -7.90747    0.683673    8.50268    
1    10    4    -6430.61    -6.82897    0.680007    8.29974    
1    11    5    -6429.97    -8.40316    0.652664    8.5686    
1    16    6    -6430.77    -9.01123    0.642626    8.67543    
1    17    7    -6428.32    -5.69927    0.635041    8.36051    
1    19    8    -6427.38    -6.07085    0.628149    8.35643    
1    22    9    -6426.97    -7.48364    0.630061    8.38529    
1    25    10    -6429.43    -7.47983    0.624814    8.03878    
1    28    11    -6430.59    -8.09343    0.606427    7.37448    
1    37    12    -6433.08    -11.0042    0.56059    6.15658    
1    51    13    -6433.5    -13.9567    0.59007    6.26665    
1    53    14    -6436.1    -22.9498    0.529941    7.14598    
1    55    15    -6434.66    -28.0572    0.570285    7.38444    
1    64    16    -6439.52    -29.0018    0.597129    7.06571    
1    70    17    -6441.44    -28.2842    0.590802    6.58106    
1    77    18    -6438.2    -29.9551    0.539952    7.08515    
1    90    19    -6435.75    -23.6105    0.539163    6.97691    
1    91    20    -6439.24    -31.6252    0.495938    7.08403    
