#Task    Step    numberOfAcceptedPeleSteps    currentEnergy    BindingEnergy    sasaLig    distance_A43SG_L1S1    
1    0    0    -6431.64    -38.2517    0.611511    7.77632    
1    1    1    -6435.51    -25.078    0.578252    9.17638    
1    4    2    -6431.17    -24.696    0.583639    8.79108    
1    8    3    -6435.83    -26.5312    0.599547    8.66641    
1    14    4    -6432.07    -21.2143    0.591387    9.32766    
1    15    5    -6432.43    -18.2045    0.586793    8.36713    
1    17    6    -6437    -27.9746    0.555845    7.73308    
1    24    7    -6434.15    -21.546    0.585521    8.32569    
1    25    8    -6442.69    -33.2889    0.543349    7.65922    
1    30    9    -6437.06    -25.0356    0.591025    8.03683    
1    37    10    -6436.37    -16.4989    0.590741    7.57907    
1    38    11    -6441.1    -17.2841    0.559341    7.56069    
1    54    12    -6442.76    -17.0728    0.559947    7.23682    
1    55    13    -6443.77    -16.0708    0.592245    7.96297    
1    57    14    -6437.52    -14.3343    0.585052    7.21095    
1    62    15    -6438.05    -13.3541    0.613468    8.4984    
1    67    16    -6440.51    -17.0942    0.611614    8.14365    
1    68    17    -6441.93    -16.1825    0.619156    8.19267    
1    76    18    -6439.87    -11.0562    0.647706    9.02048    
1    78    19    -6443.06    -13.7946    0.651948    8.24216    
1    84    20    -6443.75    -15.4786    0.62577    8.09394    
1    87    21    -6442.47    -14.3705    0.644055    8.19359    
1    92    22    -6440.57    -12.9324    0.650605    7.65824    
1    95    23    -6442.44    -14.9405    0.627977    7.9358    
1    97    24    -6442.34    -14.8943    0.638468    6.99509    
