#Task    Step    numberOfAcceptedPeleSteps    currentEnergy    BindingEnergy    sasaLig    distance_A43SG_L1S1    
1    0    0    -6429.66    -53.4668    0.467588    9.29851    
1    1    1    -6449.95    -52.6306    0.471228    9.26324    
1    5    2    -6452.48    -54.7568    0.464589    9.1599    
1    12    3    -6449.31    -49.4408    0.481061    9.33692    
1    18    4    -6447.28    -51.1994    0.460778    9.35352    
1    25    5    -6452.5    -53.4318    0.472105    9.23757    
1    29    6    -6453.62    -54.6024    0.467612    9.19777    
1    37    7    -6453.56    -54.9795    0.46701    9.10527    
1    53    8    -6453.82    -55.7009    0.462266    9.08111    
1    69    9    -6453.55    -52.6374    0.465335    9.39023    
1    73    10    -6454.58    -52.7583    0.463704    9.19266    
1    75    11    -6451.41    -48.1551    0.474417    9.33086    
1    78    12    -6448.91    -45.6547    0.494636    9.55453    
1    80    13    -6451.41    -48.5221    0.483654    9.26102    
1    81    14    -6455.78    -54.0297    0.450183    9.21141    
1    95    15    -6452.58    -53.7945    0.465622    9.27469    
1    98    16    -6445.34    -41.8405    0.499529    9.42427    
