#Task    Step    numberOfAcceptedPeleSteps    currentEnergy    BindingEnergy    sasaLig    distance_A43SG_L1S1    
1    0    0    -6425.67    -30.6709    0.544571    5.06143    
1    1    1    -6431.18    -19.4717    0.560806    5.2161    
1    2    2    -6440.03    -18.4492    0.571662    4.94013    
1    15    3    -6440.56    -23.7362    0.582349    5.96406    
1    18    4    -6442.03    -23.162    0.556571    5.22103    
1    21    5    -6444.44    -28.8209    0.558651    5.46844    
1    22    6    -6445.4    -29.4146    0.554221    5.39008    
1    29    7    -6441.65    -28.9363    0.550979    5.4322    
1    33    8    -6441.85    -27.1055    0.555913    5.76957    
1    34    9    -6442.06    -26.4757    0.577162    5.75977    
1    41    10    -6443.94    -27.6085    0.558093    6.0074    
1    47    11    -6441.67    -19.0785    0.596349    5.66081    
1    48    12    -6441.05    -16.1188    0.631236    6.51608    
1    50    13    -6443.01    -21.4138    0.618976    6.72051    
1    53    14    -6434.34    -11.3503    0.657445    6.55926    
1    54    15    -6431.87    -10.8414    0.593562    6.32358    
1    55    16    -6435.57    -15.3899    0.615789    7.18475    
1    57    17    -6437.56    -20.9116    0.599691    6.98228    
1    58    18    -6441.05    -21.7787    0.606973    7.15637    
1    62    19    -6434.05    -8.27981    0.704192    7.12007    
1    63    20    -6436.85    -8.27231    0.734219    10.3586    
1    64    21    -6436.02    -8.6968    0.724226    10.813    
1    65    22    -6443.82    -16.0828    0.596285    9.61287    
1    67    23    -6445.66    -18.447    0.592312    9.75377    
1    76    24    -6445.55    -19.0068    0.589267    10.0667    
1    78    25    -6446.04    -19.2638    0.580549    9.81701    
1    80    26    -6447.29    -19.6722    0.587586    10.1925    
1    83    27    -6445.48    -14.3848    0.611759    10.3942    
1    84    28    -6445.85    -16.2112    0.608212    9.65478    
1    87    29    -6441.66    -16.8498    0.616839    8.62976    
1    88    30    -6444.76    -20.7417    0.5809    8.35841    
1    92    31    -6443.19    -21.9609    0.588628    8.23687    
1    95    32    -6444.55    -21.9618    0.59889    9.19293    
1    96    33    -6444.57    -23.2815    0.574952    9.2167    
1    98    34    -6438.69    -12.3738    0.645066    8.52053    
1    100    35    -6442.02    -16.9305    0.610774    8.7841    
