#Task    Step    numberOfAcceptedPeleSteps    currentEnergy    BindingEnergy    sasaLig    distance_A43SG_L1S1    
1    0    0    -6413.07    -32.6207    0.522505    9.79818    
1    1    1    -6431.01    -12.6343    0.562995    8.31399    
1    2    2    -6432.17    -11.5733    0.543459    7.73662    
1    4    3    -6431.09    -10.0527    0.58493    6.87731    
1    6    4    -6432.72    -12.7937    0.599792    11.0558    
1    12    5    -6432.63    -12.7509    0.583767    9.72616    
1    13    6    -6433.85    -17.0606    0.610643    9.37728    
1    16    7    -6439.66    -19.3335    0.600362    10.1419    
1    20    8    -6441.04    -22.6974    0.585076    10.2314    
1    22    9    -6439.26    -19.2454    0.621563    9.72985    
1    24    10    -6437.68    -18.3215    0.639114    10.5976    
1    26    11    -6439.62    -22.9778    0.602483    10.6982    
1    31    12    -6439.51    -22.802    0.583375    10.1208    
1    32    13    -6441.09    -25.4041    0.580821    10.507    
1    35    14    -6438.5    -24.6549    0.59977    11.9373    
1    36    15    -6441.56    -25.3002    0.605805    11.4954    
1    45    16    -6441.75    -25.8531    0.620001    12.1231    
1    48    17    -6442.61    -25.2991    0.608352    11.3112    
1    50    18    -6442.88    -24.0906    0.613323    11.3685    
1    56    19    -6441.67    -26.2472    0.601759    11.089    
1    57    20    -6440.55    -24.9934    0.610444    11.0714    
1    58    21    -6441.87    -25.4647    0.612784    11.2414    
1    61    22    -6434.54    -25.0803    0.59672    11.1347    
1    65    23    -6433.19    -20.1237    0.582639    9.13303    
1    66    24    -6434.52    -16.6179    0.610179    9.65497    
1    68    25    -6435.87    -16.3303    0.616631    8.58351    
1    69    26    -6437.37    -20.9127    0.63753    9.70819    
1    70    27    -6438.77    -21.5018    0.620365    9.50788    
1    75    28    -6438.95    -20.6653    0.555843    8.25669    
1    88    29    -6439.57    -21.8351    0.558854    9.0608    
1    89    30    -6440.38    -24.7637    0.543415    8.98436    
1    90    31    -6439.47    -22.5519    0.519898    8.37344    
1    95    32    -6442.66    -25.4082    0.533119    8.67852    
1    99    33    -6443.74    -25.5138    0.543177    9.1033    
