#Task    Step    numberOfAcceptedPeleSteps    currentEnergy    BindingEnergy    sasaLig    distance_A43SG_L1S1    
1    0    0    -6393.51    -0.422033    0.767614    9.61834    
1    1    1    -6419.13    -3.98141    0.714868    9.82677    
1    2    2    -6419.21    -5.30431    0.68437    9.39563    
1    3    3    -6418.8    -4.18557    0.588827    8.3453    
1    4    4    -6418.51    -3.25453    0.691738    6.12429    
1    5    5    -6422.05    -14.4391    0.604323    7.19394    
1    6    6    -6424.96    -5.14905    0.78638    5.65783    
1    7    7    -6426.91    -7.55299    0.645735    4.5058    
1    8    8    -6422.53    -1.25135    0.740746    5.84928    
1    9    9    -6420.65    0.963911    0.62095    4.55848    
1    10    10    -6422.41    -2.57501    0.587886    3.9129    
1    13    11    -6429.12    -6.68896    0.665116    4.1001    
1    14    12    -6429.61    -6.17524    0.643734    5.09122    
1    15    13    -6430.93    -8.69244    0.608826    4.36449    
1    17    14    -6431.41    -6.09485    0.660009    5.25011    
1    18    15    -6432.58    -4.42416    0.674252    5.65664    
1    20    16    -6432.45    -2.51772    0.683964    7.53072    
1    21    17    -6436.75    -8.29645    0.619038    7.77304    
1    25    18    -6436.82    -10.3597    0.653175    7.91766    
1    26    19    -6436.38    -8.95442    0.626525    7.66301    
1    28    20    -6435.33    -7.95753    0.635034    7.58177    
1    29    21    -6435.15    -7.76904    0.637045    7.47212    
1    31    22    -6435.84    -8.6204    0.629519    7.07144    
1    33    23    -6437.99    -10.0448    0.619746    7.47978    
1    34    24    -6424.94    -4.56587    0.672122    6.84541    
1    35    25    -6427.55    -4.15425    0.636747    6.98975    
1    36    26    -6433.12    -7.96379    0.627645    7.39338    
1    39    27    -6432.96    -11.0425    0.621734    7.63332    
1    40    28    -6436.25    -10.763    0.62584    7.35455    
1    42    29    -6435.09    -10.2417    0.6266    7.51814    
1    43    30    -6435.17    -11.3439    0.610459    7.84444    
1    45    31    -6433.98    -9.16479    0.644035    7.45198    
1    47    32    -6435.03    -10.6667    0.643024    7.59758    
1    51    33    -6435.68    -11.0037    0.62567    7.14169    
1    55    34    -6433.2    -9.01181    0.620629    7.01067    
1    56    35    -6434.19    -9.96626    0.633239    7.50645    
1    57    36    -6438.59    -11.4085    0.643261    7.40792    
1    59    37    -6437.22    -10.6237    0.579638    7.74672    
1    60    38    -6438.87    -10.5695    0.596865    7.97832    
1    61    39    -6438.56    -10.8204    0.624784    8.10948    
1    62    40    -6434.67    -7.96271    0.651103    8.00638    
1    63    41    -6442.55    -18.4259    0.608657    7.73344    
1    66    42    -6443.21    -19.2028    0.603742    8.00332    
1    67    43    -6442.06    -21.8919    0.60285    8.22097    
1    68    44    -6442.23    -20.1659    0.616208    7.90225    
1    69    45    -6445.85    -23.0128    0.569329    7.65626    
1    75    46    -6446.43    -24.436    0.540268    7.70165    
1    76    47    -6445.17    -24.578    0.56121    7.56266    
1    81    48    -6445.51    -23.0896    0.529269    8.00976    
1    82    49    -6444.32    -20.855    0.575637    7.77761    
1    85    50    -6443.92    -21.3122    0.57345    7.64813    
1    89    51    -6446.04    -21.7875    0.565485    7.85605    
1    90    52    -6439.64    -17.4796    0.619885    8.63622    
1    94    53    -6435.88    -15.5986    0.619591    8.11442    
1    97    54    -6438.25    -17.2991    0.591504    7.50597    
1    99    55    -6439.08    -17.6213    0.567789    8.52904    
