#Task    Step    numberOfAcceptedPeleSteps    currentEnergy    BindingEnergy    sasaLig    distance_A43SG_L1S1    
1    0    0    -6420.75    -26.5643    0.524943    7.23843    
1    1    1    -6443.67    -29.8404    0.503871    6.84465    
1    5    2    -6436.82    -19.8217    0.507763    5.61747    
1    7    3    -6435.51    -20.1033    0.492378    5.71403    
1    9    4    -6442.81    -24.2416    0.48186    5.49917    
1    15    5    -6441.18    -23.5385    0.461149    5.67481    
1    17    6    -6433.59    -19.4637    0.520435    5.31426    
1    25    7    -6443.54    -34.9661    0.48536    5.58918    
1    38    8    -6445.01    -35.2122    0.475506    5.48122    
1    55    9    -6442.23    -34.8482    0.462991    5.31941    
1    61    10    -6444.65    -33.8729    0.473415    5.54156    
1    89    11    -6442.59    -32.4079    0.479868    5.25995    
