#Task    Step    numberOfAcceptedPeleSteps    currentEnergy    BindingEnergy    sasaLig    distance_A43SG_L1S1    
1    0    0    -6410.1    -21.5537    0.644672    7.09627    
1    1    1    -6431.65    -21.8472    0.636522    7.26804    
1    9    2    -6429.34    -22.4411    0.638755    7.34447    
1    17    3    -6431.52    -22.2552    0.653183    7.09828    
1    18    4    -6434.29    -21.8617    0.635428    7.1537    
1    21    5    -6430.54    -16.9396    0.650165    6.43136    
1    25    6    -6430.16    -21.9658    0.710954    9.10497    
1    26    7    -6432.66    -21.952    0.701372    9.18518    
1    27    8    -6436.98    -22.545    0.631191    7.75625    
1    37    9    -6439.14    -30.2661    0.62027    7.62903    
1    40    10    -6436.51    -27.6998    0.640742    7.49656    
1    47    11    -6435.33    -26.9098    0.632434    7.66996    
1    48    12    -6436.75    -23.8899    0.657645    7.50381    
1    49    13    -6437.35    -31.0721    0.612632    6.98536    
1    54    14    -6435.85    -29.5141    0.607797    7.03875    
1    55    15    -6431.32    -25.8383    0.607003    6.81647    
1    57    16    -6435.52    -31.0426    0.602497    7.16972    
1    59    17    -6432.65    -25.4885    0.618571    6.8318    
1    61    18    -6438.99    -31.0077    0.627862    7.79017    
1    67    19    -6440.02    -28.9498    0.598481    8.06005    
1    69    20    -6441.41    -29.1501    0.593265    8.14555    
1    77    21    -6438.81    -28.651    0.592595    8.03422    
1    79    22    -6438.89    -28.3186    0.61318    8.43159    
1    81    23    -6440.71    -28.8863    0.579123    8.27652    
1    92    24    -6439.51    -27.9061    0.594906    7.7688    
1    93    25    -6440.89    -29.522    0.617054    8.49037    
1    96    26    -6440.98    -28.2853    0.63832    8.49757    
1    100    27    -6441.32    -28.7501    0.626686    8.55985    
