#Task    Step    numberOfAcceptedPeleSteps    currentEnergy    BindingEnergy    sasaLig    distance_A43SG_L1S1    
1    0    0    -6418.67    -39.0027    0.526994    8.59307    
1    1    1    -6428.55    -19.3738    0.57595    6.26551    
1    2    2    -6432.78    -20.8001    0.57928    6.27643    
1    7    3    -6433.83    -24.1502    0.549701    6.41955    
1    10    4    -6436.3    -24.7127    0.554813    7.04792    
1    15    5    -6430.15    -22.9935    0.554444    6.51845    
1    16    6    -6429.61    -21.0344    0.594753    6.43502    
1    19    7    -6432.75    -26.6897    0.551224    6.55955    
1    20    8    -6434.75    -28.77    0.549817    6.89223    
1    23    9    -6434.95    -22.0927    0.560404    7.31034    
1    25    10    -6438.48    -27.597    0.551967    7.08718    
1    35    11    -6436.03    -28.4361    0.543469    7.09415    
1    45    12    -6439.59    -34.5372    0.532867    6.92706    
1    47    13    -6435.32    -37.8745    0.554667    7.10668    
1    49    14    -6436.58    -38.1558    0.517638    7.24136    
1    53    15    -6435.87    -42.928    0.518989    7.92745    
1    55    16    -6434.8    -42.0148    0.518386    10.0127    
1    59    17    -6432.12    -28.3874    0.563575    9.97445    
1    63    18    -6434.74    -27.4084    0.551798    9.97518    
1    65    19    -6438.71    -37.3145    0.518785    9.76759    
1    69    20    -6439.75    -39.6579    0.509535    9.90661    
1    76    21    -6438.25    -38.998    0.51692    9.90358    
1    81    22    -6440.68    -38.2167    0.515989    9.96884    
1    85    23    -6444.82    -40.0375    0.510653    9.94101    
1    89    24    -6445.08    -38.1113    0.519286    9.8469    
