#Task    Step    numberOfAcceptedPeleSteps    currentEnergy    BindingEnergy    sasaLig    distance_A43SG_L1S1    
1    0    0    -6418.75    -23.3224    0.709756    9.53166    
1    1    1    -6435.03    -21.7781    0.658904    9.28384    
1    4    2    -6436.84    -21.624    0.639879    8.76996    
1    5    3    -6436.88    -24.8602    0.626249    8.43871    
1    11    4    -6438.06    -26.4694    0.628445    9.20338    
1    14    5    -6436.5    -22.7852    0.632    9.07422    
1    17    6    -6437.19    -22.011    0.61564    9.52252    
1    18    7    -6436.11    -20.9489    0.646877    9.20964    
1    19    8    -6435.62    -19.335    0.64669    10.1254    
1    20    9    -6435.03    -19.5597    0.627725    9.51878    
1    21    10    -6436.7    -21.6468    0.62387    9.84906    
1    25    11    -6437.64    -24.7419    0.612285    9.26978    
1    26    12    -6438.76    -22.1148    0.594841    9.10356    
1    34    13    -6441.71    -24.0677    0.574923    8.76355    
1    41    14    -6438.62    -22.018    0.576644    8.98408    
1    49    15    -6441.49    -23.1243    0.577793    8.95178    
1    51    16    -6437.34    -19.3212    0.574418    10.147    
1    54    17    -6434.07    -15.5555    0.617395    9.63715    
1    55    18    -6432.15    -15.8743    0.61726    9.13825    
1    56    19    -6436.2    -19.4497    0.613391    8.93963    
1    59    20    -6444.54    -21.7452    0.623717    9.42435    
1    65    21    -6449.85    -26.8947    0.587183    9.24186    
1    75    22    -6449.78    -26.3127    0.608471    8.59572    
1    76    23    -6453.65    -28.4426    0.612859    9.2626    
1    77    24    -6450.5    -27.804    0.61101    9.18358    
1    78    25    -6449.76    -26.9798    0.613372    9.59485    
1    79    26    -6451.46    -29.6028    0.604919    10.1097    
1    80    27    -6449.91    -25.9305    0.637873    9.59397    
1    81    28    -6450.23    -27.2703    0.63021    10.0849    
1    84    29    -6452.62    -28.7776    0.637543    10.0846    
1    89    30    -6453.12    -30.2153    0.634198    10.5772    
1    94    31    -6454.77    -31.2404    0.612074    10.2287    
1    95    32    -6451.41    -31.2586    0.621152    9.83094    
1    97    33    -6452.64    -31.9033    0.610175    10.0162    
1    99    34    -6443.62    -22.9749    0.621625    9.06048    
