#Task    Step    numberOfAcceptedPeleSteps    currentEnergy    BindingEnergy    sasaLig    distance_A43SG_L1S1    
1    0    0    -6412.11    -20.5517    0.575294    8.5668    
1    1    1    -6425.26    -10.0569    0.653476    7.81257    
1    3    2    -6430.27    -11.5091    0.660441    8.08907    
1    5    3    -6430.84    -12.638    0.640233    8.36599    
1    6    4    -6431.34    -13.2538    0.658898    8.80883    
1    9    5    -6428.64    -16.7889    0.646727    8.70413    
1    10    6    -6430.72    -17.3185    0.621387    8.59022    
1    11    7    -6431.73    -17.8716    0.619835    7.74706    
1    13    8    -6429.51    -17.5689    0.632915    7.81282    
1    17    9    -6430.55    -19.4064    0.591339    8.41222    
1    18    10    -6432.95    -19.6591    0.580735    9.26697    
1    20    11    -6436.04    -18.9312    0.57095    8.94329    
1    21    12    -6434.53    -18.4076    0.567325    8.63775    
1    23    13    -6434.68    -19.5151    0.603283    10.6688    
1    30    14    -6434.2    -17.94    0.640257    11.9318    
1    32    15    -6433.61    -15.3443    0.641108    12.9612    
1    33    16    -6437.52    -21.4076    0.623854    9.96101    
1    34    17    -6436.66    -19.8114    0.628254    9.89299    
1    37    18    -6435.73    -17.3453    0.550759    9.7977    
1    45    19    -6436.98    -17.8735    0.57407    10.5065    
1    50    20    -6435.69    -17.3982    0.554485    10.7016    
1    51    21    -6433.84    -13.5908    0.55114    11.8034    
1    52    22    -6436.23    -17.8518    0.537657    9.59594    
1    54    23    -6434.52    -13.5806    0.557324    11.1009    
1    58    24    -6432.39    -13.0065    0.536466    11.6056    
1    61    25    -6434.45    -14.8155    0.499166    10.0789    
1    62    26    -6437.67    -17.5976    0.501044    9.60545    
1    64    27    -6439.64    -19.6864    0.508405    8.20424    
1    66    28    -6439.05    -21.3887    0.488632    8.5643    
1    85    29    -6441.43    -26.5256    0.440296    7.6054    
