#Task    Step    numberOfAcceptedPeleSteps    currentEnergy    BindingEnergy    sasaLig    distance_A43SG_L1S1    
1    0    0    -6414.06    -32.059    0.532857    8.93994    
1    2    1    -6417.29    -10.8384    0.676376    6.42759    
1    3    2    -6421.97    -14.2406    0.590504    6.42826    
1    4    3    -6425.49    -24.5253    0.544098    7.53365    
1    9    4    -6426.76    -16.1734    0.537872    8.94563    
1    13    5    -6426.54    -19.5909    0.547802    7.25182    
1    19    6    -6429.05    -17.2424    0.553557    7.42133    
1    21    7    -6429.67    -19.6685    0.572917    7.25903    
1    25    8    -6428.75    -13.5597    0.655558    8.83954    
1    27    9    -6431.64    -13.8908    0.669618    8.78403    
1    29    10    -6430.89    -12.9102    0.684376    9.06588    
1    30    11    -6427.58    -8.23668    0.747696    9.90407    
1    31    12    -6433.38    -17.922    0.673444    8.74934    
1    36    13    -6432.94    -20.2787    0.678921    8.80103    
1    37    14    -6435.61    -22.7346    0.640567    8.87674    
1    42    15    -6438.73    -23.0312    0.623139    9.24843    
1    43    16    -6438.45    -22.161    0.62573    9.1912    
1    45    17    -6439.45    -23.7429    0.570772    9.93944    
1    53    18    -6439.01    -23.4255    0.584797    9.30221    
1    59    19    -6439.82    -25.5107    0.574915    9.16276    
1    70    20    -6440.08    -22.042    0.559175    9.25242    
1    76    21    -6441.57    -25.6348    0.587557    9.42319    
1    77    22    -6441.25    -24.75    0.568906    9.2842    
1    83    23    -6440.01    -25.0706    0.552902    8.95816    
1    87    24    -6436.28    -20.0748    0.571071    9.5494    
1    90    25    -6435.61    -17.8035    0.598493    9.43116    
1    91    26    -6435.33    -18.0257    0.602147    10.0587    
1    94    27    -6432.82    -13.6235    0.639594    8.95564    
1    97    28    -6431.95    -15.5543    0.591249    9.81008    
1    100    29    -6432.39    -15.4893    0.611125    9.47458    
