#Task    Step    numberOfAcceptedPeleSteps    currentEnergy    BindingEnergy    sasaLig    distance_A43SG_L1S1    
1    0    0    -6415.26    -12.4662    0.676968    7.66036    
1    1    1    -6427.97    -4.92546    0.654866    9.9301    
1    2    2    -6424.19    -0.470214    0.668389    10.418    
1    3    3    -6424.95    -3.09646    0.65246    8.7932    
1    4    4    -6425.62    -3.31147    0.651397    9.7864    
1    5    5    -6425.15    -3.16696    0.652799    9.15315    
1    7    6    -6431.25    -14.3561    0.583685    9.3384    
1    9    7    -6430.36    -16.2885    0.589132    9.43163    
1    12    8    -6428.5    -16.4129    0.561399    9.01123    
1    13    9    -6425.39    -9.3715    0.647652    7.60083    
1    14    10    -6423.23    -4.89342    0.663839    7.73079    
1    16    11    -6420.24    -0.586848    0.654329    9.24482    
1    17    12    -6425.06    -13.3911    0.672759    8.94773    
1    18    13    -6424.32    -11.3746    0.64509    9.00828    
1    20    14    -6426.5    -12.4006    0.671719    9.0364    
1    22    15    -6426.49    -12.9265    0.664936    8.66543    
1    26    16    -6426.67    -12.4644    0.660257    8.55463    
1    27    17    -6426.39    -10.3087    0.625284    8.04248    
1    28    18    -6417.83    -1.91318    0.686811    8.59766    
1    29    19    -6418.94    -12.1267    0.645077    7.62    
1    30    20    -6420.9    -10.2491    0.653883    6.88301    
1    32    21    -6416.28    -2.18349    0.690057    9.48308    
1    33    22    -6427.69    -21.1104    0.598412    8.18949    
1    34    23    -6425.78    -18.062    0.590887    8.68373    
1    37    24    -6422.5    -15.6443    0.63175    8.91013    
1    41    25    -6425.02    -24.8808    0.578689    8.07108    
1    43    26    -6432.03    -25.8406    0.56111    7.59417    
1    45    27    -6443.76    -35.8511    0.522875    7.7441    
1    51    28    -6445.25    -35.6174    0.51335    7.60118    
1    61    29    -6446.89    -37.8315    0.525043    7.58775    
1    63    30    -6444.65    -35.849    0.502849    7.43398    
1    64    31    -6445.72    -31.8613    0.541064    7.74629    
1    77    32    -6445.17    -32.8168    0.545037    8.22179    
1    81    33    -6447.46    -35.8738    0.527131    7.70391    
1    91    34    -6431.77    -27.6473    0.557588    7.46277    
1    94    35    -6438.14    -25.5344    0.595976    7.50274    
1    98    36    -6440.47    -26.5382    0.602561    7.60161    
1    99    37    -6438.36    -31.2788    0.559756    7.74202    
