#Task    Step    numberOfAcceptedPeleSteps    currentEnergy    BindingEnergy    sasaLig    distance_A43SG_L1S1    
1    0    0    -6424.84    -32.382    0.551647    10.2821    
1    1    1    -6448.41    -33.4077    0.534477    10.3441    
1    22    2    -6448.67    -34.3885    0.54358    10.3785    
1    26    3    -6445.35    -29.9454    0.540639    10.2821    
1    27    4    -6444.83    -27.5355    0.518156    10.3729    
1    39    5    -6445.27    -28.2016    0.519676    10.4432    
1    41    6    -6443.16    -25.5855    0.508143    10.2119    
1    49    7    -6440.53    -23.9399    0.500127    10.2265    
1    50    8    -6440.11    -21.5561    0.52714    10.5115    
1    60    9    -6434.02    -17.0031    0.512252    10.421    
1    61    10    -6441.02    -30.1519    0.472508    9.61704    
1    62    11    -6435.63    -28.3925    0.520828    9.86284    
1    63    12    -6438.19    -22.2816    0.509914    10.3825    
1    64    13    -6441.88    -23.2912    0.535129    10.6352    
1    65    14    -6443.16    -24.4749    0.530588    10.1617    
1    66    15    -6444.91    -25.7765    0.542039    10.3993    
1    71    16    -6444.89    -26.3268    0.53794    10.5863    
1    73    17    -6447.72    -30.4565    0.546425    10.5797    
1    78    18    -6449.34    -30.3444    0.554509    10.5553    
1    89    19    -6447.5    -28.9272    0.524398    10.2504    
