#Task    Step    numberOfAcceptedPeleSteps    currentEnergy    BindingEnergy    sasaLig    distance_A43SG_L1S1    
1    0    0    -6411.02    -29.4513    0.480698    7.38199    
1    1    1    -6429.73    -18.7186    0.605586    6.5363    
1    5    2    -6441.83    -29.3668    0.53762    6.42706    
1    12    3    -6444.94    -34.6232    0.560792    6.24746    
1    13    4    -6444.71    -34.2818    0.539145    6.46324    
1    19    5    -6444.82    -33.1071    0.551122    6.47347    
1    25    6    -6446.21    -34.8926    0.544439    6.6236    
1    28    7    -6445.48    -31.926    0.52801    6.5263    
1    32    8    -6444.36    -32.9839    0.554706    6.60995    
1    36    9    -6446.03    -35.2541    0.554686    6.574    
1    40    10    -6444.2    -32.6965    0.547434    6.67525    
1    45    11    -6441.72    -34.7031    0.542913    6.59467    
1    49    12    -6438.53    -23.5685    0.551974    6.50294    
1    53    13    -6437.61    -30.2594    0.483905    4.21659    
1    58    14    -6438.93    -31.7362    0.485027    4.63456    
1    62    15    -6432.81    -22.8272    0.533633    4.58738    
1    63    16    -6437.2    -29.0437    0.500494    4.06984    
1    64    17    -6440.07    -32.2371    0.496933    4.33152    
1    67    18    -6441.81    -30.8827    0.479211    4.04213    
1    69    19    -6447.1    -38.6723    0.475939    4.29126    
1    81    20    -6445.74    -37.4745    0.465249    4.45348    
