#Task    Step    numberOfAcceptedPeleSteps    currentEnergy    BindingEnergy    sasaLig    distance_A43SG_L1S1    
1    0    0    -6416.07    -30.4856    0.564595    6.70574    
1    1    1    -6421.27    -10.9803    0.596595    6.92435    
1    4    2    -6430.63    -18.2467    0.593935    7.2864    
1    6    3    -6436.09    -23.1239    0.607365    7.00366    
1    7    4    -6440.53    -26.3598    0.594626    7.35138    
1    8    5    -6435.32    -20.726    0.662001    8.91353    
1    9    6    -6438.05    -24.5441    0.638674    8.19829    
1    12    7    -6441.19    -25.0571    0.628063    8.13322    
1    17    8    -6440.87    -24.6562    0.622781    7.82665    
1    33    9    -6440.48    -24.7308    0.621912    7.76265    
1    38    10    -6444.69    -26.9609    0.613375    7.62047    
1    42    11    -6443.84    -25.7675    0.600473    7.64983    
1    43    12    -6440.53    -26.1056    0.579008    7.8584    
1    44    13    -6441.89    -25.8828    0.592789    7.60241    
1    47    14    -6442.22    -26.4224    0.557884    7.67441    
1    49    15    -6445.67    -31.646    0.562581    7.57835    
1    50    16    -6447.77    -32.9153    0.561927    7.6713    
1    62    17    -6441.25    -30.1471    0.531624    7.59866    
1    63    18    -6444.54    -36.1698    0.554902    7.54107    
1    65    19    -6445.4    -30.4362    0.522069    7.5176    
1    66    20    -6443.17    -30.4815    0.5174    7.54409    
1    73    21    -6444.51    -34.8781    0.52739    7.75294    
1    77    22    -6442.26    -34.0974    0.511264    7.6714    
1    79    23    -6442.94    -34.1301    0.611425    7.0985    
1    82    24    -6443.63    -34.7099    0.626171    7.20249    
1    85    25    -6449.69    -35.771    0.622225    7.99462    
1    87    26    -6448.46    -33.9013    0.661715    7.48081    
1    92    27    -6448.3    -33.866    0.648665    6.96447    
1    96    28    -6449.58    -34.6136    0.654541    6.62754    
1    97    29    -6452    -36.2018    0.630831    6.68881    
