#Task    Step    numberOfAcceptedPeleSteps    currentEnergy    BindingEnergy    sasaLig    distance_A43SG_L1S1    
1    0    0    -6419.99    -21.8652    0.591401    6.32851    
1    1    1    -6439.7    -21.2164    0.580158    7.81204    
1    3    2    -6437.22    -19.7381    0.594852    8.13158    
1    4    3    -6440.66    -19.3384    0.602913    8.4218    
1    5    4    -6442.49    -22.272    0.568919    7.20725    
1    8    5    -6441.86    -19.4658    0.583155    6.9293    
1    11    6    -6443.09    -21.9413    0.589025    6.00329    
1    13    7    -6441.65    -23.1532    0.587803    6.72658    
1    14    8    -6445.38    -25.1304    0.5752    5.78657    
1    17    9    -6443.33    -22.7127    0.565606    5.30616    
1    24    10    -6444.38    -23.6656    0.561084    5.30423    
1    26    11    -6441.61    -23.4033    0.594682    6.00948    
1    28    12    -6443.1    -21.7752    0.57799    5.53025    
1    29    13    -6442.31    -21.4732    0.586215    6.09383    
1    34    14    -6444.94    -22.0741    0.585335    5.8497    
1    39    15    -6444.15    -21.0335    0.586312    6.66082    
1    41    16    -6442.27    -22.9723    0.558111    5.20111    
1    45    17    -6440.25    -17.3241    0.597513    5.69213    
1    48    18    -6439.23    -19.5992    0.612125    5.63293    
1    50    19    -6438.08    -16.3368    0.626751    6.28952    
1    51    20    -6436.17    -15.1091    0.617866    6.53937    
1    57    21    -6439.94    -18.386    0.630432    6.08343    
1    58    22    -6443.82    -21.5813    0.592312    5.6573    
1    59    23    -6445.14    -20.7402    0.594208    6.27253    
1    63    24    -6444.35    -21.2773    0.591358    5.92191    
1    64    25    -6441.56    -18.9491    0.572902    5.26532    
1    65    26    -6442.85    -22.5299    0.580989    6.17812    
1    70    27    -6444.56    -22.0839    0.586327    6.42114    
1    71    28    -6444.13    -20.2493    0.576415    6.91646    
1    75    29    -6444.23    -20.1252    0.57732    6.62275    
1    77    30    -6445.07    -23.3242    0.579369    5.60042    
1    80    31    -6447.16    -24.3477    0.573165    5.40243    
1    96    32    -6445.13    -21.3993    0.589364    6.08486    
1    97    33    -6439.23    -22.3132    0.569974    6.69522    
1    98    34    -6437.77    -14.7594    0.612569    7.42416    
1    99    35    -6438.16    -22.7682    0.531238    7.26    
