#Task    Step    numberOfAcceptedPeleSteps    currentEnergy    BindingEnergy    sasaLig    distance_A43SG_L1S1    
1    0    0    -6413.02    -19.7695    0.654619    8.24847    
1    1    1    -6414.48    -3.43596    0.708304    7.83388    
1    2    2    -6418.56    -1.77879    0.746512    7.24859    
1    3    3    -6427.81    -6.15636    0.730409    5.3023    
1    4    4    -6428.53    -4.43225    0.716755    8.85136    
1    5    5    -6427.33    -5.15514    0.748721    8.52986    
1    7    6    -6427.24    -9.82537    0.756979    8.26567    
1    8    7    -6427.85    -11.3432    0.802396    7.59186    
1    11    8    -6431.44    -8.92458    0.742368    8.67933    
1    12    9    -6431.62    -9.27199    0.741269    9.66506    
1    14    10    -6431.99    -8.50425    0.763908    9.12097    
1    15    11    -6433.71    -8.44116    0.74574    8.97757    
1    17    12    -6433.67    -9.51714    0.75605    10.0196    
1    20    13    -6434.71    -11.4668    0.723112    10.2789    
1    22    14    -6433.67    -8.04995    0.761202    8.10356    
1    23    15    -6437.46    -8.4949    0.710501    7.0116    
1    24    16    -6437.94    -8.16473    0.730919    7.27765    
1    25    17    -6437.13    -10.487    0.702858    7.60634    
1    27    18    -6435.42    -8.66443    0.688889    7.6856    
1    28    19    -6437.43    -11.5006    0.706832    7.55755    
1    33    20    -6436.51    -18.1881    0.634761    7.67607    
1    49    21    -6434.05    -15.1558    0.623107    7.52465    
1    60    22    -6437.04    -16.5426    0.616397    7.54662    
1    65    23    -6438.47    -19.8668    0.614066    7.57161    
1    67    24    -6439.38    -19.9923    0.604816    7.41277    
1    73    25    -6441.64    -35.3589    0.602523    8.87919    
1    77    26    -6446.02    -38.0604    0.58606    8.91929    
1    80    27    -6443.24    -34.4577    0.583725    9.28151    
1    89    28    -6445.54    -38.4224    0.550538    8.18284    
1    96    29    -6442.68    -38.2963    0.54255    8.17268    
1    97    30    -6441.66    -33.3585    0.580121    7.77981    
1    100    31    -6442.84    -28.1334    0.619512    7.92493    
