#Task    Step    numberOfAcceptedPeleSteps    currentEnergy    BindingEnergy    sasaLig    distance_A43SG_L1S1    
1    0    0    -6423.35    -34.4689    0.606556    9.14782    
1    1    1    -6438.8    -45.132    0.56372    9.26876    
1    2    2    -6438.31    -43.5121    0.567003    9.42614    
1    5    3    -6440.25    -47.0353    0.565044    9.47129    
1    9    4    -6442.72    -48.3986    0.570002    9.84181    
1    11    5    -6440.58    -39.7418    0.601396    9.92529    
1    13    6    -6442.04    -39.8645    0.563097    8.94177    
1    18    7    -6431.86    -30.106    0.595867    9.2076    
1    20    8    -6434.65    -39.1587    0.546135    8.85221    
1    21    9    -6442.5    -48.3787    0.549177    9.75098    
1    24    10    -6440.77    -44.5515    0.561626    9.58643    
1    25    11    -6446.31    -43.536    0.557863    9.40152    
1    29    12    -6446.91    -42.3198    0.563554    9.47205    
1    32    13    -6442.35    -39.8016    0.54155    9.1925    
1    33    14    -6449.24    -27.3952    0.617693    9.82032    
1    36    15    -6450.9    -27.3369    0.615268    9.97899    
1    41    16    -6450.86    -30.8489    0.609688    9.683    
1    44    17    -6450.8    -30.1537    0.619681    10.0802    
1    46    18    -6450.17    -28.3888    0.616476    10.2109    
1    53    19    -6444.96    -28.35    0.599937    9.22142    
1    57    20    -6444.01    -29.9592    0.610474    9.31837    
1    61    21    -6446.45    -29.3505    0.608181    9.47656    
1    62    22    -6444.58    -28.021    0.597645    9.42351    
1    65    23    -6452.12    -30.1853    0.605687    9.42591    
1    71    24    -6449.91    -29.8234    0.604344    9.88193    
1    73    25    -6454.87    -32.0295    0.598721    9.53412    
1    90    26    -6452.66    -29.0167    0.59569    9.28224    
1    96    27    -6452.82    -29.3386    0.608023    9.79548    
1    97    28    -6455.15    -33.1181    0.589792    9.56572    
