#Task    Step    numberOfAcceptedPeleSteps    currentEnergy    BindingEnergy    sasaLig    distance_A43SG_L1S1    
1    0    0    -6412.93    -23.987    0.516664    7.74804    
1    1    1    -6433.31    -28.891    0.490459    7.05841    
1    4    2    -6434.29    -28.9661    0.514342    5.47566    
1    13    3    -6433.57    -31.1411    0.519069    7.01695    
1    15    4    -6432.89    -23.416    0.55514    8.27773    
1    21    5    -6435.71    -35.4769    0.528184    7.7709    
1    25    6    -6435.99    -37.7075    0.501532    9.18326    
1    32    7    -6430.88    -37.8256    0.4909    9.13846    
1    34    8    -6439.27    -35.7953    0.506186    9.11589    
1    36    9    -6434.4    -26.5569    0.540312    8.28328    
1    43    10    -6437.59    -36.954    0.522147    8.97542    
1    45    11    -6429.34    -21.0908    0.517614    9.39172    
1    46    12    -6434.29    -21.9304    0.526293    9.40898    
1    49    13    -6438.4    -23.7564    0.514699    9.44462    
1    61    14    -6436.08    -27.7295    0.494261    9.36269    
1    67    15    -6427.15    -11.0563    0.56006    6.43642    
1    68    16    -6421.91    -5.73124    0.632547    5.78835    
1    71    17    -6427.76    -4.44602    0.588288    5.88429    
1    74    18    -6426.67    -3.54387    0.612041    6.17406    
1    75    19    -6430.24    -9.38554    0.62109    5.65685    
1    76    20    -6430.06    -11.9874    0.581298    7.20248    
1    78    21    -6431.55    -11.9587    0.539524    5.98978    
1    79    22    -6433.36    -14.8854    0.529508    6.22172    
1    80    23    -6433.8    -15.7827    0.539106    6.85735    
1    82    24    -6436.25    -16.5236    0.551257    7.22602    
1    85    25    -6433.45    -16.3831    0.568412    7.91311    
1    86    26    -6438.08    -17.5022    0.533331    7.44758    
