#Task    Step    numberOfAcceptedPeleSteps    currentEnergy    BindingEnergy    sasaLig    distance_A43SG_L1S1    
1    0    0    -6411.66    -15.8422    0.663921    6.91886    
1    1    1    -6432.98    -16.1674    0.662926    7.68014    
1    7    2    -6431.43    -15.9893    0.644794    6.80232    
1    9    3    -6435.7    -17.3175    0.656326    6.46192    
1    12    4    -6432.57    -15.6015    0.626577    6.23845    
1    15    5    -6433.81    -17.3253    0.628462    6.51403    
1    23    6    -6434.68    -16.1702    0.650234    6.92111    
1    28    7    -6435.67    -16.7167    0.639067    7.17932    
1    41    8    -6438.49    -19.3626    0.606524    8.52188    
1    58    9    -6438.8    -19.7758    0.602811    8.3442    
1    62    10    -6434.73    -14.6445    0.613484    8.28228    
1    64    11    -6425.62    -4.03492    0.680009    8.58246    
1    67    12    -6435.56    -8.14397    0.655638    9.54648    
1    68    13    -6435.4    -7.77727    0.723303    8.41061    
1    69    14    -6436.5    -8.58092    0.698358    7.58364    
1    70    15    -6435.92    -6.98035    0.699383    7.51992    
1    72    16    -6436.2    -7.38679    0.713829    7.97954    
1    76    17    -6435.56    -7.83815    0.712609    7.65269    
1    78    18    -6435.98    -8.29829    0.70794    5.1632    
1    79    19    -6429.38    -4.65198    0.795867    6.7484    
1    81    20    -6430.19    -3.43657    0.745023    9.48729    
1    83    21    -6432.25    -4.85678    0.707592    10.0836    
1    85    22    -6433.55    -6.49306    0.708871    10.5735    
1    86    23    -6433.54    -4.92428    0.697557    10.7614    
1    93    24    -6435.39    -6.51686    0.690606    10.243    
1    95    25    -6434.22    -5.30333    0.678384    10.863    
1    96    26    -6420.97    8.23659    0.718846    9.85744    
1    98    27    -6426.38    2.59766    0.697548    10.2602    
1    99    28    -6432.13    -2.67889    0.754483    9.82899    
1    100    29    -6432.39    -2.35563    0.743304    9.53346    
