#Task    Step    numberOfAcceptedPeleSteps    currentEnergy    BindingEnergy    sasaLig    distance_A43SG_L1S1    
1    0    0    -6420.49    -28.5542    0.472548    8.34658    
1    1    1    -6440.49    -32.5535    0.453351    5.70451    
1    11    2    -6443.79    -34.8921    0.465675    5.81767    
1    15    3    -6442.97    -36.9165    0.472559    6.03473    
1    29    4    -6445.39    -38.362    0.470146    5.74779    
1    50    5    -6441.78    -33.828    0.450531    5.29644    
1    51    6    -6440.43    -34.9884    0.480773    5.89827    
1    69    7    -6439.56    -35.3961    0.467528    5.83348    
1    71    8    -6439.66    -34.9762    0.461645    5.68539    
1    73    9    -6440.15    -33.6603    0.51275    5.60411    
1    77    10    -6440.3    -38.7474    0.460173    5.54386    
1    82    11    -6437.11    -36.142    0.478337    5.61082    
1    84    12    -6436.64    -33.7226    0.483476    5.6687    
1    90    13    -6437.41    -37.3534    0.466617    5.38878    
1    91    14    -6435.96    -41.9408    0.48269    5.72413    
1    92    15    -6433.56    -37.381    0.492908    6.21858    
1    97    16    -6436.87    -36.879    0.502565    6.85461    
