#Task    Step    numberOfAcceptedPeleSteps    currentEnergy    BindingEnergy    sasaLig    distance_A43SG_L1S1    
1    0    0    -6427.85    -47.8713    0.457431    7.79196    
1    1    1    -6449.93    -48.7571    0.442105    7.91418    
1    7    2    -6450.56    -48.0889    0.446463    7.73147    
1    9    3    -6445.47    -46.8972    0.451645    8.44539    
1    14    4    -6439.56    -34.699    0.48777    8.56028    
1    19    5    -6436.14    -39.431    0.47575    8.89817    
1    21    6    -6445.53    -45.24    0.463788    7.9727    
1    25    7    -6443.62    -33.9658    0.507712    7.62976    
1    33    8    -6448.02    -37.4725    0.502315    6.87248    
1    35    9    -6448.27    -32.4176    0.534433    6.74276    
1    42    10    -6446.28    -30.8965    0.532908    6.44377    
1    44    11    -6443.73    -27.9303    0.570437    6.48625    
1    46    12    -6437.47    -18.1321    0.606633    6.66706    
1    48    13    -6448.18    -30.0831    0.565028    6.77473    
1    51    14    -6448.79    -31.1925    0.559575    7.28192    
1    53    15    -6451.1    -33.2323    0.543409    6.63762    
1    58    16    -6447.25    -31.4667    0.569712    6.02992    
1    60    17    -6449.47    -33.5443    0.548218    6.71015    
1    61    18    -6448.02    -34.9054    0.549011    6.91845    
1    62    19    -6438.86    -28.3906    0.552286    7.0822    
1    65    20    -6445.37    -35.0838    0.5411    6.75873    
1    67    21    -6444.83    -32.6846    0.594972    7.89439    
1    68    22    -6444.6    -32.3941    0.597028    7.20666    
1    71    23    -6446.65    -35.8898    0.55311    7.72838    
1    73    24    -6448.08    -35.9752    0.553844    7.84449    
1    76    25    -6450.23    -36.5945    0.556472    7.52728    
1    78    26    -6448.12    -35.3963    0.555546    7.87571    
1    81    27    -6452    -37.1749    0.544235    6.50455    
1    85    28    -6452.98    -38.32    0.528854    6.69986    
1    88    29    -6451.82    -36.8594    0.544484    6.05761    
1    89    30    -6452.63    -37.9859    0.540556    6.48211    
1    93    31    -6445.07    -33.2237    0.508556    6.51933    
1    96    32    -6446.79    -30.2607    0.539096    6.83329    
1    97    33    -6447.87    -35.2236    0.469678    7.10358    
