83	3456	1.00	2.899E-82	0	389	390	0	389	390	390M
66	1304	0.316	7.620E-36	0	383	390	0	392	414	47M7D14M4D5M1D13M1I4M4D6M3D39M1D64M11I34M1D146M
65	1295	0.318	8.994E-36	0	383	390	0	392	410	47M7D19M5D13M1I4M4D6M3D39M1D60M11I38M1D146M
38	1179	0.252	4.551E-34	1	387	390	6	412	416	8M1D5M5D27M2D7M1D13M5D61M1D13M2D55M4I42M3D8M1D5M4D116M1I22M
37	1178	0.226	4.075E-34	1	388	390	4	415	420	7M1D6M5D27M2D7M1D19M5D56M1D4M4D6M2I87M4D24M1D2M3D117M1I23M
20	1177	0.260	9.865E-34	1	389	390	8	424	427	8M1D4M5D28M2D7M1D13M5D61M1D13M2D57M2D45M5D8M2D6M3D114M1I24M
33	1169	0.263	1.102E-33	1	387	390	2	410	417	12M6D28M2D7M1D13M5D61M1D13M2D54M4I44M5D8M2D3M1D2M2D115M1I22M
42	1167	0.242	1.164E-33	1	385	390	6	410	416	6M8D6M2I26M2D10M1D10M5D61M2D3M3D8M2I55M2D45M2I8M1D3M3D117M1I20M
85	1165	0.261	2.980E-33	0	384	390	3	408	424	8M1D5M5D28M2D10M1D16M5D18M1I37M1D5M2D61M1I46M3D9M2D4M2D116M1I19M
19	1163	0.245	1.043E-33	1	386	390	6	413	416	8M1D4M5D28M2D7M1D13M5D62M1D4M2I6M4D55M4I43M5D8M1D4M3D1M1D115M1I21M
45	1152	0.243	1.301E-33	1	388	390	7	413	422	8M1D5M5D27M2D7M1D13M5D61M1D13M2D54M4I44M5D8M1D4M4D99M3I14M1I23M
14	1143	0.240	5.783E-33	0	388	390	0	409	413	8M6D33M2D7M1D13M5D22M3I3M2D39M1I5M4D49M1I52M3D9M2D3M2D117M1I23M
31	1134	0.242	5.178E-33	1	386	390	5	412	419	8M1D5M5D27M2D7M1D13M5D22M3I3M2D45M3D55M1I45M3D8M2D5M2D2M1D115M1I21M
41	1133	0.237	1.005E-32	0	385	390	5	418	420	7M8D6M2I26M2D7M1D13M5D73M3D56M6D46M1D2M1D7M1D3M3D118M1I19M
43	1132	0.247	3.149E-33	1	387	390	6	414	418	7M6D33M2D7M1D13M5D61M1D5M2I6M4D55M4I43M5D8M2D3M2D2M1D115M1I22M
34	1132	0.235	4.900E-33	1	387	390	7	415	423	6M8D6M2I26M2D7M1D13M5D74M3D55M4I43M5D8M1D4M4D116M1I22M
35	1131	0.242	1.535E-33	1	389	390	6	411	412	12M6D27M2D8M1D13M5D19M5I50M3D55M4I40M7D16M3D115M1I24M
46	1130	0.242	7.624E-33	1	388	390	6	415	422	8M1D4M5D28M2D7M1D13M5D61M1D6M1I6M3D55M4I43M5D6M2D8M3D114M1I23M
94	1128	0.237	8.515E-33	0	388	390	0	409	413	8M6D33M2D7M1D13M5D22M3I3M2D39M1I5M4D49M1I52M3D8M2D5M2D116M1I23M
36	1128	0.235	6.459E-33	1	387	390	6	414	427	6M8D6M2I26M2D9M1D11M5D61M1D13M2D54M4I44M5D8M1D4M4D116M1I22M
48	1124	0.210	1.846E-32	1	389	390	6	411	412	8M6D32M2D7M1D13M5D62M1D4M4D6M2I55M4I43M1D8M2D4M2D116M1I24M
2	1123	0.233	1.951E-32	1	388	390	7	409	418	8M1D5M5D27M2D9M1D11M5D74M3D55M4I36M3I12M1D4M4D98M1D18M1I23M
49	1116	0.239	2.980E-33	1	384	390	7	412	417	7M8D5M2I25M2D8M1D19M5D56M1D12M2D55M4I43M5D7M1D5M4D116M1I19M
15	1112	0.232	1.747E-32	1	387	390	9	407	418	8M1D5M5D27M2D7M1D13M5D62M1D12M2D55M4I35M1I5M2I8M2D3M3D100M2I15M1I22M
44	1110	0.260	2.389E-33	1	388	390	6	415	418	7M8D5M2I26M2D7M1D13M5D61M1D5M2I6M4D54M4I45M7D16M3D111M1I23M
9	1110	0.235	1.564E-32	1	387	390	7	421	426	8M1D5M5D27M2D7M1D13M5D74M3D55M4I44M7D14M3D12M6D101M1I22M
30	1109	0.255	1.846E-32	0	384	390	0	405	421	7M8D6M2I26M2D12M1D8M5D27M1I34M1D12M2D54M1I46M3D8M1D6M3D115M1I19M
75	1107	0.216	8.208E-32	1	387	390	6	412	417	8M1D5M5D27M2D7M1D13M5D62M1D12M2D55M4I42M3D9M1D4M3D1M1D114M1I23M
27	1106	0.210	1.593E-31	1	388	390	6	413	420	8M1D5M5D27M2D9M1D11M5D62M1D7M2D60M4I42M3D9M2D3M2D2M1D114M1I24M
29	1102	0.213	9.689E-32	1	387	390	6	412	417	8M1D5M5D27M2D7M1D13M5D62M1D12M2D55M4I42M3D9M1D3M3D2M1D114M1I23M
86	1098	0.231	8.208E-32	1	388	390	7	409	418	8M1D5M5D27M2D9M1D11M5D62M1D12M2D55M4I36M3I12M2D2M3D100M1D18M1I23M
77	1095	0.250	3.786E-32	1	384	390	7	412	417	7M6D33M2D7M1D13M5D61M1D13M2D55M4I43M5D8M2D2M3D118M1I19M
13	1094	0.221	1.593E-31	1	388	390	7	416	427	8M1D4M5D28M2D9M1D11M5D74M3D55M4I43M5D6M2D11M3D111M1I23M
91	1089	0.239	5.275E-32	0	385	390	0	406	422	7M8D6M2I26M2D7M1D18M5D21M1I34M1D5M2I5M4D55M1I45M3D9M2D5M2D116M1I20M
39	1087	0.239	4.469E-32	1	389	390	7	418	424	6M8D6M2I26M2D7M1D13M5D74M3D52M3I47M5D8M1D4M4D115M1I25M
23	1086	0.225	1.593E-31	1	388	390	6	409	421	8M1D5M5D27M2D7M1D19M5D56M1D12M2D55M4I36M3I12M1D4M4D99M2D17M1I23M
25	1079	0.248	9.168E-32	1	387	390	5	408	414	7M6D32M2D9M1D10M5D63M1D5M2I6M4D55M4I42M3D10M1D6M1D113M1I22M
78	1079	0.212	9.689E-32	1	387	390	7	415	421	12M6D28M2D7M1D19M5D11M1I10M1D34M1D12M2D55M4I43M5D7M1D5M3D3M1D113M1I22M
10	1077	0.220	1.987E-31	1	387	390	9	416	426	8M1D4M5D28M2D9M1D17M5D56M1D6M2D61M4I35M2I5M1I8M2D2M1D2M11D101M2I13M1I22M
50	1076	0.254	2.062E-32	1	389	390	7	418	424	6M8D6M2I26M2D7M1D13M5D74M3D52M3I44M7D14M5D2M2I112M1I25M
22	1075	0.267	2.479E-31	0	381	390	0	403	412	9M1D4M5D31M2D4M1D13M5D26M1I40M1I6M4D54M1I46M3D7M2D8M3D114M1I16M
17	1074	0.223	2.926E-31	1	388	390	8	411	422	8M1D5M5D27M2D7M1D13M5D62M1D7M2D60M4I36M3I12M1D4M4D102M2D14M1I23M
1	1073	0.225	4.812E-31	1	388	390	6	409	421	8M1D5M5D27M2D7M1D19M5D56M1D5M2D62M4I36M3I12M2D2M3D102M2D16M1I23M
81	1072	0.267	4.553E-31	0	381	390	0	403	411	9M1D4M5D29M1D3M1D6M1D10M5D26M1I47M3D54M1I45M3D10M1D5M4D115M1I16M
21	1071	0.232	2.620E-31	1	387	390	7	405	411	8M1D5M5D27M2D9M1D17M5D56M1D12M2D55M4I37M3I11M2D6M3D101M2I11M1I22M
40	1071	0.222	4.308E-31	1	387	390	8	416	425	8M1D5M5D27M2D8M1D12M5D62M1D12M2D55M4I36M1D5M4D10M1D4M3D1M1D114M1I23M
64	1068	0.225	3.858E-31	1	388	390	7	410	421	8M1D5M5D27M2D7M1D13M5D62M1D10M2D57M4I36M3I12M1D4M4D102M2D14M1I23M
7	1059	0.223	8.838E-31	1	388	390	7	410	421	8M1D5M5D27M2D7M1D19M5D56M1D7M2D60M4I36M3I12M1D4M4D102M2D14M1I23M
47	1056	0.250	7.767E-32	1	389	390	7	417	420	6M8D6M2I26M2D7M1D13M5D61M1D5M2I7M4D54M4I36M1D8M6D10M2D2M1D115M1I24M
32	1055	0.224	1.165E-30	1	388	390	8	411	422	8M1D5M5D27M2D7M1D14M2D6M3D55M1D5M5D5M3I54M4I36M3I12M1D3M4D103M2D14M1I23M
16	1054	0.223	1.231E-30	1	388	390	8	411	422	8M1D5M5D27M2D7M1D19M5D56M1D7M2D60M4I36M3I12M1D4M4D102M2D14M1I23M
28	1042	0.223	1.375E-30	1	388	390	7	410	421	8M1D5M5D27M2D7M1D13M5D62M1D7M2D60M4I36M3I12M2D9M3D97M2D14M1I23M
63	1040	0.228	2.981E-30	1	388	390	8	411	422	8M1D5M5D27M2D7M1D13M5D62M1D7M2D60M4I36M3I12M2D3M3D103M2D14M1I23M
0	1039	0.245	8.363E-31	1	387	390	5	408	417	7M6D32M2D9M1D10M5D63M1D5M2I6M4D55M4I42M3D10M1D6M1D113M1I22M
76	1037	0.229	3.930E-30	1	387	390	7	405	414	8M1D5M5D27M2D7M1D13M5D62M1D12M2D55M4I40M3I8M1D4M4D99M2I15M1I22M
3	1036	0.233	8.363E-31	1	387	390	7	405	414	6M8D6M2I26M2D9M1D11M5D62M1D12M2D55M4I36M3I12M2D3M3D102M2I13M1I22M
11	1030	0.231	2.025E-30	1	387	390	7	405	414	6M8D6M2I26M2D7M1D13M5D62M1D12M2D55M4I40M3I8M2D3M3D100M2I15M1I22M
68	1028	0.257	4.389E-30	0	384	390	0	385	387	34M1I12M8I9M3D18M5I36M6D6M4I36M1D16M1D11M2I35M2I10M1D5M3D11M1D13M1D59M6D52M
59	1027	0.225	5.181E-30	1	388	390	7	410	421	8M1D5M5D27M2D7M1D13M5D62M1D7M2D60M4I36M3I12M1D4M4D98M3D6M1I11M1I23M
8	1024	0.259	1.623E-30	3	387	390	1	402	406	5M5D5M1D27M2D9M1D14M3D2M2D14M1I9M1D44M3D57M4I42M3D10M1D6M1D112M1I23M
12	1022	0.231	3.330E-30	1	387	390	7	405	414	6M8D6M2I26M2D7M1D13M5D62M1D12M2D55M4I40M3I8M2D3M3D100M2I15M1I22M
89	1018	0.234	1.916E-30	1	389	390	7	418	426	6M8D6M2I25M2D10M1D11M5D61M1D8M2D57M3I47M5D1M2D10M3D116M1I25M
67	1016	0.257	9.004E-30	0	384	390	0	385	387	34M1I12M8I9M3D18M5I36M6D6M4I36M1D16M1D11M2I35M2I10M1D5M3D11M1D13M1D59M6D52M
74	1015	0.248	1.102E-30	7	384	390	8	399	404	6M2I26M2D9M1D13M2D4M3D55M1D13M2D55M4I43M5D6M2D4M3D118M1I19M
57	991	0.248	1.326E-29	2	388	390	1	400	411	6M5D5M2I26M2D7M1D19M5D56M1D12M2D55M4I40M3I8M2D2M3D100M2D18M1I23M
6	984	0.257	5.578E-29	0	384	390	0	385	387	29M1I12M2I2M4I3M2I8M3D19M5I36M6D6M4I36M1D15M1D12M2I35M2I10M1D5M3D11M1D13M1D59M6D52M
26	984	0.248	1.654E-29	2	388	390	1	400	417	6M5D5M2I26M2D7M1D19M5D56M1D12M2D55M4I40M3I8M2D2M3D100M3D6M1I11M1I23M
18	976	0.227	8.363E-31	1	381	390	4	416	424	8M8D31M1D8M1D11M4D11M1D15M1I47M12D53M1I17M2I31M1D11M8D134M
88	918	0.226	1.537E-27	0	389	390	2	377	378	10M4I54M2D15M3I14M1D10M2D18M3I3M5I8M3D25M1I17M4I77M2I117M
56	911	0.245	3.094E-28	0	381	390	0	373	377	7M3D25M1I11M1D16M9I4M1I12M3I8M2I10M2I3M3D7M1I7M1I3M6I54M3D11M1I32M1D9M8D15M2I29M1D40M1D50M
55	902	0.239	2.983E-27	0	384	390	3	373	377	10M4I28M2I7M2D17M2D15M3I14M1D12M2D16M2I8M2I3M1I24M1I17M1D3M5I76M2I113M
53	893	0.262	4.392E-27	0	384	390	0	376	381	7M3D17M1I19M1D16M9I4M1I12M3I8M2I10M1D12M1I2M6I7M1I56M3D10M1I32M1D9M8D11M2I33M1D42M1D51M
82	878	0.237	2.671E-27	0	384	390	3	349	351	12M2I13M2I13M1D7M3I31M3I12M1D30M2I9M3I21M1D5M4I11M1I7M15I21M4I33M1I100M1I19M
58	870	0.206	1.025E-25	0	388	390	0	356	359	32M21I10M4D19M1I43M3D14M3I20M1D4M4I22M12I32M1D152M
24	859	0.204	1.716E-27	1	386	390	6	383	385	8M3I32M5D2M5I32M3I28M1D7M2I68M3I8M1D34M3D23M1D14M2I71M1I40M
95	858	0.240	2.305E-26	2	387	390	9	387	410	45M2I18M4D5M2D8M7I11M1D24M1D67M1D13M3I29M3I20M2I3M2I59M3D41M1I14M1D9M
84	810	0.237	2.222E-25	19	383	390	2	383	386	24M1D9M1D6M2D11M8D27M1D2M2D26M3I6M6D47M1D2M2I20M1I31M1D148M
90	809	0.220	2.623E-25	0	388	390	0	383	391	13M1I29M1D9M3I10M9D4M10I19M1D22M1I6M6D5M2I32M1D3M3I17M1D48M1D97M2I11M2I17M1I22M
97	805	0.205	5.091E-25	0	388	390	0	371	378	45M1D16M1D4M3D12M9I11M2D6M1I6M1I16M5I26M1I26M1I17M4I20M4I32M1I30M2D21M1D74M
52	797	0.227	1.210E-25	0	387	390	0	387	389	7M2D10M2I22M17D29M3D14M2I4M1D9M1D21M1I18M3I27M3I20M2I35M3I7M1D13M4I5M4I57M1D5M2I59M
80	790	0.191	3.723E-24	14	380	390	0	378	383	29M1D5M1D18M1D3M5D8M1I11M2D8M3D25M1I16M4D29M1I12M2D11M2I8M3I32M1D144M
69	777	0.218	5.686E-25	1	381	390	2	378	384	12M1I14M1D22M4D11M1D6M5I11M3I9M3I14M3D2M1D13M3I8M3I26M1I35M3I31M1D54M7D91M
70	775	0.214	7.496E-25	1	381	390	2	378	384	12M1I14M1D22M4D11M1D6M5I10M3I10M1D8M1I10M1D13M3I8M3I26M1I35M3I31M1D54M7D91M
5	762	0.222	2.528E-24	0	381	390	0	373	379	5M2I6M1I18M1I17M4D11M1D6M1I4M5I5M2I15M1D28M3I6M3I28M1I21M2I13M1I32M1D54M6D2M1D89M
73	727	0.204	3.040E-23	0	381	390	1	363	365	11M3I5M3I7M2D12M4D6M6I19M4D13M3I20M1D21M1I52M12I9M2D27M2I39M2I41M1D51M1I16M
4	724	0.213	5.793E-24	0	385	390	0	367	372	13M1I27M2D10M1D14M10D2M12I18M5D6M3I3M1I11M1I9M1I16M3D18M1I3M2I14M1D14M5I21M5I6M1D19M6I69M3I6M4D8M3I13M1I21M
60	719	0.195	1.211E-22	0	386	390	1	373	375	14M4I25M5I35M3I11M4D12M1I11M1I7M2I6M1D30M1I11M1D8M1I49M1D35M2I91M1I21M
61	716	0.208	1.849E-23	1	387	390	4	372	374	12M1I27M4D3M1D5M2I14M10D2M9I9M3I9M5D6M4I26M1D33M1I3M2I14M3D3M5I9M2I22M3I6M1I19M6I69M3I16M1D14M1I23M
51	711	0.237	5.186E-24	0	384	390	0	363	374	12M1I28M3D6M9D8M3I7M11I12M1D10M4D5M7I2M3D8M1I2M5I41M3I20M9I16M1D21M1D10M1I12M2I10M1I6M1D12M1D72M1I20M
62	703	0.204	4.008E-23	1	387	390	4	372	374	12M1I27M4D3M1D5M2I14M7D7M6I7M3I9M5D6M4I15M3D6M2I36M1I3M2I14M3D3M2I9M5I22M3I6M1I19M6I69M3I16M1D14M1I23M
93	696	0.203	2.824E-24	0	389	390	6	379	386	13M1I28M1D8M1D17M8D4M7I7M3I9M5D10M4I8M1I8M5I15M7D14M3I22M5I3M2D31M5I3M1D22M6I69M3I14M3D18M1I23M
54	695	0.231	2.722E-23	1	385	390	4	379	381	6M2D24M3I9M1D9M1D8M1I3M3D9M4D24M2I9M1D14M6I4M1D2M11I4M2I20M2I19M4I37M1D12M6D9M3D7M2I28M1D41M1D19M1I34M
92	684	0.217	6.966E-23	1	381	390	5	376	381	12M1I14M3D2M5I7M6I5M9D5M1D9M1I13M7I11M1D4M1I10M1D13M3I6M3I28M1D3M2I14M1I48M1D26M2I28M7D33M1I57M
71	669	0.240	1.084E-22	0	386	390	0	369	378	12M1I28M3D5M7D5M2D4M1I7M9I5M1I4M2I14M4D2M1I5M7I4D8M6I42M3I21M9I15M1D20M1D12M1I10M2I29M1D40M1I1M5D32M1I21M
87	658	0.240	2.483E-22	0	386	390	0	369	378	12M1I28M3D5M7D5M2D4M1I7M5I4M5I5M2I14M4D2M1I5M7I4D8M6I42M3I21M9I15M1D20M1D12M1I10M2I29M1D40M1I1M5D32M1I21M
72	654	0.240	2.483E-22	0	386	390	0	369	378	12M1I28M3D5M7D5M2D4M1I7M5I4M5I5M2I14M4D2M1I5M7I4D7M1I2M6I6M1D34M3I21M9I15M1D20M1D12M1I10M2I29M1D40M1I1M5D32M1I21M
79	626	0.187	2.350E-22	0	381	390	0	355	358	9M5I7M2I24M3I10M1I6M5I7M1I9M2D21M5D11M3I9M1D33M1I13M7I15M3D23M4I7M3D11M8D3M14I67M3I16M1D32M
96	572	0.180	1.280E-19	1	387	390	6	405	407	8M4I1M1D30M10D2M9I4M5D8M1I12M1D9M2D7M1D8M1I5M1I9M1I19M1D7M3D25M1D21M5I39M6D13M8D81M1I44M3I9M
 