#Task    Step    numberOfAcceptedPeleSteps    currentEnergy    BindingEnergy    sasaLig    distance_A35SG_L1S1    
1    0    0    -6460.25    -37.1651    0.427504    8.50321    
1    1    1    -6479.74    -33.2127    0.437494    8.44045    
1    9    2    -6487.2    -38.5545    0.427122    8.67259    
1    11    3    -6481.4    -34.3438    0.419052    8.28173    
1    15    4    -6486.86    -38.5223    0.418325    8.09371    
1    24    5    -6487.05    -41.5444    0.416358    8.02009    
1    33    6    -6486.66    -37.8611    0.41111    8.22853    
1    34    7    -6484.52    -40.2166    0.42246    8.21249    
1    37    8    -6485.5    -37.7683    0.41859    8.70239    
1    41    9    -6489    -39.0128    0.401678    8.30693    
1    43    10    -6482.55    -33.7748    0.418353    8.54097    
1    47    11    -6491.45    -38.8582    0.426026    8.44581    
1    52    12    -6491.49    -39.654    0.463245    9.30391    
1    57    13    -6493.19    -41.6153    0.412553    8.86189    
1    66    14    -6484.7    -34.1544    0.427223    8.73597    
1    67    15    -6487.13    -36.2854    0.439641    8.84172    
1    73    16    -6486.35    -41.1983    0.413057    8.78306    
1    81    17    -6487.52    -42.3822    0.398379    8.77648    
1    83    18    -6488.07    -40.6985    0.415745    9.33555    
