#Task    Step    numberOfAcceptedPeleSteps    currentEnergy    BindingEnergy    sasaLig    distance_A35SG_L1S1    
1    0    0    -6455.21    -31.7331    0.391712    7.44992    
1    3    1    -6477.82    -33.3352    0.398496    7.66592    
1    5    2    -6476.86    -33.6604    0.398029    7.40324    
1    14    3    -6472.91    -29.7607    0.419599    7.22043    
1    17    4    -6477.67    -33.7555    0.40333    7.51743    
1    25    5    -6474.08    -32.0718    0.392861    7.4717    
1    26    6    -6472.64    -32.1087    0.419668    7.36183    
1    27    7    -6474.31    -34.5323    0.40408    7.64066    
1    28    8    -6476.52    -25.0308    0.431004    7.55511    
1    31    9    -6476.36    -29.0341    0.4051    7.65633    
1    32    10    -6474.83    -28.687    0.380742    8.06984    
1    42    11    -6472.15    -25.821    0.389305    7.61984    
1    43    12    -6475.39    -34.8902    0.388935    8.09604    
1    48    13    -6475.35    -36.19    0.366213    8.09598    
1    53    14    -6487.68    -43.9694    0.37011    7.71466    
1    74    15    -6483.75    -38.6338    0.397927    7.57126    
1    93    16    -6479.05    -41.7702    0.378837    7.48913    
