#Task    Step    numberOfAcceptedPeleSteps    currentEnergy    BindingEnergy    sasaLig    distance_A35SG_L1S1    
1    0    0    -6455.21    -35.9598    0.414876    9.33155    
1    1    1    -6476.86    -37.2344    0.396997    8.4174    
1    21    2    -6477.78    -36.7141    0.394601    8.19729    
1    37    3    -6474.85    -37.1201    0.391043    8.21238    
1    41    4    -6469.16    -33.6347    0.407802    8.84138    
1    43    5    -6475.65    -34.3524    0.4458    8.5395    
1    57    6    -6483.29    -36.9345    0.403196    7.84675    
1    73    7    -6482.08    -36.2797    0.418551    8.22171    
1    77    8    -6483.43    -36.6255    0.407067    7.93706    
1    82    9    -6476.85    -30.1848    0.451984    7.86979    
1    86    10    -6480.28    -33.3437    0.422586    8.01256    
1    91    11    -6481.02    -34.9919    0.451692    7.40731    
1    99    12    -6477.59    -31.6918    0.489901    8.82205    
