#Task    Step    numberOfAcceptedPeleSteps    currentEnergy    BindingEnergy    sasaLig    distance_A35SG_L1S1    
1    0    0    -6453.83    -10.717    0.447008    6.83471    
1    1    1    -6459.39    -4.14224    0.508875    8.71983    
1    2    2    -6464.83    -6.21835    0.546588    8.44219    
1    4    3    -6457.1    3.29716    0.583575    11.5159    
1    5    4    -6464.69    -0.726818    0.554806    10.5134    
1    7    5    -6475.77    -9.37287    0.587179    9.30245    
1    16    6    -6473.16    -8.65789    0.627209    10.4362    
1    17    7    -6472.42    -9.49279    0.602081    9.33206    
1    19    8    -6473.06    -9.85401    0.575572    10.1765    
1    24    9    -6473.11    -8.97461    0.561114    10.1392    
1    33    10    -6473.4    -8.54856    0.590116    9.80812    
1    35    11    -6473.74    -9.64348    0.593471    10.2688    
1    36    12    -6472.74    -8.11525    0.627202    11.4213    
1    40    13    -6473.72    -9.39818    0.585707    9.78277    
1    46    14    -6475.42    -9.12724    0.599312    10.3324    
1    52    15    -6476.03    -9.67766    0.573192    10.5084    
1    54    16    -6470.48    -3.92084    0.654608    13.6664    
1    56    17    -6466.44    0.780093    0.727828    13.6126    
1    57    18    -6469.17    -7.40539    0.604506    10.248    
1    59    19    -6472.4    -8.68614    0.564155    9.7212    
1    60    20    -6467.3    -3.25619    0.588174    7.14917    
1    61    21    -6469.07    -10.4728    0.597401    7.2751    
1    62    22    -6474.75    -12.8494    0.615174    7.52641    
1    70    23    -6475    -10.3678    0.664942    8.14381    
1    71    24    -6474.75    -10.8841    0.645654    8.36047    
1    73    25    -6473.49    -13.5073    0.592419    7.8347    
1    81    26    -6474.45    -12.4548    0.615425    7.96862    
1    84    27    -6475.07    -13.3987    0.580574    7.83318    
1    86    28    -6466.86    -5.3287    0.555873    8.08888    
1    87    29    -6471.23    -9.33648    0.592105    7.88791    
1    89    30    -6470.05    -12.9698    0.509035    7.64714    
1    90    31    -6469.4    -12.6393    0.561438    8.46979    
1    91    32    -6467.64    -12.6809    0.558627    8.06641    
1    93    33    -6461.47    -8.97902    0.54147    7.416    
1    95    34    -6461.64    -10.6172    0.534219    7.05932    
1    99    35    -6460.12    -7.62333    0.567273    7.79643    
1    100    36    -6460.16    -1.93815    0.579739    7.19084    
