#Task    Step    numberOfAcceptedPeleSteps    currentEnergy    BindingEnergy    sasaLig    distance_A35SG_L1S1    
1    0    0    -6460.16    -19.7211    0.501376    5.69718    
1    1    1    -6467.68    -12.9074    0.487593    4.90963    
1    3    2    -6462.07    -3.60107    0.530654    8.09508    
1    4    3    -6469.82    -11.1525    0.555304    7.77452    
1    6    4    -6471.73    -11.5954    0.572883    8.32432    
1    7    5    -6473    -17.4168    0.478615    6.58062    
1    11    6    -6482.25    -20.1081    0.486094    5.11741    
1    19    7    -6480.48    -19.6138    0.522249    5.39505    
1    20    8    -6483.67    -23.8916    0.481117    4.79978    
1    21    9    -6483.21    -24.8922    0.482418    4.8963    
1    33    10    -6483.8    -24.9525    0.474879    4.92592    
1    37    11    -6484.91    -25.3167    0.463669    5.10377    
1    60    12    -6478.76    -20.2639    0.471784    6.18259    
1    62    13    -6481.43    -22.1762    0.47551    5.24137    
1    66    14    -6482.82    -21.4778    0.483684    4.93126    
1    69    15    -6487.16    -24.0639    0.482332    5.08722    
1    72    16    -6481.62    -22.2522    0.504933    5.95997    
1    77    17    -6479.4    -18.3684    0.464144    4.1858    
1    78    18    -6478.4    -18.4975    0.440115    3.96799    
1    81    19    -6477.22    -21.7651    0.425683    3.90117    
1    83    20    -6469.6    -15.9587    0.468845    4.20204    
1    84    21    -6479.16    -21.74    0.436484    4.05049    
1    88    22    -6479.65    -18.6143    0.431463    3.78314    
1    99    23    -6487.85    -25.2624    0.40849    5.4338    
