#Task    Step    numberOfAcceptedPeleSteps    currentEnergy    BindingEnergy    sasaLig    distance_A35SG_L1S1    
1    0    0    -6451.21    -15.8021    0.497996    7.84029    
1    1    1    -6474.7    -19.1047    0.464384    7.65199    
1    2    2    -6475.18    -16.4473    0.429129    6.85669    
1    10    3    -6473.16    -14.1322    0.419701    6.24599    
1    15    4    -6472.97    -12.6574    0.476355    7.59149    
1    19    5    -6474.63    -10.179    0.444965    6.38722    
1    20    6    -6474.62    -9.79896    0.476477    7.71216    
1    21    7    -6472.16    -9.13139    0.485752    8.41119    
1    27    8    -6469.05    -6.1086    0.451416    7.78685    
1    29    9    -6467.11    -4.23187    0.495772    10.5454    
1    30    10    -6461.01    -0.233802    0.648712    9.24176    
1    32    11    -6460.38    -0.305349    0.639024    9.2532    
1    34    12    -6459.26    3.23401    0.684314    9.00071    
1    35    13    -6465.89    -5.0932    0.469436    7.83062    
1    37    14    -6462.37    -6.57268    0.547954    9.8971    
1    39    15    -6461.41    -4.69122    0.582604    10.9456    
1    44    16    -6458.72    -0.0589874    0.591314    9.97055    
1    47    17    -6463.17    -10.8869    0.460928    4.78641    
1    49    18    -6462.58    -15.1055    0.439633    4.34429    
1    53    19    -6460.16    -8.46504    0.472954    3.98884    
1    54    20    -6460.42    -7.37249    0.547306    3.64299    
1    56    21    -6458.64    -5.941    0.627914    4.76482    
1    58    22    -6464.15    -7.50318    0.628093    3.7551    
1    59    23    -6459.8    -5.34133    0.532668    8.12253    
1    63    24    -6464.13    -10.5253    0.546386    7.4648    
1    64    25    -6462.15    -4.39284    0.561432    7.55318    
1    68    26    -6464.7    -8.67298    0.565613    7.49444    
1    70    27    -6456.22    1.96141    0.598269    11.0721    
1    71    28    -6457.96    4.10824    0.508577    9.91066    
1    72    29    -6463.09    0.852941    0.515139    8.99001    
1    74    30    -6462.4    3.44073    0.555403    10.5031    
1    75    31    -6463.2    2.26674    0.535462    10.1634    
1    76    32    -6465.83    0.991933    0.504535    7.08007    
1    82    33    -6466.69    -0.744038    0.473402    6.16729    
1    84    34    -6471.49    -4.10988    0.474354    5.33204    
1    88    35    -6466.94    0.499007    0.497186    9.3527    
1    91    36    -6468.24    -4.07038    0.444696    10.6088    
1    92    37    -6467.84    -1.36873    0.507885    10.0354    
1    94    38    -6468.38    -2.01221    0.49288    10.486    
1    95    39    -6469.53    -4.59209    0.533991    11.2119    
1    97    40    -6465.99    -15.0138    0.459268    10.3999    
1    98    41    -6466.92    -13.884    0.457156    9.30986    
