#Task    Step    numberOfAcceptedPeleSteps    currentEnergy    BindingEnergy    sasaLig    distance_A35SG_L1S1    
1    0    0    -6434.23    -12.5353    0.533881    4.27517    
1    1    1    -6452.77    -10.1374    0.546623    5.17757    
1    3    2    -6458.31    -12.7335    0.527107    4.61164    
1    5    3    -6455.19    -12.5826    0.53518    4.67052    
1    12    4    -6453.64    -9.20317    0.536664    5.23776    
1    13    5    -6453.58    -10.8289    0.558567    4.9835    
1    15    6    -6454.15    -12.5359    0.487826    4.46253    
1    17    7    -6458.91    -15.8646    0.458962    4.64934    
1    18    8    -6457.75    -12.7094    0.498051    4.63527    
1    19    9    -6461.13    -15.6934    0.441901    4.52423    
1    20    10    -6459.92    -13.9756    0.476836    4.08725    
1    23    11    -6461.82    -16.4739    0.445529    4.0088    
1    29    12    -6460.46    -27.764    0.527129    7.92608    
1    30    13    -6461.58    -25.8863    0.534649    7.91782    
1    36    14    -6459.21    -22.7003    0.557929    8.08377    
1    37    15    -6464.89    -29.937    0.495664    7.71445    
1    71    16    -6465.89    -30.5208    0.495234    8.09144    
1    73    17    -6465.31    -27.2362    0.450561    7.99481    
1    83    18    -6467.65    -28.58    0.465555    8.82683    
1    85    19    -6468.83    -31.9166    0.450392    8.10482    
1    88    20    -6467.4    -27.4038    0.451719    7.86453    
1    91    21    -6469.74    -31.439    0.468949    8.88916    
1    92    22    -6474.19    -32.6379    0.464169    9.2173    
1    98    23    -6472.94    -31.4929    0.473452    8.78726    
