#Task    Step    numberOfAcceptedPeleSteps    currentEnergy    BindingEnergy    sasaLig    distance_A35SG_L1S1    
1    0    0    -6454.56    -34.3489    0.456643    9.58821    
1    1    1    -6474.62    -31.242    0.477176    9.78501    
1    2    2    -6472.39    -28.8865    0.474684    9.19888    
1    7    3    -6472.27    -30.0245    0.501989    8.73916    
1    15    4    -6471.9    -29.0686    0.509595    8.73223    
1    16    5    -6473.65    -31.382    0.503897    8.41947    
1    27    6    -6473.37    -28.9048    0.521681    8.43029    
1    39    7    -6476.25    -30.5281    0.491582    8.49855    
1    49    8    -6476.15    -31.4668    0.469726    8.3608    
1    97    9    -6476.08    -32.0185    0.460213    8.5938    
