#Task    Step    numberOfAcceptedPeleSteps    currentEnergy    BindingEnergy    sasaLig    distance_A35SG_L1S1    
1    0    0    -6436.87    -8.2587    0.452019    8.29268    
1    1    1    -6463.16    -16.3644    0.421041    7.73286    
1    3    2    -6462.4    -15.7848    0.472423    7.74518    
1    4    3    -6465.22    -14.9175    0.472559    7.47051    
1    7    4    -6462.21    -12.6491    0.482114    9.83375    
1    17    5    -6461.96    -14.6525    0.449535    8.16111    
1    21    6    -6458.91    -16.7805    0.407278    8.02961    
1    22    7    -6464.21    -13.9547    0.407639    8.48511    
1    27    8    -6465.65    -14.9444    0.41299    8.57742    
1    28    9    -6467.82    -16.8045    0.417283    8.11902    
1    39    10    -6467.02    -18.2865    0.421034    8.83586    
1    58    11    -6462.29    -9.2277    0.473788    8.85524    
1    60    12    -6463.86    -10.3665    0.482619    9.21936    
1    63    13    -6464.97    -11.4147    0.480188    9.90126    
1    66    14    -6463.61    -9.7553    0.531822    11.0153    
1    67    15    -6463.58    -10.6795    0.541674    11.1384    
1    68    16    -6463.1    -10.8567    0.529704    10.5514    
1    70    17    -6459.86    -7.84861    0.524893    10.7447    
1    72    18    -6462.29    -10.6409    0.475223    10.125    
1    74    19    -6467.19    -15.5471    0.449402    9.16474    
1    75    20    -6467.49    -15.6706    0.435348    9.1724    
1    78    21    -6466.34    -13.7579    0.43099    9.02067    
1    79    22    -6468.5    -15.1404    0.425859    9.28527    
1    80    23    -6466.78    -13.3605    0.450538    9.59318    
1    82    24    -6466.04    -14.9891    0.447207    9.32038    
1    85    25    -6466.87    -15.9551    0.426204    9.17851    
1    90    26    -6468.71    -15.9541    0.429228    9.21894    
1    91    27    -6465.4    -16.3068    0.473294    8.38095    
1    95    28    -6464.44    -15.3829    0.46169    8.95837    
1    98    29    -6465.93    -15.3529    0.489274    8.5466    
