#Task    Step    numberOfAcceptedPeleSteps    currentEnergy    BindingEnergy    sasaLig    distance_A35SG_L1S1    
1    0    0    -6436.15    -14.55    0.406062    6.22437    
1    1    1    -6459.21    -16.6325    0.385911    6.87198    
1    2    2    -6462.77    -12.3415    0.368705    6.12519    
1    8    3    -6461.16    -9.78488    0.399268    5.6004    
1    9    4    -6461.24    -14.7078    0.37324    6.09423    
1    15    5    -6461.6    -11.611    0.399553    6.80545    
1    33    6    -6463.4    -14.5897    0.372319    6.64041    
1    38    7    -6460.08    -10.4483    0.403472    7.61935    
1    39    8    -6459.49    -12.3095    0.409127    6.31786    
1    43    9    -6462.13    -12.1905    0.385483    7.08689    
1    47    10    -6463.69    -12.7253    0.40372    6.75265    
1    49    11    -6462.13    -13.0023    0.398957    6.57456    
1    58    12    -6456.18    -8.05755    0.462831    7.45116    
1    61    13    -6456.45    -3.32412    0.560281    8.55486    
1    62    14    -6456.47    -1.62622    0.586807    8.44987    
1    63    15    -6458.49    -1.58057    0.627437    8.73253    
1    64    16    -6460.35    -3.64461    0.644749    8.03576    
1    65    17    -6464.53    -10.9775    0.554712    7.59209    
1    66    18    -6464.98    -11.1822    0.555192    7.02783    
1    76    19    -6467.44    -11.6377    0.55144    7.99437    
1    81    20    -6469.58    -13.3802    0.556689    8.69195    
1    85    21    -6466.33    -14.8777    0.545678    8.46919    
1    91    22    -6463.69    -14.4203    0.539165    7.24681    
1    92    23    -6467.06    -16.277    0.529721    7.96716    
1    97    24    -6461.51    -10.4124    0.567834    5.95853    
