#Task    Step    numberOfAcceptedPeleSteps    currentEnergy    BindingEnergy    sasaLig    distance_A35SG_L1S1    
1    0    0    -6446.43    -21.9206    0.477066    7.49225    
1    1    1    -6452.46    -19.078    0.472434    7.20656    
1    3    2    -6452.27    -16.461    0.483068    7.26972    
1    5    3    -6447.92    -14.3012    0.575208    8.95181    
1    7    4    -6449.57    -15.261    0.53625    7.8738    
1    9    5    -6459.78    -20.5732    0.475487    7.35567    
1    15    6    -6456.3    -28.4295    0.460102    7.37646    
1    17    7    -6459.52    -28.4547    0.446422    7.93014    
1    22    8    -6457.73    -25.0413    0.467351    8.76442    
1    23    9    -6457.62    -25.2378    0.446685    7.707    
1    24    10    -6464.26    -28.314    0.427385    8.1873    
1    38    11    -6467.26    -29.9427    0.441598    7.9761    
1    41    12    -6464.46    -31.7353    0.420238    7.93518    
1    49    13    -6469.45    -32.0851    0.420973    7.81676    
1    60    14    -6467.61    -30.7949    0.431819    8.30791    
1    66    15    -6470.2    -33.0701    0.441014    8.06083    
1    76    16    -6465.61    -28.9932    0.454732    8.16593    
1    80    17    -6462.84    -25.5595    0.462979    8.02284    
1    87    18    -6462.72    -20.1502    0.483709    8.78672    
1    88    19    -6464.14    -21.8582    0.493682    9.21477    
1    89    20    -6463.32    -22.0687    0.46614    8.43637    
