#Task    Step    numberOfAcceptedPeleSteps    currentEnergy    BindingEnergy    sasaLig    distance_A35SG_L1S1    
1    0    0    -6444.42    -33.6273    0.419791    8.07196    
1    1    1    -6467.13    -35.5864    0.409621    7.90332    
1    3    2    -6466.3    -32.7699    0.452497    8.37487    
1    4    3    -6461.72    -30.4592    0.460238    7.52912    
1    5    4    -6461.86    -34.6215    0.416862    8.07593    
1    7    5    -6461.04    -20.6914    0.440026    3.78952    
1    8    6    -6462.07    -20.5841    0.44687    4.03061    
1    11    7    -6460.44    -18.2514    0.48886    3.84446    
1    15    8    -6457.6    -12.1126    0.487338    5.61385    
1    17    9    -6459.32    -15.6685    0.477966    5.99425    
1    19    10    -6459.88    -18.2136    0.468617    6.19967    
1    20    11    -6461.6    -19.4267    0.498693    6.28039    
1    21    12    -6458.8    -17.9163    0.474943    6.1383    
1    26    13    -6458.85    -17.4659    0.488468    6.64607    
1    27    14    -6457.32    -15.8771    0.485474    6.33665    
1    29    15    -6455.33    -16.807    0.469348    6.10214    
1    30    16    -6457.65    -16.9919    0.480719    6.62258    
1    32    17    -6458.65    -18.2244    0.475384    6.20678    
1    40    18    -6453.52    -13.7331    0.550054    6.74732    
1    41    19    -6453.1    -17.8151    0.537492    6.70126    
1    47    20    -6453.89    -14.7706    0.534829    6.51768    
1    48    21    -6455.42    -16.2723    0.522791    6.79101    
1    49    22    -6460.5    -18.6107    0.513554    6.63325    
1    50    23    -6460    -18.1342    0.501845    6.29561    
1    51    24    -6458.58    -15.5817    0.494606    6.31977    
1    53    25    -6458.29    -15.1272    0.476742    5.57125    
1    56    26    -6456.49    -12.8798    0.47111    5.10507    
1    60    27    -6456.33    -12.9015    0.478344    5.51197    
1    64    28    -6456.43    -15.4999    0.47915    6.82037    
1    65    29    -6457.36    -17.9554    0.47967    5.77231    
1    66    30    -6459.51    -18.3177    0.483974    5.96792    
1    67    31    -6463.63    -21.7283    0.464651    3.67993    
1    71    32    -6463.11    -19.1145    0.461076    4.28057    
1    75    33    -6462.47    -18.3298    0.472848    3.95153    
1    78    34    -6465.23    -20.4865    0.51975    3.85866    
1    79    35    -6463.79    -19.3094    0.54517    3.98902    
1    82    36    -6466.75    -19.2846    0.484332    4.08254    
1    90    37    -6464.98    -17.7669    0.527919    4.4919    
1    91    38    -6465.51    -18.2091    0.497414    4.29638    
1    97    39    -6467.27    -19.5176    0.473329    4.28816    
1    98    40    -6466.01    -20.2793    0.463995    3.93734    
1    99    41    -6477.05    -34.7607    0.415976    3.67615    
