#Task    Step    numberOfAcceptedPeleSteps    currentEnergy    BindingEnergy    sasaLig    distance_A35SG_L1S1    
1    0    0    -6453.97    -22.6203    0.467797    6.72756    
1    1    1    -6479.7    -23.9702    0.471093    6.68977    
1    3    2    -6478.39    -22.5373    0.490136    7.12626    
1    9    3    -6483.06    -24.1018    0.468934    6.60617    
1    13    4    -6484.01    -23.7594    0.468779    6.69356    
1    24    5    -6485.02    -23.2114    0.4851    6.65626    
1    28    6    -6482.75    -21.1062    0.505151    7.08051    
1    33    7    -6484.15    -23.3957    0.47817    7.27563    
1    34    8    -6484.92    -24.0869    0.485566    6.83643    
1    36    9    -6483.52    -21.4051    0.503938    6.64296    
1    46    10    -6467.33    -2.32729    0.618749    8.09569    
1    48    11    -6478.21    -17.1226    0.51556    6.81078    
1    53    12    -6483    -22.1768    0.491614    7.12648    
1    67    13    -6482.74    -21.7813    0.508887    6.93745    
1    70    14    -6481.43    -20.4219    0.50999    6.446    
1    71    15    -6482.18    -25.2009    0.493034    6.41934    
1    76    16    -6481.78    -24.7236    0.502356    6.69845    
1    79    17    -6473.91    -19.5775    0.52962    8.2143    
1    81    18    -6465.31    -5.95348    0.528765    8.87889    
1    82    19    -6465.69    -7.84363    0.47304    8.43828    
1    83    20    -6472.67    -17.8543    0.467822    8.88311    
1    87    21    -6474.18    -23.668    0.463418    8.4121    
1    88    22    -6477.67    -27.2036    0.448166    8.26081    
1    89    23    -6480.23    -27.8074    0.422378    7.82415    
1    96    24    -6478.52    -26.0028    0.449401    8.46826    
1    99    25    -6477.11    -20.9901    0.44742    6.66354    
