#Task    Step    numberOfAcceptedPeleSteps    currentEnergy    BindingEnergy    sasaLig    distance_A35SG_L1S1    
1    0    0    -6451.35    -31.9994    0.406178    7.52886    
1    1    1    -6471.63    -34.1824    0.397538    7.34816    
1    19    2    -6467.97    -22.3929    0.506518    6.14716    
1    22    3    -6466.79    -19.7041    0.495461    6.5183    
1    24    4    -6466.87    -17.1636    0.516973    6.1253    
1    25    5    -6465.83    -19.4    0.489043    6.51357    
1    26    6    -6465.23    -16.0044    0.522878    6.32697    
1    27    7    -6466.52    -18.5734    0.493336    6.0424    
1    35    8    -6466.85    -19.2466    0.482565    6.2451    
1    39    9    -6466.2    -19.5539    0.435226    6.30985    
1    40    10    -6464.62    -19.3525    0.417601    6.77094    
1    41    11    -6463.97    -23.3889    0.419423    6.4427    
1    43    12    -6464.09    -23.6182    0.380018    5.84799    
1    47    13    -6459.44    -20.4555    0.368591    5.7146    
1    54    14    -6466.1    -22.7929    0.41258    7.10704    
1    61    15    -6474.58    -24.0861    0.376703    6.88575    
1    65    16    -6472.94    -25.6708    0.369305    6.80225    
1    69    17    -6453.63    -12.2775    0.461392    4.30301    
1    71    18    -6457.42    -9.01988    0.500479    3.77869    
1    75    19    -6458.66    -12.3238    0.494277    3.9032    
1    81    20    -6459.72    -12.8744    0.441689    3.77632    
1    83    21    -6456.65    -11.2931    0.395974    3.6867    
1    91    22    -6457.81    -13.5479    0.436232    3.57649    
1    92    23    -6462.98    -14.5902    0.432197    3.6265    
1    97    24    -6460.32    -18.4073    0.50752    6.27422    
