#Task    Step    numberOfAcceptedPeleSteps    currentEnergy    BindingEnergy    sasaLig    distance_A35SG_L1S1    
1    0    0    -6442.75    -23.392    0.502199    7.44403    
1    1    1    -6464.66    -19.0744    0.529625    7.97427    
1    9    2    -6463.08    -21.498    0.51854    7.7053    
1    11    3    -6463.5    -21.7686    0.516468    7.60327    
1    19    4    -6471.35    -22.7227    0.476184    6.12612    
1    21    5    -6465.65    -23.3726    0.470921    6.16652    
1    24    6    -6461.95    -21.4813    0.514692    7.29    
1    27    7    -6463.05    -23.22    0.446871    6.87088    
1    30    8    -6458.99    -18.7169    0.458182    7.00708    
1    31    9    -6464.83    -20.666    0.466597    6.70116    
1    37    10    -6462.96    -20.9856    0.473186    6.95259    
1    41    11    -6466.68    -26.8481    0.463377    6.79681    
1    42    12    -6466.74    -25.2226    0.463916    6.66625    
1    47    13    -6466.75    -27.2339    0.472607    6.58058    
1    51    14    -6463.09    -25.2618    0.476469    6.60257    
1    55    15    -6464.36    -19.6299    0.465402    6.67538    
1    57    16    -6462.08    -15.1533    0.464836    6.29374    
1    61    17    -6466.42    -21.0334    0.447142    6.04027    
1    65    18    -6471.3    -23.7715    0.478296    6.38074    
1    69    19    -6471.76    -23.0543    0.456632    6.32984    
1    81    20    -6471.61    -26.0679    0.454396    6.4599    
1    82    21    -6470.49    -25.0774    0.467375    6.89178    
1    84    22    -6467.3    -19.7864    0.500962    6.60026    
1    85    23    -6473    -27.068    0.482671    6.61394    
