#Task    Step    numberOfAcceptedPeleSteps    currentEnergy    BindingEnergy    sasaLig    distance_A35SG_L1S1    
1    0    0    -6453.51    -25.5638    0.465395    6.66606    
1    1    1    -6478.52    -26.1561    0.471565    6.52508    
1    6    2    -6475.37    -24.3121    0.480989    6.14352    
1    9    3    -6474.11    -24.4018    0.472025    6.19688    
1    10    4    -6474.28    -24.4161    0.468451    6.78995    
1    19    5    -6477.03    -26.4043    0.466296    6.30095    
1    24    6    -6473.99    -24.1491    0.485089    6.22413    
1    25    7    -6474.55    -24.7857    0.464959    6.71467    
1    36    8    -6472.9    -22.9127    0.489909    7.33613    
1    38    9    -6473.32    -21.4312    0.508251    6.67751    
1    39    10    -6474.85    -24.2737    0.497155    6.51376    
1    53    11    -6477.69    -25.2775    0.459548    6.69861    
1    55    12    -6477.07    -23.4482    0.470815    7.12837    
1    57    13    -6476.62    -25.3173    0.443253    6.40734    
1    62    14    -6476.68    -20.5699    0.467995    6.32594    
1    70    15    -6474.26    -23.7615    0.449995    6.68627    
1    74    16    -6476.57    -19.8629    0.49686    6.41407    
1    75    17    -6474.83    -20.4874    0.479248    6.93443    
1    78    18    -6473.68    -18.327    0.473764    6.31438    
1    84    19    -6477.28    -21.597    0.485392    6.80161    
1    88    20    -6475.21    -18.5734    0.471198    6.4692    
1    91    21    -6472.59    -16.183    0.51114    6.26448    
1    92    22    -6473.33    -15.08    0.489058    5.76622    
1    94    23    -6473.5    -20.1128    0.49401    6.42707    
1    95    24    -6460.49    -6.38264    0.5468    3.80668    
1    97    25    -6464.46    -17.9637    0.46881    6.13995    
1    98    26    -6462.92    -11.8194    0.522685    6.29821    
1    99    27    -6457.6    -22.1948    0.515047    10.4775    
1    100    28    -6455.64    -14.8691    0.584248    11.3236    
