#Task    Step    numberOfAcceptedPeleSteps    currentEnergy    BindingEnergy    sasaLig    distance_A35SG_L1S1    
1    0    0    -6448.08    -25.9372    0.479763    3.97858    
1    1    1    -6455.64    -6.77945    0.468902    4.61503    
1    3    2    -6458.91    -6.18402    0.48967    4.8632    
1    4    3    -6465.26    -16.8306    0.464939    6.76289    
1    5    4    -6463.81    -19.9307    0.438282    6.00745    
1    7    5    -6462.59    -18.331    0.457912    5.77479    
1    11    6    -6463.14    -17.1096    0.471095    6.54168    
1    12    7    -6464.89    -18.7825    0.48252    6.48165    
1    14    8    -6469.91    -20.5379    0.503961    7.89125    
1    25    9    -6471.73    -22.2318    0.46947    7.0649    
1    26    10    -6466.88    -17.6664    0.532375    7.99887    
1    28    11    -6467.23    -18.6168    0.491459    7.96432    
1    29    12    -6469.71    -22.7867    0.442539    6.58987    
1    33    13    -6467.53    -20.4468    0.44855    7.07249    
1    37    14    -6466.27    -20.482    0.443414    6.79883    
1    50    15    -6466.7    -22.2342    0.46743    7.77077    
1    61    16    -6459.1    -19.8657    0.451598    7.41624    
1    64    17    -6465.03    -23.5781    0.469349    8.04089    
1    67    18    -6465.33    -21.0634    0.472652    7.43521    
1    69    19    -6459.15    -18.7139    0.46273    6.90559    
1    79    20    -6458.98    -15.1139    0.459094    7.47659    
1    81    21    -6466.92    -21.7542    0.440996    6.8161    
1    82    22    -6464.09    -18.9731    0.459933    7.03803    
1    84    23    -6469.33    -20.3626    0.468273    6.8761    
1    89    24    -6469.83    -21.3783    0.445401    6.79602    
1    91    25    -6467.85    -21.6697    0.448453    6.87649    
1    92    26    -6469.28    -21.6328    0.449504    6.77482    
