#Task    Step    numberOfAcceptedPeleSteps    currentEnergy    BindingEnergy    sasaLig    distance_A35SG_L1S1    
1    0    0    -6454.13    -22.0721    0.385513    6.65706    
1    1    1    -6459.79    -16.8307    0.396709    7.25253    
1    5    2    -6451.32    -13.7422    0.380105    6.24696    
1    7    3    -6456.77    -13.9553    0.430566    7.4059    
1    8    4    -6454.15    -8.96946    0.546926    3.89134    
1    9    5    -6454.73    -12.6473    0.503462    4.42719    
1    12    6    -6454.02    -9.39311    0.529057    5.91804    
1    15    7    -6466.9    -10.5449    0.556302    3.66801    
1    17    8    -6470.09    -11.3752    0.548909    3.57588    
1    23    9    -6465.89    -8.45012    0.51592    4.42447    
1    25    10    -6468.94    -10.4959    0.534352    3.70797    
1    27    11    -6471.68    -10.487    0.548317    3.60889    
1    28    12    -6472.52    -10.0974    0.588116    4.19268    
1    32    13    -6472.93    -10.7993    0.571246    4.22121    
1    33    14    -6471.29    -9.87213    0.529727    3.73815    
1    35    15    -6473.73    -10.9778    0.545039    4.06483    
1    38    16    -6471.73    -10.0092    0.507374    3.62093    
1    39    17    -6474.14    -9.12401    0.576555    4.27777    
1    45    18    -6473.54    -12.4179    0.533235    3.86743    
1    48    19    -6469.53    -7.49322    0.569681    4.76129    
1    51    20    -6474.3    -12.0447    0.524042    3.83714    
1    54    21    -6474.06    -12.3255    0.520159    3.81626    
1    59    22    -6471.64    -9.8584    0.51349    3.98515    
1    62    23    -6471.94    -8.05315    0.527585    4.16758    
1    63    24    -6472.87    -7.95355    0.568511    3.92641    
1    67    25    -6469.83    -5.58967    0.557059    3.82869    
1    68    26    -6476.09    -8.91626    0.541488    6.21928    
1    76    27    -6476.45    -10.7611    0.497155    6.58817    
1    78    28    -6479.04    -12.8492    0.463288    6.44742    
1    79    29    -6468.72    -4.02111    0.502316    3.81    
1    80    30    -6469.41    -4.41906    0.508412    3.72299    
1    81    31    -6471.38    -5.68195    0.559034    4.74013    
1    83    32    -6475.8    -11.1188    0.439796    5.21294    
1    87    33    -6476.99    -15.005    0.449492    6.84452    
1    93    34    -6478.73    -19.2585    0.442385    6.47233    
1    95    35    -6475.62    -17.0261    0.481076    6.38055    
