#Task    Step    numberOfAcceptedPeleSteps    currentEnergy    BindingEnergy    sasaLig    distance_A35SG_L1S1    
1    0    0    -6451.47    -20.4945    0.429081    6.44613    
1    1    1    -6461.21    -20.8459    0.47617    3.7094    
1    3    2    -6462.88    -20.3163    0.496445    3.88944    
1    6    3    -6455.5    -11.0301    0.539139    5.31211    
1    7    4    -6465.37    -19.1141    0.530244    3.82032    
1    10    5    -6464.32    -16.9786    0.560943    4.63997    
1    18    6    -6467.27    -16.7532    0.62272    5.37972    
1    20    7    -6464.6    -16.373    0.549449    5.10012    
1    24    8    -6468.36    -19.0626    0.529703    4.06033    
1    29    9    -6469.38    -21.2509    0.553914    3.95181    
1    31    10    -6470.78    -22.3225    0.561457    3.95674    
1    35    11    -6465.26    -17.8876    0.498245    7.16959    
1    55    12    -6464.95    -18.6251    0.461773    6.51421    
1    60    13    -6467.74    -21.151    0.495201    7.31141    
1    63    14    -6469.11    -21.282    0.4812    6.60749    
1    71    15    -6466.73    -22.8168    0.493576    7.21796    
1    76    16    -6465.08    -19.7231    0.533692    7.19381    
1    77    17    -6468.03    -21.7936    0.471282    6.40182    
1    79    18    -6468.22    -22.7503    0.480094    7.13708    
1    80    19    -6468.33    -21.7352    0.456281    7.06352    
1    83    20    -6468.81    -22.1563    0.435316    6.14477    
1    91    21    -6464.09    -18.4099    0.49796    5.53401    
1    92    22    -6466.76    -17.9531    0.582245    6.90185    
