#Task    Step    numberOfAcceptedPeleSteps    currentEnergy    BindingEnergy    sasaLig    distance_A35SG_L1S1    
1    0    0    -6443.97    -31.3855    0.418683    5.22407    
1    1    1    -6448.13    -11.4946    0.482946    3.69978    
1    2    2    -6451.74    -15.7042    0.481614    3.61169    
1    3    3    -6462.21    -21.2496    0.526709    3.93315    
1    9    4    -6463.91    -20.7183    0.510049    4.29724    
1    12    5    -6465.96    -20.6264    0.509939    4.56123    
1    14    6    -6463.54    -19.3529    0.470304    4.55367    
1    15    7    -6464.2    -20.5432    0.470538    4.09042    
1    17    8    -6452.53    -17.9144    0.521126    4.30003    
1    21    9    -6457.58    -20.19    0.52621    4.66426    
1    26    10    -6459.85    -20.8123    0.507476    4.41871    
1    30    11    -6461.88    -21.1821    0.485429    4.27472    
1    33    12    -6460.07    -20.8953    0.481138    4.22463    
1    38    13    -6456.8    -15.1119    0.480493    4.61787    
1    40    14    -6457.7    -18.1832    0.554948    4.40276    
1    41    15    -6453.53    -12.394    0.572021    7.9546    
1    42    16    -6450.08    -10.2652    0.60817    7.85887    
1    43    17    -6456.03    -10.3829    0.636989    11.7481    
1    50    18    -6456.61    -11.5618    0.654098    11.7308    
1    54    19    -6456.98    -11.3689    0.661165    12.3379    
1    56    20    -6456.85    -10.7211    0.64557    12.2741    
1    58    21    -6458.4    -12.3724    0.641209    12.051    
1    64    22    -6458.54    -12.132    0.635376    11.9754    
1    65    23    -6456.29    -13.2697    0.460294    10.4458    
1    68    24    -6455.15    -14.6515    0.461558    9.6155    
1    69    25    -6460.27    -23.1924    0.409214    8.56852    
1    81    26    -6461.83    -17.3772    0.430586    4.0334    
1    99    27    -6461.53    -21.7912    0.431888    3.7797    
1    100    28    -6457.44    -18.1391    0.45467    3.64558    
