#Task    Step    numberOfAcceptedPeleSteps    currentEnergy    BindingEnergy    sasaLig    distance_A35SG_L1S1    
1    0    0    -6449.13    -19.1296    0.444014    7.19409    
1    2    1    -6465.08    -15.0243    0.491086    6.91864    
1    7    2    -6468.73    -17.4535    0.463887    6.99649    
1    9    3    -6468.5    -17.4202    0.452533    6.89378    
1    30    4    -6469.58    -18.4389    0.435978    7.25538    
1    44    5    -6467.01    -14.6647    0.461693    8.00538    
1    45    6    -6474.34    -26.0901    0.438302    6.24157    
1    47    7    -6478.46    -30.6497    0.406503    6.70765    
1    51    8    -6475.64    -39.7202    0.394346    7.47484    
1    53    9    -6479.52    -43.5925    0.368768    6.97124    
1    63    10    -6481.19    -40.6624    0.366594    7.12683    
1    68    11    -6482.37    -42.8696    0.360247    6.75377    
1    71    12    -6478.11    -32.2708    0.416725    6.63284    
1    76    13    -6475.61    -27.7894    0.410566    6.61972    
1    77    14    -6477.32    -29.8047    0.416344    6.69239    
1    81    15    -6481.59    -31.8801    0.406624    6.74323    
1    91    16    -6480.29    -32.3021    0.393175    6.46513    
