#Task    Step    numberOfAcceptedPeleSteps    currentEnergy    BindingEnergy    sasaLig    distance_A35SG_L1S1    
1    0    0    -6459.18    -13.1706    0.518164    8.51261    
1    1    1    -6461.99    2.83772    0.515691    10.7151    
1    2    2    -6467.42    3.48138    0.620961    10.6821    
1    3    3    -6467.56    2.71288    0.704187    8.6407    
1    4    4    -6469.79    0.699147    0.620295    9.38083    
1    6    5    -6469.15    0.724226    0.563412    8.88163    
1    7    6    -6467    -2.10243    0.528501    9.75744    
1    10    7    -6469.99    -9.95755    0.508761    9.37745    
1    15    8    -6470.73    -11.7475    0.502895    8.82571    
1    18    9    -6471.59    -11.7966    0.50994    9.51888    
1    23    10    -6470.9    -16.962    0.519187    9.36679    
1    25    11    -6476.4    -14.5328    0.536119    4.79701    
1    26    12    -6475.32    -13.8699    0.547868    5.36222    
1    28    13    -6475.93    -13.3612    0.509166    3.63308    
1    33    14    -6476.02    -13.9876    0.502762    3.63271    
1    45    15    -6468.54    -15.1223    0.484717    3.76262    
1    49    16    -6474.79    -16.4368    0.482518    3.6842    
1    52    17    -6476.56    -15.9752    0.500677    4.04803    
1    54    18    -6477.95    -15.7702    0.470108    3.68414    
1    58    19    -6479.8    -16.1666    0.484408    3.74405    
1    65    20    -6477.74    -16.5255    0.433244    3.98218    
1    69    21    -6474.43    -14.6296    0.443112    4.10276    
1    71    22    -6477.04    -15.7483    0.42692    4.43829    
