#Task    Step    numberOfAcceptedPeleSteps    currentEnergy    BindingEnergy    sasaLig    distance_A35SG_L1S1    
1    0    0    -7183.08    -10.8628    0.473649    7.97083    
1    1    1    -7208.77    -13.2623    0.432679    7.75497    
1    8    2    -7208.1    -13.2832    0.440883    7.56984    
1    11    3    -7207.41    -12.496    0.504451    7.9583    
1    20    4    -7208.72    -13.9017    0.471339    7.65301    
1    22    5    -7208.03    -12.8379    0.430146    7.23278    
1    28    6    -7207.66    -12.5916    0.429781    7.90459    
1    32    7    -7206.3    -11.5487    0.434349    7.19755    
1    36    8    -7201.76    -8.69629    0.427502    7.28649    
1    37    9    -7205.35    -13.0728    0.421667    7.92769    
1    38    10    -7209.98    -15.1809    0.423496    7.45386    
1    46    11    -7210.19    -12.8853    0.426754    7.71319    
1    50    12    -7207.02    -9.7248    0.465345    7.55156    
1    53    13    -7205.88    -9.88341    0.456309    7.89619    
1    57    14    -7210.47    -18.6767    0.44146    7.70052    
1    62    15    -7210.09    -17.8334    0.441733    7.66056    
1    64    16    -7212.94    -17.629    0.435158    7.61524    
1    65    17    -7210.07    -14.6975    0.418051    7.70897    
1    79    18    -7204.42    -11.38    0.434075    7.62624    
1    90    19    -7207.64    -13.4321    0.422224    7.88513    
1    93    20    -7209.53    -17.2118    0.429408    7.73982    
1    95    21    -7207.91    -16.5765    0.411335    7.38494    
