#Task    Step    numberOfAcceptedPeleSteps    currentEnergy    BindingEnergy    sasaLig    distance_A35SG_L1S1    
1    0    0    -7177.19    -14.2126    0.552058    8.65199    
1    1    1    -7205.32    -16.2435    0.540535    8.58129    
1    6    2    -7205.06    -14.2861    0.552828    9.22476    
1    7    3    -7206.39    -16.3972    0.567836    8.74869    
1    8    4    -7206.83    -15.9936    0.553332    8.26066    
1    15    5    -7208.39    -16.0306    0.530248    8.23236    
1    22    6    -7208.47    -14.9344    0.5419    8.41441    
1    26    7    -7208.47    -14.1431    0.550236    8.13423    
1    34    8    -7205.06    -10.9099    0.565669    8.23997    
1    40    9    -7206.4    -15.0465    0.541242    8.56507    
1    46    10    -7208.16    -14.2893    0.550157    8.43148    
1    49    11    -7207.74    -15.4965    0.535886    9.99352    
1    54    12    -7207.85    -14.8529    0.555131    9.9324    
1    58    13    -7208.14    -13.7441    0.551753    10.3154    
1    67    14    -7205.78    -14.1935    0.548441    8.81129    
1    76    15    -7206.43    -14.0057    0.547784    8.54401    
1    79    16    -7201.58    -7.533    0.628505    7.29415    
1    81    17    -7201.3    -9.54547    0.595271    6.73187    
1    84    18    -7200.56    -7.56381    0.633906    7.99374    
1    86    19    -7203.88    -10.9394    0.61832    7.23759    
1    97    20    -7200.62    -8.37593    0.601139    7.16784    
1    98    21    -7200.41    -6.79443    0.624898    7.85372    
1    100    22    -7201.04    -12.6092    0.539805    8.87964    
