#Task    Step    numberOfAcceptedPeleSteps    currentEnergy    BindingEnergy    sasaLig    distance_A35SG_L1S1    
1    0    0    -7168.04    -23.9591    0.521653    10.7904    
1    1    1    -7197.02    -31.5901    0.459054    10.8316    
1    3    2    -7196.54    -29.0742    0.486587    10.58    
1    4    3    -7196.78    -32.4863    0.45086    10.5369    
1    7    4    -7194.84    -29.5997    0.430954    10.5224    
1    9    5    -7195.35    -34.0358    0.409803    10.6804    
1    21    6    -7192.26    -34.6277    0.396053    10.6056    
1    23    7    -7193.28    -32.78    0.417609    10.4425    
1    27    8    -7188.84    -23.6594    0.426828    10.127    
1    29    9    -7199.58    -33.8611    0.413106    10.1989    
1    33    10    -7195.87    -33.661    0.407338    10.1936    
1    42    11    -7193.01    -30.9757    0.434625    10.4822    
1    44    12    -7196.45    -30.5684    0.431542    10.4711    
1    49    13    -7196.5    -30.6359    0.420812    10.1499    
1    51    14    -7193.02    -30.128    0.431546    10.6245    
1    53    15    -7193.41    -26.977    0.4136    9.93655    
1    57    16    -7200.77    -32.5009    0.434471    10.2391    
1    58    17    -7201.53    -31.1562    0.426246    10.1865    
1    73    18    -7202.6    -33.8497    0.428024    10.0926    
1    79    19    -7202.96    -31.6029    0.441686    10.223    
1    99    20    -7202.24    -33.1277    0.453214    10.6735    
