#Task    Step    numberOfAcceptedPeleSteps    currentEnergy    BindingEnergy    sasaLig    distance_A35SG_L1S1    
1    0    0    -7194.7    -25.7469    0.333879    8.42134    
1    1    1    -7222.01    -27.6322    0.326753    8.38507    
1    6    2    -7210.54    -15.79    0.346726    8.09629    
1    7    3    -7222.31    -28.2196    0.310699    8.17648    
1    8    4    -7222.39    -26.0102    0.31483    8.08067    
1    19    5    -7222.04    -26.5054    0.310222    8.01623    
1    21    6    -7220.25    -26.6056    0.321846    8.10806    
1    31    7    -7219.29    -25.1651    0.323554    7.96159    
1    41    8    -7217.78    -30.1365    0.32479    7.97069    
1    49    9    -7218.79    -32.6166    0.317636    8.04183    
1    55    10    -7212.65    -28.0046    0.315732    7.95911    
1    57    11    -7219.72    -29.6523    0.318255    8.0043    
1    61    12    -7223.29    -31.0644    0.303639    7.95974    
1    63    13    -7226.15    -32.4074    0.304725    7.87459    
1    64    14    -7221.93    -28.5752    0.319199    7.85931    
1    67    15    -7222.54    -27.6653    0.330744    7.83157    
1    72    16    -7220.77    -25.9502    0.322976    7.91778    
1    85    17    -7223.31    -32.3083    0.307809    7.89463    
1    91    18    -7215.34    -29.8313    0.29137    8.20863    
1    96    19    -7214.98    -25.5895    0.311549    8.14835    
1    97    20    -7215.28    -29.4611    0.318873    7.8494    
