#Task    Step    numberOfAcceptedPeleSteps    currentEnergy    BindingEnergy    sasaLig    distance_A35SG_L1S1    
1    0    0    -7189.24    -21.0747    0.390503    7.60023    
1    1    1    -7189.39    -13.2391    0.59911    9.04473    
1    2    2    -7187.06    -11.3964    0.647648    9.39075    
1    3    3    -7190.08    -13.0001    0.633306    8.96306    
1    5    4    -7187.1    -6.63391    0.549197    9.06898    
1    10    5    -7187.45    -3.974    0.55749    8.72267    
1    11    6    -7185.93    -6.15353    0.651359    8.47978    
1    13    7    -7188.05    -5.36568    0.596351    9.1244    
1    14    8    -7192.67    -9.35605    0.645925    8.4147    
1    15    9    -7186.9    -2.1128    0.634814    10.3764    
1    16    10    -7195.21    -9.53213    0.624884    9.86093    
1    17    11    -7197.05    -9.62173    0.616709    9.82843    
1    20    12    -7202.76    -12.5271    0.549875    9.48275    
1    26    13    -7203.86    -12.9379    0.593921    9.54011    
1    30    14    -7204.15    -12.201    0.599087    9.39994    
1    32    15    -7205.35    -13.8151    0.598655    9.49056    
1    42    16    -7205.13    -12.2731    0.61083    9.83316    
1    43    17    -7202.52    -10.949    0.632053    9.54887    
1    45    18    -7200.18    -6.38776    0.59084    7.07149    
1    46    19    -7196.14    0.32887    0.542212    8.99764    
1    47    20    -7199.34    -2.82891    0.555355    7.97726    
1    48    21    -7206.37    -7.43277    0.549922    8.33832    
1    55    22    -7207.43    -7.9576    0.528349    8.39689    
1    58    23    -7204.31    -6.47654    0.522699    8.32563    
1    62    24    -7202.34    -4.69962    0.516286    8.10913    
1    66    25    -7206.24    -7.42609    0.530978    8.33079    
1    67    26    -7205.07    -6.35494    0.529029    9.0873    
1    73    27    -7207.3    -8.54944    0.527844    7.09341    
1    79    28    -7202.22    -7.83023    0.544792    8.83838    
1    80    29    -7201.78    -4.82043    0.521814    7.01893    
1    83    30    -7200.89    -7.04355    0.584393    8.57664    
1    84    31    -7200    -6.09922    0.509418    6.93401    
1    88    32    -7195.82    -4.76709    0.486061    6.76293    
1    89    33    -7198.17    -10.5521    0.535846    7.55042    
1    91    34    -7196.6    -7.88391    0.617783    9.37927    
1    92    35    -7199.11    -5.56006    0.580354    7.56853    
1    94    36    -7204.13    -10.1195    0.587987    8.32114    
1    96    37    -7199.28    -6.3073    0.543149    7.67264    
1    98    38    -7198.57    -5.13399    0.537529    8.3428    
1    100    39    -7198.69    -5.98106    0.519541    7.01587    
