#Task    Step    numberOfAcceptedPeleSteps    currentEnergy    BindingEnergy    sasaLig    distance_A35SG_L1S1    
1    0    0    -7171.98    -12.6284    0.369346    9.56404    
1    1    1    -7199.29    -24.1958    0.349845    8.27849    
1    3    2    -7200.03    -16.1126    0.359234    8.02225    
1    11    3    -7207.79    -26.3731    0.328933    8.43528    
1    13    4    -7208.25    -28.2693    0.315701    8.49064    
1    17    5    -7207.86    -29.6574    0.310638    8.46496    
1    24    6    -7207.94    -25.8228    0.365515    8.60198    
1    27    7    -7211.06    -29.3543    0.332586    8.29551    
1    33    8    -7208.89    -28.5988    0.330587    8.43297    
1    71    9    -7208.36    -29.8582    0.305233    8.44361    
1    72    10    -7202.07    -20.9253    0.368956    9.1552    
1    75    11    -7206.41    -25.8943    0.358135    8.75397    
1    76    12    -7204.48    -24.1561    0.31679    8.89528    
1    81    13    -7192.26    -21.705    0.289253    8.04208    
1    82    14    -7194.69    -19.2317    0.335073    8.34598    
1    87    15    -7193.39    -18.7278    0.338854    8.5242    
1    91    16    -7196.66    -19.2063    0.330534    8.71426    
1    92    17    -7196.79    -20.1999    0.297481    8.42247    
1    93    18    -7193.62    -21.7215    0.316955    9.1359    
1    96    19    -7191.14    -13.5626    0.34712    9.54396    
1    97    20    -7193.14    -14.481    0.370843    9.38138    
