#Task    Step    numberOfAcceptedPeleSteps    currentEnergy    BindingEnergy    sasaLig    distance_A35SG_L1S1    
1    0    0    -7182.05    -17.0087    0.559726    9.11841    
1    1    1    -7205.57    -15.5961    0.574368    8.94319    
1    2    2    -7208.97    -15.0774    0.566492    9.53652    
1    3    3    -7209.58    -15.6507    0.579019    9.26885    
1    4    4    -7209.4    -14.8572    0.558649    9.52543    
1    10    5    -7208.67    -15.5872    0.557512    8.81024    
1    13    6    -7207.39    -16.8367    0.556095    9.13318    
1    17    7    -7209.2    -17.8836    0.543101    9.02345    
1    18    8    -7212.95    -16.3295    0.554041    8.85916    
1    23    9    -7211.3    -13.0876    0.584028    9.11165    
1    27    10    -7211.54    -15.6382    0.565637    9.3883    
1    28    11    -7213.68    -19.1996    0.562168    9.67417    
1    32    12    -7212.29    -19.0287    0.564621    10.0911    
1    35    13    -7205.48    -7.84976    0.594546    8.11413    
1    38    14    -7207.46    -8.62704    0.689617    8.50208    
1    39    15    -7207.88    -11.3745    0.620131    7.22563    
1    42    16    -7206.38    -9.06541    0.662118    8.19105    
1    47    17    -7204.94    -8.07191    0.649761    9.01804    
1    48    18    -7202.8    -8.6057    0.635809    8.86552    
1    52    19    -7204.64    -8.0025    0.663481    8.65305    
1    55    20    -7195.08    3.993    0.748381    9.87535    
1    56    21    -7202.25    -4.20138    0.657508    6.93341    
1    57    22    -7202.02    -10.8829    0.624597    7.1878    
1    60    23    -7203.14    -10.6242    0.629889    7.6399    
1    65    24    -7207.92    -15.6437    0.621081    8.78956    
1    67    25    -7208.89    -14.082    0.635553    8.99797    
1    68    26    -7211.35    -15.2629    0.602836    8.94318    
1    75    27    -7211.55    -15.6265    0.603408    8.69292    
1    76    28    -7209.84    -15.0153    0.575587    8.72292    
1    81    29    -7211.91    -15.7912    0.604802    8.99187    
1    82    30    -7209.66    -13.0955    0.599579    8.42344    
1    83    31    -7210.8    -15.6791    0.588724    8.24208    
1    85    32    -7211.02    -15.929    0.584926    7.82981    
1    87    33    -7209.38    -12.7266    0.595606    7.4552    
1    90    34    -7211.93    -15.7228    0.575333    7.64923    
