#Task    Step    numberOfAcceptedPeleSteps    currentEnergy    BindingEnergy    sasaLig    distance_A35SG_L1S1    
1    0    0    -7191.67    -15.3286    0.493624    7.24587    
1    1    1    -7206.2    -6.68504    0.495745    9.19689    
1    3    2    -7209.89    -6.81762    0.574798    6.21578    
1    4    3    -7213.51    -9.29048    0.587882    6.66523    
1    8    4    -7212.11    -9.54576    0.59755    6.91989    
1    10    5    -7215.48    -10.3755    0.569412    6.37423    
1    16    6    -7216.87    -11.3181    0.583702    7.44625    
1    29    7    -7216.96    -12.9724    0.557246    7.28438    
1    30    8    -7217.38    -11.7919    0.564741    7.31124    
1    32    9    -7207.89    -2.72679    0.559588    7.77669    
1    33    10    -7210.52    -10.5937    0.513528    7.78769    
1    34    11    -7212.56    -11.6325    0.480082    7.22199    
1    42    12    -7210.58    -9.35789    0.470248    7.3166    
1    51    13    -7211.41    -11.9815    0.503727    7.62981    
1    59    14    -7209.81    -10.0775    0.558769    8.08524    
1    63    15    -7210.14    -11.6164    0.495099    7.74298    
1    67    16    -7205.86    -7.40777    0.52725    8.33886    
1    74    17    -7207.03    -8.93058    0.555267    7.73146    
1    81    18    -7209.88    -11.6933    0.546043    7.19268    
1    83    19    -7210.29    -12.8139    0.546277    6.45827    
1    84    20    -7211.03    -11.6117    0.547212    6.7781    
1    86    21    -7210.81    -10.2543    0.598203    6.67425    
1    87    22    -7212.31    -14.873    0.576816    6.4394    
1    88    23    -7213.79    -14.6998    0.584657    6.43735    
1    89    24    -7211.19    -11.7478    0.560668    5.96122    
1    90    25    -7210.57    -14.4718    0.527553    5.95051    
1    91    26    -7214.72    -15.8635    0.539241    6.5231    
1    93    27    -7211.69    -15.195    0.562388    6.44969    
1    94    28    -7211.98    -15.0998    0.560656    6.85531    
1    95    29    -7212.18    -15.6008    0.544224    6.66757    
1    97    30    -7210.92    -16.5043    0.534208    6.52575    
1    99    31    -7209.47    -13.8474    0.587371    6.41641    
1    100    32    -7205.12    -9.05035    0.610322    7.26434    
