#Task    Step    numberOfAcceptedPeleSteps    currentEnergy    BindingEnergy    sasaLig    distance_A35SG_L1S1    
1    0    0    -7184.44    -20.4446    0.534533    10.5852    
1    1    1    -7208    -19.7864    0.554978    10.4193    
1    4    2    -7203.71    -16.0457    0.519862    10.4234    
1    9    3    -7206.29    -20.5478    0.520047    10.4387    
1    10    4    -7203.95    -12.2014    0.564376    10.2782    
1    11    5    -7208.57    -18.4161    0.556121    10.5075    
1    12    6    -7209    -20.7075    0.51897    9.5854    
1    13    7    -7203.97    -18.515    0.475874    8.63778    
1    17    8    -7205.86    -19.4407    0.518854    8.4472    
1    19    9    -7200.17    -15.5043    0.510342    9.20172    
1    20    10    -7206.34    -18.2949    0.547118    8.64859    
1    23    11    -7205.32    -18.6482    0.563272    9.01844    
1    24    12    -7203.71    -16.4734    0.539674    9.14916    
1    25    13    -7206.66    -20.0723    0.564636    8.36214    
1    30    14    -7209.14    -19.0468    0.575511    8.6537    
1    31    15    -7206.57    -17.3054    0.554894    9.07818    
1    35    16    -7209.42    -19.2662    0.548679    8.10693    
1    37    17    -7207.25    -18.4934    0.567558    7.68486    
1    40    18    -7207.68    -18.6181    0.563798    8.14043    
1    45    19    -7209.5    -19.4953    0.564406    7.8216    
1    49    20    -7207.21    -21.7808    0.518492    8.05989    
1    51    21    -7209.1    -22.9745    0.491301    7.80091    
1    54    22    -7208.72    -21.6354    0.533808    7.43729    
1    55    23    -7209.39    -24.1484    0.47812    7.46879    
1    56    24    -7210    -21.4581    0.461331    7.93183    
1    59    25    -7204.57    -15.1445    0.483344    10.3604    
1    60    26    -7202.6    -12.565    0.464211    8.5998    
1    61    27    -7205.99    -23.2166    0.418949    9.62611    
1    63    28    -7197.7    -11.817    0.485099    4.99879    
1    64    29    -7202.38    -9.02019    0.502688    5.73624    
1    65    30    -7203.23    -8.6753    0.535783    10.329    
1    71    31    -7204.88    -8.29567    0.489716    10.0867    
1    72    32    -7206.64    -8.15186    0.521601    9.67616    
1    76    33    -7209.09    -8.92665    0.500414    9.65876    
1    83    34    -7208.55    -9.14721    0.504671    9.54589    
1    90    35    -7202.74    -4.74924    0.481894    8.71994    
1    93    36    -7198.7    -4.64325    0.470844    8.90953    
1    95    37    -7194.29    -4.60039    0.487917    12.2431    
1    96    38    -7196.21    -3.99121    0.499533    12.4566    
1    97    39    -7202.32    -15.3457    0.442566    12.5837    
1    98    40    -7202.86    -15.2889    0.417586    12.4965    
