#Task    Step    numberOfAcceptedPeleSteps    currentEnergy    BindingEnergy    sasaLig    distance_A35SG_L1S1    
1    0    0    -7169.83    -27.6098    0.326788    10.183    
1    1    1    -7190.63    -30.338    0.341642    10.8385    
1    2    2    -7191.18    -26.8385    0.314021    9.29914    
1    10    3    -7193.13    -28.2979    0.315547    9.47582    
1    11    4    -7195.7    -28.7364    0.316823    9.84607    
1    21    5    -7199.37    -32.6391    0.319224    9.34785    
1    25    6    -7197.63    -31.9015    0.328536    9.41515    
1    28    7    -7195.29    -26.3466    0.386314    10.3246    
1    35    8    -7191.43    -26.8212    0.350651    12.0677    
1    37    9    -7195.99    -29.3207    0.387991    9.17268    
1    39    10    -7195.74    -26.9245    0.43697    9.06525    
1    40    11    -7198.39    -26.8581    0.386725    8.69248    
1    41    12    -7199.32    -31.6684    0.319088    8.55069    
1    43    13    -7198.61    -30.2004    0.32262    8.65199    
1    61    14    -7190.42    -25.3502    0.343446    8.91174    
1    63    15    -7193.27    -25.2354    0.375956    8.75499    
1    65    16    -7200.74    -27.7812    0.374187    8.81862    
1    67    17    -7197.62    -26.0513    0.408905    8.2649    
1    68    18    -7193.81    -23.3789    0.396961    7.66592    
1    74    19    -7199.2    -29.0066    0.377635    8.18117    
1    78    20    -7196.74    -29.2614    0.381535    7.93286    
1    81    21    -7193.36    -29.38    0.335699    7.7806    
1    82    22    -7192.14    -25.7876    0.38146    8.15313    
1    84    23    -7191.48    -22.0464    0.369785    7.81652    
1    88    24    -7188.95    -19.7443    0.388717    7.76456    
1    95    25    -7190.7    -23.9411    0.399386    8.30988    
