#Task    Step    numberOfAcceptedPeleSteps    currentEnergy    BindingEnergy    sasaLig    distance_A35SG_L1S1    
1    0    0    -7169.62    -1.44375    0.666981    8.18138    
1    1    1    -7191.4    -2.05103    0.651003    8.4891    
1    3    2    -7193.27    -3.52353    0.605325    8.26942    
1    6    3    -7194.35    -4.3479    0.592786    8.06437    
1    8    4    -7193.34    -2.6614    0.613758    8.35337    
1    10    5    -7190.12    -1.79203    0.647857    8.29952    
1    11    6    -7189.48    2.00404    0.704136    11.4995    
1    12    7    -7190.62    1.43997    0.704084    11.7154    
1    18    8    -7189.16    3.91034    0.744544    9.7403    
1    20    9    -7184.54    7.39909    0.788006    13.0327    
1    22    10    -7186.42    4.68171    0.809843    13.3213    
1    23    11    -7189.32    3.1375    0.809614    13.4359    
1    24    12    -7188.17    3.90198    0.724266    12.8066    
1    25    13    -7187.48    3.90114    0.732482    12.6593    
1    26    14    -7190.23    3.15888    0.752666    12.3855    
1    28    15    -7191.56    1.12424    0.660959    8.69059    
1    30    16    -7191.66    1.6904    0.603794    8.61868    
1    31    17    -7197    -6.26181    0.557313    8.23815    
1    34    18    -7198.03    -2.27504    0.621433    8.16917    
1    36    19    -7197.63    -0.716076    0.62662    8.47409    
1    37    20    -7196.64    -2.01175    0.611076    10.2333    
1    38    21    -7199.28    -5.5695    0.532905    8.94886    
1    41    22    -7200.55    -6.90804    0.487607    8.91363    
1    44    23    -7199.67    -8.10214    0.470039    9.41634    
1    45    24    -7197.64    -9.22512    0.465951    8.33269    
1    46    25    -7197.66    -8.37636    0.450449    8.63727    
1    49    26    -7195.75    -2.70073    0.54018    9.66819    
1    52    27    -7199.83    -5.57259    0.528831    9.44092    
1    54    28    -7196.4    -1.97827    0.568231    8.43939    
1    55    29    -7196.12    -4.55676    0.581329    8.63698    
1    56    30    -7198.64    -3.70949    0.592236    8.44577    
1    58    31    -7201.59    -5.53459    0.567538    8.37188    
1    59    32    -7197.19    -3.28658    0.584632    9.37833    
1    60    33    -7200.79    -6.93455    0.613375    8.85134    
1    61    34    -7201.11    -6.6072    0.586773    8.18359    
1    63    35    -7199.15    -7.82646    0.565372    8.6245    
1    72    36    -7201.2    -7.90101    0.595916    9.1805    
1    74    37    -7202.36    -8.58075    0.549248    9.08626    
1    76    38    -7201.23    -7.00217    0.574061    9.28702    
1    78    39    -7200.23    -6.15007    0.560469    8.8665    
1    79    40    -7200.48    -8.14219    0.524232    8.45565    
1    81    41    -7197.1    -10.1404    0.498208    9.07739    
1    83    42    -7193.53    -5.4244    0.513713    9.67459    
1    84    43    -7193.09    -0.839378    0.512852    10.1603    
1    86    44    -7202.02    -8.30551    0.532092    9.95455    
