#Task    Step    numberOfAcceptedPeleSteps    currentEnergy    BindingEnergy    sasaLig    distance_A35SG_L1S1    
1    0    0    -7181.75    -6.39268    0.479709    4.76714    
1    1    1    -7196.75    -7.74436    0.492735    6.74566    
1    2    2    -7191.96    7.8198    0.543878    11.0148    
1    3    3    -7204.6    -5.19914    0.501557    9.0109    
1    5    4    -7206.18    -9.48572    0.55669    6.74385    
1    7    5    -7201.45    -7.08817    0.569807    3.87616    
1    8    6    -7200.96    -4.86476    0.574887    4.06788    
1    9    7    -7205.18    -13.8426    0.477739    4.46127    
1    18    8    -7207.31    -13.1044    0.484007    3.92404    
1    19    9    -7206.82    -13.8086    0.490163    3.87832    
1    21    10    -7207.37    -14.7368    0.458927    3.71299    
1    26    11    -7205.93    -13.2377    0.466893    3.70373    
1    29    12    -7188.54    -0.426378    0.560758    3.69166    
1    30    13    -7196.14    -4.41034    0.561505    3.82217    
1    33    14    -7189.3    -4.48243    0.441341    3.69614    
1    38    15    -7184.69    0.263993    0.556804    5.27428    
1    39    16    -7193.84    -6.06066    0.561776    3.70405    
1    40    17    -7196.97    -10.6638    0.519234    4.02125    
1    42    18    -7195.8    -8.17482    0.556564    4.09021    
1    43    19    -7193.5    -12.9502    0.492686    3.77699    
1    45    20    -7192.9    -11.4941    0.453822    4.05499    
1    48    21    -7195.63    -9.56602    0.505377    4.41679    
1    50    22    -7196.64    -9.70341    0.503102    4.2589    
1    53    23    -7193.92    -11.3356    0.486356    4.03348    
1    57    24    -7192.24    -9.35382    0.569629    7.42884    
1    60    25    -7197.78    -12.0611    0.553258    8.36428    
1    71    26    -7199.09    -10.5502    0.623754    7.83912    
1    72    27    -7199.49    -10.4397    0.605644    7.60801    
1    74    28    -7201.77    -11.3434    0.58342    7.82149    
1    77    29    -7196.13    -8.15417    0.559452    8.2243    
1    81    30    -7200.06    -5.84717    0.569881    7.33275    
1    82    31    -7207.8    -12.9033    0.517098    7.016    
1    88    32    -7203.03    -8.02305    0.553912    7.44696    
1    90    33    -7203.32    -10.6109    0.525863    6.59066    
1    93    34    -7203.19    -14.0556    0.493314    7.00636    
1    94    35    -7206.57    -14.7348    0.54605    7.62282    
1    95    36    -7201.6    -12.1775    0.537043    7.69259    
1    96    37    -7199.42    -11.2271    0.506235    7.51379    
1    97    38    -7203.83    -16.785    0.549065    7.35183    
