#Task    Step    numberOfAcceptedPeleSteps    currentEnergy    BindingEnergy    sasaLig    distance_A35SG_L1S1    
1    0    0    -7175.75    -41.5299    0.341656    6.806    
1    2    1    -7199.26    -38.9112    0.343714    6.56285    
1    4    2    -7199.83    -38.3071    0.354453    6.68099    
1    10    3    -7197.46    -33.8088    0.382891    6.78138    
1    11    4    -7202.34    -40.5844    0.32595    6.90972    
1    14    5    -7195.71    -33.7041    0.347523    6.82872    
1    17    6    -7202.23    -40.8576    0.314532    6.85212    
1    21    7    -7202.86    -39.6327    0.315981    6.75659    
1    39    8    -7197.27    -32.1538    0.315369    6.42118    
1    44    9    -7193.17    -26.6141    0.351389    6.60389    
1    46    10    -7198.83    -22.8243    0.337271    6.04932    
1    47    11    -7208.18    -35.6621    0.334263    6.72889    
1    50    12    -7204.78    -33.7957    0.360755    7.01598    
1    54    13    -7203.58    -31.664    0.329238    6.46708    
1    66    14    -7199.93    -30.6629    0.354978    6.67105    
1    68    15    -7202.45    -32.4103    0.326975    6.58668    
1    73    16    -7203.53    -37.9614    0.310895    6.51541    
1    75    17    -7205.26    -44.3549    0.307212    6.55419    
1    81    18    -7202.42    -42.8698    0.314341    6.55643    
1    85    19    -7199.23    -41.973    0.31241    6.54682    
1    96    20    -7199.2    -35.9918    0.365909    6.75345    
1    99    21    -7196.44    -30.0982    0.314569    6.2467    
1    100    22    -7195.1    -28.5592    0.366625    6.76104    
