#Task    Step    numberOfAcceptedPeleSteps    currentEnergy    BindingEnergy    sasaLig    distance_A35SG_L1S1    
1    0    0    -7190.95    -31.5904    0.285781    6.72976    
1    1    1    -7206.85    -27.5359    0.314025    6.34666    
1    9    2    -7215.26    -30.0737    0.309764    6.64843    
1    22    3    -7210.55    -23.9275    0.346869    6.48733    
1    24    4    -7211.34    -22.9072    0.323941    6.53884    
1    33    5    -7220.8    -29.9686    0.306554    6.93237    
1    57    6    -7217.14    -29.5447    0.30153    6.97444    
1    58    7    -7211.91    -17.8464    0.354125    6.87926    
1    60    8    -7217.34    -26.0568    0.295525    7.04681    
1    81    9    -7223.07    -39.4381    0.364462    8.67926    
1    82    10    -7217.41    -31.3489    0.322548    7.942    
1    83    11    -7227.14    -42.1533    0.338684    8.65443    
1    87    12    -7228.76    -41.0121    0.353988    9.03308    
1    88    13    -7230.43    -40.9356    0.338413    8.82378    
