#Task    Step    numberOfAcceptedPeleSteps    currentEnergy    BindingEnergy    sasaLig    distance_A35SG_L1S1    
1    0    0    -7171.96    -25.7967    0.29326    9.93005    
1    1    1    -7179.58    -21.0891    0.32435    7.89617    
1    2    2    -7182.45    -16.6615    0.359944    8.20684    
1    3    3    -7182.74    -16.7426    0.374307    6.12582    
1    8    4    -7184.63    -14.7808    0.34587    5.74809    
1    10    5    -7187.37    -15.5367    0.384398    6.44976    
1    11    6    -7175.73    -3.96989    0.400516    7.42271    
1    12    7    -7177.77    -4.31643    0.371757    7.97765    
1    13    8    -7178.16    -10.761    0.375859    5.0072    
1    14    9    -7182.66    -16.963    0.311049    5.02462    
1    17    10    -7180.86    -19.7864    0.302718    6.11612    
1    18    11    -7180.91    -18.7575    0.388961    8.95165    
1    19    12    -7180.07    -22.372    0.318265    8.8287    
1    20    13    -7181.77    -19.9367    0.32095    8.91432    
1    21    14    -7181.23    -28.8632    0.27526    8.77812    
1    23    15    -7184.6    -28.7505    0.299913    9.05571    
1    24    16    -7182.3    -24.9471    0.329032    8.86426    
1    31    17    -7181.58    -27.8593    0.330273    9.0425    
1    33    18    -7190.5    -34.0289    0.302992    8.95933    
1    49    19    -7194.57    -34.708    0.287237    9.30223    
1    55    20    -7199.49    -36.5974    0.2826    9.19666    
1    57    21    -7190.38    -33.7459    0.28509    9.13559    
1    59    22    -7191.2    -31.7252    0.291416    9.31647    
1    63    23    -7189.96    -30.9801    0.3359    8.80472    
1    65    24    -7192.51    -28.8264    0.319086    8.08051    
1    68    25    -7191.34    -25.0628    0.361625    8.24902    
1    69    26    -7192.45    -33.5894    0.298952    8.42429    
1    78    27    -7193.69    -33.806    0.314516    8.48424    
1    85    28    -7195.04    -34.9014    0.281086    8.53639    
1    88    29    -7193.93    -32.3854    0.297251    8.553    
1    97    30    -7195.88    -35.0686    0.286619    8.4095    
