#Task    Step    numberOfAcceptedPeleSteps    currentEnergy    BindingEnergy    sasaLig    distance_A35SG_L1S1    
1    0    0    -7161.59    -8.77436    0.432491    5.38265    
1    1    1    -7191.06    -10.3779    0.443877    5.23459    
1    3    2    -7190.49    -10.1392    0.446758    5.40043    
1    5    3    -7189.89    -11.6543    0.429731    5.05309    
1    18    4    -7189.28    -10.7764    0.468919    5.00232    
1    22    5    -7183.69    -4.85247    0.504062    4.51723    
1    24    6    -7185.53    -6.08252    0.51274    4.25273    
1    25    7    -7188.32    -8.77647    0.495194    3.95744    
1    28    8    -7188.17    -7.81504    0.516541    4.24309    
1    30    9    -7187.03    -3.90147    0.5152    6.3186    
1    33    10    -7186.96    -11.7717    0.414596    5.33212    
1    36    11    -7186.7    -8.37127    0.431445    5.36659    
1    39    12    -7184.96    -7.93877    0.423454    5.08001    
1    40    13    -7185.57    -2.89338    0.484856    4.30508    
1    42    14    -7186.55    -3.32602    0.480565    4.16761    
1    43    15    -7188.38    -20.566    0.480858    7.48066    
1    50    16    -7189.03    -19.2194    0.473968    7.31805    
1    51    17    -7190.29    -20.8541    0.473381    7.12156    
1    54    18    -7189.32    -19.5666    0.46601    6.74673    
1    55    19    -7188.84    -20.7927    0.469026    6.81465    
1    61    20    -7185.44    -25.2553    0.45032    6.99573    
1    66    21    -7186.78    -25.3613    0.45086    7.3194    
1    73    22    -7188.57    -25.8956    0.460608    7.20759    
1    74    23    -7186.46    -23.3206    0.485841    8.5154    
1    75    24    -7188.39    -27.0775    0.501664    7.4573    
1    79    25    -7189.81    -26.7073    0.498554    7.38421    
1    80    26    -7196.29    -31.323    0.482633    7.44344    
1    81    27    -7193.56    -31.9581    0.492844    7.55712    
1    85    28    -7190.67    -29.3328    0.479655    7.46585    
