#Task    Step    numberOfAcceptedPeleSteps    currentEnergy    BindingEnergy    sasaLig    distance_A35SG_L1S1    
1    0    0    -7170.17    -33.7117    0.360174    9.27987    
1    1    1    -7174.75    -17.9507    0.515492    10.1217    
1    2    2    -7169.79    -8.32196    0.397486    6.6753    
1    3    3    -7172.8    -9.01461    0.347031    8.89023    
1    5    4    -7176.42    -13.1971    0.408601    9.61903    
1    7    5    -7176.78    -11.0145    0.378492    8.649    
1    8    6    -7180.48    -9.15644    0.318346    7.81938    
1    9    7    -7181.6    -13.5377    0.319821    7.98659    
1    14    8    -7183.99    -12.5033    0.326313    8.21723    
1    15    9    -7187.95    -15.2361    0.327103    7.94854    
1    22    10    -7184.88    -12.8875    0.334972    8.17078    
1    23    11    -7191.7    -17.1027    0.339492    8.24514    
1    24    12    -7191.88    -16.3808    0.317818    8.17055    
1    26    13    -7193.53    -17.8731    0.342877    8.46254    
1    27    14    -7194.15    -17.598    0.319676    8.29505    
1    33    15    -7190.79    -19.2688    0.321423    8.19027    
1    37    16    -7191.02    -18.3024    0.30515    8.17387    
1    44    17    -7188.97    -14.2086    0.348907    8.81093    
1    53    18    -7183.75    -17.456    0.326802    8.35542    
1    56    19    -7183.56    -13.5832    0.357342    8.58284    
1    57    20    -7180.53    -15.8596    0.35337    8.45097    
1    59    21    -7181.05    -12.6678    0.341949    8.26306    
1    60    22    -7179.72    -11.0175    0.397814    8.75715    
1    62    23    -7181.03    -7.06425    0.375019    9.19667    
1    65    24    -7183.62    -6.92771    0.299905    6.86896    
1    66    25    -7189.01    -9.84655    0.306446    6.93533    
1    73    26    -7193.15    -16.0558    0.317436    7.05663    
1    78    27    -7192.46    -13.4699    0.353994    7.17848    
1    80    28    -7193.17    -14.9734    0.361055    7.29652    
1    84    29    -7193.42    -16.3022    0.344419    7.3666    
1    88    30    -7193.89    -14.7777    0.348096    7.33418    
1    98    31    -7194.68    -15.6659    0.334461    7.60379    
