#Task    Step    numberOfAcceptedPeleSteps    currentEnergy    BindingEnergy    sasaLig    distance_A35SG_L1S1    
1    0    0    -7180.82    -21.5599    0.287557    8.17031    
1    1    1    -7199.51    -18.1644    0.320467    8.34789    
1    3    2    -7204.55    -19.596    0.293688    8.24616    
1    7    3    -7205.06    -24.3432    0.346756    8.34429    
1    8    4    -7203.54    -19.7724    0.325588    8.1222    
1    9    5    -7206.88    -23.5986    0.273836    8.31147    
1    20    6    -7206.68    -21.2298    0.289337    8.23535    
1    21    7    -7205.1    -27.5338    0.246967    8.41725    
1    25    8    -7205.34    -26.6517    0.261837    8.33191    
1    33    9    -7210.03    -24.9824    0.285005    8.13493    
1    37    10    -7214.04    -24.7685    0.281693    8.22658    
1    39    11    -7212.42    -23.608    0.284347    8.38733    
1    45    12    -7214.73    -24.9512    0.274294    8.20293    
1    47    13    -7214.01    -23.6404    0.279298    8.0657    
1    53    14    -7214.76    -25.5293    0.271271    8.2195    
1    81    15    -7215.17    -28.9951    0.274092    8.15879    
1    96    16    -7213.53    -26.2965    0.279297    8.12494    
1    98    17    -7214.02    -26.2087    0.300559    8.27925    
