#Task    Step    numberOfAcceptedPeleSteps    currentEnergy    BindingEnergy    sasaLig    distance_A35SG_L1S1    
1    0    0    -7186.03    -19.3236    0.352104    7.35816    
1    1    1    -7205.53    -17.0608    0.364492    7.49447    
1    6    2    -7208.61    -18.7322    0.3664    7.79937    
1    8    3    -7210.72    -19.519    0.40919    7.98202    
1    10    4    -7211.82    -20.4509    0.38098    7.8559    
1    15    5    -7214.29    -20.5282    0.386357    7.77622    
1    18    6    -7216    -21.3011    0.342294    7.5165    
1    19    7    -7214.81    -20.681    0.346756    7.60359    
1    21    8    -7213.9    -21.9933    0.366011    7.62316    
1    23    9    -7214.86    -19.7533    0.391504    8.15837    
1    28    10    -7214.98    -19.4023    0.341794    7.5539    
1    32    11    -7213.03    -17.904    0.37907    8.30026    
1    33    12    -7215.65    -19.9081    0.377358    8.00691    
1    35    13    -7214.58    -21.7376    0.34495    7.8931    
1    36    14    -7213.22    -18.56    0.369537    8.19633    
1    42    15    -7213.33    -18.7491    0.379564    7.91627    
1    43    16    -7214.95    -22.5621    0.341718    7.5174    
1    47    17    -7218.56    -21.2446    0.350907    7.83445    
1    48    18    -7217.26    -19.2098    0.373306    8.19758    
1    53    19    -7215.97    -24.2527    0.348048    7.62289    
1    67    20    -7213.33    -23.2372    0.34173    7.88487    
1    82    21    -7215.24    -22.5356    0.361228    7.65873    
1    89    22    -7216.85    -25.9756    0.339975    7.61149    
1    93    23    -7214.89    -23.6231    0.36307    7.79214    
1    95    24    -7216.73    -22.4891    0.345949    7.81406    
1    99    25    -7214.28    -24.4109    0.355966    7.53178    
