#Task    Step    numberOfAcceptedPeleSteps    currentEnergy    BindingEnergy    sasaLig    distance_A35SG_L1S1    
1    0    0    -7184.71    -5.84067    0.581451    3.73559    
1    1    1    -7212.5    -7.19694    0.556609    3.80139    
1    14    2    -7210.86    -7.88333    0.542301    3.74425    
1    22    3    -7210.24    -7.10774    0.542051    3.88664    
1    24    4    -7209.15    -5.83489    0.536571    4.04187    
1    31    5    -7208.93    -6.86401    0.526812    4.09975    
1    45    6    -7210.44    -7.98975    0.525579    3.7778    
1    51    7    -7210.57    -9.19619    0.509367    3.93609    
1    60    8    -7210.41    -9.6845    0.496752    4.26093    
1    63    9    -7209.57    -9.349    0.497606    3.85591    
1    66    10    -7209.42    -7.54181    0.509866    3.64991    
1    69    11    -7207.17    -8.3629    0.517756    3.81442    
1    71    12    -7207.1    -11.9896    0.555383    4.98637    
1    72    13    -7208.62    -14.4673    0.529021    5.3998    
1    75    14    -7209.35    -11.4993    0.471365    8.58415    
1    77    15    -7205.47    -11.9763    0.564217    9.40767    
1    78    16    -7207.02    -12.6397    0.555678    10.3159    
1    88    17    -7204.12    -9.99588    0.540659    10.7855    
1    90    18    -7204.44    -6.0937    0.59551    6.7719    
1    92    19    -7204.98    -5.86763    0.592311    7.21249    
1    93    20    -7207.55    -0.790832    0.7026    6.3567    
1    99    21    -7205.52    1.2481    0.642596    6.63353    
1    100    22    -7206.35    -0.400589    0.650738    6.60656    
