#Task    Step    numberOfAcceptedPeleSteps    currentEnergy    BindingEnergy    sasaLig    distance_A35SG_L1S1    
1    0    0    -7173.54    -6.44285    0.542547    6.20306    
1    1    1    -7195.86    -9.53282    0.550055    9.56767    
1    3    2    -7192.95    -5.88866    0.544779    10.1476    
1    6    3    -7194.86    -6.41626    0.537475    9.99084    
1    7    4    -7191.92    -15.8655    0.494014    9.22681    
1    9    5    -7198.84    -20.9643    0.467277    9.53861    
1    11    6    -7203.17    -10.246    0.619448    5.82413    
1    12    7    -7204.67    -11.1079    0.631638    6.06199    
1    15    8    -7202.32    -7.36407    0.608559    7.2554    
1    20    9    -7204.3    -10.4368    0.519139    7.54816    
1    23    10    -7207.17    -13.411    0.522698    6.89744    
1    24    11    -7208.75    -12.364    0.573768    6.99358    
1    41    12    -7200.97    -8.7089    0.543464    6.88814    
1    49    13    -7209.17    -13.9582    0.545714    6.8242    
1    54    14    -7207.97    -13.0338    0.536503    7.01739    
1    58    15    -7210.34    -14.9059    0.584295    6.8861    
1    68    16    -7205.67    -11.109    0.60892    7.15999    
1    69    17    -7209.7    -16.3453    0.550229    6.66574    
1    80    18    -7209.87    -16.5428    0.563984    6.79145    
