#Task    Step    numberOfAcceptedPeleSteps    currentEnergy    BindingEnergy    sasaLig    distance_A35SG_L1S1    
1    0    0    -7197.67    -33.4306    0.33967    8.02738    
1    1    1    -7218.18    -31.7908    0.334161    7.85172    
1    17    2    -7220.31    -33.4187    0.331009    7.74208    
1    19    3    -7221.34    -36.3659    0.32414    7.58982    
1    21    4    -7222.03    -36.6026    0.331971    7.67092    
1    25    5    -7223.89    -37.1021    0.323624    7.68995    
1    28    6    -7224.67    -36.5251    0.320048    7.67612    
1    41    7    -7224.66    -35.7703    0.32338    7.57153    
1    45    8    -7225.44    -33.5718    0.340147    8.08455    
1    47    9    -7226.04    -36.238    0.325072    7.65994    
1    66    10    -7226.5    -32.6462    0.341455    7.56725    
1    69    11    -7231.01    -36.8516    0.328526    7.66679    
1    82    12    -7227.68    -34.9348    0.34157    7.67887    
1    85    13    -7229.01    -37.0731    0.33328    7.74888    
1    94    14    -7228.94    -35.676    0.331427    7.71023    
