#Task    Step    numberOfAcceptedPeleSteps    currentEnergy    BindingEnergy    sasaLig    distance_A35SG_L1S1    
1    0    0    -7188.45    -9.84452    0.420713    6.60992    
1    1    1    -7189.03    9.34629    0.47362    6.93523    
1    2    2    -7193.24    9.2025    0.469246    7.14613    
1    3    3    -7202.19    -5.16196    0.503005    9.01551    
1    7    4    -7200.12    -3.69538    0.434303    7.6585    
1    9    5    -7203.23    -1.00544    0.493996    6.76058    
1    11    6    -7203.93    -0.891097    0.559133    7.36491    
1    12    7    -7205.2    -1.21663    0.607505    7.36249    
1    16    8    -7204.26    -0.879702    0.654161    7.84948    
1    19    9    -7205.32    -1.66017    0.627201    7.80561    
1    21    10    -7209.01    -17.5544    0.443085    7.82426    
1    23    11    -7213.23    -23.815    0.459772    7.65245    
1    26    12    -7216.87    -24.8707    0.455309    7.54752    
1    29    13    -7220.71    -29.3133    0.44264    7.71204    
1    33    14    -7220.85    -28.4582    0.439463    7.58333    
1    39    15    -7211.52    -21.4369    0.460905    7.62765    
1    44    16    -7216.74    -25.8456    0.528841    7.76797    
1    45    17    -7219.66    -29.7865    0.462187    7.69599    
1    57    18    -7221.43    -30.6635    0.45512    7.47489    
1    65    19    -7218.27    -32.5681    0.440098    7.45302    
1    67    20    -7218.94    -32.2387    0.442973    7.41688    
1    83    21    -7214.76    -29.4394    0.441318    7.64084    
1    85    22    -7211.74    -29.0882    0.445127    7.59407    
1    92    23    -7209.65    -28.9835    0.446841    7.83359    
1    93    24    -7212.84    -31.4827    0.441605    7.724    
1    97    25    -7211.89    -30.0887    0.436358    7.57273    
