#Task    Step    numberOfAcceptedPeleSteps    currentEnergy    BindingEnergy    sasaLig    distance_A35SG_L1S1    
1    0    0    -7185.85    -18.5985    0.463369    7.68431    
1    1    1    -7196.52    -7.46369    0.489662    8.22117    
1    2    2    -7204.69    -10.9741    0.490792    7.81087    
1    14    3    -7202.21    -8.75141    0.536433    7.99497    
1    17    4    -7203.18    -9.92458    0.508167    7.88871    
1    19    5    -7202.62    -9.96877    0.464533    7.2243    
1    21    6    -7205.76    -13.4762    0.412263    6.95533    
1    22    7    -7207.7    -15.9782    0.410723    7.28637    
1    27    8    -7207.79    -16.2909    0.433116    7.10265    
1    29    9    -7207.05    -18.4001    0.415541    6.99723    
1    37    10    -7209.49    -19.2002    0.400063    7.03363    
1    53    11    -7211.91    -17.2978    0.458659    6.77378    
1    57    12    -7211.04    -18.4137    0.389073    7.09858    
1    63    13    -7206.45    -13.1228    0.393507    7.59175    
1    67    14    -7209.24    -14.6252    0.396978    7.09558    
1    68    15    -7209.7    -16.3568    0.401644    6.92028    
1    69    16    -7210.1    -15.9047    0.388201    7.12999    
1    75    17    -7208.77    -12.3272    0.395784    7.51668    
1    81    18    -7200.8    -20.2187    0.396234    8.27651    
1    87    19    -7196    -6.19603    0.490316    6.7033    
1    88    20    -7203    -5.77976    0.503909    6.67412    
1    89    21    -7200.59    -11.8017    0.527484    4.53599    
1    90    22    -7207.34    -12.7618    0.564034    4.60312    
1    91    23    -7210.84    -14.9837    0.461997    4.15487    
1    92    24    -7210.89    -14.3731    0.480732    4.31012    
1    97    25    -7211.51    -15.8722    0.439862    4.33315    
1    99    26    -7205.66    -10.2189    0.479178    5.07093    
1    100    27    -7201.47    -4.23546    0.526624    8.68748    
