#Task    Step    numberOfAcceptedPeleSteps    currentEnergy    BindingEnergy    sasaLig    distance_A35SG_L1S1    
1    0    0    -7176.31    -17.6982    0.407384    8.74106    
1    1    1    -7195.23    -16.4516    0.402165    8.88735    
1    2    2    -7194.99    -16.3367    0.406974    9.00278    
1    5    3    -7195.96    -17.9893    0.398636    8.91713    
1    6    4    -7195.61    -16.9459    0.390131    9.01029    
1    14    5    -7195.41    -13.166    0.433418    9.27803    
1    16    6    -7197.22    -13.8409    0.414519    9.39069    
1    19    7    -7196.53    -13.1142    0.424617    9.40856    
1    20    8    -7201.75    -12.5543    0.414929    8.78084    
1    21    9    -7196.85    -14.4154    0.413664    8.82801    
1    24    10    -7196.72    -11.7098    0.394188    8.4315    
1    27    11    -7199.68    -11.6966    0.369277    8.2649    
1    28    12    -7199.88    -9.10847    0.37493    8.25445    
1    32    13    -7199.87    -9.46601    0.424201    7.94916    
1    33    14    -7201    -8.46224    0.373938    8.19013    
1    34    15    -7203.67    -7.58454    0.43196    8.07318    
1    35    16    -7197.49    -6.22558    0.448357    8.8547    
1    36    17    -7201.29    -7.49269    0.392195    8.31015    
1    39    18    -7205.19    -6.37285    0.44415    9.05263    
1    42    19    -7207.39    -9.78207    0.360547    8.10584    
1    47    20    -7211.94    -15.6735    0.394984    8.68244    
1    50    21    -7212.23    -12.6085    0.402777    8.2732    
1    51    22    -7212.01    -13.6554    0.395744    8.7189    
1    70    23    -7210.39    -14.4718    0.397205    8.8292    
1    74    24    -7210.4    -12.4335    0.420476    8.76778    
1    82    25    -7212.82    -14.1932    0.383473    8.27209    
1    87    26    -7211.02    -13.8968    0.409031    8.80452    
1    95    27    -7206.21    -11.8481    0.420956    9.01034    
1    96    28    -7201.93    -6.00404    0.448356    9.59939    
1    99    29    -7187.27    1.18282    0.496056    7.37858    
1    100    30    -7184.73    5.65916    0.535341    6.65997    
