#Task    Step    numberOfAcceptedPeleSteps    currentEnergy    BindingEnergy    sasaLig    distance_A35SG_L1S1    
1    0    0    -7185.83    -36.2238    0.376108    8.34821    
1    2    1    -7204.81    -30.1599    0.369443    9.22949    
1    5    2    -7212.33    -34.4536    0.336993    8.51093    
1    11    3    -7205.11    -29.0239    0.38773    9.64082    
1    17    4    -7210.31    -32.0453    0.36941    10.6114    
1    19    5    -7210.17    -31.0329    0.39351    10.6507    
1    21    6    -7207.71    -38.7452    0.3706    9.40037    
1    45    7    -7210.47    -36.5929    0.384112    9.18299    
1    55    8    -7212    -35.5064    0.395902    9.00681    
1    56    9    -7211.84    -35.2449    0.399059    9.2671    
1    58    10    -7210.87    -34.8852    0.40773    9.53367    
1    61    11    -7211.21    -34.506    0.40543    9.47251    
1    63    12    -7210.47    -33.1798    0.408817    9.35613    
1    67    13    -7209.63    -32.8141    0.42674    9.48507    
1    72    14    -7208.32    -31.4267    0.434735    9.63586    
1    74    15    -7203.05    -29.3645    0.431458    9.34495    
1    81    16    -7212.94    -37.5672    0.363401    9.97812    
1    88    17    -7212.44    -37.0886    0.382535    10.0535    
1    99    18    -7208.82    -37.4433    0.367641    10.3264    
1    100    19    -7209.7    -36.6682    0.378979    10.0759    
