#Task    Step    numberOfAcceptedPeleSteps    currentEnergy    BindingEnergy    sasaLig    distance_A35SG_L1S1    
1    0    0    -7192.69    -24.4031    0.332327    8.53049    
1    1    1    -7197.48    -4.21164    0.528658    6.81138    
1    2    2    -7200.6    -2.50978    0.441304    7.06202    
1    3    3    -7209.16    -12.9946    0.391841    4.64491    
1    7    4    -7212.1    -7.47447    0.373068    7.73626    
1    9    5    -7225.62    -25.0038    0.416717    9.60193    
1    34    6    -7225.23    -22.2985    0.403895    9.18422    
1    35    7    -7222.92    -23.423    0.4502    9.52893    
1    36    8    -7217.48    -19.1091    0.463377    10.164    
1    40    9    -7220.62    -18.508    0.489829    10.1827    
1    47    10    -7222.53    -25.7166    0.435578    9.60208    
1    49    11    -7221.39    -29.0164    0.38145    9.28567    
1    69    12    -7220.74    -30.6094    0.340998    9.29644    
1    85    13    -7225.7    -30.213    0.334441    9.26468    
1    89    14    -7218.5    -29.6525    0.324048    9.17382    
1    97    15    -7219.95    -27.7804    0.321872    9.06643    
