#Task    Step    numberOfAcceptedPeleSteps    currentEnergy    BindingEnergy    sasaLig    distance_A35SG_L1S1    
1    0    0    -7186.53    -18.2378    0.370412    7.7259    
1    1    1    -7204.79    -10.1555    0.425192    6.2987    
1    2    2    -7200.69    -9.1257    0.465146    6.49215    
1    3    3    -7202.23    -11.5559    0.46462    6.0308    
1    4    4    -7198.63    -3.83117    0.490499    9.01192    
1    5    5    -7198.39    -9.35098    0.457972    5.70915    
1    6    6    -7197.96    -8.30571    0.510527    6.21957    
1    7    7    -7197.65    -8.48578    0.491576    7.38824    
1    9    8    -7199.71    -11.5632    0.439662    7.63067    
1    10    9    -7198.44    -11.5891    0.41609    6.0251    
1    11    10    -7198.93    -9.66265    0.424251    10.8018    
1    14    11    -7196.92    -5.54483    0.427706    10.1321    
1    16    12    -7201.16    -8.74379    0.42365    10.4422    
1    19    13    -7199.26    -10.0882    0.449244    10.4467    
1    20    14    -7199.57    -6.8009    0.534095    5.09673    
1    23    15    -7203.6    -11.7925    0.495363    4.92362    
1    25    16    -7201.23    -12.3724    0.493369    4.32732    
1    27    17    -7202.15    -14.9392    0.487387    4.36441    
1    28    18    -7203.09    -14.3509    0.47534    4.84971    
1    29    19    -7194.13    -10.2018    0.439063    4.17761    
1    30    20    -7192.84    -9.96051    0.513174    7.4316    
1    33    21    -7192.35    -12.7961    0.386907    7.60638    
1    34    22    -7196.56    -11.5361    0.402315    6.51885    
1    37    23    -7195.98    -17.7729    0.463596    10.1553    
1    42    24    -7197.11    -11.9514    0.46906    10.6083    
1    43    25    -7192.66    -2.3358    0.535166    11.2472    
1    45    26    -7191.1    -3.19801    0.525733    10.862    
1    48    27    -7187    0.96855    0.55103    10.9843    
1    49    28    -7195.24    -4.3534    0.556137    11.1497    
1    51    29    -7197.03    -3.54267    0.611127    11.4377    
1    52    30    -7200.11    -2.99363    0.633853    11.3297    
1    53    31    -7198.89    -6.98391    0.517124    11.0267    
1    56    32    -7199.41    -5.8228    0.530338    11.1127    
1    59    33    -7195.63    -2.50066    0.576239    11.2718    
1    62    34    -7198.57    -1.88104    0.583911    11.3035    
1    64    35    -7199.21    -3.93671    0.562005    11.2523    
1    66    36    -7198.78    -0.486302    0.616022    11.3768    
1    68    37    -7200.68    -2.89727    0.582894    11.3375    
1    69    38    -7199.77    -5.36971    0.592159    11.2132    
1    70    39    -7201.95    -5.33918    0.603151    11.1451    
1    71    40    -7202.08    -5.20738    0.593842    11.1177    
1    72    41    -7202.42    -6.00729    0.600993    11.1533    
1    76    42    -7203.7    -5.23175    0.589244    11.1427    
1    78    43    -7201.33    -4.13329    0.614892    11.03    
1    80    44    -7203.16    -5.05139    0.528436    10.8435    
1    87    45    -7196.08    -4.11223    0.531742    9.0482    
1    89    46    -7199.09    -9.90286    0.431958    7.93629    
1    91    47    -7205.38    -10.4697    0.436195    4.1547    
1    95    48    -7204.67    -9.07018    0.492786    9.97094    
1    96    49    -7208.01    -8.2561    0.489738    10.3367    
1    99    50    -7205.14    -7.92706    0.496629    11.0322    
1    100    51    -7206.62    -9.93039    0.480164    10.6463    
