#Task    Step    numberOfAcceptedPeleSteps    currentEnergy    BindingEnergy    sasaLig    distance_A35SG_L1S1    
1    0    0    -7186.9    -24.1132    0.312277    6.32255    
1    1    1    -7185.79    -0.482049    0.396515    3.80895    
1    4    2    -7180.76    -0.631886    0.417244    4.54129    
1    5    3    -7183.59    -13.9408    0.388739    6.48151    
1    7    4    -7191.91    -13.5104    0.415986    9.25479    
1    9    5    -7192.31    -18.9846    0.321126    8.08075    
1    12    6    -7193.51    -21.1215    0.353142    8.00769    
1    15    7    -7195.16    -21.7856    0.477963    9.54697    
1    17    8    -7197.8    -21.2782    0.493054    9.05849    
1    21    9    -7200.8    -26.5434    0.499346    8.6817    
1    24    10    -7200.76    -25.8894    0.504789    8.98553    
1    25    11    -7204.34    -26.5376    0.457706    8.39258    
1    28    12    -7203.11    -25.8512    0.446971    7.98939    
1    29    13    -7203.99    -29.4358    0.443605    8.05798    
1    31    14    -7205.29    -30.6042    0.438554    8.11019    
1    35    15    -7206.73    -35.0801    0.422688    7.97545    
1    36    16    -7207.09    -31.3388    0.465859    8.3347    
1    39    17    -7206.31    -28.7625    0.441636    8.0955    
1    42    18    -7210.83    -31.6473    0.426588    8.42614    
1    43    19    -7211.57    -29.7512    0.432721    9.31254    
1    49    20    -7219.37    -36.7118    0.394171    8.70223    
1    51    21    -7221.44    -41.6841    0.342589    8.64378    
1    53    22    -7219.57    -43.5142    0.319068    8.29306    
1    66    23    -7217.17    -40.5178    0.336922    8.17797    
1    68    24    -7219.08    -41.0131    0.339992    8.30381    
1    77    25    -7222.94    -42.2377    0.296185    8.42352    
1    78    26    -7222.04    -42.2513    0.298485    8.1359    
1    82    27    -7221.49    -39.2696    0.331431    8.58921    
1    85    28    -7223.09    -41.4095    0.306804    8.46841    
1    93    29    -7216.63    -41.8404    0.3549    9.27988    
1    97    30    -7216.51    -43.1413    0.356643    9.35361    
1    100    31    -7216.01    -39.5817    0.400596    9.82496    
