#Task    Step    numberOfAcceptedPeleSteps    currentEnergy    BindingEnergy    sasaLig    distance_A35SG_L1S1    
1    0    0    -7198.28    -41.5352    0.291525    8.24979    
1    1    1    -7219.62    -36.674    0.360419    9.15594    
1    5    2    -7223.07    -38.5    0.390941    8.44367    
1    10    3    -7222.29    -41.0724    0.305425    7.9179    
1    15    4    -7216.05    -35.4899    0.354939    7.47982    
1    16    5    -7220.53    -36.2086    0.38549    7.68389    
1    21    6    -7223.04    -37.372    0.323438    7.44941    
1    28    7    -7221.07    -33.6349    0.319255    6.95685    
1    29    8    -7224.66    -37.9482    0.366283    7.61733    
1    37    9    -7224.16    -37.4826    0.319229    7.94797    
1    43    10    -7220.71    -38.0471    0.304436    8.47878    
1    55    11    -7223.36    -36.814    0.310983    8.64022    
1    59    12    -7215.94    -29.9079    0.318533    7.69068    
1    65    13    -7219.98    -36.3594    0.296914    7.22054    
1    67    14    -7217.36    -35.2158    0.277167    8.27651    
1    69    15    -7217.44    -29.8215    0.344898    7.66196    
1    78    16    -7218.17    -30.1171    0.381212    8.10235    
1    83    17    -7215.89    -30.9469    0.328621    7.866    
1    87    18    -7224.9    -37.734    0.291306    7.7542    
1    91    19    -7226.34    -37.9353    0.277261    7.79863    
1    99    20    -7224.6    -36.9555    0.281265    8.39975    
