5	2455	1.00	2.078E-59	0	284	285	0	284	285	285M
78	1376	0.416	2.759E-36	0	284	285	0	279	280	11M2I9M3I48M1D2M1I209M
83	1374	0.417	2.202E-36	0	284	285	0	279	280	11M2I9M3I260M
89	1367	0.407	3.657E-36	0	284	285	0	279	280	11M2I9M3I260M
71	1366	0.417	4.846E-36	0	284	285	0	279	280	11M2I9M3I260M
90	1362	0.417	6.423E-36	0	284	285	0	279	280	11M2I9M3I260M
2	1357	0.416	8.513E-36	0	284	285	0	279	280	11M2I9M3I48M1D2M1I209M
49	1355	0.453	4.846E-36	3	284	285	4	279	280	10M1I7M4I50M1I209M
65	1348	0.442	3.684E-35	0	284	285	0	278	279	20M5I50M1I209M
74	1340	0.433	5.165E-35	1	284	285	2	280	281	20M4I50M1I209M
20	1338	0.436	2.940E-35	1	284	285	2	280	281	20M4I50M1I209M
54	1311	0.441	1.016E-34	2	284	285	3	279	280	18M5I50M1I209M
33	1295	0.429	2.647E-34	3	284	285	2	277	278	12M1I5M4I50M1I209M
4	1284	0.439	1.507E-34	2	281	285	1	275	277	18M4I51M1I206M
97	1282	0.424	1.594E-34	0	284	285	0	278	279	13M3I7M2I50M1I209M
14	1270	0.432	1.888E-34	3	284	285	2	278	279	18M4I50M1I209M
87	1269	0.429	2.365E-34	3	284	285	2	278	279	18M4I50M1I209M
110	1266	0.452	1.686E-34	2	284	285	1	278	279	16M1I3M3I50M1I209M
46	1265	0.432	3.926E-34	3	284	285	2	278	279	18M4I50M1I209M
48	1264	0.432	2.647E-34	3	284	285	2	278	279	18M4I50M1I209M
17	1261	0.429	3.508E-34	3	284	285	2	278	279	18M4I50M1I209M
15	1259	0.429	3.926E-34	3	284	285	2	278	279	18M4I50M1I209M
102	1255	0.402	1.356E-33	4	283	285	1	281	285	17M2I54M1D59M1D75M1D73M
45	1254	0.429	4.649E-34	3	284	285	2	278	279	18M4I50M1I209M
3	1249	0.429	7.720E-34	3	284	285	2	278	279	18M4I50M1I209M
69	1249	0.429	7.297E-34	3	284	285	2	278	279	18M4I50M1I209M
57	1246	0.432	7.720E-34	3	284	285	2	278	279	18M4I50M1I209M
16	1244	0.429	1.023E-33	3	284	285	2	278	279	18M4I50M1I209M
47	1240	0.429	1.435E-33	3	284	285	2	278	279	18M4I50M1I209M
41	1232	0.420	4.427E-33	5	283	285	2	282	285	16M2I54M1D59M2D75M1D73M
1	1231	0.406	3.340E-33	5	283	285	2	282	287	16M2I52M1D61M2D75M1D73M
62	1225	0.454	2.821E-33	3	283	285	1	276	279	16M6I50M1D118M1I17M1D46M1D8M1I18M
101	1224	0.416	7.777E-33	5	284	285	1	273	274	14M6I169M1I41M1I28M1D20M
35	1222	0.389	4.684E-33	0	281	285	0	270	272	2M1I12M4I2M3I51M1I119M2D61M5I3M1D18M
93	1219	0.407	6.949E-33	0	284	285	0	280	281	22M3I50M1I209M
118	1215	0.446	1.435E-33	2	281	285	1	275	277	18M4I51M1I206M
80	1210	0.417	1.221E-32	3	284	285	1	277	278	15M6I51M1D118M1I17M1D46M1D8M1I19M
111	1210	0.420	1.618E-32	5	283	285	2	282	285	16M2I54M1D59M2D75M1D73M
8	1204	0.426	1.154E-32	0	281	285	0	278	280	19M6I50M1D119M1I17M1D47M1D7M1D16M
37	1202	0.435	5.243E-33	3	280	285	2	273	275	18M4I50M1I160M1I44M
116	1202	0.435	3.739E-33	3	280	285	2	273	275	18M4I50M1I160M1I44M
88	1202	0.385	1.445E-32	1	283	285	3	276	279	18M6I50M1I117M1I71M1I18M
61	1201	0.431	9.743E-33	3	281	285	1	276	278	16M6I50M1D119M1I17M1D47M1D4M1D19M
96	1198	0.417	9.210E-33	0	284	285	0	279	280	21M4I50M1I209M
95	1197	0.435	5.243E-33	3	280	285	2	273	275	18M4I50M1I160M1I44M
105	1194	0.416	7.000E-32	5	284	285	1	273	274	14M6I169M1I42M1I27M1D20M
40	1194	0.397	1.221E-32	0	283	285	0	280	285	15M3I4M3I50M1D137M1D46M1D26M
32	1191	0.439	1.902E-33	2	281	285	1	275	277	18M4I51M1I206M
34	1181	0.425	1.091E-32	5	284	285	1	275	276	16M4I50M1I209M
60	1180	0.336	6.254E-32	1	282	285	3	270	272	16M7I51M1I117M1I62M5I22M
67	1180	0.425	2.842E-32	5	284	285	1	275	276	16M4I50M1I209M
81	1175	0.394	1.154E-32	1	284	285	8	280	281	12M3I8M2I49M1I189M1I9M4I6M
115	1172	0.390	1.376E-31	0	281	285	0	275	277	2M2I11M3I4M3I187M1D49M1D21M
6	1168	0.390	1.162E-31	0	284	285	0	280	281	2M3I16M2I52M1I60M1D75M1D74M
120	1161	0.379	2.686E-32	1	279	285	12	282	284	18M6I50M1I189M1I14M
66	1153	0.425	5.282E-32	5	284	285	1	275	276	16M4I50M1I209M
75	1141	0.358	7.053E-31	5	283	285	2	280	285	16M2I57M1D56M1D57M1I17M1D73M
51	1123	0.411	5.630E-31	2	280	285	1	276	278	15M6I52M1D118M1I16M1D50M1I4M1D2M2D14M
23	1117	0.350	2.057E-30	0	284	285	2	272	273	11M2I6M5I51M1I117M1I62M5I24M
98	1101	0.379	1.467E-30	1	279	285	4	274	277	14M4I5M2I49M1I189M1I14M
79	1091	0.373	1.171E-30	3	278	285	4	268	270	9M2I8M3I50M1I182M4I3M1I13M
117	1064	0.360	1.478E-29	4	278	285	0	263	265	9M1I7M4I50M1I180M5I18M
39	1064	0.411	1.930E-31	4	280	285	0	271	273	9M1I6M4I257M
103	1008	0.397	5.672E-30	5	281	285	1	262	264	13M7I37M1D3M1I127M1I50M4I5M3I8M1D4M1I13M
121	1001	0.363	1.988E-27	5	278	285	1	258	260	14M6I12M1I41M1I114M1I17M1D24M2I20M6I15M
11	995	0.332	2.616E-28	0	278	285	0	274	280	3M1I11M6I54M1D118M1I18M1D42M1D8M1D17M
36	991	0.299	6.443E-28	5	283	285	2	282	286	16M2I52M2D3M1D58M1D57M1I18M1D72M
107	981	0.336	1.879E-27	0	284	285	0	268	269	19M6I50M2I116M1I40M1I23M6I21M
10	948	0.365	5.799E-27	5	282	285	1	258	260	14M6I12M1I39M1I114M1I19M1D24M2I10M3I12M3I7M4I6M
113	931	0.323	9.102E-27	0	266	285	0	261	273	15M1I5M4I50M1D118M1I16M1D46M1I10M
26	915	0.389	1.276E-26	16	283	285	0	270	274	7M3I42M6D6M3I59M1D75M1D43M1D30M
9	915	0.323	1.893E-26	1	277	285	3	275	277	14M4I5M2I49M1D118M1I17M1D13M1I36M2D17M
84	903	0.333	1.611E-25	4	275	285	1	258	261	15M6I50M1I117M1I17M1D48M7I10M
108	896	0.327	4.971E-25	5	278	285	1	258	260	14M6I12M1I39M1I115M1I17M1D25M2I15M3I6M3I14M
106	823	0.355	7.429E-24	12	283	285	0	261	265	6M1I3M3I50M2I135M1D41M3I9M2I17M
24	817	0.276	1.157E-24	5	281	285	1	268	270	6M2I9M3I50M1I6M4I170M1D26M
28	803	0.251	1.461E-23	5	281	285	1	268	270	15M5I52M1I4M4I170M1D26M
112	798	0.304	7.074E-23	5	265	285	1	253	268	14M6I50M1D118M1I17M1D42M3I10M
114	796	0.313	1.830E-23	5	265	285	1	253	268	14M6I4M2I5M2D39M1D118M1I17M1D42M3I10M
82	785	0.301	3.215E-23	5	265	285	1	253	267	14M6I4M2I5M2D39M1D118M1I17M1D42M3I10M
104	746	0.298	9.376E-23	2	261	285	10	265	266	13M3I57M3D12M1D9M1I20M1D116M1I10M4I14M
12	744	0.300	5.974E-23	2	260	285	3	255	258	10M4I6M3I50M12D21M1I19M1D77M1I17M1D25M11I14M
13	740	0.301	7.074E-23	3	260	285	4	255	258	9M4I6M3I50M12D21M1I19M1D77M1I17M1D25M11I14M
27	734	0.285	1.243E-22	3	261	285	4	256	258	9M4I6M3I50M12D21M1I20M1D76M1I17M1D25M11I15M
19	720	0.271	3.452E-21	0	235	285	0	225	305	2M1I12M6I60M2I12M3I5M2D91M1I16M1D25M
42	704	0.254	3.061E-22	0	261	285	0	262	263	3M2I13M1I61M6I8M3I6M2D108M1D11M2D7M12D15M4I14M
18	680	0.251	1.965E-21	5	283	285	1	280	308	13M7I54M1I16M2I3M1D36M1D74M1D26M2D17M10D15M4I11M
55	676	0.270	2.462E-21	5	261	285	3	259	260	13M1I61M6I10M1I114M1D7M2D11M3D7M1I14M3D11M
91	658	0.239	4.840E-21	3	283	285	1	253	259	9M1I7M4I56M6I8M2I5M1D110M1D8M2D10M3D7M1I7M18I5M3I14M
0	654	0.270	1.261E-20	5	261	285	3	259	260	13M1I61M6I10M1I114M1D7M2D11M3D7M1I14M3D11M
43	650	0.270	1.769E-20	5	261	285	3	259	260	13M1I61M6I10M1I114M1D7M2D11M3D7M1I14M3D11M
58	634	0.270	3.287E-20	0	259	285	0	258	264	3M2I11M2I62M6I10M1I113M1D11M2D6M11D17M4I12M
44	623	0.223	4.609E-20	3	283	285	1	253	259	8M2I9M3I55M6I10M1I114M1D12M2D8M2D13M18I5M3I14M
99	616	0.234	7.653E-20	3	283	285	1	253	260	8M2I9M3I55M6I10M1I114M1D8M2D12M2D13M18I5M3I14M
59	598	0.240	2.232E-19	5	282	285	3	252	260	7M1I8M4I55M6I10M1I114M1D12M2D8M2D13M18I5M3I13M
92	595	0.236	2.362E-19	3	280	285	1	260	262	8M2I9M3I55M6I10M1I114M1D12M2D8M2D28M11I11M
30	593	0.227	3.679E-20	1	279	285	2	290	316	18M5I55M2I15M2D4M3I84M1I23M1D18M1I5M13D7M7I8M2D12M11D11M
31	593	0.227	3.679E-20	1	279	285	2	290	316	18M5I55M2I15M2D4M3I84M1I23M1D18M1I5M13D7M7I8M2D12M11D11M
22	590	0.262	1.672E-20	3	280	285	2	277	303	12M5I4M2I51M2I17M2I5M1D18M3I87M1D19M7I6M7D17M2D7M4D3M4D11M
29	583	0.224	3.477E-20	0	283	285	0	274	301	12M3I6M4I55M2I14M2I5M1D18M3I87M1D20M3D4M7D4M11I1M2I10M2D3M5D3M1I14M
56	578	0.271	1.516E-18	5	263	285	3	259	260	12M3I60M6I10M1I114M1D7M2D11M3D7M1I9M1I5M4D12M
72	570	0.271	2.817E-18	5	263	285	3	259	260	12M3I60M6I10M1I114M1D7M2D11M3D7M1I9M1I5M4D12M
70	567	0.271	3.336E-18	5	263	285	3	259	260	12M3I60M6I10M1I114M1D7M2D11M3D7M1I9M1I5M4D12M
21	567	0.223	6.463E-20	3	279	285	2	276	304	15M7I50M1D4M3I14M3I4M2D18M3I88M1D24M9D3M9I15M3D4M3D5M4D8M
38	567	0.220	9.130E-19	1	283	285	4	312	315	78M4I13M2D4M3I33M2D57M1I16M1D27M12D5M9D2M5D5M1I11M4D23M
25	566	0.223	6.837E-20	2	283	285	1	272	299	10M4I6M3I55M2I14M2I5M1D6M1D11M4I88M1D18M5I6M6I1M9D11M2I7M6D16M
68	563	0.229	3.679E-20	0	280	285	2	279	305	12M4I6M3I56M2I13M3I5M2D17M3I88M1D25M8D1M8I14M2D7M3D2M4D12M
52	553	0.263	1.029E-17	5	263	285	3	259	260	12M3I60M6I10M1I114M1D7M2D11M3D7M1I9M1I5M4D12M
109	515	0.226	1.152E-17	0	265	285	2	241	257	11M2I7M5I46M7I4M5I7M4I4M5D9M3I6M4I87M1D9M1I9M1I5M1D8M4I4M2I9M5D3M
73	503	0.181	3.003E-17	2	283	285	1	257	263	19M12D53M14I7M2I6M1D90M1I15M1I1M2D22M3I5M10I8M9I16M
7	498	0.239	3.336E-18	0	281	285	1	296	298	3M1I8M4I6M3I54M4I13M3I4M2D18M5I10M1D58M1I16M1D26M12D11M16D20M3D14M
50	473	0.185	1.037E-16	2	259	285	1	258	264	13M1D5M7D3M5D50M14I5M2I9M1D91M1I17M1D30M2D18M
85	462	0.178	4.010E-16	2	260	285	1	258	264	13M1D4M10D5M2D49M14I8M2I6M1D91M1I16M1D28M1D22M
53	461	0.185	3.201E-16	2	259	285	1	258	264	13M1D6M7D2M5D50M14I8M2I6M1D91M1I17M1D30M2D18M
63	459	0.171	1.628E-16	2	283	285	1	258	264	13M1D5M7D3M5D50M14I8M2I6M1D91M1I16M1D18M7I5M6I12M9I16M
76	459	0.181	3.790E-16	2	259	285	1	258	264	13M1D5M10D4M2D49M14I8M2I6M1D91M1I17M1D30M2D18M
100	457	0.171	2.157E-16	2	283	285	1	258	264	13M1D5M7D3M5D50M14I5M2I9M1D91M1I15M1D19M7I5M6I12M9I16M
86	455	0.185	5.023E-16	2	259	285	1	258	264	13M1D6M7D2M5D50M14I8M2I6M1D91M1I17M1D30M2D18M
94	452	0.171	5.314E-16	3	260	285	2	258	264	12M1D4M10D5M2D49M14I10M2I4M1D90M1I17M1D28M1D22M
119	449	0.189	3.790E-16	2	260	285	1	258	264	9M2D3M1D4M8D6M2D49M14I5M2I9M1D91M1I17M1D27M1D22M
77	446	0.171	5.314E-16	2	283	285	1	258	264	13M1D5M7D3M5D50M14I5M2I9M1D91M1I16M1D18M7I5M6I12M9I16M
64	438	0.175	7.884E-16	3	260	285	2	258	264	8M2D7M9D6M2D49M14I5M2I9M1D90M1I17M1D28M1D22M
 