#Task    Step    numberOfAcceptedPeleSteps    currentEnergy    BindingEnergy    sasaLig    distance_A43SG_L1S1    
1    0    0    -6405.96    -17.2968    0.611244    11.0526    
1    1    1    -6424.98    -3.00182    0.706849    9.99278    
1    2    2    -6426.63    0.265574    0.676412    7.89529    
1    3    3    -6427.44    -0.199462    0.684821    8.08452    
1    4    4    -6421.65    3.82584    0.6385    7.2602    
1    5    5    -6429.91    -10.5915    0.588601    7.57613    
1    11    6    -6429.68    -8.76303    0.590561    7.79151    
1    12    7    -6428.78    -6.64951    0.625178    8.52713    
1    13    8    -6429.43    -12.3845    0.557833    7.65481    
1    26    9    -6414.84    -3.9626    0.672799    7.87222    
1    27    10    -6411.93    -1.52333    0.623881    9.5914    
1    28    11    -6412.42    -1.09682    0.718688    7.45184    
1    29    12    -6424.31    -13.7925    0.648391    7.80931    
1    31    13    -6424.35    -16.3037    0.641539    7.09599    
1    37    14    -6425.84    -16.5809    0.621009    6.86964    
1    42    15    -6425.29    -16.27    0.629948    7.34986    
1    43    16    -6426.24    -14.9437    0.628084    6.62516    
1    45    17    -6429.74    -18.5713    0.621183    7.44275    
1    47    18    -6428.57    -16.0108    0.633735    7.36564    
1    49    19    -6432.51    -19.9375    0.528389    8.98175    
1    52    20    -6428.41    -15.0514    0.567468    8.78273    
1    53    21    -6429.64    -15.4671    0.566488    7.16172    
1    54    22    -6429.01    -14.3601    0.535829    7.64652    
1    55    23    -6433.1    -17.3104    0.547805    8.19463    
1    59    24    -6434.35    -18.0884    0.60723    7.83673    
1    61    25    -6434.68    -20.3063    0.597795    8.02707    
1    70    26    -6432.83    -18.039    0.624412    7.70441    
1    75    27    -6429.95    -15.0799    0.609357    8.12423    
1    76    28    -6428.56    -16.8974    0.562173    8.00834    
1    78    29    -6429.35    -16.9233    0.540166    8.28113    
1    80    30    -6427.57    -13.3526    0.653004    6.666    
1    81    31    -6430.94    -15.4894    0.646422    7.60336    
1    83    32    -6421.49    -6.42196    0.62902    7.90034    
1    84    33    -6420.98    -5.41101    0.645714    7.89612    
1    85    34    -6421.65    -8.21711    0.635711    7.86327    
1    87    35    -6422.88    -8.96778    0.628916    7.76163    
1    89    36    -6424.09    -9.74303    0.648856    7.93638    
1    94    37    -6422.3    -9.14192    0.652024    8.15198    
1    96    38    -6419.56    -3.74872    0.700658    7.91736    
1    97    39    -6419.61    -3.37746    0.753124    8.47746    
1    98    40    -6422.02    -4.49639    0.706666    6.85491    
1    99    41    -6422.47    -5.52534    0.691475    6.78122    
