#Task    Step    numberOfAcceptedPeleSteps    currentEnergy    BindingEnergy    sasaLig    distance_A43SG_L1S1    
1    0    0    -6425.14    -40.0691    0.548068    9.82214    
1    2    1    -6450.96    -45.6602    0.500867    9.70432    
1    12    2    -6453.45    -45.869    0.502938    9.74422    
1    26    3    -6443.08    -42.9506    0.508247    9.60656    
1    27    4    -6442.32    -40.115    0.503247    9.61009    
1    31    5    -6445.64    -36.0515    0.564423    8.82133    
1    34    6    -6450.39    -37.223    0.570459    9.27624    
1    41    7    -6448.56    -42.4479    0.515101    9.03339    
1    55    8    -6446.81    -44.1107    0.506262    9.07752    
1    59    9    -6448.29    -41.7159    0.483288    9.11103    
1    61    10    -6445.78    -42.9908    0.489202    9.02884    
1    62    11    -6448.25    -40.9424    0.477022    8.96157    
1    83    12    -6447.84    -37.6744    0.507082    9.08067    
1    86    13    -6450.72    -39.4444    0.540704    9.13592    
1    91    14    -6447.51    -43.1255    0.490305    9.06284    
1    93    15    -6445.91    -44.4409    0.50585    8.91463    
1    95    16    -6445.18    -42.1472    0.487567    8.73911    
1    98    17    -6445.33    -40.6396    0.486943    9.17326    
