#Task    Step    numberOfAcceptedPeleSteps    currentEnergy    BindingEnergy    sasaLig    distance_A43SG_L1S1    
1    0    0    -6412.84    -17.5475    0.608065    9.06372    
1    1    1    -6420.97    -15.3148    0.610698    8.28505    
1    3    2    -6427.5    -20.1007    0.629301    7.86141    
1    4    3    -6427.14    -16.667    0.609458    7.61608    
1    5    4    -6424.5    -12.6424    0.689899    9.19316    
1    9    5    -6428.42    -13.843    0.691127    9.74591    
1    13    6    -6428.87    -20.1561    0.672702    10.2574    
1    15    7    -6425.04    -24.2405    0.634267    9.75966    
1    17    8    -6431.43    -30.1856    0.578225    9.48959    
1    21    9    -6433.39    -36.7312    0.518732    8.66725    
1    22    10    -6434.47    -32.3256    0.53662    9.05846    
1    25    11    -6433.59    -34.9274    0.520825    8.88293    
1    26    12    -6438.03    -37.0618    0.519413    8.47612    
1    29    13    -6437.01    -37.1478    0.525684    8.49303    
1    35    14    -6440.84    -38.4541    0.518672    8.82585    
1    43    15    -6440.77    -37.6927    0.527272    8.76891    
1    75    16    -6433.89    -32.9083    0.523324    8.49438    
1    76    17    -6434.54    -33.2289    0.516299    8.49508    
1    83    18    -6436.91    -34.1264    0.544563    8.84758    
1    84    19    -6434.35    -29.6835    0.565284    9.41994    
1    89    20    -6440.27    -35.0597    0.523375    8.92517    
1    92    21    -6436.92    -34.2159    0.530436    8.93025    
1    96    22    -6440.7    -35.0337    0.529134    8.76899    
1    98    23    -6443.16    -36.5467    0.52074    9.06448    
