#Task    Step    numberOfAcceptedPeleSteps    currentEnergy    BindingEnergy    sasaLig    distance_A43SG_L1S1    
1    0    0    -6421.85    -15.1739    0.590457    7.66611    
1    1    1    -6426.01    -0.296225    0.729456    7.80242    
1    2    2    -6433.56    -4.13522    0.733853    7.78413    
1    3    3    -6434.96    -3.94104    0.675818    6.71793    
1    12    4    -6438.74    -6.47617    0.697578    6.63247    
1    14    5    -6438.74    -8.05262    0.711155    6.73814    
1    18    6    -6439.06    -8.4213    0.716975    6.68418    
1    23    7    -6438.51    -8.15462    0.727912    6.52131    
1    26    8    -6437.97    -7.15482    0.738675    6.73432    
1    28    9    -6435.83    -3.8677    0.709348    6.66501    
1    30    10    -6434.15    -1.79481    0.72607    6.52978    
1    31    11    -6434.08    -3.19042    0.699331    6.58973    
1    34    12    -6436    -4.49202    0.686842    6.58991    
1    41    13    -6435.32    -5.36227    0.65178    6.51029    
1    46    14    -6435.28    -3.14826    0.663853    6.78987    
1    50    15    -6435.76    -3.84816    0.63255    6.49972    
1    51    16    -6433.44    -3.24896    0.633639    6.6817    
1    53    17    -6432.5    -3.75296    0.61023    6.65232    
1    54    18    -6433.8    -4.11113    0.616715    6.89936    
1    58    19    -6432.75    -2.97538    0.625065    6.85143    
1    59    20    -6434.27    -5.74287    0.603513    6.68524    
1    62    21    -6437.14    -8.91509    0.6185    6.73741    
1    63    22    -6435.2    -9.08787    0.599818    6.54176    
1    65    23    -6435.02    -6.09321    0.569136    6.33535    
1    66    24    -6438.98    -8.85199    0.602423    6.38268    
1    68    25    -6442.13    -10.4084    0.645691    6.08629    
1    70    26    -6439.53    -7.71953    0.643107    5.26318    
1    73    27    -6435.35    -3.28603    0.650127    6.54478    
1    76    28    -6442.29    -9.5603    0.61003    7.33972    
1    77    29    -6441.61    -12.2085    0.585477    7.53519    
1    81    30    -6439.47    -10.7992    0.591015    7.35105    
1    85    31    -6437.47    -11.7616    0.555291    8.14313    
1    86    32    -6441.8    -15.429    0.566352    9.88082    
1    87    33    -6443.64    -26.0857    0.547318    10.3189    
1    90    34    -6446.26    -27.6386    0.579899    10.6087    
1    91    35    -6446.78    -32.8139    0.547735    10.5099    
1    100    36    -6447.64    -32.4033    0.571529    10.2796    
