#Task    Step    numberOfAcceptedPeleSteps    currentEnergy    BindingEnergy    sasaLig    distance_A43SG_L1S1    
1    0    0    -6424.47    -29.2543    0.622388    8.80862    
1    2    1    -6418.72    1.8077    0.64665    8.50171    
1    3    2    -6418.18    -18.4361    0.608041    7.72581    
1    4    3    -6430.29    -15.52    0.561725    8.3082    
1    7    4    -6437.51    -17.5497    0.560974    8.90849    
1    8    5    -6442.38    -22.5985    0.550203    9.67421    
1    14    6    -6447.32    -26.8228    0.588411    9.50825    
1    17    7    -6447.7    -30.5569    0.611358    9.59807    
1    22    8    -6445.56    -23.6736    0.659987    10.1061    
1    25    9    -6452.4    -30.5005    0.609355    10.0121    
1    29    10    -6450.05    -31.879    0.582947    9.78278    
1    35    11    -6446.77    -25.4427    0.63106    9.98369    
1    36    12    -6451.04    -28.2336    0.640727    9.99529    
1    38    13    -6451.17    -29.9166    0.655346    9.94937    
1    41    14    -6450.48    -31.1187    0.644611    9.87702    
1    42    15    -6452.92    -32.7167    0.622338    9.90467    
1    46    16    -6453.96    -35.1853    0.587925    9.73039    
1    47    17    -6450.51    -36.0662    0.612542    9.91734    
1    49    18    -6450.53    -30.2189    0.658538    9.21514    
1    55    19    -6451.2    -29.6834    0.666391    8.84077    
1    57    20    -6447.15    -32.1054    0.629031    8.65067    
1    60    21    -6448.55    -30.3361    0.658134    8.80188    
1    63    22    -6447.46    -29.7682    0.667314    8.44459    
1    64    23    -6443.69    -21.6486    0.683456    9.1674    
1    65    24    -6447.17    -24.7124    0.673156    9.56148    
1    68    25    -6448.39    -26.0787    0.67191    9.84567    
1    69    26    -6444.91    -29.913    0.658212    9.25252    
1    72    27    -6450.01    -30.1828    0.651816    9.5561    
1    73    28    -6452.76    -31.7163    0.638362    9.97345    
1    77    29    -6447.18    -34.7914    0.618526    10.0997    
1    83    30    -6447.46    -31.1198    0.635643    10.2788    
1    84    31    -6448.12    -29.7563    0.642302    10.259    
1    85    32    -6454.16    -29.1527    0.628993    10.3272    
1    93    33    -6455.03    -30.9445    0.625213    10.0381    
