#Task    Step    numberOfAcceptedPeleSteps    currentEnergy    BindingEnergy    sasaLig    distance_A43SG_L1S1    
1    0    0    -6407.73    -27.958    0.572473    8.74619    
1    2    1    -6429.64    -30.3575    0.56689    9.57148    
1    8    2    -6431.53    -31.1308    0.566925    8.92481    
1    13    3    -6430.61    -37.0964    0.507355    9.37932    
1    14    4    -6431.72    -39.2909    0.516664    9.40746    
1    15    5    -6433.57    -43.596    0.484698    9.33077    
1    17    6    -6434.47    -45.6509    0.494691    9.39797    
1    21    7    -6435.16    -43.6399    0.496016    9.29475    
1    33    8    -6436.09    -42.1909    0.494381    9.21456    
1    47    9    -6431.98    -46.3001    0.498777    9.48113    
1    52    10    -6430.92    -46.0558    0.501405    10.0076    
1    55    11    -6419.33    -26.4493    0.530354    6.17784    
1    56    12    -6420.49    -24.758    0.561556    4.86432    
1    57    13    -6425.54    -28.7398    0.55684    6.58405    
1    58    14    -6424.73    -25.1215    0.56401    6.78864    
1    59    15    -6423.08    -26.8204    0.500414    6.93928    
1    60    16    -6424.96    -26.8717    0.568194    6.58315    
1    66    17    -6425.17    -27.4188    0.505533    6.84048    
1    69    18    -6427.69    -39.5208    0.488008    8.10955    
1    74    19    -6429.94    -43.1252    0.490434    9.01946    
1    77    20    -6424.13    -39.4449    0.464948    8.40807    
1    90    21    -6422.5    -37.0261    0.465557    8.18537    
1    91    22    -6427.05    -44.3145    0.483967    8.31887    
