#Task    Step    numberOfAcceptedPeleSteps    currentEnergy    BindingEnergy    sasaLig    distance_A43SG_L1S1    
1    0    0    -6428.12    -38.7109    0.475335    8.49421    
1    1    1    -6447.36    -36.5529    0.474941    7.23332    
1    11    2    -6446.64    -30.4515    0.491471    7.35599    
1    22    3    -6453.8    -37.0248    0.493459    7.72779    
1    29    4    -6448.25    -36.4503    0.482319    7.71863    
1    38    5    -6446.83    -32.6163    0.479435    7.72862    
1    40    6    -6449.86    -35.549    0.479692    7.91494    
1    57    7    -6446.65    -35.606    0.494789    9.18849    
1    61    8    -6446.3    -34.4489    0.50396    9.25031    
1    65    9    -6446.95    -34.68    0.503734    9.38334    
1    67    10    -6446.4    -27.3087    0.554505    9.45933    
1    70    11    -6445.09    -28.8879    0.55233    9.61706    
1    78    12    -6447.51    -29.8511    0.551949    9.70651    
1    82    13    -6441.98    -22.4116    0.637781    9.75552    
1    85    14    -6445.83    -32.8246    0.577947    9.9089    
1    88    15    -6443.74    -31.5884    0.56565    10.3107    
1    89    16    -6445.11    -33.2005    0.529446    8.65818    
1    91    17    -6443.53    -29.5281    0.54847    8.97589    
1    92    18    -6441.64    -24.6846    0.583889    9.28833    
1    93    19    -6445.5    -36.06    0.560872    9.10572    
1    94    20    -6441.17    -31.2196    0.602824    9.03232    
1    96    21    -6441.68    -28.5546    0.625687    9.28457    
1    97    22    -6445.96    -34.6017    0.587736    9.14641    
