#Task    Step    numberOfAcceptedPeleSteps    currentEnergy    BindingEnergy    sasaLig    distance_A43SG_L1S1    
1    0    0    -6431.03    -29.5218    0.519904    11.4817    
1    1    1    -6437.68    -16.7184    0.559888    7.15616    
1    2    2    -6438.73    -16.0722    0.609834    6.91409    
1    10    3    -6435.44    -12.6607    0.614597    6.44044    
1    11    4    -6435.75    -15.5029    0.635574    7.8921    
1    13    5    -6441.9    -19.9628    0.561785    6.78793    
1    15    6    -6435.43    -13.0516    0.567578    5.97344    
1    17    7    -6436.35    -13.7721    0.468315    5.37112    
1    18    8    -6441.66    -21.8554    0.445804    5.48147    
1    21    9    -6438.73    -20.1575    0.458041    5.41808    
1    22    10    -6442.85    -20.6484    0.472375    5.98593    
1    23    11    -6443.31    -18.1495    0.510093    10.326    
1    26    12    -6445.12    -17.7713    0.522706    10.7572    
1    27    13    -6447.52    -22.238    0.504807    10.2026    
1    28    14    -6447.09    -20.9908    0.516547    10.0679    
1    29    15    -6448.47    -29.3935    0.482294    10.1897    
1    32    16    -6448.71    -32.0301    0.472761    9.69    
1    48    17    -6452.06    -35.2082    0.45617    9.20868    
1    51    18    -6452.18    -39.9807    0.459739    8.76881    
1    57    19    -6447.68    -29.1524    0.468309    9.48075    
1    77    20    -6445.97    -31.5769    0.479526    9.40048    
1    81    21    -6444.84    -32.2283    0.470668    9.37622    
1    83    22    -6444.48    -31.0578    0.459607    9.49293    
1    84    23    -6444.21    -29.0332    0.483222    9.43321    
1    87    24    -6449.04    -27.7535    0.466824    9.38052    
1    88    25    -6447.46    -25.3246    0.485858    9.56228    
1    89    26    -6444.89    -30.1111    0.454174    9.513    
1    90    27    -6449.22    -27.5678    0.487426    9.83784    
1    92    28    -6447.96    -23.8352    0.531585    10.9773    
1    97    29    -6449.5    -27.371    0.517676    10.4804    
