#Task    Step    numberOfAcceptedPeleSteps    currentEnergy    BindingEnergy    sasaLig    distance_A43SG_L1S1    
1    0    0    -6424.76    -42.7051    0.487848    6.28806    
1    1    1    -6448.91    -40.1492    0.485987    5.8395    
1    19    2    -6451.06    -42.154    0.476093    6.62247    
1    43    3    -6448.09    -39.6837    0.4829    5.91965    
1    53    4    -6446.74    -40.1454    0.499524    5.99887    
1    57    5    -6446.1    -41.7588    0.484004    5.80877    
1    60    6    -6444.64    -40.9724    0.511947    6.4406    
1    65    7    -6446.86    -42.6779    0.480575    5.71534    
1    77    8    -6444.74    -36.8495    0.485197    5.04416    
1    85    9    -6442.01    -39.9803    0.470619    5.36921    
1    89    10    -6437.75    -31.7708    0.473736    5.46253    
1    93    11    -6436.36    -32.1418    0.482071    5.48259    
1    96    12    -6435.31    -30.9799    0.505515    6.35682    
1    98    13    -6431.39    -26.9452    0.455059    5.68348    
1    99    14    -6432.27    -31.5455    0.521259    5.79708    
