#Task    Step    numberOfAcceptedPeleSteps    currentEnergy    BindingEnergy    sasaLig    distance_A43SG_L1S1    
1    0    0    -6425.87    -35.2204    0.529287    7.19704    
1    1    1    -6448.14    -36.9119    0.542098    7.13338    
1    2    2    -6441.69    -32.0471    0.551121    7.25088    
1    3    3    -6446.07    -39.156    0.506144    6.88874    
1    4    4    -6448.87    -38.8733    0.537363    6.84281    
1    11    5    -6453.22    -42.9841    0.502793    6.93359    
1    16    6    -6453.01    -44.9295    0.488652    6.94627    
1    19    7    -6449.23    -42.0709    0.504081    7.26834    
1    31    8    -6452.36    -41.6908    0.49705    7.48455    
1    37    9    -6452.75    -42.3511    0.493896    7.41814    
1    43    10    -6455.16    -44.9482    0.494046    7.60061    
1    49    11    -6453.61    -44.8287    0.498661    7.68556    
1    58    12    -6451.75    -43.2116    0.513509    8.01084    
1    61    13    -6451.5    -43.4748    0.492209    7.60773    
1    77    14    -6449.82    -41.226    0.507732    7.60148    
1    83    15    -6448.61    -41.1096    0.484091    7.23803    
1    84    16    -6450.85    -43.5158    0.488593    7.45719    
1    89    17    -6451.05    -44.2088    0.493355    7.62726    
1    91    18    -6446.32    -42.4873    0.514121    7.72944    
1    93    19    -6451.68    -44.3221    0.508719    7.60328    
