#Task    Step    numberOfAcceptedPeleSteps    currentEnergy    BindingEnergy    sasaLig    distance_A43SG_L1S1    
1    0    0    -6418.04    -39.1493    0.46969    7.12925    
1    2    1    -6425.77    -27.036    0.471548    8.82286    
1    6    2    -6421.06    -14.2986    0.628014    4.92431    
1    7    3    -6431.32    -18.1692    0.635713    6.17541    
1    9    4    -6432.8    -24.9227    0.543756    6.69849    
1    17    5    -6436.35    -29.6225    0.533532    6.76227    
1    28    6    -6430.35    -25.3877    0.557212    6.3103    
1    29    7    -6428.24    -8.04968    0.60639    8.03554    
1    31    8    -6426.52    -7.55269    0.615528    8.9081    
1    33    9    -6429.55    -5.84426    0.637293    8.80371    
1    36    10    -6431.42    -7.56249    0.615778    8.34453    
1    37    11    -6428.87    -15.373    0.59122    7.59726    
1    39    12    -6428.61    -6.21933    0.613335    7.30688    
1    40    13    -6437.92    -12.2614    0.564035    5.88254    
1    41    14    -6434.47    -11.0031    0.580315    6.01869    
1    45    15    -6432.55    -7.20407    0.592002    5.96199    
1    47    16    -6432.54    -6.41334    0.604964    6.71207    
1    49    17    -6439.09    -14.8197    0.610937    7.68676    
1    52    18    -6438.06    -13.0695    0.611599    7.2518    
1    53    19    -6434.63    -13.2781    0.607755    7.19936    
1    54    20    -6435.96    -12.708    0.610854    7.0162    
1    55    21    -6436.48    -14.2148    0.642694    7.12105    
1    57    22    -6438.85    -14.877    0.649661    7.22052    
1    60    23    -6439.55    -14.6085    0.640725    7.19999    
1    64    24    -6440.89    -13.956    0.646133    6.97401    
1    67    25    -6435.93    -8.33229    0.602883    8.4588    
1    68    26    -6439.82    -8.69358    0.617656    8.23554    
1    74    27    -6438.26    -10.2477    0.607927    7.41981    
1    75    28    -6438.39    -8.43879    0.611182    8.29454    
1    76    29    -6439.56    -9.44937    0.607295    8.15291    
1    77    30    -6440.43    -9.76822    0.682568    5.21563    
1    85    31    -6438.67    -11.3375    0.681067    5.07595    
1    86    32    -6440.6    -11.4272    0.666097    5.10902    
1    100    33    -6437.68    -9.18037    0.664845    5.55336    
