#Task    Step    numberOfAcceptedPeleSteps    currentEnergy    BindingEnergy    sasaLig    distance_A43SG_L1S1    
1    0    0    -6420.46    -39.4992    0.505053    7.9274    
1    1    1    -6442.65    -38.8738    0.533926    7.87359    
1    4    2    -6436.72    -27.8854    0.594363    8.14443    
1    11    3    -6439.05    -37.2782    0.538487    8.12241    
1    12    4    -6443.5    -39.9794    0.542821    7.57526    
1    17    5    -6440.92    -35.5784    0.527312    8.92194    
1    18    6    -6441.61    -33.8232    0.522902    9.60622    
1    21    7    -6441.06    -37.7429    0.517864    9.47581    
1    30    8    -6433.8    -32.3724    0.532271    9.22084    
1    35    9    -6437.86    -33.7873    0.53247    9.77581    
1    39    10    -6438.79    -34.5498    0.526575    9.01198    
1    41    11    -6447.46    -36.546    0.518547    9.64008    
1    45    12    -6448.75    -36.213    0.517061    9.72435    
1    49    13    -6446.08    -36.3561    0.519058    9.74422    
1    53    14    -6444.87    -35.9909    0.520096    9.78825    
1    69    15    -6444.74    -35.9696    0.52533    9.74088    
1    77    16    -6446.93    -37.2207    0.496349    9.85182    
