#Task    Step    numberOfAcceptedPeleSteps    currentEnergy    BindingEnergy    sasaLig    distance_A43SG_L1S1    
1    0    0    -6422.28    -24.5692    0.64548    8.07473    
1    1    1    -6450.24    -31.9524    0.622582    7.94589    
1    5    2    -6448.53    -29.918    0.645833    8.22601    
1    6    3    -6450.07    -31.972    0.616464    7.81413    
1    11    4    -6447.45    -31.211    0.621525    8.21991    
1    13    5    -6444.67    -32.2502    0.600329    8.14228    
1    20    6    -6447.75    -32.4005    0.614706    8.30512    
1    21    7    -6451.17    -33.4423    0.634131    8.17723    
1    23    8    -6448.9    -32.686    0.618932    8.09352    
1    25    9    -6446.17    -33.1206    0.634117    8.17217    
1    27    10    -6447    -32.0751    0.633671    8.05435    
1    29    11    -6450.55    -34.5537    0.623914    7.94132    
1    32    12    -6455.82    -38.0859    0.616373    7.90919    
1    33    13    -6450.85    -38.1687    0.609514    7.86153    
1    47    14    -6448.89    -38.7038    0.61381    7.83115    
1    49    15    -6453.78    -39.0411    0.611293    7.866    
1    59    16    -6448.87    -36.3083    0.624188    7.97624    
1    66    17    -6449.61    -37.6368    0.625671    8.33103    
1    68    18    -6449.94    -35.1919    0.629985    7.79239    
1    74    19    -6448.02    -33.5919    0.623448    8.15985    
1    75    20    -6444.85    -34.4134    0.620276    8.11973    
1    82    21    -6445.29    -33.9189    0.642999    9.06279    
1    85    22    -6443.87    -35.5133    0.63371    8.41187    
1    86    23    -6451.3    -37.2311    0.621783    7.94854    
1    89    24    -6452.9    -35.6406    0.618815    7.85343    
1    92    25    -6451.4    -37.769    0.625043    8.13967    
1    93    26    -6456.34    -38.4649    0.618528    7.76877    
