#Task    Step    numberOfAcceptedPeleSteps    currentEnergy    BindingEnergy    sasaLig    distance_A43SG_L1S1    
1    0    0    -6413.44    -39.1882    0.58897    8.3379    
1    1    1    -6422.89    -13.8364    0.624459    8.92348    
1    2    2    -6412.49    2.58785    0.697179    10.6963    
1    4    3    -6417.02    0.674926    0.686806    10.2656    
1    5    4    -6425.92    -2.15317    0.723103    9.50855    
1    6    5    -6428.36    -3.75088    0.660772    7.51239    
1    7    6    -6430.72    -2.71522    0.695279    8.52348    
1    8    7    -6425.81    1.84874    0.646657    8.97774    
1    9    8    -6430.55    -4.13866    0.63828    9.23545    
1    10    9    -6429.7    -1.74425    0.604667    8.57002    
1    11    10    -6428.44    1.50253    0.700212    10.3073    
1    12    11    -6432.58    -1.51585    0.679309    9.17628    
1    13    12    -6426.79    1.3857    0.666663    6.43946    
1    17    13    -6427.99    0.251412    0.694217    7.99824    
1    18    14    -6424.96    3.60166    0.775576    7.73845    
1    19    15    -6422.68    4.95559    0.750268    8.22209    
1    20    16    -6426.33    -2.99174    0.749622    8.18499    
1    22    17    -6430.54    -3.27609    0.705531    3.58742    
1    23    18    -6432.57    -4.28153    0.649952    5.21755    
1    27    19    -6434.89    -9.08735    0.62331    5.56856    
1    29    20    -6435.52    -7.72631    0.598509    5.54023    
1    30    21    -6434.21    -8.36199    0.619101    5.39201    
1    40    22    -6437.05    -9.56892    0.630387    5.02765    
1    56    23    -6427.87    0.132242    0.597407    5.52114    
1    57    24    -6430.64    -2.63553    0.601476    5.35699    
1    58    25    -6432.12    -2.11037    0.698135    7.26246    
1    59    26    -6432.28    -2.80136    0.640293    6.29224    
1    64    27    -6431.48    -0.512634    0.625707    6.32976    
1    65    28    -6429.73    -1.79176    0.630441    6.40946    
1    66    29    -6433.13    -1.30169    0.610043    5.98205    
1    68    30    -6428.75    2.01177    0.600001    6.09343    
1    69    31    -6432.8    -1.87717    0.588381    5.69957    
1    71    32    -6431.25    1.32342    0.698045    6.07753    
1    72    33    -6431.39    2.40715    0.701249    6.59165    
1    74    34    -6438.54    -2.73773    0.616144    6.18043    
1    78    35    -6438.42    -1.92604    0.624045    6.55092    
1    84    36    -6439.72    -3.43272    0.59583    6.86434    
1    86    37    -6437.48    -3.97108    0.60199    6.8897    
1    87    38    -6434.9    0.262782    0.614825    7.60068    
1    90    39    -6433.78    0.642529    0.592544    7.2189    
1    91    40    -6435.02    -0.689601    0.596566    7.15453    
1    92    41    -6435.54    0.362379    0.581528    7.27883    
1    94    42    -6435.97    -1.16689    0.594464    6.99182    
1    97    43    -6432.25    -0.747328    0.58229    7.0705    
1    98    44    -6432.88    -0.464977    0.591598    6.88875    
1    100    45    -6428.55    1.59651    0.582033    7.2201    
