#Task    Step    numberOfAcceptedPeleSteps    currentEnergy    BindingEnergy    sasaLig    distance_A43SG_L1S1    
1    0    0    -6416.47    -34.306    0.590404    6.10188    
1    1    1    -6447.63    -39.7084    0.576795    8.12575    
1    5    2    -6448.42    -39.9055    0.574413    8.06366    
1    10    3    -6445.21    -36.7529    0.59715    8.07775    
1    11    4    -6449.22    -38.3798    0.588336    8.32738    
1    12    5    -6452.11    -38.3056    0.589261    8.01039    
1    13    6    -6452.91    -40.5233    0.578287    7.49059    
1    17    7    -6454.5    -41.1955    0.572378    7.22368    
1    21    8    -6452.93    -40.8008    0.578445    7.46946    
1    22    9    -6454.31    -40.2335    0.584025    7.35182    
1    24    10    -6456.37    -41.3967    0.572982    7.11233    
1    26    11    -6457.26    -41.1727    0.581083    6.68886    
1    28    12    -6450.12    -34.3676    0.577898    6.27403    
1    29    13    -6454.7    -41.0734    0.570086    6.3426    
1    41    14    -6452.22    -43.145    0.56199    6.35106    
1    42    15    -6451.05    -41.4847    0.568537    6.28366    
1    45    16    -6449.64    -43.2261    0.55896    6.25614    
1    51    17    -6445.49    -38.176    0.574754    7.14549    
1    52    18    -6448.68    -38.9333    0.573169    7.09662    
1    53    19    -6451.09    -40.6656    0.582153    7.18238    
1    65    20    -6448.51    -39.6636    0.507018    8.34437    
1    66    21    -6447.47    -39.8059    0.501155    7.91837    
1    70    22    -6437.16    -27.1364    0.507272    7.37278    
1    72    23    -6438.12    -36.0331    0.498195    7.92734    
1    73    24    -6446.43    -43.0637    0.478114    7.67965    
1    75    25    -6446.53    -37.5704    0.475551    7.54829    
1    81    26    -6440.72    -43.0241    0.465026    7.48185    
1    82    27    -6440.55    -42.6567    0.453727    7.46124    
1    85    28    -6443.53    -50.6251    0.452369    7.83369    
1    100    29    -6450.42    -47.3891    0.464677    7.79446    
