#Task    Step    numberOfAcceptedPeleSteps    currentEnergy    BindingEnergy    sasaLig    distance_A43SG_L1S1    
1    0    0    -6414.22    -30.2425    0.536734    9.04706    
1    1    1    -6414.64    -10.7541    0.586985    7.88989    
1    3    2    -6426.19    -18.0607    0.640826    9.04526    
1    4    3    -6426.22    -18.232    0.628998    9.32306    
1    6    4    -6431.8    -24.8807    0.587994    9.48779    
1    8    5    -6434.56    -25.1704    0.585985    9.68267    
1    13    6    -6433.98    -25.9529    0.584625    9.74032    
1    15    7    -6433.76    -24.6474    0.589197    9.84775    
1    18    8    -6428.97    -23.4826    0.596017    9.31453    
1    20    9    -6425.83    -18.2152    0.601708    9.29025    
1    21    10    -6430.98    -23.2191    0.571951    8.21876    
1    27    11    -6427.09    -14.977    0.559179    8.76143    
1    33    12    -6429.84    -21.2657    0.567282    9.02467    
1    37    13    -6433.13    -25.3694    0.548333    9.05283    
1    39    14    -6430.25    -24.233    0.539074    8.99952    
1    45    15    -6430.23    -25.1565    0.491951    8.75386    
1    49    16    -6430.91    -13.7022    0.549977    9.85413    
1    50    17    -6430.15    -14.3769    0.558113    9.87982    
1    51    18    -6433.74    -17.4364    0.522159    9.9508    
1    55    19    -6434.43    -18.5577    0.550868    7.64376    
1    56    20    -6437.59    -20.1873    0.562903    7.53266    
1    58    21    -6438.33    -19.3234    0.597838    6.56687    
1    60    22    -6439.29    -19.1336    0.587183    6.24113    
1    63    23    -6438.08    -19.2656    0.534356    7.04741    
1    66    24    -6439.72    -21.6975    0.557654    7.2633    
1    72    25    -6440    -21.3446    0.575    6.92323    
1    73    26    -6441.51    -21.2617    0.60634    7.49425    
1    76    27    -6443.74    -23.2844    0.567239    7.38422    
1    86    28    -6441.66    -18.7084    0.603805    5.84013    
1    88    29    -6442.85    -24.261    0.592535    5.60792    
1    89    30    -6444.73    -26.0328    0.584526    5.30267    
1    93    31    -6443.49    -27.6986    0.569001    5.13421    
1    96    32    -6445.72    -30.851    0.557263    5.08799    
1    97    33    -6448.37    -30.4149    0.561416    5.0988    
1    99    34    -6448.56    -30.6181    0.559493    5.05925    
