#Task    Step    numberOfAcceptedPeleSteps    currentEnergy    BindingEnergy    sasaLig    distance_A43SG_L1S1    
1    0    0    -6419.35    -11.267    0.729119    7.22665    
1    1    1    -6438.61    -12.3305    0.709253    5.52474    
1    2    2    -6441.07    -13.9118    0.676079    5.542    
1    4    3    -6435.71    -13.1457    0.689385    5.05147    
1    8    4    -6439.51    -11.2074    0.711704    5.35038    
1    9    5    -6438.71    -12.8448    0.700829    5.59213    
1    10    6    -6435.91    -11.6429    0.721734    4.59115    
1    11    7    -6437.37    -9.71019    0.742214    4.18498    
1    14    8    -6439.68    -11.1154    0.714028    3.83093    
1    16    9    -6434.69    -6.81791    0.735382    5.51871    
1    20    10    -6434.08    -3.77861    0.73124    4.05165    
1    21    11    -6441.65    -12.1225    0.698069    6.76932    
1    26    12    -6441.47    -12.3242    0.698687    6.39076    
1    28    13    -6442.44    -13.2608    0.662991    6.43783    
1    31    14    -6441.05    -13.0062    0.673499    6.66556    
1    32    15    -6439.71    -12.1429    0.681902    6.46662    
1    39    16    -6441.91    -13.2405    0.667373    6.29399    
1    41    17    -6443.57    -12.7656    0.669654    6.22122    
1    42    18    -6444.03    -12.2864    0.671312    6.15053    
1    43    19    -6442.27    -12.5345    0.684065    6.18769    
1    47    20    -6440.05    -11.3964    0.694204    5.87989    
1    48    21    -6441.92    -13.6276    0.67147    6.24732    
1    52    22    -6438.7    -10.496    0.667159    7.1984    
1    55    23    -6438.91    -14.0461    0.611726    7.1133    
1    56    24    -6440.15    -13.3561    0.65598    6.17284    
1    60    25    -6438.56    -12.1502    0.59471    7.13021    
1    63    26    -6436.35    -9.4204    0.606241    6.52266    
1    69    27    -6429.59    -1.33107    0.655744    3.42257    
1    70    28    -6432.08    -5.95429    0.647337    5.03627    
1    74    29    -6430.88    -3.02106    0.634415    5.5358    
1    75    30    -6427.39    -2.88366    0.669162    6.81456    
1    77    31    -6424.41    -6.55455    0.655218    5.6118    
1    78    32    -6429.72    -8.05083    0.664431    7.22001    
1    80    33    -6434    -8.3366    0.662817    7.09725    
1    81    34    -6429.76    -10.0377    0.682719    7.14101    
1    83    35    -6432.52    -13.0791    0.685412    7.05459    
1    84    36    -6435.86    -15.8593    0.663633    7.24155    
1    86    37    -6434.48    -13.9613    0.681583    7.69497    
1    91    38    -6435.26    -13.16    0.691367    7.83694    
1    95    39    -6435.62    -15.3957    0.695022    8.05056    
1    96    40    -6435.66    -14.3519    0.66782    8.0871    
1    100    41    -6435.06    -14.6134    0.665708    8.27052    
