#Task    Step    numberOfAcceptedPeleSteps    currentEnergy    BindingEnergy    sasaLig    distance_A43SG_L1S1    
1    0    0    -6420.03    -40.4126    0.530912    10.3448    
1    1    1    -6438.9    -38.089    0.505467    10.2862    
1    13    2    -6437.49    -38.6007    0.488722    10.2639    
1    17    3    -6443.69    -40.7993    0.529224    10.3409    
1    29    4    -6440.98    -40.5254    0.538168    10.304    
1    33    5    -6442.05    -40.8075    0.536563    10.3539    
1    38    6    -6441.68    -42.2447    0.531953    10.3929    
1    41    7    -6441.33    -40.3575    0.532219    10.3234    
1    45    8    -6439.5    -40.8886    0.532529    10.3082    
1    49    9    -6441.2    -40.7564    0.532388    10.133    
1    54    10    -6440.3    -40.0482    0.526625    10.0007    
1    57    11    -6443.31    -43.0311    0.525211    10.2755    
1    60    12    -6444.89    -43.6382    0.527642    10.0854    
1    61    13    -6444.67    -37.1849    0.615894    10.4763    
1    63    14    -6441.65    -36.5194    0.584766    10.4919    
1    66    15    -6444.94    -37.4947    0.613025    10.5147    
1    67    16    -6447.51    -43.7436    0.525796    10.2039    
1    70    17    -6447.26    -42.6128    0.541228    10.1682    
1    83    18    -6442.58    -43.8529    0.545344    9.89326    
1    85    19    -6442    -43.1005    0.535779    9.78049    
1    86    20    -6442.57    -40.2827    0.560857    9.8252    
1    95    21    -6441.82    -42.3399    0.534862    9.88336    
1    96    22    -6443.23    -43.9639    0.537429    9.51581    
