#Task    Step    numberOfAcceptedPeleSteps    currentEnergy    BindingEnergy    sasaLig    distance_A43SG_L1S1    
1    0    0    -6419.68    -28.2859    0.537702    9.63084    
1    1    1    -6443.54    -30.8848    0.530528    9.74991    
1    6    2    -6434.11    -21.6382    0.564724    8.74815    
1    8    3    -6434.88    -16.9428    0.590078    8.84329    
1    10    4    -6434.56    -18.4435    0.580747    7.86346    
1    11    5    -6440.31    -33.5781    0.541701    8.5363    
1    17    6    -6444.85    -41.6231    0.52691    8.31683    
1    21    7    -6447.07    -45.7531    0.521721    8.3156    
1    25    8    -6445.86    -46.0155    0.52061    8.26277    
1    28    9    -6445.36    -39.3937    0.532715    8.00179    
1    31    10    -6444.26    -38.2503    0.539643    8.46693    
1    33    11    -6446.46    -40.104    0.526733    7.90641    
1    41    12    -6439.76    -38.8166    0.474618    5.89572    
1    49    13    -6438.48    -36.8106    0.473219    6.44702    
1    53    14    -6435.28    -37.4906    0.477138    5.28278    
1    58    15    -6435.01    -36.8474    0.550514    5.4331    
1    59    16    -6437.3    -37.0297    0.530135    9.08762    
1    63    17    -6436.92    -32.6355    0.525296    9.71086    
1    66    18    -6437.66    -34.0611    0.525831    9.53834    
1    69    19    -6441.32    -36.9247    0.509414    9.08199    
1    70    20    -6442.65    -37.9585    0.509276    8.98908    
1    78    21    -6442.58    -36.7791    0.508586    9.17129    
1    81    22    -6444.16    -36.1504    0.526815    8.94466    
1    85    23    -6437.85    -32.8887    0.515697    8.95684    
1    87    24    -6445.96    -42.7847    0.506306    8.82695    
1    95    25    -6446.73    -44.7498    0.512602    8.73503    
1    96    26    -6445.9    -44.8045    0.489711    8.97675    
1    98    27    -6444.2    -40.46    0.532576    8.56436    
1    99    28    -6448.31    -45.0596    0.513631    8.97668    
