#Task    Step    numberOfAcceptedPeleSteps    currentEnergy    BindingEnergy    sasaLig    distance_A35SG_L1S1    
1    0    0    -7170.83    -23.1252    0.377911    8.15786    
1    1    1    -7184.54    -10.5896    0.429929    8.97764    
1    2    2    -7188.8    -17.1742    0.445307    9.44435    
1    3    3    -7201.2    -12.6261    0.443026    9.11802    
1    6    4    -7198.61    -11.1363    0.402089    8.69685    
1    9    5    -7204.6    -19.0005    0.371762    9.10027    
1    17    6    -7205.52    -27.087    0.376024    9.08033    
1    23    7    -7205.44    -22.0127    0.445903    9.1069    
1    25    8    -7209.66    -26.6416    0.390011    9.20443    
1    30    9    -7210.01    -25.3987    0.382499    8.99962    
1    31    10    -7210.98    -25.8265    0.381752    9.1706    
1    36    11    -7207.74    -22.6292    0.375633    9.11929    
1    41    12    -7211.94    -26.0832    0.36601    9.10929    
1    49    13    -7212.58    -26.407    0.371649    9.06636    
1    81    14    -7213.29    -27.1053    0.368144    9.22778    
1    100    15    -7210.31    -24.107    0.392556    9.20006    
