#Task    Step    numberOfAcceptedPeleSteps    currentEnergy    BindingEnergy    sasaLig    distance_A35SG_L1S1    
1    0    0    -7172.12    -5.73908    0.583018    3.67109    
1    1    1    -7194.78    -7.31343    0.580958    3.69971    
1    3    2    -7196.5    -8.88585    0.508588    3.69449    
1    7    3    -7195.79    -7.77255    0.515657    3.69138    
1    8    4    -7195.6    -6.91558    0.514648    4.36096    
1    9    5    -7197.78    -16.1075    0.472193    10.6469    
1    10    6    -7194.87    -14.8684    0.493232    10.5725    
1    11    7    -7194.85    -12.3644    0.503494    10.7971    
1    13    8    -7192.99    -16.6217    0.441577    10.001    
1    14    9    -7195.2    -17.2756    0.455623    10.0314    
1    16    10    -7194.9    -11.7513    0.493326    10.574    
1    19    11    -7196.84    -13.1602    0.479684    10.6162    
1    20    12    -7196.97    -10.9635    0.512443    10.6694    
1    22    13    -7192.01    -8.54857    0.464745    9.74855    
1    30    14    -7195.21    -11.1312    0.490853    10.3219    
1    31    15    -7194.35    -10.8629    0.513402    10.7002    
1    34    16    -7201.41    -15.5481    0.460977    10.6423    
1    42    17    -7196.75    -8.98079    0.494694    10.8289    
1    49    18    -7197.31    -15.7774    0.465347    10.5449    
1    50    19    -7196.33    -12.768    0.494615    10.5395    
1    52    20    -7201.41    -16.0745    0.480919    10.6568    
1    69    21    -7201.24    -13.5779    0.49011    10.6678    
1    71    22    -7199.12    -10.7177    0.510253    10.6737    
1    90    23    -7189    2.74865    0.619461    11.0768    
1    91    24    -7203.03    -6.64633    0.624807    6.30663    
1    92    25    -7207.81    -9.94686    0.537872    6.77405    
1    100    26    -7209.02    -12.4186    0.502736    6.86937    
