#Task    Step    numberOfAcceptedPeleSteps    currentEnergy    BindingEnergy    sasaLig    distance_A35SG_L1S1    
1    0    0    -7170.7    -9.62845    0.540004    7.5769    
1    1    1    -7180.2    -0.985885    0.648226    7.93104    
1    2    2    -7185.99    -3.36043    0.691174    8.15016    
1    4    3    -7190.11    -6.23056    0.627375    7.93218    
1    11    4    -7191.72    -10.3903    0.661503    7.87973    
1    15    5    -7193.03    -10.087    0.603802    8.08903    
1    18    6    -7193.94    -10.2383    0.611644    8.28274    
1    34    7    -7193.05    -9.44985    0.61566    8.1963    
1    38    8    -7192.68    -9.80237    0.606262    7.50663    
1    40    9    -7190.98    -8.68225    0.553597    7.46078    
1    41    10    -7188.44    -10.1948    0.562684    8.25563    
1    42    11    -7187    -8.55887    0.57569    6.72942    
1    43    12    -7183.52    -4.2205    0.612264    6.84237    
1    44    13    -7183.2    -3.62092    0.653463    7.19077    
1    45    14    -7180.84    -4.79331    0.624583    6.75659    
1    46    15    -7185.83    -12.4043    0.579778    7.00658    
1    49    16    -7194.32    -22.1016    0.462462    7.15656    
1    50    17    -7194.13    -22.7157    0.46774    6.99429    
1    52    18    -7203.6    -27.0255    0.428294    7.1969    
1    59    19    -7202.46    -26.1431    0.392678    7.3253    
1    62    20    -7201.37    -26.7289    0.380867    7.29637    
1    67    21    -7207.27    -31.652    0.328491    7.23305    
1    68    22    -7208.04    -32.5866    0.345544    7.42314    
1    69    23    -7216.28    -41.4163    0.329954    7.52953    
1    70    24    -7213.74    -42.7561    0.315415    7.1058    
1    75    25    -7212.65    -40.5623    0.333848    7.58167    
1    77    26    -7213.7    -42.5053    0.326023    7.35253    
1    81    27    -7207.68    -41.442    0.325474    7.30852    
