#Task    Step    numberOfAcceptedPeleSteps    currentEnergy    BindingEnergy    sasaLig    distance_A35SG_L1S1    
1    0    0    -7169.39    -5.66791    0.55704    8.87156    
1    1    1    -7191.72    -8.0006    0.446944    7.59282    
1    2    2    -7194.9    -12.0338    0.424006    7.62045    
1    3    3    -7192.06    -7.67752    0.452544    9.30159    
1    8    4    -7195.28    -10.4137    0.440213    8.47954    
1    9    5    -7198.37    -16.0873    0.427956    7.61492    
1    11    6    -7190.08    -3.70002    0.524525    7.3264    
1    13    7    -7188.47    -1.5689    0.536622    7.29439    
1    15    8    -7190.04    -14.0859    0.544821    10.0812    
1    19    9    -7190.93    -11.8561    0.454854    10.306    
1    21    10    -7192.75    -15.4041    0.488512    10.1901    
1    22    11    -7193.94    -15.1275    0.537832    10.0341    
1    23    12    -7198.7    -18.4705    0.477617    10.2592    
1    30    13    -7200.29    -20.0177    0.48665    9.89863    
1    37    14    -7203.7    -24.1407    0.456571    9.25349    
1    41    15    -7203.66    -24.5433    0.481628    8.85382    
1    50    16    -7205.46    -24.9147    0.480385    8.92468    
1    53    17    -7202.95    -25.4397    0.464148    8.93268    
1    54    18    -7203.12    -23.6711    0.473237    8.78229    
1    63    19    -7201.66    -19.3538    0.493965    9.34978    
1    65    20    -7204.97    -24.4087    0.448289    9.2837    
1    68    21    -7199.86    -22.7586    0.450128    9.19998    
1    69    22    -7200.69    -23.1464    0.461835    9.20391    
1    97    23    -7202.64    -21.8427    0.457293    8.95594    
