#Task    Step    numberOfAcceptedPeleSteps    currentEnergy    BindingEnergy    sasaLig    distance_A35SG_L1S1    
1    0    0    -7185.29    -9.48228    0.611766    6.30186    
1    1    1    -7208.26    -11.0764    0.579665    5.79109    
1    3    2    -7212.07    -11.2424    0.598451    6.28071    
1    9    3    -7212.78    -11.0075    0.587772    6.18147    
1    14    4    -7211.34    -11.7321    0.568391    5.9505    
1    18    5    -7209.5    -10.383    0.575937    6.00508    
1    19    6    -7207.73    -8.26916    0.601823    6.56197    
1    20    7    -7205.25    0.544059    0.622606    5.49123    
1    22    8    -7202.59    3.16489    0.546095    6.37107    
1    24    9    -7200.02    5.06666    0.518297    7.44264    
1    25    10    -7200.99    -1.63644    0.484577    8.63213    
1    26    11    -7212.24    -9.07336    0.455741    9.25142    
1    30    12    -7210.69    -8.57491    0.498093    9.64756    
1    32    13    -7211.03    -8.41422    0.429454    9.47855    
1    35    14    -7216.51    -25.5497    0.381909    9.2035    
1    49    15    -7217.07    -38.4653    0.330902    8.84577    
1    62    16    -7213.31    -35.1274    0.3204    8.62983    
1    66    17    -7207.13    -30.3614    0.333977    9.10325    
1    67    18    -7212.69    -28.0898    0.35551    9.09711    
1    68    19    -7208.91    -24.0522    0.365879    9.17004    
1    71    20    -7218.55    -29.7886    0.343817    9.03465    
1    79    21    -7217.84    -38.3061    0.354073    9.82227    
1    80    22    -7222.22    -36.3906    0.354522    9.96796    
1    85    23    -7226.28    -41.857    0.318949    9.68238    
1    97    24    -7225.84    -43.2949    0.310371    9.37204    
