#Task    Step    numberOfAcceptedPeleSteps    currentEnergy    BindingEnergy    sasaLig    distance_A35SG_L1S1    
1    0    0    -7173.4    -25.15    0.285668    8.73534    
1    1    1    -7188.86    -21.6638    0.311689    8.56283    
1    4    2    -7194.52    -19.5283    0.327766    8.64676    
1    13    3    -7192.55    -23.8548    0.387819    8.54866    
1    16    4    -7188.85    -20.8213    0.431034    8.71784    
1    17    5    -7198.59    -24.0663    0.370533    8.70411    
1    18    6    -7191.62    -18.7787    0.41593    8.35768    
1    19    7    -7197.39    -22.5785    0.380293    8.61599    
1    27    8    -7197.39    -25.1205    0.336369    8.61069    
1    30    9    -7193.21    -22.0422    0.394403    8.43586    
1    34    10    -7199.41    -22.0202    0.364001    7.54056    
1    41    11    -7201.06    -23.3205    0.32186    8.02599    
1    57    12    -7200.34    -21.89    0.345285    7.45883    
1    62    13    -7197.19    -18.7833    0.398201    7.38914    
1    66    14    -7194.91    -16.3711    0.365377    8.184    
1    67    15    -7189.65    -17.2121    0.412975    8.82165    
1    68    16    -7188.98    -15.7138    0.42636    9.57265    
1    70    17    -7180.25    -3.7088    0.50298    8.37746    
1    71    18    -7178.77    -4.2455    0.466332    8.36848    
1    73    19    -7187.82    -21.4023    0.325396    8.61083    
1    75    20    -7196.28    -22.75    0.387577    8.49243    
1    78    21    -7203.15    -23.8536    0.380906    8.52326    
1    86    22    -7208.07    -26.2875    0.383831    8.574    
