#Task    Step    numberOfAcceptedPeleSteps    currentEnergy    BindingEnergy    sasaLig    distance_A35SG_L1S1    
1    0    0    -7174.97    -30.4338    0.2819    9.27309    
1    1    1    -7179.19    -17.6066    0.28927    8.15031    
1    2    2    -7178.27    -15.8409    0.334459    8.35005    
1    3    3    -7178.1    -15.4091    0.277228    8.28512    
1    5    4    -7181.48    -14.4261    0.288482    8.2541    
1    9    5    -7184.06    -23.3252    0.306058    8.07096    
1    21    6    -7182.38    -29.3659    0.260866    8.57498    
1    24    7    -7186.06    -27.9368    0.263802    8.76777    
1    25    8    -7187.53    -30.0519    0.263568    8.6568    
1    33    9    -7191.16    -28.7613    0.262365    8.62235    
1    37    10    -7190.08    -29.7577    0.263975    8.85441    
1    42    11    -7195.12    -30.6207    0.253073    8.43391    
1    61    12    -7196.65    -31.9864    0.2626    8.54738    
1    67    13    -7192.97    -32.3069    0.24886    8.47207    
1    86    14    -7195.33    -31.265    0.255047    8.56858    
1    88    15    -7192.13    -27.7496    0.25752    8.7079    
