#Task    Step    numberOfAcceptedPeleSteps    currentEnergy    BindingEnergy    sasaLig    distance_A35SG_L1S1    
1    0    0    -7172.19    -28.4689    0.502597    10.3728    
1    1    1    -7184.63    -21.1079    0.488389    9.76966    
1    2    2    -7186.38    -11.8996    0.618966    9.0437    
1    4    3    -7183.98    -7.67252    0.529104    9.13556    
1    5    4    -7188.28    -26.6865    0.455199    9.77104    
1    7    5    -7190.23    -20.7094    0.515202    11.1252    
1    11    6    -7188.97    -21.8159    0.530819    11.2923    
1    14    7    -7184.8    -10.9533    0.584816    11.2076    
1    18    8    -7186.1    -11.8397    0.563854    10.6066    
1    20    9    -7196.75    -26.7869    0.529338    11.2476    
1    21    10    -7200.03    -32.5734    0.496996    10.8204    
1    27    11    -7194.34    -27.9827    0.487099    10.9022    
1    32    12    -7184.55    -9.28282    0.500739    11.3193    
1    34    13    -7194.91    -22.3874    0.527687    11.1467    
1    37    14    -7197.57    -35.8537    0.409793    10.8425    
1    41    15    -7196.11    -37.4204    0.405351    10.8408    
1    53    16    -7190.86    -36.5295    0.418154    10.5258    
1    55    17    -7191.94    -33.5141    0.433555    10.5904    
1    62    18    -7192.01    -34.966    0.399832    10.4009    
1    65    19    -7197.89    -21.4313    0.47209    9.96006    
1    69    20    -7195.44    -20.7616    0.490793    10.1397    
1    72    21    -7194.15    -20.3341    0.51113    10.1397    
1    77    22    -7192.9    -30.4394    0.44539    10.315    
1    88    23    -7172.36    -1.28003    0.550262    10.7053    
1    89    24    -7191.22    -22.3793    0.484908    10.2056    
1    92    25    -7188.6    -23.0237    0.494455    10.0618    
