#Task    Step    numberOfAcceptedPeleSteps    currentEnergy    BindingEnergy    sasaLig    distance_A35SG_L1S1    
1    0    0    -7194.46    -38.1012    0.350877    10.096    
1    2    1    -7208.14    -25.739    0.383009    10.0282    
1    3    2    -7207.11    -29.8771    0.372185    9.98397    
1    5    3    -7212.95    -36.3381    0.348845    10.07    
1    7    4    -7211.38    -35.9999    0.341459    10.1267    
1    29    5    -7209.29    -36.1656    0.34261    10.2716    
1    45    6    -7211    -36.3908    0.348276    10.287    
1    69    7    -7211.55    -35.9198    0.356244    10.3507    
1    97    8    -7212.66    -37.692    0.345048    10.1244    
1    99    9    -7203.92    -30.6434    0.362457    9.96492    
