#Task    Step    numberOfAcceptedPeleSteps    currentEnergy    BindingEnergy    sasaLig    distance_A35SG_L1S1    
1    0    0    -7183.55    -19.5741    0.311917    7.78338    
1    1    1    -7201.15    -13.3832    0.31476    7.90638    
1    2    2    -7199.12    -9.80696    0.35647    8.30902    
1    5    3    -7199.15    -14.9139    0.308421    7.49158    
1    9    4    -7198.14    -10.4162    0.347195    7.86222    
1    11    5    -7201.35    -13.3124    0.339353    7.2302    
1    13    6    -7201.45    -15.6557    0.346888    7.7609    
1    14    7    -7206.04    -16.3546    0.350292    7.17441    
1    16    8    -7208.66    -16.0017    0.341955    7.5039    
1    22    9    -7202.09    -8.5894    0.355372    7.2736    
1    23    10    -7205.18    -7.03345    0.385686    7.90978    
1    26    11    -7206.88    -13.1421    0.346916    7.24801    
1    29    12    -7207.27    -13.3507    0.352374    7.32536    
1    30    13    -7207.32    -10.6258    0.373469    7.70129    
1    35    14    -7199.69    -13.0895    0.325367    6.43986    
1    36    15    -7200.68    -12.2866    0.315981    6.78725    
1    38    16    -7204.36    -14.0209    0.340115    6.57181    
1    44    17    -7201.73    -9.3651    0.322669    6.74941    
1    48    18    -7205.31    -16.2628    0.277669    6.19059    
1    51    19    -7203.86    -16.2884    0.303231    6.25762    
1    58    20    -7206.21    -16.0137    0.280098    6.5522    
1    60    21    -7200.44    -16.1286    0.270374    6.72639    
1    63    22    -7199.55    -12.789    0.397525    6.89416    
1    69    23    -7203.7    -9.51881    0.379334    5.86483    
1    76    24    -7206.04    -10.6864    0.37406    5.26915    
1    78    25    -7210.96    -11.9579    0.446018    5.2256    
1    80    26    -7207.37    -9.70466    0.392548    5.49346    
1    83    27    -7206.32    -10.8501    0.383702    5.586    
1    84    28    -7209.34    -14.4438    0.40143    5.4831    
1    90    29    -7206.68    -11.4619    0.455466    6.17655    
1    97    30    -7206.38    -11.7464    0.40832    5.20374    
1    100    31    -7205.03    -8.97891    0.435866    4.80465    
