#Task    Step    numberOfAcceptedPeleSteps    currentEnergy    BindingEnergy    sasaLig    distance_A35SG_L1S1    
1    0    0    -7180.81    -19.4358    0.317248    8.71421    
1    1    1    -7207.35    -21.9591    0.310702    8.63097    
1    21    2    -7207.1    -20.2942    0.30021    8.54298    
1    24    3    -7203.48    -16.1602    0.37585    8.85349    
1    25    4    -7205.43    -19.7485    0.31835    8.5694    
1    32    5    -7197.84    -11.4356    0.382408    9.63341    
1    33    6    -7198.85    -15.4654    0.38251    9.10623    
1    35    7    -7196.66    -15.6908    0.377416    8.7593    
1    36    8    -7197.38    -14.9416    0.352424    8.92282    
1    37    9    -7198.66    -18.7677    0.348635    8.81324    
1    48    10    -7200.13    -18.0618    0.343841    8.76626    
1    49    11    -7206.55    -20.1102    0.345924    8.84296    
1    53    12    -7206.54    -14.8549    0.399259    4.38222    
1    54    13    -7206.62    -13.055    0.389875    4.71135    
1    57    14    -7193.8    -5.58973    0.386656    9.86479    
1    58    15    -7190.84    -1.55168    0.393262    9.69991    
1    61    16    -7195.72    -7.56452    0.375765    9.78836    
1    63    17    -7198.33    -24.9224    0.373054    9.45723    
1    64    18    -7207.7    -29.9984    0.390139    9.47055    
1    65    19    -7208.03    -38.5529    0.338194    9.8666    
1    72    20    -7210.95    -40.1778    0.290098    9.56054    
1    73    21    -7212.45    -43.2735    0.281868    9.54725    
1    75    22    -7212.74    -41.1077    0.284324    9.81216    
1    81    23    -7211.86    -39.9541    0.311824    9.40477    
1    83    24    -7209.9    -41.4453    0.312534    9.63204    
1    85    25    -7213.32    -43.5827    0.28746    9.71809    
1    88    26    -7204.14    -33.7216    0.264811    9.67793    
1    89    27    -7201.7    -39.3672    0.273116    9.92814    
1    93    28    -7198.18    -42.8181    0.270809    10.0554    
1    96    29    -7202.16    -39.5543    0.340237    8.85741    
1    97    30    -7205.28    -40.7722    0.31955    8.79413    
1    98    31    -7203.71    -35.8537    0.315951    8.96632    
