#Task    Step    numberOfAcceptedPeleSteps    currentEnergy    BindingEnergy    sasaLig    distance_A35SG_L1S1    
1    0    0    -7172.24    -27.8775    0.296762    7.47842    
1    1    1    -7174.53    -16.7568    0.334534    7.04177    
1    2    2    -7183.19    -16.0469    0.342673    6.48791    
1    6    3    -7175.03    -6.16204    0.42307    7.55932    
1    7    4    -7174.36    -5.69551    0.470324    7.66234    
1    11    5    -7178.12    -8.78551    0.462969    7.74622    
1    13    6    -7172.82    -8.72973    0.450765    7.64899    
1    14    7    -7173.63    -11.3965    0.441306    7.45335    
1    15    8    -7182.46    -16.6834    0.433314    8.36479    
1    19    9    -7180.88    -16.597    0.426635    8.82656    
1    20    10    -7182.19    -12.8681    0.455697    9.66737    
1    21    11    -7192.4    -26.0206    0.462547    9.20185    
1    23    12    -7197.05    -25.1213    0.46014    9.90684    
1    27    13    -7199.08    -25.5422    0.456571    9.24435    
1    28    14    -7200.76    -24.5813    0.459949    9.38799    
1    31    15    -7200.7    -25.4339    0.449925    9.79418    
1    50    16    -7199.29    -23.5207    0.423241    10.0961    
1    55    17    -7198.19    -23.8376    0.447481    10.5183    
1    56    18    -7198.71    -23.7348    0.479168    10.3841    
1    67    19    -7199.14    -25.0802    0.465471    10.5631    
1    70    20    -7199.12    -25.6627    0.457893    10.8707    
1    73    21    -7197.53    -23.6296    0.466935    9.61399    
1    74    22    -7194.32    -20.2912    0.472213    8.65039    
1    76    23    -7194.66    -20.8535    0.467052    8.09415    
1    79    24    -7193.81    -19.2416    0.481817    8.5889    
1    80    25    -7198.13    -23.3988    0.453724    8.5037    
1    82    26    -7199.41    -23.4565    0.465577    8.67233    
1    87    27    -7199.16    -22.4616    0.430685    7.67175    
1    93    28    -7196.66    -23.7142    0.452492    7.96417    
1    96    29    -7198.45    -24.6724    0.467221    8.99094    
1    98    30    -7198.78    -24.1518    0.45568    8.77991    
1    99    31    -7198.36    -24.0041    0.474748    9.44095    
