#Task    Step    numberOfAcceptedPeleSteps    currentEnergy    BindingEnergy    sasaLig    distance_A35SG_L1S1    
1    0    0    -7173.76    -2.50001    0.513116    10.3204    
1    1    1    -7192.83    -1.14361    0.542617    10.7583    
1    2    2    -7197.18    -4.31675    0.521368    9.17285    
1    3    3    -7198.37    -6.19913    0.524519    8.18844    
1    4    4    -7196.93    -4.17864    0.529208    8.74074    
1    9    5    -7196.35    -6.29297    0.504617    8.11446    
1    16    6    -7196.03    -6.13761    0.496397    8.44035    
1    18    7    -7194.31    -3.57207    0.563941    9.03756    
1    19    8    -7192.88    -3.18977    0.560267    8.42328    
1    23    9    -7193.32    -0.00126931    0.546665    7.22004    
1    24    10    -7192.87    -0.25004    0.514023    7.62188    
1    26    11    -7191.71    1.03686    0.537228    7.81554    
1    27    12    -7192.7    -0.206746    0.522189    7.93707    
1    28    13    -7192.85    0.955905    0.557358    7.00123    
1    29    14    -7193.03    -2.59752    0.599644    6.93132    
1    30    15    -7196.02    -3.16314    0.594151    7.55341    
1    33    16    -7198.55    -7.62156    0.491021    8.0007    
1    35    17    -7198.72    -6.43007    0.500008    8.62638    
1    38    18    -7199.95    -8.31254    0.505357    7.7728    
1    40    19    -7193.82    -2.25316    0.517329    7.53488    
1    42    20    -7196.26    -4.20211    0.575956    8.86482    
1    43    21    -7195.5    -5.32685    0.501254    8.1284    
1    47    22    -7201.26    -6.43659    0.504491    7.89537    
1    48    23    -7200.24    -7.09316    0.530251    8.84629    
1    51    24    -7199.41    -7.25407    0.512975    7.69466    
1    52    25    -7202.46    -8.80508    0.488116    8.06988    
1    55    26    -7200.2    -8.0047    0.499722    7.97726    
1    62    27    -7187.07    4.74197    0.502652    9.24119    
1    66    28    -7191.53    -0.14165    0.516442    7.84866    
1    67    29    -7192.17    1.42421    0.519043    9.97614    
1    68    30    -7194.15    0.0176373    0.535822    7.37266    
1    70    31    -7199.4    -6.56034    0.494461    7.76617    
1    72    32    -7195.04    -0.981258    0.561157    8.25622    
1    76    33    -7195.95    -1.5632    0.517439    7.51514    
1    78    34    -7202.36    -7.07225    0.511837    8.29542    
1    82    35    -7201.26    -6.16346    0.568904    8.30996    
1    88    36    -7201.77    -7.36674    0.522039    8.23912    
1    96    37    -7202.67    -8.17958    0.508649    8.02307    
1    99    38    -7200.06    -7.24314    0.539174    8.25709    
1    100    39    -7201.06    -7.11333    0.499278    8.1882    
