#Task    Step    numberOfAcceptedPeleSteps    currentEnergy    BindingEnergy    sasaLig    distance_A35SG_L1S1    
1    0    0    -7169.51    -15.8997    0.483145    7.14421    
1    1    1    -7196.2    -21.8942    0.462077    7.59967    
1    3    2    -7202.91    -18.4343    0.441747    7.41007    
1    11    3    -7202.77    -17.0226    0.450372    6.55117    
1    16    4    -7200.95    -15.6445    0.45142    7.34581    
1    17    5    -7202.71    -19.5982    0.419688    7.26384    
1    28    6    -7201.29    -17.6193    0.435215    7.22956    
1    29    7    -7197.94    -17.5831    0.438578    7.60153    
1    32    8    -7199.84    -17.6017    0.422945    7.30621    
1    33    9    -7198.56    -20.3268    0.419224    7.34998    
1    34    10    -7200.69    -19.5449    0.432639    7.76341    
1    35    11    -7205.19    -27.2404    0.46837    8.11384    
1    39    12    -7206.26    -26.719    0.454248    8.16956    
1    66    13    -7201.97    -24.4463    0.474124    7.7727    
1    71    14    -7192.65    -4.88251    0.5043    5.32417    
1    72    15    -7192.21    -3.38557    0.513722    4.78766    
1    74    16    -7195.14    -6.71162    0.513577    5.25801    
1    75    17    -7195.57    -1.46628    0.633832    9.62219    
1    76    18    -7198.62    -0.825064    0.590468    11.4439    
1    80    19    -7197.69    -0.53356    0.462326    11.8837    
1    81    20    -7192.48    2.72947    0.456975    11.9613    
1    83    21    -7193.15    3.869    0.495994    12.217    
1    84    22    -7200.22    -2.69529    0.525959    7.28691    
1    86    23    -7201.43    -2.69707    0.504184    6.36823    
1    87    24    -7199.69    -1.79331    0.512838    6.84367    
1    88    25    -7198.16    -0.225746    0.502923    7.06059    
1    91    26    -7200.39    -2.86288    0.503608    6.78076    
1    92    27    -7209.16    -7.74765    0.502118    6.25513    
1    93    28    -7207.61    -9.0389    0.489934    5.60415    
1    94    29    -7198.19    1.2393    0.473807    8.9978    
1    95    30    -7202.1    -8.52643    0.407482    6.911    
1    96    31    -7207.64    -9.83928    0.40512    6.36797    
1    97    32    -7208.59    -11.5106    0.412287    6.44064    
1    99    33    -7207.61    -12.2044    0.368303    6.40525    
