#Task    Step    numberOfAcceptedPeleSteps    currentEnergy    BindingEnergy    sasaLig    distance_A35SG_L1S1    
1    0    0    -7176.91    -13.2761    0.433925    7.64032    
1    1    1    -7178.47    -20.7895    0.302052    7.84831    
1    3    2    -7184.22    -13.7139    0.35678    7.5244    
1    4    3    -7184.65    -12.2295    0.378135    7.31953    
1    6    4    -7185.99    -11.7942    0.413386    7.08905    
1    8    5    -7182.38    -9.39897    0.418466    6.41112    
1    9    6    -7182.77    -12.6378    0.428835    6.22751    
1    10    7    -7181.76    -10.8013    0.446891    6.72052    
1    11    8    -7186.59    -14.1976    0.449608    6.35134    
1    14    9    -7188.39    -13.9068    0.478244    6.43487    
1    15    10    -7187.95    -13.6822    0.442478    5.90762    
1    16    11    -7187.56    -10.0731    0.406309    6.4387    
1    17    12    -7181.33    -9.90876    0.509525    6.42266    
1    18    13    -7184.99    -12.9841    0.48819    6.11193    
1    19    14    -7181.15    -5.25514    0.496331    6.45077    
1    20    15    -7184.76    -5.35617    0.557788    6.98896    
1    21    16    -7188.74    -9.19705    0.474483    7.01111    
1    23    17    -7187.83    -4.64816    0.511642    5.11499    
1    24    18    -7192.02    -4.10954    0.513873    5.4577    
1    26    19    -7196.21    -6.35754    0.464808    5.48044    
1    30    20    -7198.23    -8.47539    0.504815    3.98958    
1    33    21    -7200.61    -8.51381    0.508387    3.67053    
1    34    22    -7198.61    -6.55316    0.515246    3.71542    
1    40    23    -7198.76    -6.132    0.471797    7.9403    
1    43    24    -7197.69    -5.53743    0.478063    7.90061    
1    44    25    -7200.69    -9.11703    0.471425    7.47966    
1    45    26    -7200.99    -10.0538    0.457813    7.95484    
1    47    27    -7201.89    -8.88948    0.46554    7.80832    
1    48    28    -7199.51    -9.34196    0.453687    8.75592    
1    50    29    -7198.53    -8.0365    0.432102    8.5738    
1    52    30    -7201.34    -8.91347    0.449057    8.11718    
1    54    31    -7201.26    -7.95686    0.463272    8.0262    
1    58    32    -7199.32    -13.4368    0.462463    8.79496    
1    62    33    -7197.91    -11.6592    0.48181    9.22461    
1    64    34    -7203.15    -9.99994    0.54562    7.11322    
1    66    35    -7205.3    -11.3853    0.597631    7.06005    
1    67    36    -7200.45    -7.40982    0.648522    6.74847    
1    73    37    -7199.82    -10.5365    0.606404    8.01952    
1    76    38    -7206.7    -9.97781    0.596223    7.76066    
1    78    39    -7208.63    -10.0305    0.579777    7.38798    
1    80    40    -7208.71    -10.7114    0.52142    7.20269    
1    82    41    -7208.67    -11.1958    0.551782    7.43825    
1    88    42    -7208.77    -11.2262    0.565403    7.44815    
1    89    43    -7207.84    -10.5606    0.578576    7.46665    
1    99    44    -7205.97    -11.6225    0.54951    7.73729    
1    100    45    -7200.42    -13.7743    0.548936    7.36457    
