#Task    Step    numberOfAcceptedPeleSteps    currentEnergy    BindingEnergy    sasaLig    distance_A35SG_L1S1    
1    0    0    -7178.94    -11.9122    0.378649    8.43757    
1    1    1    -7198.84    -16.3928    0.348471    7.25574    
1    6    2    -7197.4    -10.357    0.401834    7.65785    
1    7    3    -7199.74    -12.8372    0.413135    7.67946    
1    11    4    -7199.79    -10.8251    0.443539    7.74632    
1    12    5    -7195.04    -6.97182    0.534317    7.90671    
1    18    6    -7191.99    0.491585    0.526877    7.8587    
1    21    7    -7196.29    -10.6482    0.466358    7.71362    
1    22    8    -7193.48    -5.94311    0.517706    7.88318    
1    24    9    -7198.19    -5.78689    0.513958    7.8134    
1    25    10    -7201.6    -15.3123    0.394282    7.23856    
1    27    11    -7202.52    -14.6781    0.406415    7.66606    
1    32    12    -7195.34    -12.1571    0.472473    8.3344    
1    37    13    -7195.92    -12.3252    0.448852    6.80456    
1    41    14    -7191.87    -10.7002    0.378755    6.94103    
1    45    15    -7187.24    -13.1319    0.393371    6.87492    
1    49    16    -7181.66    -13.5193    0.405253    6.59029    
1    50    17    -7184.2    -10.7531    0.449593    6.6472    
1    58    18    -7186.82    -11.5027    0.437115    7.17732    
1    61    19    -7187.64    -10.6103    0.450209    6.59447    
1    63    20    -7189.32    -11.2972    0.434633    6.68197    
1    64    21    -7193.29    -14.391    0.394687    6.78866    
1    70    22    -7193.41    -12.9631    0.420311    6.75243    
1    74    23    -7194.71    -15.982    0.409384    6.65857    
1    75    24    -7195.41    -13.8216    0.388909    6.41885    
1    80    25    -7193.83    -8.75358    0.464421    6.58325    
1    82    26    -7197.18    -11.311    0.415296    6.80648    
1    84    27    -7197.67    -10.4102    0.363918    7.00223    
1    88    28    -7199.94    -12.1963    0.394662    7.03421    
1    90    29    -7192.32    -6.6348    0.43585    6.44684    
1    93    30    -7197.73    -13.4013    0.424195    6.38257    
1    94    31    -7198.17    -10.9323    0.426701    6.88289    
1    96    32    -7195.22    -9.34048    0.385405    6.4076    
1    97    33    -7201.01    -14.2592    0.395458    7.26368    
1    98    34    -7201.1    -10.5278    0.45601    7.64401    
