#Task    Step    numberOfAcceptedPeleSteps    currentEnergy    BindingEnergy    sasaLig    distance_A35SG_L1S1    
1    0    0    -7173.11    -7.71395    0.472061    7.75815    
1    1    1    -7200.88    -11.101    0.397676    5.71444    
1    2    2    -7196.84    -9.30845    0.445154    5.31476    
1    6    3    -7203.12    -11.5265    0.445909    5.66721    
1    12    4    -7204.27    -14.293    0.416419    5.57501    
1    13    5    -7201.17    -12.4444    0.443027    5.99176    
1    19    6    -7203.72    -13.8438    0.425163    5.51705    
1    27    7    -7202.32    -12.5283    0.428232    5.55736    
1    30    8    -7195.36    -6.61551    0.45007    5.49751    
1    31    9    -7198.65    -10.3767    0.443069    7.12005    
1    34    10    -7201.44    -11.497    0.381046    6.95023    
1    37    11    -7196.27    -10.2335    0.384133    6.6051    
1    38    12    -7195.32    -9.11454    0.408486    7.48103    
1    39    13    -7198.87    -11.3614    0.399425    7.73751    
1    40    14    -7200.69    -12.7157    0.359348    7.11507    
1    44    15    -7199.56    -12.7718    0.340506    7.49545    
1    53    16    -7198.9    -12.5307    0.333167    7.61322    
1    59    17    -7199.67    -12.2348    0.359776    7.74851    
1    62    18    -7195.67    -9.82801    0.351384    7.69317    
1    65    19    -7190.77    -9.57993    0.416368    7.96156    
1    66    20    -7201.81    -15.2511    0.390108    7.90943    
1    68    21    -7201.5    -13.8529    0.381878    8.10946    
1    73    22    -7197.32    -12.8076    0.39127    7.6312    
1    75    23    -7200.3    -11.9061    0.384868    7.26645    
1    81    24    -7196.09    -10.4859    0.402295    7.15035    
1    82    25    -7197.65    -11.4373    0.383961    7.3648    
1    83    26    -7197.16    -10.0161    0.395751    7.16448    
1    84    27    -7197.22    -8.82264    0.403584    8.49807    
1    86    28    -7197.68    -6.17586    0.439893    7.94996    
1    90    29    -7200.5    -8.13529    0.437761    8.51639    
1    94    30    -7201.34    -8.40043    0.417314    8.22874    
