#Task    Step    numberOfAcceptedPeleSteps    currentEnergy    BindingEnergy    sasaLig    distance_A35SG_L1S1    
1    0    0    -7179.73    -22.812    0.272658    6.56638    
1    1    1    -7195.54    -14.8604    0.352518    6.14226    
1    2    2    -7197.29    -16.3685    0.383491    6.41743    
1    3    3    -7193.57    -16.2176    0.350877    6.03347    
1    5    4    -7199.77    -26.4827    0.26385    6.44237    
1    13    5    -7198.79    -27.5741    0.246079    7.01896    
1    53    6    -7192.36    -18.5778    0.296742    6.53186    
1    57    7    -7193.99    -28.8349    0.287871    6.28215    
1    58    8    -7195.56    -30.1779    0.309704    6.29273    
1    61    9    -7194.58    -31.1732    0.280693    6.331    
1    64    10    -7187.79    -20.7562    0.373038    7.3316    
1    65    11    -7187.1    -10.7948    0.438907    4.97253    
1    67    12    -7198.14    -11.429    0.442418    5.02939    
1    68    13    -7192.44    -6.86127    0.632413    7.49409    
1    70    14    -7192.6    -1.70492    0.659738    9.27243    
1    72    15    -7197.66    -6.02534    0.63507    8.33949    
1    74    16    -7201.64    -9.20119    0.601821    7.91622    
1    76    17    -7207.72    -12.8962    0.59133    7.35704    
1    88    18    -7205.22    -11.1035    0.586788    7.30176    
1    90    19    -7205.87    -12.6235    0.586786    7.35614    
1    92    20    -7204.99    -11.1692    0.578411    7.33954    
1    95    21    -7206.48    -12.0249    0.542159    7.15453    
1    96    22    -7211.74    -13.5061    0.543622    6.9548    
