#Task    Step    numberOfAcceptedPeleSteps    currentEnergy    BindingEnergy    sasaLig    distance_A35SG_L1S1    
1    0    0    -7177.33    -23.2952    0.484236    9.28813    
1    2    1    -7201.5    -23.2121    0.40399    9.03081    
1    4    2    -7205.05    -25.8088    0.432493    9.08368    
1    7    3    -7205.92    -29.3837    0.398365    9.12792    
1    8    4    -7208.64    -28.1882    0.397566    9.22924    
1    19    5    -7207.76    -28.8781    0.398689    9.28153    
1    20    6    -7206.88    -28.2154    0.418905    9.43436    
1    26    7    -7203.54    -27.5014    0.418315    9.27081    
1    28    8    -7197.22    -25.3173    0.456985    10.7054    
1    29    9    -7201.99    -29.0735    0.449104    10.1337    
1    39    10    -7204.74    -29.2861    0.405555    9.6668    
1    59    11    -7207.14    -30.8569    0.423902    9.7489    
1    63    12    -7204.18    -29.9155    0.393439    9.90861    
1    65    13    -7207.39    -30.035    0.398528    9.89752    
1    66    14    -7201.16    -23.2237    0.456941    10.1234    
1    71    15    -7206.5    -29.3326    0.422711    9.87129    
1    79    16    -7201.69    -27.506    0.432724    7.80849    
1    88    17    -7203.1    -25.5843    0.437876    7.75537    
1    97    18    -7203.29    -31.2707    0.450641    9.62552    
1    100    19    -7200.86    -28.3676    0.464793    9.3206    
