#Task    Step    numberOfAcceptedPeleSteps    currentEnergy    BindingEnergy    sasaLig    distance_A35SG_L1S1    
1    0    0    -7179.31    -18.6938    0.376018    7.00475    
1    1    1    -7210.52    -20.5765    0.370418    6.9977    
1    29    2    -7204.89    -17.4705    0.356993    6.95869    
1    33    3    -7200.26    -11.9308    0.40286    6.52024    
1    35    4    -7202.16    -12.3465    0.447076    7.7648    
1    38    5    -7197.64    -7.08697    0.470755    7.40881    
1    39    6    -7197.42    -7.13849    0.434842    4.69457    
1    40    7    -7200.54    -6.89334    0.470271    5.50802    
1    41    8    -7203.84    -15.9614    0.337861    5.95625    
1    43    9    -7200.06    -5.96496    0.440416    6.75995    
1    44    10    -7203.89    -7.81001    0.400264    5.95691    
1    46    11    -7197.76    -4.67169    0.387409    6.01152    
1    51    12    -7193.86    -1.80389    0.394626    5.76751    
1    52    13    -7194.9    -1.92419    0.429663    6.76453    
1    53    14    -7202.22    -12.5101    0.428312    6.82848    
1    65    15    -7197.18    -10.9985    0.370515    6.69779    
1    80    16    -7197.19    -7.70564    0.39111    6.47249    
1    82    17    -7198.8    -8.89436    0.366943    7.15865    
1    93    18    -7200.41    -13.4857    0.345722    6.76092    
1    95    19    -7200.13    -9.95992    0.441359    7.30731    
1    96    20    -7196.2    -9.31574    0.460766    6.63228    
1    99    21    -7189.48    -4.29977    0.456924    6.11293    
