#Task    Step    numberOfAcceptedPeleSteps    currentEnergy    BindingEnergy    sasaLig    distance_A35SG_L1S1    
1    0    0    -7168.78    1.0476    0.638735    10.5221    
1    1    1    -7191.79    -2.20129    0.641831    9.47252    
1    2    2    -7196.71    -3.40057    0.631941    8.91709    
1    3    3    -7197.18    -2.24363    0.653268    7.50152    
1    18    4    -7196.75    -1.85804    0.693975    8.4793    
1    19    5    -7196.6    -1.2596    0.742209    7.0721    
1    25    6    -7194.57    -2.59533    0.687616    8.89844    
1    28    7    -7193.14    -0.677731    0.696329    9.48921    
1    29    8    -7190.86    -0.641258    0.669525    9.01192    
1    31    9    -7192.72    -0.445223    0.641532    8.97633    
1    33    10    -7195.56    -6.07408    0.620964    5.10168    
1    34    11    -7195.56    -2.06324    0.64464    9.20787    
1    35    12    -7194.73    -2.14219    0.610305    9.95334    
1    36    13    -7194.84    -1.98725    0.554247    10.6475    
1    37    14    -7197.87    -6.50929    0.587658    9.36542    
1    40    15    -7199.88    -6.83173    0.537078    8.54318    
1    43    16    -7197.84    -5.67889    0.573819    9.79113    
1    44    17    -7199.08    -5.01188    0.630721    10.4767    
1    47    18    -7200.2    -5.01924    0.585237    10.2918    
1    48    19    -7198.53    -1.75425    0.647941    7.33452    
1    50    20    -7202.99    -8.2705    0.596277    8.88014    
1    54    21    -7208.02    -13.4988    0.5812    9.50931    
1    58    22    -7205.39    -11.078    0.613237    9.7482    
1    60    23    -7205.07    -11.2494    0.598244    10.5547    
1    63    24    -7207.55    -12.2008    0.587459    10.5298    
1    64    25    -7203.64    -10.0396    0.626258    10.3143    
1    66    26    -7197.79    -0.161694    0.516823    5.76496    
1    68    27    -7198.65    -0.709524    0.556026    5.3626    
1    69    28    -7200.11    -5.75536    0.504166    5.82091    
1    74    29    -7200.31    -3.54015    0.603782    6.2409    
1    76    30    -7198.03    -1.61592    0.579411    5.64434    
1    78    31    -7200.24    -6.08686    0.671224    8.26446    
1    83    32    -7198.06    -1.93164    0.647898    7.25458    
1    84    33    -7199.82    -3.72184    0.582355    5.36716    
1    85    34    -7199.59    -0.412457    0.499825    3.7314    
1    86    35    -7198.98    0.260115    0.499468    4.03738    
1    87    36    -7197.17    0.0301595    0.462238    4.04722    
1    88    37    -7198.9    0.230375    0.494695    4.02256    
1    89    38    -7198.41    -4.66708    0.464315    3.86294    
1    90    39    -7198.32    -4.73653    0.447272    4.62387    
1    92    40    -7201.41    -6.39338    0.464833    3.81851    
1    97    41    -7206.05    -12.1277    0.459589    3.63357    
1    98    42    -7209.71    -12.3629    0.446053    3.63469    
1    100    43    -7209.61    -12.1213    0.465785    3.66318    
