#Task    Step    numberOfAcceptedPeleSteps    currentEnergy    BindingEnergy    sasaLig    distance_A35SG_L1S1    
1    0    0    -7189.33    -22.1226    0.483515    8.27396    
1    1    1    -7206.93    -14.9159    0.53324    8.06037    
1    3    2    -7211.58    -14.8782    0.516445    7.63825    
1    5    3    -7211.12    -17.2338    0.51262    7.53914    
1    8    4    -7211.55    -15.9347    0.512508    7.32721    
1    9    5    -7211.4    -17.7325    0.518431    7.63425    
1    15    6    -7211.43    -17.7174    0.466275    7.55761    
1    18    7    -7201.75    -9.76312    0.420067    6.90577    
1    20    8    -7196.95    -3.89902    0.545444    3.60702    
1    21    9    -7199.17    -2.14151    0.521101    4.13629    
1    24    10    -7200.1    -2.11003    0.532562    4.49693    
1    27    11    -7202.42    -2.3753    0.606754    4.8204    
1    30    12    -7202.53    -1.73721    0.598623    4.57867    
1    32    13    -7207.65    -10.5707    0.512104    5.94005    
1    36    14    -7211.09    -12.9455    0.52207    5.38045    
1    43    15    -7211.09    -13.6986    0.557215    8.25041    
1    48    16    -7209.66    -13.2087    0.532262    7.79022    
1    53    17    -7207.86    -17.0592    0.475427    7.26784    
1    57    18    -7205.5    -16.807    0.482218    6.84506    
1    59    19    -7208.81    -16.8295    0.506404    7.32386    
1    62    20    -7209.47    -16.9869    0.500338    7.24144    
1    64    21    -7210.8    -18.5772    0.516796    7.87328    
1    66    22    -7209.15    -17.1504    0.517809    7.59446    
1    67    23    -7205.64    -13.2278    0.456118    7.32628    
1    68    24    -7206.06    -13.8212    0.497825    7.94245    
1    69    25    -7211.34    -18.0953    0.485898    7.44124    
1    74    26    -7211.37    -16.7629    0.491128    7.18123    
1    75    27    -7212.73    -17.2303    0.494821    7.38909    
1    79    28    -7214.16    -18.4769    0.510266    7.6892    
1    81    29    -7212.57    -18.5095    0.51711    7.66397    
1    85    30    -7209.67    -23.0113    0.461297    6.27186    
1    88    31    -7209.47    -22.7349    0.401415    5.87823    
1    100    32    -7206.54    -18.8446    0.458278    6.59099    
