#Task    Step    numberOfAcceptedPeleSteps    currentEnergy    BindingEnergy    sasaLig    distance_A35SG_L1S1    
1    0    0    -7176.48    -15.0337    0.413623    6.47495    
1    1    1    -7187.37    -6.25411    0.511176    8.98946    
1    4    2    -7190.35    -4.41162    0.519833    8.33691    
1    6    3    -7190.79    -2.23807    0.5127    8.16927    
1    14    4    -7191.21    -3.48068    0.537149    8.66686    
1    19    5    -7197.24    -10.1642    0.529504    8.05044    
1    21    6    -7197.32    -16.7807    0.487628    7.55887    
1    23    7    -7198.02    -14.2483    0.510833    7.67869    
1    25    8    -7197.37    -20.3866    0.470576    7.67784    
1    30    9    -7196.29    -18.1105    0.497177    7.66335    
1    37    10    -7187.55    -9.18662    0.54607    8.57649    
1    38    11    -7187.03    -12.1992    0.539063    9.21046    
1    40    12    -7195.59    -17.292    0.540911    9.30508    
1    48    13    -7194.67    -19.6141    0.517285    8.91925    
1    49    14    -7196.28    -21.3953    0.545701    9.08997    
1    54    15    -7198.41    -20.1113    0.552198    8.84683    
1    55    16    -7201.23    -21.1269    0.541712    11.9905    
1    58    17    -7202.28    -22.9236    0.550417    12.2247    
1    59    18    -7201.71    -21.7907    0.490127    11.1064    
1    60    19    -7200.29    -16.4526    0.456598    10.9536    
1    63    20    -7207.61    -26.361    0.42636    9.91687    
1    66    21    -7214.29    -27.4125    0.413053    9.96868    
1    72    22    -7216.07    -31.8416    0.382684    9.50192    
1    80    23    -7217.43    -34.0225    0.372336    9.37015    
1    82    24    -7218.08    -34.7987    0.37967    9.30692    
1    88    25    -7217.06    -32.5564    0.359335    8.50284    
1    90    26    -7214.83    -33.586    0.359114    8.63213    
1    96    27    -7217.03    -33.1376    0.4042    8.50125    
1    97    28    -7214.82    -36.3608    0.382383    9.05603    
1    98    29    -7210.91    -31.8766    0.403081    9.68363    
1    100    30    -7211.05    -31.6513    0.437887    9.91608    
