#Task    Step    numberOfAcceptedPeleSteps    currentEnergy    BindingEnergy    sasaLig    distance_A35SG_L1S1    
1    0    0    -7172.19    -23.5046    0.375112    9.42353    
1    1    1    -7178.85    -19.0225    0.381584    9.11074    
1    3    2    -7188.95    -19.6214    0.379202    9.36274    
1    6    3    -7188.67    -20.281    0.378762    9.30546    
1    9    4    -7184.54    -19.9121    0.383053    9.14088    
1    12    5    -7186.07    -18.1794    0.376884    8.84149    
1    13    6    -7179.02    -18.2577    0.371874    9.07622    
1    15    7    -7184.06    -21.4534    0.37267    9.37132    
1    16    8    -7182.88    -18.8803    0.381756    9.73916    
1    18    9    -7178.23    -13.1427    0.437859    9.83175    
1    19    10    -7181.38    -18.5053    0.402001    10.474    
1    24    11    -7181.43    -18.5605    0.396117    10.3969    
1    25    12    -7179.62    -22.2482    0.380424    9.38083    
1    26    13    -7178.66    -19.3165    0.391465    9.86402    
1    27    14    -7183.8    -25.7911    0.381317    9.67275    
1    28    15    -7188.59    -23.4523    0.384799    9.38471    
1    33    16    -7190.31    -23.8362    0.381541    9.1071    
1    36    17    -7188.76    -26.995    0.37713    9.37104    
1    44    18    -7189.94    -22.2483    0.394258    9.50414    
1    49    19    -7192.07    -21.2737    0.378361    8.9819    
1    51    20    -7196.84    -26.6786    0.380819    9.27733    
1    58    21    -7195.83    -26.9405    0.404072    9.28554    
1    64    22    -7198.24    -25.9482    0.375732    9.42478    
1    66    23    -7197.31    -25.1721    0.391475    9.36828    
1    71    24    -7195.47    -25.7414    0.372287    9.3586    
1    73    25    -7195.45    -24.2865    0.378079    9.23156    
1    80    26    -7193.84    -24.8846    0.393414    9.67637    
1    91    27    -7191.83    -19.965    0.525821    9.44559    
1    93    28    -7191.34    -20.4005    0.517002    9.41246    
1    96    29    -7192.64    -23.2246    0.520741    9.85783    
1    98    30    -7193.68    -26.6726    0.485788    9.85414    
