#Task    Step    numberOfAcceptedPeleSteps    currentEnergy    BindingEnergy    sasaLig    distance_A35SG_L1S1    
1    0    0    -7181.59    -11.9391    0.389074    8.37758    
1    1    1    -7210.92    -12.6888    0.384079    6.99229    
1    4    2    -7211.8    -12.3308    0.374966    6.74931    
1    5    3    -7209.3    -13.2229    0.369118    7.02801    
1    8    4    -7208.47    -11.5431    0.391817    7.24354    
1    14    5    -7208.8    -12.1465    0.38239    7.12983    
1    22    6    -7205.76    -10.8351    0.37073    7.05339    
1    27    7    -7205.27    -11.108    0.375378    7.38941    
1    29    8    -7202.29    -13.5266    0.424736    8.28464    
1    30    9    -7203.06    -12.9965    0.456878    8.46114    
1    32    10    -7202.52    -10.4703    0.449479    8.56179    
1    39    11    -7206.92    -14.0414    0.413024    8.0663    
1    45    12    -7208.18    -17.8813    0.416592    7.80207    
1    64    13    -7209.18    -18.6314    0.405193    7.11153    
1    65    14    -7210.97    -17.8728    0.417963    7.74392    
1    66    15    -7204.78    -14.9573    0.404035    7.93433    
1    67    16    -7203.44    -10.2427    0.406493    7.07983    
1    68    17    -7202.86    -7.82691    0.397019    6.83464    
1    69    18    -7210.85    -17.8397    0.43356    6.9238    
1    73    19    -7209.33    -20.9595    0.45058    7.05573    
1    74    20    -7205.03    -15.8502    0.446358    7.84369    
1    77    21    -7207.42    -21.0124    0.43453    6.98152    
1    80    22    -7211.1    -21.6256    0.429494    6.99886    
1    82    23    -7210.6    -20.8611    0.421917    6.78461    
1    85    24    -7208.99    -19.7117    0.413752    7.44331    
1    87    25    -7213.89    -21.0013    0.392537    7.51458    
1    91    26    -7207.08    -17.2841    0.410673    7.60715    
1    92    27    -7205.98    -15.0165    0.397526    7.55928    
1    93    28    -7204.78    -6.33174    0.440445    6.23642    
1    94    29    -7209.08    -5.42997    0.387107    5.72725    
1    97    30    -7209.69    -8.39935    0.410934    7.22474    
1    99    31    -7208.24    -4.33995    0.400364    7.43854    
