6	1915	1.00	1.380E-44	0	206	207	0	206	207	207M
21	1914	1.00	1.380E-44	0	206	207	0	206	207	207M
58	1900	1.00	2.954E-44	0	206	207	1	207	208	207M
73	1893	1.00	4.321E-44	0	206	207	0	206	207	207M
84	1871	0.971	1.428E-43	0	206	207	0	206	207	207M
101	1836	0.961	7.290E-43	0	206	207	0	206	207	207M
63	1726	1.00	4.532E-41	0	206	207	4	210	211	207M
59	1333	0.635	1.142E-32	8	206	207	5	204	205	57M1D142M
5	1330	0.635	1.420E-32	8	206	207	4	203	204	57M1D142M
64	1327	0.635	1.764E-32	8	206	207	4	203	204	57M1D142M
87	1327	0.625	1.206E-32	5	206	207	1	203	204	60M1D142M
62	1324	0.625	1.206E-32	5	206	207	1	203	204	60M1D142M
0	1322	0.640	2.315E-32	8	206	207	5	204	205	57M1D142M
57	1321	0.625	1.420E-32	5	206	207	1	203	204	60M1D142M
15	1319	0.625	1.671E-32	5	206	207	1	203	204	60M1D142M
22	1318	0.623	2.077E-32	6	206	207	2	203	204	59M1D142M
74	1317	0.634	1.273E-32	3	206	207	0	204	205	62M1D142M
91	1316	0.625	2.444E-32	5	206	207	1	203	204	60M1D142M
97	1316	0.634	1.344E-32	3	206	207	0	204	205	62M1D142M
14	1313	0.634	1.583E-32	3	206	207	0	204	205	62M1D142M
10	1311	0.639	1.764E-32	3	206	207	0	204	205	62M1D142M
100	1310	0.634	1.967E-32	3	206	207	0	204	205	62M1D142M
72	1309	0.625	3.038E-32	5	206	207	1	203	204	60M1D142M
20	1309	0.634	1.967E-32	3	206	207	0	204	205	62M1D142M
92	1309	0.634	1.967E-32	3	206	207	0	204	205	62M1D142M
7	1308	0.625	3.038E-32	5	206	207	1	203	204	60M1D142M
81	1304	0.634	2.725E-32	3	206	207	0	204	205	62M1D142M
24	1179	0.517	3.827E-30	6	206	207	2	204	205	88M2D85M2D5M2I21M
79	1177	0.519	4.267E-30	5	206	207	1	204	205	89M2D85M2D5M2I21M
68	1165	0.517	9.131E-30	6	206	207	2	204	205	88M2D85M2D5M2I21M
55	1163	0.517	1.018E-29	6	206	207	2	204	205	88M2D85M2D5M2I21M
85	1163	0.517	1.018E-29	6	206	207	2	204	205	88M2D85M2D5M2I21M
60	1161	0.524	7.347E-30	3	206	207	0	205	206	91M2D85M2D5M2I21M
70	1160	0.517	1.198E-29	6	206	207	2	204	205	88M2D85M2D5M2I21M
12	1158	0.517	1.336E-29	6	206	207	2	204	205	88M2D85M2D5M2I21M
95	1157	0.524	9.131E-30	3	206	207	0	205	206	91M2D85M2D5M2I21M
9	1156	0.519	1.572E-29	5	206	207	1	204	205	89M2D85M2D5M2I21M
2	1154	0.517	1.753E-29	6	206	207	2	204	205	88M2D85M2D5M2I21M
17	1151	0.517	2.063E-29	6	206	207	2	204	205	88M2D85M2D5M2I21M
89	1151	0.517	2.178E-29	6	206	207	2	204	205	88M2D85M2D5M2I21M
80	1140	0.470	5.486E-29	5	206	207	2	204	205	89M2D89M1I23M
66	1139	0.507	3.552E-29	6	206	207	2	204	205	87M2D86M2D5M2I21M
61	1137	0.470	6.458E-29	5	206	207	2	204	205	89M2D89M1I23M
90	1137	0.470	6.819E-29	7	206	207	4	204	205	87M2D89M1I23M
71	1136	0.470	7.199E-29	5	206	207	2	204	205	89M2D89M1I23M
16	1134	0.470	8.474E-29	5	206	207	2	204	205	89M2D89M1I23M
23	1134	0.470	7.199E-29	5	206	207	2	204	205	89M2D89M1I23M
83	1134	0.460	8.474E-29	5	206	207	2	204	205	92M2D86M1I23M
1	1131	0.470	9.974E-29	7	206	207	4	204	205	87M2D89M1I23M
11	1130	0.470	9.447E-29	5	206	207	2	204	205	89M2D89M1I23M
69	1129	0.470	1.112E-28	5	206	207	2	204	205	89M2D89M1I23M
86	1129	0.470	1.174E-28	7	206	207	4	204	205	87M2D89M1I23M
96	1129	0.473	1.112E-28	5	206	207	2	204	205	89M2D86M1D2M2I23M
8	1128	0.470	1.309E-28	7	206	207	4	204	205	87M2D89M1I23M
56	1126	0.470	1.240E-28	5	206	207	2	204	205	89M2D89M1I23M
67	1113	0.475	3.122E-28	5	206	207	2	204	205	92M2D86M1I23M
13	1099	0.453	6.328E-28	3	206	207	0	201	202	48M1D42M2I86M1I25M
18	1097	0.453	7.865E-28	3	206	207	0	201	202	48M1D42M2I86M1I25M
88	1091	0.453	1.032E-27	3	206	207	0	201	202	48M1D42M2I86M1I25M
99	1091	0.453	1.150E-27	3	206	207	0	201	202	48M1D42M2I86M1I25M
78	1090	0.438	1.430E-27	5	206	207	1	200	201	46M1D42M2I86M1I25M
3	1090	0.453	1.032E-27	3	206	207	0	201	202	48M1D42M2I86M1I25M
94	1077	0.433	3.802E-27	5	206	207	1	200	201	45M1D43M2I86M1I25M
102	1075	0.430	3.230E-27	6	206	207	2	200	201	42M1D45M2I86M1I25M
4	1063	0.448	8.591E-27	5	206	207	1	200	201	48M1D40M2I86M1I25M
36	672	0.300	4.017E-19	6	204	207	8	212	219	17M2D5M6D18M2D7M1D12M1D25M3I17M2D15M1I54M4I21M
76	670	0.300	4.728E-19	6	204	207	8	212	219	17M2D5M6D18M2D7M1D12M1D25M3I17M2D15M1I54M4I21M
37	646	0.300	2.286E-18	6	204	207	9	213	220	17M2D5M6D18M2D7M1D12M1D25M3I17M2D15M1I54M4I21M
65	620	0.272	6.080E-18	6	204	207	9	213	225	17M2D5M6D18M2D7M1D12M1D25M3I17M2D15M1I50M1I7M3I18M
75	620	0.272	6.080E-18	6	204	207	9	213	225	17M2D5M6D18M2D7M1D12M1D25M3I17M2D15M1I50M1I7M3I18M
38	612	0.272	9.915E-18	6	204	207	9	213	225	17M2D5M6D18M2D7M1D12M1D25M3I17M2D15M1I50M1I7M3I18M
82	608	0.272	1.374E-17	6	204	207	9	213	225	17M2D5M6D18M2D7M1D12M1D25M3I17M2D15M1I50M1I7M3I18M
32	319	0.140	4.731E-11	10	203	207	0	215	218	8M2D7M4D8M1I19M1D28M6D15M6I7M2D22M3D12M10D8M2I3M6D11M1I17M1I7M1I10M
31	285	0.148	9.396E-10	10	203	207	0	213	216	8M2D7M4D8M1I17M1I29M6D7M6I15M2D15M7D3M4I11M10D12M4D13M1I17M1I7M1I10M
27	282	0.165	6.423E-10	6	203	207	3	224	225	5M1I7M2I8M4D15M3I14M3D20M6D7M1I4M3I4M2I9M1D13M10D2M6I11M11D8M3D1M2D15M1I13M1I5M1D5M3D12M
34	278	0.171	7.161E-10	10	204	207	6	225	226	9M2I8M4D15M3I15M3D19M6D15M6I9M1D13M10D2M6I11M11D8M3D1M2D15M1I13M1I5M1D5M3D13M
47	272	0.151	1.532E-09	6	203	207	3	223	224	11M3I7M4D17M3I20M3D14M6D7M4I9M2I10M1D12M3I4M6D11M11D8M3D1M2D15M1I13M1I5M1D5M3D12M
45	272	0.174	4.895E-10	9	203	207	1	224	225	9M2D11M4D15M3I20M3D14M6D7M4I8M2I12M1D16M4D13M11D8M3D1M2D15M1I13M1I5M1D5M3D12M
48	271	0.136	1.804E-09	6	203	207	2	222	223	11M3I7M4D17M3I20M3D14M6D7M4I8M2I11M1D20M3D10M11D8M3D1M2D15M1I13M1I5M1D5M3D12M
41	270	0.145	1.168E-09	10	203	207	7	226	227	9M2I6M5D18M3I19M3D14M6D15M6I10M1D12M1D9M3D10M11D8M3D1M2D15M1I13M1I5M1D5M3D12M
93	266	0.154	1.708E-09	10	204	207	6	225	226	9M2I8M4D15M3I15M3D19M6D7M4I8M2I9M1D14M10D1M6I11M11D8M3D1M2D15M1I13M1I5M1D5M3D13M
28	263	0.176	2.011E-09	10	203	207	6	224	225	9M2I8M4D15M3I20M3D14M6D7M4I8M2I8M1D20M4D13M11D8M3D1M2D15M1I13M1I5M1D5M3D12M
35	261	0.158	1.904E-09	10	203	207	6	224	225	9M2I8M4D15M4I4M1D15M3D14M6D7M4I8M2I8M1D20M4D13M11D8M3D1M2D15M1I13M1I5M1D5M3D12M
103	258	0.161	3.462E-09	9	203	207	6	224	225	3M1I6M2I8M4D15M3I20M3D14M6D7M4I8M2I10M1D13M6D2M2I14M11D8M3D1M2D15M1I13M1I5M1D5M3D12M
54	258	0.163	5.347E-09	9	204	207	6	225	226	3M1I6M2I8M4D15M3I15M3D19M6D7M4I8M2I10M1D13M8D1M4I13M11D9M5D15M1I13M1I5M1D5M3D13M
33	257	0.166	2.786E-09	10	204	207	6	225	226	9M2I8M4D15M4I4M1D9M3D20M6D7M4I8M2I10M1D12M10D2M6I11M11D8M3D1M2D15M1I13M1I5M1D5M3D13M
26	257	0.107	1.208E-08	10	202	207	5	225	229	9M2I6M5D19M1D15M4D4M1I15M6D15M6I8M3D14M1D7M2D12M13D9M3D15M1I18M1D7M1I9M
29	254	0.163	4.303E-09	10	203	207	6	224	225	9M2I8M4D15M4I4M1D9M4D4M1I15M6D7M4I8M2I9M1D14M8D2M4I12M11D8M3D1M2D15M1I13M1I5M1D5M3D12M
46	253	0.154	5.646E-09	10	202	207	6	226	228	18M6D17M3I18M3D15M6D15M6I8M3D14M1D6M1D13M12D8M5D16M1I14M2I8M3D11M
98	249	0.155	5.961E-09	10	202	207	6	223	225	9M2I8M4D15M4I4M1D14M3D15M6D7M1I7M5I11M1D13M4D18M11D8M3D1M2D15M1I13M1I5M1D5M3D11M
30	247	0.163	5.065E-09	10	203	207	6	224	225	9M2I8M4D15M4I4M1D6M1I7M4D15M6D7M4I8M2I10M1D13M8D2M4I12M11D8M3D1M2D15M1I13M1I5M1D5M3D12M
40	246	0.138	1.084E-08	10	203	207	6	227	228	9M2I3M3D4M6D17M1I5M2I13M3D15M6D15M6I8M2D2M1D13M5D2M2I14M9D4M1D6M5D14M1I8M2I14M3D12M
50	245	0.154	3.656E-09	9	203	207	0	226	227	11M2D4M4D5M5D16M1I5M2I13M3D15M6D15M6I10M3D21M3D10M9D4M1D4M5D16M1I8M2I16M3D10M
19	239	0.110	1.208E-08	6	203	207	2	226	227	11M3I4M2D4M3D16M4I5M1D12M2D1M1D15M7D7M6I17M1D13M10D2M6I10M11D12M3D2M2D11M1I19M1D5M3D12M
104	238	0.159	1.084E-08	10	203	207	6	224	225	9M2I8M4D15M4I4M1D6M1I7M4D15M6D7M4I8M2I10M1D13M8D2M4I12M11D8M3D1M2D15M1I13M1I5M1D5M3D12M
77	238	0.099	7.409E-09	9	205	207	1	226	227	12M2D4M8D28M1D13M3D8M2I5M7D15M6I10M3D12M7D3M4I12M2D8M5D16M1I6M3I9M4D6M3D14M
44	235	0.145	3.213E-08	10	203	207	6	229	230	9M2I3M3D4M6D17M1I5M2I13M3D15M6D11M4I4M2I8M3D16M3I1M6D13M12D8M5D16M1I8M2I14M3D12M
51	228	0.141	2.319E-08	6	202	207	2	225	227	6M1I15M6D17M5I5M2D11M3D15M6D14M6I11M3D19M3D12M11D8M7D4M2I10M1I8M2I14M3D11M
42	226	0.162	1.026E-08	10	200	207	0	224	228	12M5D6M6D17M3I18M3D15M6D15M6I8M3D20M4D13M11D8M3I2M8D11M1I8M2I14M3D9M
52	223	0.127	3.043E-08	8	203	207	3	218	219	4M1I6M2I3M3D4M6D17M5I5M2D11M3D15M6D11M4I4M2I12M3D16M3D13M9D4M1D10M2I8M1I8M2I16M3D10M
25	218	0.126	4.216E-08	10	206	207	0	225	229	12M3D1M1D6M2D16M2I6M1D13M3D14M4D8M4I8M2I11M1D11M4D19M13D8M3D2M2D2I12M1I24M3D15M
43	215	0.141	1.121E-07	6	197	207	1	225	227	9M3I9M5D20M1I18M3D15M8D7M4I8M2I8M5I1M10D17M3D9M11D9M3D1M2D14M2D3M1D12M1I5M1D11M
39	211	0.149	4.216E-08	9	202	207	1	227	229	13M4D6M6D17M5I5M2D11M3D15M6D15M6I10M3D12M1D7M2D12M11D4M1D4M5D16M1I8M2I14M3D11M
49	210	0.122	2.039E-07	10	206	207	3	226	227	9M1I4M3D4M5D19M2I2M1I9M3D4M1I15M6D11M4I4M2I8M3D20M2D13M11D8M5D16M1I23M1D16M
53	203	0.121	2.399E-07	6	202	207	1	225	230	13M1I4M3D4M6D16M3I19M2D15M6D11M4I4M2I8M3D14M1D6M1D13M10D5M1I4M7D14M1I17M2I5M3D11M
 