47	2062	1.00	1.396E-50	0	232	233	0	232	233	233M
73	1837	0.862	1.747E-45	1	232	233	2	233	234	232M
45	1325	0.558	4.274E-34	2	232	233	3	233	234	231M
56	1191	0.497	1.470E-31	3	227	233	4	233	239	61M6D27M1I136M
84	1191	0.493	9.843E-32	1	227	233	2	233	239	63M1D2M5D25M1I136M
0	1191	0.497	1.042E-31	3	227	233	4	233	240	61M6D27M1I136M
44	1154	0.495	9.722E-31	0	227	233	3	235	241	64M6D27M1I136M
152	1150	0.481	1.222E-30	0	230	233	2	238	241	66M2D24M4D141M
148	1144	0.491	1.154E-30	3	229	233	5	235	238	85M5D120M1I21M
147	1141	0.495	1.030E-30	2	227	233	4	236	242	62M2D1M6D30M1I132M
66	1140	0.500	9.181E-31	2	227	233	4	236	242	62M2D1M6D30M1I132M
113	1136	0.448	1.222E-30	2	227	233	4	236	241	61M3D3M5D29M1I132M
123	1136	0.482	9.722E-31	2	227	233	4	236	242	64M8D29M1I132M
41	1131	0.508	1.452E-30	2	227	233	4	236	242	61M3D2M5D30M1I132M
139	1130	0.500	2.167E-30	2	227	233	4	236	242	62M2D1M6D30M1I132M
115	1118	0.417	1.140E-29	1	232	233	2	235	236	65M2D25M1I136M1D5M
89	1115	0.485	3.056E-30	2	232	233	4	239	242	64M8D29M1I131M2I4M
62	1112	0.482	3.236E-30	2	227	233	4	236	242	64M8D33M1I128M
90	1111	0.462	1.434E-29	1	232	233	3	241	242	62M8D28M1I141M
159	1110	0.487	1.279E-29	1	228	233	2	239	241	63M6D26M4D139M
97	1108	0.491	6.432E-30	2	227	233	4	236	242	62M2D1M6D30M1I132M
138	1108	0.491	7.212E-30	2	227	233	4	236	242	62M2D1M6D30M1I132M
53	1104	0.464	1.077E-29	2	232	233	4	241	242	64M8D29M1I137M
70	1103	0.464	1.279E-29	2	230	233	4	239	242	61M8D36M1I131M
58	1101	0.482	6.432E-30	2	227	233	4	236	242	64M8D33M1I128M
121	1098	0.478	1.354E-29	2	227	233	4	236	242	64M8D29M1I132M
127	1098	0.482	8.088E-30	2	227	233	4	236	242	64M8D33M1I128M
96	1096	0.495	7.637E-30	2	227	233	4	236	242	62M2D1M6D34M1I128M
165	1089	0.497	2.692E-29	2	230	233	4	239	242	61M3D2M5D30M1I135M
149	1084	0.483	1.140E-29	0	230	233	0	240	242	5M2D61M8D25M1I136M1D3M
99	1079	0.491	2.267E-29	2	227	233	4	236	242	62M2D1M6D34M1I128M
108	1045	0.424	3.748E-28	3	232	233	3	238	239	60M4D3M4D29M1I116M1I20M
102	950	0.386	1.641E-26	2	228	233	4	249	258	10M2D6M2D45M8D26M5D105M2D35M
48	935	0.457	1.305E-26	3	231	233	5	238	244	54M4D9M2D24M1I4M1I132M1D4M
134	902	0.362	2.184E-26	5	228	233	2	241	245	13M4D45M8D29M2D97M2D40M
40	899	0.368	1.620E-25	4	231	233	1	244	248	5M1D2M1D7M2D45M7D3M1D26M2D104M2D36M
119	887	0.377	6.781E-25	4	231	233	1	244	248	14M4D45M8D29M2D102M2D38M
39	880	0.330	2.679E-24	4	232	233	1	257	258	14M4D45M8D26M5D106M2D16M9D22M
54	867	0.374	4.236E-24	2	230	233	0	253	255	16M2D45M8D28M4D3M1D100M2D11M5D6M3D20M
94	847	0.343	1.121E-23	5	228	233	3	254	258	10M3D3M2D45M8D28M4D3M1D102M2D8M9D6M1I18M
120	832	0.340	1.773E-23	5	228	233	1	247	255	58M8D26M5D107M2D8M8D25M
144	830	0.370	8.917E-24	3	227	233	2	244	251	60M8D26M5D103M2D19M3D17M
156	818	0.336	3.328E-23	5	228	233	1	247	255	58M8D26M5D103M2D12M8D25M
101	817	0.362	7.510E-24	3	227	233	2	244	251	60M8D26M5D100M2D22M3D17M
59	816	0.340	4.692E-23	5	228	233	1	247	255	58M8D26M5D107M2D8M8D25M
78	807	0.366	1.493E-23	3	227	233	2	244	251	60M8D26M5D100M2D22M3D17M
61	802	0.340	1.315E-22	5	228	233	1	247	254	58M8D26M5D107M2D8M8D25M
164	802	0.392	2.968E-23	5	227	233	3	252	258	6M2D7M2D45M8D26M5D105M2D10M8D24M
42	800	0.384	3.951E-23	2	226	233	0	251	258	9M2D7M2D45M8D26M5D105M2D10M8D23M
160	781	0.337	3.104E-22	5	228	233	3	251	257	13M2D45M7D3M1D23M5D107M2D8M8D25M
36	740	0.333	4.634E-22	4	222	233	1	234	236	61M11D25M5D115M2D4M3I11M
23	724	0.286	3.903E-22	5	225	233	1	240	242	60M15D25M6D81M1I33M2D4M3I14M
21	719	0.295	3.903E-22	5	223	233	1	238	240	60M15D24M6D82M1I37M1I14M
7	711	0.280	4.376E-22	2	224	233	0	252	254	62M9D2M17D22M6D83M1I32M2D5M3I13M
8	706	0.286	1.033E-21	5	225	233	1	240	242	59M6D2M9D24M6D81M1I33M2D4M3I14M
29	704	0.260	2.175E-21	2	224	233	3	244	246	63M15D25M6D81M1I33M2D4M3I13M
100	703	0.265	2.438E-21	3	224	233	9	249	251	62M15D25M6D81M1I33M2D6M3I11M
33	696	0.305	1.299E-21	5	219	233	1	238	240	59M9D2M6D24M6D81M1I33M2D6M1D9M
161	694	0.286	4.577E-21	1	212	233	2	240	250	62M2D2M14D23M13D117M2I6M
26	694	0.284	1.158E-21	2	229	233	0	248	251	55M4D3M4D4M13D26M6D81M1I33M2D6M7I12M
151	685	0.286	4.323E-21	5	225	233	1	240	242	60M14D1M1D24M6D81M1I33M2D4M3I14M
110	680	0.236	5.133E-21	3	218	233	4	218	220	63M2D16M2D111M1I10M4I11M
153	677	0.307	1.144E-20	2	221	233	0	251	257	11M5D4M4D47M16D11M2D13M6D23M1D93M2I16M
141	674	0.238	9.636E-21	2	223	233	1	219	221	64M2D16M2D13M2I96M1I14M4I12M
86	674	0.286	2.438E-21	3	223	233	4	250	253	48M3D6M2D6M2D2M13D14M1I9M5D5M1D15M4D58M2I43M1I11M
79	666	0.333	1.359E-20	3	225	233	2	239	241	2M2D14M1I1M1I41M11D27M5D115M2D5M3I13M
145	665	0.333	1.212E-20	3	225	233	2	239	241	2M2D14M1I1M1I40M9D3M2D25M5D115M2D5M3I13M
32	664	0.286	8.115E-21	5	225	233	1	240	242	57M8D4M7D24M6D81M1I33M2D4M3I14M
167	663	0.319	1.020E-20	5	226	233	1	235	238	14M1I2M1I39M9D3M2D26M5D118M1I17M
12	661	0.309	4.032E-20	2	219	233	1	215	221	64M2D11M3D2M1I14M2I97M1I14M4I8M
82	661	0.309	3.596E-20	2	219	233	1	215	221	64M2D11M3D2M1I14M2I97M1I14M4I8M
63	661	0.304	3.028E-20	2	219	233	2	216	222	64M2D11M3D2M1I14M2I97M1I14M4I8M
103	661	0.333	1.915E-20	3	225	233	2	239	241	2M2D14M1I1M1I41M11D27M5D115M2D5M3I13M
92	660	0.309	4.032E-20	2	219	233	1	215	221	64M2D11M3D2M1I14M2I97M1I14M4I8M
1	659	0.309	4.270E-20	2	219	233	1	215	221	64M2D11M3D2M1I14M2I97M1I14M4I8M
52	658	0.309	4.521E-20	2	219	233	1	215	221	64M2D11M3D2M1I14M2I97M1I14M4I8M
155	658	0.333	2.028E-20	3	225	233	2	239	241	2M2D14M1I1M1I40M9D3M2D25M5D115M2D5M3I13M
11	657	0.309	5.369E-20	2	219	233	1	215	221	64M2D11M3D2M1I14M2I97M1I14M4I8M
14	657	0.278	5.070E-20	4	221	233	1	240	242	52M1I1M1D7M19D23M6D83M1I37M2I11M
10	655	0.309	5.369E-20	2	219	233	1	215	221	64M2D11M3D2M1I14M2I97M1I14M4I8M
4	654	0.258	1.267E-19	2	230	233	0	249	251	13M2D2M4D47M16D4M1D21M5D95M1I18M7I4M1I9M2D7M
106	654	0.262	1.915E-20	1	223	233	3	251	254	51M3D6M2D8M15D13M1I9M5D5M1D15M4D57M2I38M2D3M3I12M
168	653	0.316	4.788E-20	1	221	233	2	234	250	15M1D49M13D11M3D3M2I8M5D73M4I39M1I3M3I10M
158	652	0.228	1.212E-20	1	223	233	2	250	253	50M3D6M3D6M2D2M11D24M5D5M1D15M4D57M2I37M2D4M3I12M
69	651	0.309	7.569E-20	2	219	233	1	215	221	64M2D11M3D2M1I14M2I97M1I14M4I8M
111	651	0.309	8.015E-20	2	219	233	1	215	221	64M2D11M3D2M1I14M2I97M1I14M4I8M
50	649	0.309	8.988E-20	2	219	233	1	215	221	64M2D11M3D2M1I14M2I97M1I14M4I8M
170	649	0.287	2.408E-20	5	222	233	5	250	253	47M3D5M2D9M13D24M6D7M1D12M4D100M1I13M
157	648	0.309	1.008E-19	2	219	233	1	215	221	64M2D11M3D2M1I14M2I97M1I14M4I8M
105	647	0.309	1.067E-19	2	219	233	1	215	221	64M2D11M3D2M1I14M2I97M1I14M4I8M
60	647	0.304	1.008E-19	2	219	233	2	216	222	64M2D11M3D2M1I14M2I97M1I14M4I8M
162	646	0.333	8.988E-20	5	229	233	1	228	232	61M12D10M1D12M5D83M1I33M13I5M1I6M
169	643	0.243	3.596E-20	1	223	233	2	251	254	51M3D5M2D7M9D1M6D23M5D7M1D14M4D58M2I36M2D8M3I8M
49	643	0.307	2.701E-20	2	221	233	0	251	257	11M5D4M4D47M16D11M2D13M6D23M1D93M2I16M
136	642	0.307	2.550E-20	2	224	233	0	254	257	11M5D4M4D47M16D11M2D13M6D23M1D93M2I19M
74	641	0.270	7.148E-20	5	218	233	1	238	247	11M1D48M16D19M3D11M1D2M9D109M6I8M
104	638	0.250	3.207E-20	1	223	233	3	251	254	50M3D6M2D7M1D2M14D13M1I10M6D19M4D58M2I36M2D4M3I12M
28	637	0.273	1.593E-19	4	221	233	1	241	243	47M1I6M1D9M20D21M6D83M1I37M2I11M
166	637	0.242	6.020E-20	0	223	233	2	251	254	52M3D6M2D6M1D2M14D13M1I9M5D6M1D14M4D57M2I37M2D4M3I12M
93	635	0.255	6.375E-20	2	223	233	1	248	251	54M3D1M2D6M2D2M13D14M1I8M5D7M1D14M4D57M2I37M2D4M3I12M
107	633	0.216	6.375E-20	1	223	233	2	250	253	50M3D6M2D7M9D2M6D13M1I9M5D6M1D14M4D58M2I35M1D6M2I12M
135	632	0.312	8.988E-20	1	221	233	3	235	251	15M1D49M13D11M3D3M2I8M5D65M4I46M4I14M
77	632	0.265	7.569E-20	1	223	233	2	251	254	55M3D1M2D7M2D1M4D1M9D13M1I8M7D21M4D56M2I38M2D4M3I12M
83	632	0.303	4.032E-20	2	221	233	0	251	257	10M4D5M5D47M16D11M2D13M6D23M1D93M2I16M
3	631	0.255	7.148E-20	3	223	233	4	251	254	54M5D6M2D2M13D14M1I8M7D21M4D56M2I38M2D4M3I12M
116	630	0.232	4.270E-20	2	223	233	3	250	253	49M3D6M2D7M7D2M8D13M1I8M5D6M1D15M4D57M2I37M2D4M3I12M
6	629	0.268	5.685E-20	3	222	233	2	248	251	49M3D6M2D7M15D14M1I9M5D6M1D14M4D57M2I55M
24	629	0.307	5.685E-20	2	224	233	0	254	257	11M5D4M4D47M16D11M2D13M6D23M1D93M2I19M
72	628	0.278	3.354E-19	5	223	233	1	242	244	58M7D3M9D24M4D2M9D113M6I13M
91	628	0.309	5.070E-20	2	221	233	0	251	257	11M5D4M4D47M16D11M2D10M1I2M7D23M1D93M2I16M
124	627	0.308	1.787E-19	5	228	233	1	239	241	8M7D7M1D1M1I42M8D1M3D25M5D114M2D8M10I7M
67	627	0.258	1.067E-19	3	221	233	2	247	252	48M3D6M2D8M15D23M5D7M1D14M4D58M2I36M2D4M3I10M
143	627	0.299	5.369E-20	2	224	233	0	254	256	10M4D5M5D47M16D11M2D13M6D23M1D93M2I19M
128	624	0.304	4.729E-19	2	219	233	2	216	222	64M2D11M3D2M1I14M2I97M1I14M4I8M
20	624	0.255	1.197E-19	3	223	233	4	251	254	54M5D7M6D2M9D13M1I8M7D21M4D56M2I38M2D4M3I12M
137	623	0.301	3.983E-19	2	219	233	1	215	221	64M2D16M2D12M2I97M1I14M4I8M
30	623	0.237	7.569E-20	1	221	233	3	249	254	50M3D8M2D5M7D2M8D13M1I8M6D21M4D57M2I37M2D4M3I10M
95	623	0.256	8.488E-20	1	223	233	4	254	257	50M3D6M2D5M9D4M8D13M1I11M6D18M4D57M2I37M2D4M3I12M
2	622	0.313	5.615E-19	2	219	233	1	215	222	64M2D11M3D2M1I14M2I97M1I14M4I8M
118	622	0.216	1.505E-19	1	223	233	2	250	253	50M3D6M2D7M9D2M6D13M1I9M5D6M1D14M4D58M2I35M1D6M2I12M
51	622	0.299	8.015E-20	2	224	233	0	254	257	10M4D5M5D47M16D11M2D13M6D23M1D93M2I19M
71	621	0.293	2.991E-19	2	222	233	0	217	219	64M2D7M4D3M1I2M1I10M1D4M3I96M1I14M4I11M
75	620	0.236	1.342E-19	2	223	233	4	251	254	50M3D5M2D7M1D2M14D13M1I10M6D19M4D57M2I37M2D4M3I12M
13	619	0.276	1.197E-19	5	221	233	2	240	242	52M4D2M2D5M13D24M6D83M1I37M2I11M
163	617	0.273	5.615E-19	5	221	233	3	232	239	58M7D3M1D22M6D3M7D112M8I11M
15	617	0.276	1.421E-19	5	221	233	2	240	242	52M4D2M2D5M13D24M6D83M1I37M2I11M
132	617	0.236	1.787E-19	2	223	233	3	250	253	50M3D5M2D7M1D2M14D13M1I10M6D19M4D57M2I37M2D4M3I12M
131	617	0.235	1.687E-19	1	223	233	3	251	254	51M3D5M2D7M1D2M14D13M1I10M6D19M4D57M2I37M2D4M3I12M
65	617	0.236	1.687E-19	1	223	233	4	255	258	14M1D36M3D6M2D9M17D13M1I10M6D19M4D56M2I38M2D4M3I12M
122	616	0.304	8.877E-19	2	219	233	2	216	222	64M2D11M3D2M1I14M2I97M1I14M4I8M
146	615	0.261	3.983E-19	2	228	233	3	233	238	16M5D57M1D13M6D80M2D14M1I22M9I15M
81	615	0.309	1.342E-19	2	221	233	0	251	257	11M5D4M4D47M16D11M2D10M1I2M7D23M1D93M2I16M
57	614	0.232	1.267E-19	2	223	233	3	250	253	49M3D6M2D7M7D2M8D13M1I8M5D6M1D15M4D57M2I37M2D4M3I12M
85	614	0.228	1.421E-19	2	223	233	4	251	254	49M3D6M2D7M7D2M8D13M1I8M5D6M1D15M4D57M2I37M2D4M3I12M
133	613	0.236	2.379E-19	2	223	233	3	250	253	50M3D5M2D7M1D2M14D13M1I10M6D19M4D57M2I37M2D4M3I12M
129	613	0.299	2.825E-19	5	226	233	1	252	254	7M1D51M8D3M8D24M4D6M9D109M2I9M2D11M
109	613	0.245	2.246E-19	0	222	233	3	254	257	51M3D6M2D9M17D13M1I9M5D6M1D14M4D58M2I36M2D7M2I9M
126	613	0.249	1.421E-19	3	221	233	6	252	257	48M3D6M2D5M9D4M8D13M1I9M5D6M1D14M4D57M2I37M2D4M3I10M
140	612	0.254	4.217E-19	5	228	233	1	239	241	59M5D2M14D9M2D3M1I9M5D80M1I24M1D12M10I14M
76	611	0.230	1.787E-19	0	223	233	1	250	253	51M3D6M2D7M7D2M8D13M1I8M5D6M1D15M4D57M2I37M2D4M3I12M
154	611	0.244	1.787E-19	2	223	233	7	254	257	49M3D6M2D7M7D2M8D13M1I10M6D21M4D55M2I37M2D6M3I10M
16	610	0.276	2.121E-19	5	221	233	2	240	242	52M4D2M2D6M13D23M6D83M1I37M2I11M
98	610	0.230	2.003E-19	3	222	233	6	252	255	48M3D6M2D7M1D2M14D13M1I10M6D19M4D57M2I37M2D6M2I10M
68	609	0.301	1.342E-19	2	221	233	0	251	257	11M5D4M4D47M16D11M2D10M1I2M7D23M1D93M2I16M
117	607	0.230	1.787E-19	0	223	233	1	250	253	51M3D6M2D7M7D2M8D13M1I7M5D7M1D15M4D57M2I37M2D4M3I12M
43	604	0.239	5.303E-19	2	223	233	7	255	258	54M3D1M2D7M6D2M9D13M1I8M7D21M4D56M2I38M2D4M3I12M
125	603	0.325	5.303E-19	5	222	233	5	231	249	11M1D50M13D10M3D3M2I7M5D77M4I35M7I12M
87	599	0.230	3.354E-19	0	223	233	1	250	253	51M3D6M2D7M7D2M8D13M1I7M5D7M1D15M4D57M2I37M2D4M3I12M
46	597	0.293	9.400E-19	2	222	233	4	240	242	14M2D48M2D1M11D14M1I8M5D7M2I12M1D102M2I10M
142	595	0.296	8.383E-19	5	221	233	1	231	234	15M2I40M9D2M2D27M5D131M
64	595	0.230	1.182E-18	1	223	233	3	252	255	56M5D6M2D2M5D1M8D13M1I8M7D21M4D58M2I36M2D4M3I12M
88	594	0.229	5.615E-19	2	223	233	0	246	249	49M3D8M2D5M2D1M3D1M9D13M1I7M5D7M1D15M4D58M2I36M2D4M3I12M
55	594	0.235	6.667E-19	1	223	233	3	251	254	50M3D6M2D7M7D2M8D13M1I8M5D6M1D15M4D57M2I37M2D4M3I12M
38	593	0.228	6.296E-19	1	223	233	2	249	252	50M3D8M2D5M5D2M9D13M1I7M5D7M1D15M4D58M2I36M2D4M3I12M
114	593	0.223	8.877E-19	1	223	233	3	251	254	50M3D8M2D5M3D2M12D13M1I9M5D5M1D15M4D56M2I38M2D4M3I12M
19	589	0.220	1.486E-18	5	226	233	1	225	229	59M9D23M5D5M4I74M1I32M6I18M
37	589	0.228	9.400E-19	1	223	233	2	249	252	50M3D8M2D6M5D1M9D13M1I7M5D7M1D15M4D58M2I36M2D4M3I12M
22	586	0.247	7.476E-19	3	220	233	2	233	241	63M14D22M5D82M1I30M5I6M1D9M
18	581	0.220	2.790E-18	5	226	233	1	225	229	59M9D23M5D5M4I74M1I32M6I18M
5	580	0.236	1.182E-18	5	229	233	1	233	236	60M14D18M3D24M1D98M6I1M2D9M6I3M
80	577	0.259	8.383E-19	0	222	233	1	231	233	77M5D2M1I12M10D7M1I93M1I7M1D5M5I12M
17	575	0.250	2.790E-18	2	222	233	2	252	258	9M4D6M3D2M2D46M13D10M2D10M1I2M7D20M1D97M2D4M3I11M
25	574	0.277	3.128E-18	1	219	233	3	234	243	3M1I60M10D2M4D21M5D82M1I33M4I12M
130	572	0.295	4.946E-18	5	225	233	1	231	234	15M2I40M9D2M2D27M5D116M3I5M1I10M
112	546	0.285	1.979E-18	0	221	233	0	233	240	56M4D10M2D21M3D9M10D66M2I40M1D5M6I7M
31	544	0.221	2.458E-17	5	226	233	1	242	246	8M2D6M2D45M12D12M1D13M5D82M1I43M1I11M
150	543	0.244	4.614E-17	5	227	233	2	236	238	58M2D2M11D14M1I10M5I5M6D11M1D60M1I33M2D4M3I16M
27	532	0.225	5.478E-17	5	219	233	3	232	239	58M9D2M5D23M6D80M1I35M4I12M
9	524	0.209	8.280E-18	2	232	233	1	220	236	4M1I4M1D8M1D47M1D17M3D6M2D79M1I35M17I12M
35	506	0.243	2.165E-16	2	226	233	0	241	244	62M12D25M5D79M1I35M3I5M4D15M
34	458	0.212	1.907E-15	5	222	233	2	230	232	61M9D23M6D9M4I7M2I93M7D6M5I8M
 