38	5286	1.00	1.747E-101	0	638	639	0	638	639	639M
28	3774	0.611	1.446E-75	0	624	639	0	614	616	286M10I329M
39	3683	0.607	2.184E-74	3	624	639	3	616	618	196M1D88M10I40M1D288M
29	3373	0.518	4.314E-69	0	637	639	0	623	626	16M1I265M1I4M10I42M1I231M1I66M
3	2920	0.437	1.205E-60	0	619	639	0	584	590	22M1I175M1I69M9I9M15I40M2I228M7I42M
59	2378	0.332	4.859E-51	4	620	639	5	602	606	17M1I92M2I26M1D128M1I16M13I38M1I7M1I226M2I20M1D26M
23	1839	0.283	3.266E-43	0	620	639	0	621	627	22M5D14M1I27M1D1M2I17M1D180M2I2M2I17M8I5M1D4M3I25M1D2M2D121M1D43M1I3M1D35M1D5M3I34M9D8M1I9M1D24M
27	1798	0.279	1.621E-42	0	618	639	0	618	626	16M3D6M3D14M1I27M1D1M2I17M1D182M4I19M7I8M3I26M5D10M2I110M1D43M1I3M1D34M1D6M3I34M7D8M1I9M1D22M
20	1793	0.263	4.564E-41	0	625	639	1	595	597	21M3D44M2I15M2D31M2I30M5I117M38I41M11D72M1D120M1I5M1I19M1D3M1D10M1D10M1I3M1I34M
19	1793	0.280	2.530E-42	3	620	639	3	618	624	13M3D6M3D13M1I30M1I17M1D182M4I17M9I5M1D6M3I24M2D121M1D43M1I3M1D36M1I5M1I25M1D9M6D8M1I9M1D24M
33	1789	0.267	6.960E-43	0	622	639	2	599	601	14M2D49M1D3M2I11M1I3M2D181M3I4M5D16M11I22M1I5M3I13M7D23M1I28M1D27M1D77M1I3M1D30M2I4M1D4M3I18M5I5M12I8M1I29M
5	1778	0.262	1.313E-41	4	623	639	5	621	625	11M2D7M20D47M2D9M2I2M4D65M1D118M31I6M1I28M1I13M2D74M1D79M1I2M1D37M1I5M1I19M4D2M1D12M1I8M1I7M1I28M
56	1778	0.276	2.765E-42	3	620	639	3	619	625	12M3D7M3D13M1I30M1I17M1D182M4I17M9I3M1D5M3I26M5D10M1I1M1I109M1D43M1I3M1D36M1I5M1I31M7D11M1I9M1D24M
13	1776	0.255	1.373E-41	0	623	639	0	621	625	22M22D47M2D9M2I2M4D63M1D120M32I44M2D76M1D81M1I2M1D37M1I5M1I23M3D12M1D7M1I7M1I28M
57	1775	0.290	1.419E-42	3	619	639	5	594	600	58M2D174M1D30M16I5M5I5M8I12M3D15M2I11M2D69M1I3M2D65M4D12M5I3M1D36M1I5M1I30M1D3M2I7M1I7M1I24M
16	1764	0.275	1.373E-41	0	620	639	0	620	626	16M3D6M3D14M1I29M1I17M1D182M3I18M9I4M1D4M3I29M3D119M1D81M1D6M3I34M7D6M1I11M1D24M
21	1750	0.276	7.041E-42	0	620	639	0	621	627	16M4D6M1D14M1I27M1D1M2I17M1D182M4I17M8I6M1D3M3I40M3D108M1D82M1D5M3I24M6D11M3D7M1I9M1D24M
14	1739	0.254	2.676E-41	2	621	639	2	623	629	14M2D7M20D46M2D13M2D65M1D118M32I25M4I9M2D5M4D5M5D74M1D79M1I2M1D37M1I5M1I23M3D19M1I7M1I26M
42	1737	0.285	8.796E-42	0	620	639	1	592	597	16M2D47M1D2M2I16M1D186M2D11M7I12M7I5M1D9M1I8M7D6M3I30M3I1M2D20M1I28M1D36M1D6M1I34M1I3M1D30M2I4M1D4M3I19M17I14M1I25M
11	1729	0.257	5.893E-42	0	621	639	1	623	629	4M1I12M13D62M3D3M1I33M1D29M1D120M31I6M1I24M3D7M2D11M3D3M3D57M3D10M2I81M1I2M1D37M1I5M1I23M5D7M5D3M1I8M1I7M1I26M
32	1712	0.250	1.678E-39	0	625	639	2	592	594	16M3D49M2I16M2D29M1I2M1I29M5I117M30I5M8I20M7D13M1D76M1D119M1I5M1I18M2D24M1I3M1I34M
12	1711	0.238	1.452E-40	0	621	639	0	637	643	3M1D12M1D3M16D5M7D46M2D13M2D35M1D28M1D81M1I38M31I5M1I44M17D73M1D79M1I2M1D37M1I5M1I21M1D2M2D12M1D7M1I7M1I26M
7	1699	0.244	7.534E-40	0	621	639	0	599	604	22M1D54M2I4M3D68M1D115M31I6M1I27M3D3M1D14M1D44M1D28M1D124M2I23M3D11M1D8M1I7M1I26M
18	1694	0.248	1.063E-40	1	625	639	2	682	684	21M4D40M2I15M2I2M4D64M2D118M51D34M7I113M1D57M4D22M1I2M1D37M1I5M1I25M1D2M6D6M2I7M1I7M1I30M
37	1692	0.267	1.452E-40	3	619	639	4	597	603	10M1D4M1D5M6D43M2I12M3I2M4D181M3D16I5M10I5M3I16M1I13M9D8M3I20M1I31M2I20M1D79M1I3M1D29M2I5M1D4M3I31M1I3M4I7M3D4M1I24M
22	1687	0.267	6.813E-41	3	619	639	4	609	612	10M1D10M10D42M2I12M3I2M4D164M1D17M3D2M11I16M9I18M5I15M5D3M4D27M1I26M2I19M1D113M2I4M1D4M3I18M1D15M6I7M1D3M1D26M
51	1687	0.275	5.156E-42	0	620	639	0	651	656	16M5D6M1D41M1D2M2I15M3D180M16D14M6I4M10I5M12I7M2D12M1D9M1D5M1D192M1I5M1I19M5D4M4D5M2D2M23D12M1I4M1I28M
55	1684	0.269	1.162E-40	3	619	639	4	600	606	13M6D6M3D41M1D12M2I7M3D162M1D19M14I1M1D6M18I19M1D7M1D5M3D9M1D24M1I25M2I23M2I2M3D75M1I3M1D30M2I4M1D4M3I18M1D15M5D5M6I6M1I24M
49	1680	0.275	1.793E-41	0	623	639	0	642	643	13M1D4M6D5M2D41M1D2M2I9M3D7M1I176M5I4M22I4M2I11M1D12M11D8M4I6M1I6M1D153M1I2M1D37M1I5M1I19M2D7M29D7M3D9M1I4M1I31M
46	1663	0.260	1.373E-41	3	623	639	3	653	655	13M14D6M4D41M1D2M2I11M2I2M4D178M5I5M29I7M2I10M16D2M2D24M1I193M1I5M1I19M2D5M8D16M3D8M19D31M
10	1662	0.255	1.088E-38	3	624	639	6	582	585	13M1D63M1D1M3I1M3D29M2I30M1D60M3I57M32I33M3I14M1I78M1D30M1D6M1I75M1I5M1I19M4I19M1I7M1I29M
41	1662	0.275	2.925E-41	3	623	639	2	660	661	12M3D4M8D4M9D40M1D2M2I11M2I4M4D176M5I3M9I9M7I2M15I8M14D8M1D20M8D192M1I5M1I19M2D5M8D8M21D3M3D7M1I4M1I31M
17	1661	0.268	9.411E-40	3	618	639	3	582	589	13M2I45M1I15M4D1M3I64M5D50M1D37M2I24M7I11M22I18M2I8M1I214M2I33M2I7M1I3M1I27M
50	1660	0.260	1.201E-41	0	623	639	0	665	667	16M14D47M1D2M2I12M3D4M1I176M5I5M14D12M10I12M12I4M2D28M8D190M1I5M1I19M2D5M8D7M24D11M1I4M1I31M
8	1657	0.273	1.735E-40	0	625	639	2	608	610	21M3D44M2I15M2D31M2I30M5I125M2I7M2I12M7I10M3I12M3I12M1D1M1D72M1D120M1I5M1I19M1D3M1D10M1D10M1I3M1I34M
48	1654	0.275	1.051E-41	4	623	639	4	647	649	9M1D4M4D5M3D44M1I15M3D178M5I3M9I7M8D24M13I17M2D8M1D152M1I2M1D37M1I5M1I19M5D4M11D4M15D8M3D1M1D5M2I4M1I31M
1	1652	0.252	1.313E-41	0	618	639	0	663	670	22M16D41M1D2M2I11M2I2M4D181M28I6M8I13M18D2M1D13M6D12M9D193M1I5M1I19M2D5M8D19M3D5M19D26M
43	1647	0.256	7.534E-40	3	625	639	5	592	594	13M3D49M2I16M2D29M1I2M1I29M5I125M2I5M3I14M1I4M15I17M9I74M1D64M1D4M1I50M1I5M1I19M1D3M1D19M1I4M1I34M
47	1626	0.254	4.828E-40	3	621	639	5	622	629	15M3D5M18D43M2I11M4D1M3I184M15I5M1D10M4I19M3D4M6D11M7I26M3I2M2D21M1D27M1D77M1I2M1D31M2I4M1I5M1I18M1D12M1I4M4I5M3D6M1I26M
26	1615	0.256	4.176E-41	3	618	639	3	663	670	19M16D44M1I11M2I4M4D176M28I10M8I12M18D2M1D13M3D7M9D6M3D192M1I5M1I19M5D4M5D20M3D5M19D26M
44	1605	0.232	6.378E-39	3	620	639	4	624	629	13M6D1M14D46M1I4M1D11M5D1M3I182M16I3M13I23M7I6M17D7M3D6M1I72M1D61M4D14M5I3M1D38M2I35M1D8M1I6M1I28M
2	1593	0.252	7.289E-39	0	625	639	3	597	599	16M3D49M2I12M2I2M4D29M1I2M1I29M5I125M2I5M3I14M1I4M15I17M9I77M5D61M1D4M1I50M1I5M1I18M2D24M1I4M1I33M
36	1590	0.234	2.930E-37	0	625	639	0	617	620	22M10D56M1D6M1D29M1I151M16I3M13I38M2D11M1I49M5D10M3I10M1D108M1D11M1I4M1I32M9D14M2I34M
58	1575	0.264	5.216E-41	3	623	639	4	660	662	13M15D47M1D2M2I11M2I4M4D176M5I5M7D6M4D10M8I17M10I6M6I10M5D4M3D191M1I5M1I19M5D4M5D9M3I3M6D10M19D31M
35	1570	0.234	7.799E-37	0	625	639	0	617	620	22M10D56M1D7M1D30M1I149M16I3M13I39M2D10M1I49M5D10M3I10M1D108M1D11M1I4M1I26M5D7M2D3M1D7M3I6M2D30M
4	1570	0.269	1.256E-41	3	634	639	3	675	677	13M19D7M3D40M1D2M2I9M3D7M1I176M5I5M7D10M6I9M4D16M10I8M1I11M2I6M12D189M1I5M1I19M2D5M8D19M3D5M19D25M11I6M
45	1559	0.226	4.780E-37	0	625	639	0	617	620	16M4D6M6D56M1D7M1D30M1I149M16I3M13I36M2D11M1I51M5D21M2I108M1D11M1I4M1I26M1D6M9D2M2I7M3I6M2D30M
24	1547	0.273	8.710E-39	3	619	639	4	625	630	19M23D42M1D1M2I12M4D1M3I116M1D65M18I4M10I19M1I13M6D8M1I10M3D17M1I28M2I21M1D115M2I4M2D5M4I16M9D4M2I14M3D6M1I2M1I27M
30	1529	0.247	3.660E-37	1	620	639	0	615	620	15M25D7M6D40M1I15M4D1M3I32M1I29M4D3M1D86M2I24M11I5M23I5M1D8M1I7M7I17M3I196M2I32M4D2M7D7M1I4M1I29M
52	1524	0.268	9.319E-37	3	621	639	3	571	578	13M4D3M7D44M1D3M2I10M2I2M4D31M2I84M1D55M3I6M28I8M13I23M1D59M1D144M1I5M1I22M16I9M1I29M
25	1523	0.234	2.481E-36	4	623	639	3	603	605	12M18D7M9D40M1I15M4D1M3I32M1I27M6D3M1I87M2I24M11I5M23I7M3I6M5I24M2I197M2I41M1I4M1I32M
9	1514	0.222	2.146E-37	3	620	639	4	645	650	12M39D8M3D40M1I4M1D11M2D186M16I3M13I21M19D4M11I14M3D44M4I4M4D20M1D61M4D14M5I3M1D36M1I5M1I32M1D8M1I6M1I28M
53	1491	0.259	1.571E-37	4	621	639	4	636	642	9M1D1M1D2M16D7M16D40M4I1M1D7M2I5M4D31M2I84M1D64M2I16M20D3M2D15M34I165M1I3M1D36M1I5M1I22M4D10M2I11M3I29M
40	1484	0.239	7.546E-36	0	621	639	0	573	579	19M8D44M4I1M1D7M4I4M6D31M3I27M4I51M1D55M1I4M40I4M1I7M5I6M11I12M7D193M1I5M1I19M6D23M1I7M1I26M
15	1476	0.252	4.475E-35	3	625	639	3	576	579	16M6I37M1D17M1I2M4D31M1I30M2D54M1D62M28I11M18I32M1I188M1I5M1I18M3D8M1I15M1I3M1I34M
54	1472	0.251	8.624E-36	3	621	639	2	570	577	14M4D46M4I1M1D7M4I4M6D34M2I25M4I51M1D55M1I4M13I10M1I3M8I9M14I3M13I205M1I5M1I19M6D23M1I7M1I26M
0	1449	0.241	1.662E-36	4	623	639	3	696	697	18M7D41M3I17M2D32M1I144M5I5M7D4M2I8M4D5M4I7M72D7M4D21M5I13M3D132M3I57M1I5M1I19M1D7M1I15M1I5M1D31M
31	1399	0.207	2.322E-34	3	617	639	2	650	658	13M44D7M31D40M1I15M4D1M3I32M1I27M6D3M1I48M1D39M2I8M2D16M27I5M7I8M3I7M5I221M2I41M1I4M1I26M
34	1348	0.232	8.826E-34	4	618	639	4	610	617	9M3D7M3D16M1I27M1D1M2I12M3I3M4D55M2I4M5I118M10I7M2D10M7I31M2D122M2D10M1I31M1I3M1D27M2D2M1I10M3I24M1I5M9D11M1I10M1D22M
6	1257	0.197	1.741E-32	0	619	639	0	655	663	22M11D43M2I11M1D4M1D63M5I48M45D1M22D63M17I5M13I4M6I11M3D4M7D16M10I46M1D27M1D61M4D13M1D1M5I37M6I23M1D5M4D6M2I7M1I5M1D27M
 