61	3167	1.00	3.260E-82	0	352	353	0	352	353	353M
90	1536	0.374	3.981E-45	6	349	353	5	350	355	3M1I20M1D209M4D35M1I26M1D37M2I10M
94	1319	0.338	8.185E-40	4	351	353	0	347	352	9M2D40M1I8M2I31M1D27M1I45M1D29M1I8M2D94M1D38M2I12M
86	1264	0.302	1.093E-38	7	349	353	1	340	343	12M1D103M1I47M1I57M1I10M1D37M1I23M2D14M1I21M2I12M
7	1263	0.321	1.879E-38	8	349	353	0	338	341	11M1D103M1I47M1I105M1I24M2D13M1I20M1I3M1I10M
58	1255	0.314	1.666E-38	7	349	353	1	340	343	12M1D103M1I47M1I57M1I10M1D35M1I26M2D13M1I20M1I3M1I10M
74	1245	0.306	4.929E-38	8	349	353	0	338	341	10M1D104M1I47M1I55M1I12M1D37M1I24M2D13M1I21M2I12M
71	1243	0.324	1.293E-37	8	349	353	0	338	341	10M1D104M1I47M1I103M1I26M2D13M1I23M2I10M
87	1243	0.317	6.273E-38	8	349	353	0	338	341	9M1D105M1I47M1I57M1I9M1D39M1I23M2D13M1I23M2I10M
26	1237	0.309	7.983E-38	8	349	353	0	338	341	11M1D103M1I47M1I57M1I10M1D37M1I24M2D13M1I20M1I3M1I10M
22	1235	0.306	9.565E-38	8	349	353	0	338	341	11M1D103M1I47M1I57M1I10M1D37M1I24M2D13M1I20M1I3M1I10M
45	1235	0.306	7.516E-38	8	349	353	0	338	343	11M1D103M1I47M1I57M1I10M1D37M1I24M2D13M1I20M1I3M1I10M
83	1234	0.309	7.983E-38	8	349	353	0	338	344	11M1D103M1I47M1I57M1I10M1D37M1I24M2D13M1I20M1I3M1I10M
98	1233	0.306	1.146E-37	8	349	353	0	338	341	11M1D103M1I47M1I57M1I10M1D35M1I26M2D13M1I23M2I10M
65	1230	0.309	1.016E-37	8	349	353	0	338	341	11M1D103M1I47M1I57M1I10M1D35M1I26M2D13M1I20M1I3M1I10M
5	1229	0.306	1.549E-37	8	349	353	0	338	341	11M1D103M1I47M1I57M1I10M1D37M1I24M2D13M1I20M1I3M1I10M
44	1228	0.312	1.146E-37	8	349	353	0	338	341	11M1D103M1I47M1I57M1I10M1D35M1I26M2D13M1I20M1I3M1I10M
101	1228	0.306	1.373E-37	8	349	353	0	338	341	11M1D103M1I47M1I57M1I10M1D35M1I26M2D13M1I20M1I3M1I10M
19	1226	0.317	1.549E-37	8	349	353	0	338	341	11M1D103M1I47M1I57M1I10M1D37M1I24M2D13M1I20M1I3M1I10M
14	1225	0.310	2.664E-37	8	349	353	0	338	341	11M1D103M1I47M1I105M1I24M2D13M1I20M1I3M1I10M
15	1225	0.309	1.971E-37	8	349	353	0	338	341	11M1D103M1I47M1I57M1I10M1D37M1I24M2D13M1I20M1I3M1I10M
24	1225	0.309	1.747E-37	8	349	353	0	338	341	11M1D103M1I47M1I57M1I10M1D35M1I25M2D14M1I20M1I3M1I10M
82	1225	0.309	1.747E-37	8	349	353	0	338	341	11M1D103M1I47M1I57M1I10M1D35M1I26M2D13M1I20M1I3M1I10M
27	1224	0.309	1.747E-37	8	349	353	0	338	341	11M1D103M1I47M1I57M1I10M1D37M1I24M2D13M1I20M1I3M1I10M
17	1222	0.309	1.747E-37	8	349	353	0	338	341	11M1D103M1I47M1I57M1I10M1D35M1I26M2D13M1I20M1I3M1I10M
36	1221	0.306	3.006E-37	8	349	353	0	338	341	11M1D103M1I47M1I57M1I10M1D35M1I26M2D13M1I23M2I10M
68	1221	0.306	2.094E-37	8	349	353	0	338	341	11M1D103M1I47M1I55M1I12M1D37M1I24M2D13M1I20M1I3M1I10M
39	1220	0.312	2.094E-37	8	349	353	0	338	341	11M1D103M1I47M1I57M1I10M1D37M1I23M2D14M1I20M1I3M1I10M
41	1220	0.309	2.362E-37	8	349	353	0	338	341	11M1D103M1I47M1I57M1I10M1D35M1I26M2D13M1I20M1I3M1I10M
49	1219	0.312	2.362E-37	8	349	353	0	338	341	11M1D103M1I47M1I57M1I10M1D35M1I26M2D13M1I20M1I3M1I10M
73	1217	0.306	1.971E-37	8	349	353	0	338	341	11M1D103M1I47M1I55M1I12M1D35M1I26M2D13M1I20M1I3M1I10M
30	1216	0.306	3.825E-37	8	349	353	0	338	341	11M1D103M1I47M1I57M1I10M1D37M1I24M2D13M1I20M1I3M1I10M
64	1216	0.309	2.664E-37	8	349	353	0	338	341	11M1D103M1I47M1I57M1I10M1D35M1I26M2D13M1I20M1I3M1I10M
6	1215	0.303	3.193E-37	8	349	353	0	338	341	11M1D103M1I47M1I55M1I12M1D37M1I24M2D13M1I20M1I3M1I10M
25	1215	0.312	2.830E-37	8	349	353	0	338	341	11M1D103M1I47M1I57M1I10M1D35M1I25M2D14M1I20M1I3M1I10M
31	1215	0.306	3.391E-37	8	349	353	0	338	341	11M1D103M1I47M1I57M1I10M1D35M1I26M2D13M1I20M1I3M1I10M
99	1215	0.303	5.833E-37	8	349	353	0	338	341	11M1D103M1I47M1I57M1I10M1D35M1I26M2D13M1I23M2I10M
21	1214	0.306	4.063E-37	8	349	353	0	338	341	11M1D103M1I47M1I57M1I10M1D35M1I26M2D13M1I20M1I3M1I10M
33	1213	0.306	3.601E-37	8	349	353	0	338	341	11M1D103M1I47M1I55M1I12M1D35M1I26M2D13M1I20M1I3M1I10M
67	1213	0.306	3.601E-37	8	349	353	0	338	341	11M1D103M1I47M1I55M1I12M1D35M1I26M2D13M1I20M1I3M1I10M
80	1213	0.306	4.063E-37	8	349	353	0	338	341	11M1D103M1I47M1I57M1I10M1D35M1I25M2D14M1I20M1I3M1I10M
10	1212	0.306	4.063E-37	8	349	353	0	338	341	11M1D103M1I47M1I55M1I12M1D37M1I24M2D13M1I20M1I3M1I10M
40	1212	0.309	3.825E-37	8	349	353	0	338	341	11M1D103M1I47M1I57M1I10M1D35M1I26M2D13M1I20M1I3M1I10M
100	1212	0.306	3.825E-37	8	349	353	0	338	341	11M1D103M1I47M1I55M1I12M1D35M1I26M2D13M1I20M1I3M1I10M
70	1211	0.309	4.063E-37	8	349	353	0	338	341	11M1D103M1I47M1I57M1I10M1D35M1I26M2D13M1I20M1I3M1I10M
16	1210	0.306	4.315E-37	8	349	353	0	338	341	11M1D103M1I47M1I57M1I10M1D35M1I26M2D13M1I20M1I3M1I10M
23	1210	0.309	4.583E-37	8	349	353	0	338	341	11M1D103M1I47M1I57M1I10M1D35M1I26M2D13M1I20M1I3M1I10M
28	1210	0.306	4.063E-37	8	349	353	0	338	341	11M1D103M1I47M1I55M1I12M1D35M1I26M2D13M1I20M1I3M1I10M
29	1210	0.306	4.583E-37	8	349	353	0	338	341	11M1D103M1I47M1I57M1I10M1D35M1I26M2D13M1I20M1I3M1I10M
38	1210	0.309	4.063E-37	8	349	353	0	338	341	11M1D103M1I47M1I57M1I10M1D35M1I26M2D13M1I20M1I3M1I10M
42	1210	0.306	5.833E-37	8	349	353	0	338	341	11M1D103M1I47M1I57M1I10M1D37M1I24M2D13M1I20M1I3M1I10M
37	1207	0.309	4.868E-37	8	349	353	0	338	341	11M1D103M1I47M1I57M1I10M1D35M1I25M2D14M1I20M1I3M1I10M
43	1207	0.306	6.195E-37	8	349	353	0	338	341	11M1D103M1I47M1I57M1I10M1D35M1I26M2D13M1I20M1I3M1I10M
57	1203	0.309	6.988E-37	8	349	353	0	338	341	11M1D103M1I47M1I57M1I10M1D35M1I25M2D14M1I20M1I3M1I10M
34	1201	0.306	1.003E-36	8	349	353	0	338	341	11M1D103M1I47M1I57M1I10M1D35M1I26M2D13M1I20M1I3M1I10M
18	1197	0.300	1.356E-36	8	349	353	0	338	341	11M1D103M1I46M1I58M1I10M1D35M1I26M2D13M1I20M1I3M1I10M
35	1197	0.306	1.066E-36	8	349	353	0	338	341	11M1D103M1I47M1I55M1I12M1D35M1I26M2D13M1I20M1I3M1I10M
76	1197	0.306	1.277E-36	8	349	353	0	338	341	11M1D103M1I47M1I57M1I10M1D35M1I26M2D13M1I20M1I3M1I10M
9	1194	0.306	1.833E-36	8	349	353	0	338	341	11M1D103M1I47M1I57M1I10M1D37M1I24M2D13M1I20M1I3M1I10M
63	1194	0.309	1.277E-36	8	349	353	0	338	341	11M1D103M1I47M1I55M1I12M1D37M1I24M2D13M1I20M1I3M1I10M
11	1191	0.300	1.625E-36	8	349	353	0	338	341	11M1D103M1I47M1I55M1I12M1D35M1I26M2D13M1I20M1I3M1I10M
12	1191	0.309	1.625E-36	8	349	353	0	338	341	11M1D103M1I47M1I55M1I12M1D37M1I24M2D13M1I20M1I3M1I10M
20	1189	0.306	1.947E-36	8	349	353	0	338	341	11M1D103M1I47M1I55M1I12M1D37M1I24M2D13M1I20M1I3M1I10M
62	1187	0.309	2.795E-36	8	349	353	0	338	341	11M1D103M1I47M1I57M1I10M1D37M1I24M2D13M1I20M1I3M1I10M
13	1186	0.306	2.333E-36	8	349	353	0	338	341	11M1D103M1I47M1I55M1I12M1D35M1I26M2D13M1I20M1I3M1I10M
32	1186	0.306	2.968E-36	8	349	353	0	338	341	11M1D103M1I47M1I57M1I10M1D35M1I26M2D13M1I20M1I3M1I10M
4	1185	0.309	2.631E-36	8	349	353	0	338	341	11M1D103M1I47M1I55M1I12M1D37M1I24M2D13M1I20M1I3M1I10M
51	901	0.270	3.676E-29	8	349	353	0	349	351	51M3I50M4D9M2I12M1D3M1D17M1D119M1D14M2D12M2D26M1D24M
50	891	0.285	1.088E-28	8	348	353	0	348	352	51M3I52M4D7M2I12M1D3M1D17M1D124M1D9M2D12M2D26M1D23M
53	891	0.261	5.277E-29	8	349	353	0	349	360	51M3I50M4D7M2I17M2D17M1D123M1D10M2D12M2D26M1D24M
54	731	0.209	2.466E-26	0	349	353	0	330	334	13M2D6M1D39M4I30M24I4M5I14M1D9M3D5M2D27M1D17M1I50M1I21M4D5M4I15M4I5M5D6M8D9M2I15M1I14M
56	716	0.208	1.675E-24	8	350	353	1	324	325	5M2D6M1D40M3I35M27I44M2D12M1D17M1I53M1I37M1D9M2D6M7D14M2I16M1I14M
52	645	0.223	1.558E-23	7	350	353	3	326	327	5M1I6M1D40M3I30M24I2M3I32M2I13M4D12M1D17M1I53M1I37M1D9M2D5M7D14M3D3M3I12M1I15M
55	645	0.215	9.056E-24	7	350	353	3	326	327	5M1I7M1I10M2D28M3I30M24I6M3I29M2D26M1D17M1I53M1I37M1D7M2D7M7D14M3D3M3I12M1I15M
104	624	0.207	1.577E-24	4	352	353	2	347	350	12M3D11M2D24M3D8M5I28M24I6M4I27M2D26M1D16M1I2M1D6M1I33M1I7M1I26M6D4M10D18M3I8M1D2M1I5M2I4M12D16M1I16M
72	609	0.207	5.592E-24	4	352	353	3	347	350	2M1I9M3D11M2D23M3D9M5I28M24I6M4I27M2D26M1D16M1I2M1D6M1I33M1I12M1I21M6D4M10D18M3I8M1D2M1I5M2I4M12D14M1I18M
81	605	0.193	8.027E-24	7	352	353	5	347	350	9M3D11M2D23M3D9M5I28M24I6M4I27M2D26M1D16M1I2M1D6M1I33M1I7M1I26M6D4M10D18M3I8M1D2M1I5M2I4M12D16M1I16M
105	590	0.197	2.079E-22	6	352	353	3	345	354	10M3D36M1I6M1I32M24I7M4I38M2D16M2D1M1I7M1I7M1D6M1I10M1I7M1I14M1I15M1I15M7D7M9D19M6D6M2D10M4I4M6D16M1I16M
89	588	0.201	1.009E-22	6	352	353	3	345	354	10M3D36M1I6M1I32M24I7M4I38M2D16M2D1M1I7M1I7M1D6M1I10M1I7M1I14M1I15M1I15M7D7M9D37M2I4M12D16M1I16M
79	569	0.170	2.460E-21	11	349	353	2	333	336	6M7D37M6I4M1D33M25I48M8D10M1D17M1I25M1I4M1I41M2I6M1I20M6D20M5D7M3D9M1I14M
92	564	0.170	3.751E-21	11	349	353	2	333	336	6M7D37M6I4M1D33M25I48M8D10M1D17M1I25M1I4M1I41M2I6M1I20M6D20M5D5M1D8M1D18M
2	545	0.190	6.940E-22	3	352	353	3	355	358	20M1D38M3I1M3I24M24I6M4D33M3D17M8D8M1D17M1I6M1I33M1I23M1D8M5I5M2I14M9D7M5D2M4D4M7D8M3I5M1D1M2D15M2D2M2I8M
84	544	0.178	5.070E-21	7	349	353	1	333	335	4M3I5M7D40M5I28M26I3M1D46M2D3M6D9M1D18M1I27M2I43M2I6M1I20M6D10M3D5M1I4M3D7M3D9M1I14M
78	542	0.182	8.722E-21	7	349	353	1	331	333	9M4D43M5I28M26I3M1D46M2D3M6D10M1D17M1I25M1I12M3I31M2I6M1I20M6D10M3D5M1I4M3D7M3D9M1I14M
60	541	0.176	1.179E-20	7	349	353	1	333	335	4M3I5M7D40M5I28M26I3M1D46M2D3M6D10M1D17M1I27M2I43M2I6M1I21M7D4M2D10M1I4M3D7M3D9M1I14M
59	539	0.176	9.264E-21	7	349	353	1	333	335	4M3I5M7D40M5I28M26I3M1D46M2D3M6D10M1D17M1I27M2I43M2I6M1I20M6D10M3D5M1I4M3D7M3D9M1I14M
95	537	0.195	1.692E-20	4	349	353	3	342	349	13M5D6M1D30M1I7M1I22M1D8M24I3M5I20M3I3M1D17M2D13M1D17M1I40M1I12M1I20M5D11M4D14M2D18M1I8M11D20M1I5M
85	536	0.177	1.330E-20	7	349	353	1	333	335	9M4D43M5I28M26I3M1D46M2D3M6D10M1D17M1I27M2I43M2I6M1I20M6D10M3D5M1I4M3D7M3D9M1I14M
96	536	0.179	9.264E-21	7	349	353	1	333	335	9M4D43M5I28M26I3M1D46M2D3M6D10M1D17M1I27M2I22M1I5M1D15M2I6M1I20M6D10M3D5M1I4M3D7M3D9M1I14M
75	536	0.174	3.488E-20	3	349	353	1	352	355	28M1D23M1D4M11D34M24I4M1I34M1D16M4D9M1D23M1I14M1I14M3I17M1I9M2D11M5D7M3I6M16D27M2I20M1I10M
48	533	0.160	1.330E-20	8	349	353	0	347	349	10M3D12M3D14M2D12M6I30M24I37M2D26M1D18M1I19M2D8M2D26M10D3M4D15M4I11M3D12M4D5M8D16M2I16M1I14M
69	533	0.185	3.488E-20	4	349	353	4	343	350	13M5D6M1D30M1I7M1I22M1D8M24I3M5I20M3I3M1D18M2D12M1D17M1I40M1I12M1I20M5D11M4D14M2D14M4D5M4I4M10D20M1I5M
8	524	0.209	1.593E-20	4	349	353	0	343	346	2M1I12M1D36M5D4M5I32M7I9M13I30M1D14M3D2M1D1M7D8M1D10M3D2M3I2M1I6M1I45M1D8M7D5M2I1M2D5M1I8M8I10M5D8M3D17M1D12M1I14M
91	521	0.191	3.705E-20	4	349	353	4	343	350	13M5D6M1D28M4D7M6I20M1D8M24I3M5I20M3I3M1D18M2D11M1D18M1I40M1I12M1I20M5D11M4D14M2D13M4D6M4I4M10D20M1I5M
46	516	0.202	1.045E-20	4	349	353	0	343	346	2M1I12M1D36M5D4M5I32M7I9M13I30M1D14M3D2M1D1M7D8M1D10M3D2M3I2M1I6M1I45M1D8M7D5M2I1M2D5M1I8M8I9M4D18M3I2M7D3M1D12M1I14M
77	515	0.154	1.412E-20	8	349	353	0	347	349	7M3D15M3D14M2D12M6I30M24I49M2D14M1D18M1I13M2I6M4D5M1D5M1D16M4D3M6D6M4D15M4I11M3D14M12D19M2I24M1I6M
88	512	0.188	1.671E-19	6	348	353	4	356	363	7M2D6M1D4M1D7M1D25M12D37M26I6M1D31M1D12M5D13M1D17M1I6M1I29M3I14M1I12M2D6M11D2M9I9M14D7M2D20M2I25M1I4M
93	507	0.194	4.495E-21	3	349	353	5	353	357	20M1D28M5I3M2I6M1D27M22I7M2D31M2D9M1I6M7D3M1D6M1I10M1I4M3D9M1I33M1I26M1D7M7I19M16D3M5D13M3I3M4D5M1D1M2D15M2D2M2I5M
102	505	0.169	3.935E-20	8	349	353	0	346	348	7M3D10M3D18M3D13M7I29M24I37M2D26M1D18M1I8M3I7M5D10M2D19M7D9M6D15M4I11M3D14M12D19M2I25M1I5M
103	496	0.165	1.082E-18	4	348	353	2	356	360	9M2D6M1D4M1D7M1D25M12D37M26I6M1D30M2D17M4D9M1D17M1I6M1I31M3I15M1I9M2D7M3I5M5D11M14D12M2D15M2I25M1I4M
0	491	0.207	1.593E-20	3	349	353	0	351	353	20M1D28M5I5M2I5M1D12M1D4M1D8M24I4M2D3M2D31M2D16M1I3M9D6M1D10M3D2M5I1M1D6M1I33M1I26M1D7M7I11M1D6M16D6M1D3M1D4M3D5M2I4M5D6M1D24M
66	487	0.171	8.506E-19	3	348	353	1	356	360	10M2D6M1D4M1D7M1D23M14D5M2I32M26I6M1D30M2D13M4D13M1D17M1I6M1I30M3I16M1I9M2D6M10I4M8D6M18D16M2D11M2I25M1I4M
1	486	0.220	1.798E-20	4	349	353	0	367	369	2M1I12M2D39M1D3M1I30M3I6M2I9M13I29M2D11M11D15M1D10M3D2M3I2M1I6M1I41M1I4M2D12M2I1M2D16M14D4M3D12M3I15M4D4M8D3M1D21M1I5M
107	484	0.207	3.935E-20	3	349	353	0	351	353	20M1D28M5I5M2I5M1D12M1D4M1D8M24I4M2D3M2D31M2D16M1I3M9D6M1D10M3D2M5I1M1D6M1I33M1I26M1D7M7I9M1D8M16D5M2D8M3D5M2I4M5D6M1D24M
47	481	0.181	1.096E-19	3	349	353	1	350	353	20M1D38M3I1M3I24M24I6M4D33M2D19M9D6M1D17M1I6M1I33M1I28M1D3M5I5M2I14M18D13M3D5M2I5M2D5M4D24M
3	465	0.174	1.753E-18	4	349	353	0	346	351	18M1D30M6I5M1I6M1D22M1D1M23I9M2D29M2D11M4D7M2D8M1D13M2I3M1D6M1I33M1I26M1D7M7I9M1D5M18D16M7D8M1I8M1D24M
97	462	0.170	1.006E-17	6	348	353	4	356	360	7M2D6M1D4M1D7M1D23M14D5M2I32M26I6M1D30M2D13M4D13M1D17M1I6M1I31M3I15M1I9M2D6M10I4M8D6M18D12M2D15M2I25M1I4M
106	461	0.200	2.875E-19	3	349	353	0	351	355	22M1D26M5I5M2I5M1D12M1D4M1D8M24I6M2D1M2D31M2D16M1I3M8D2M1D4M1D10M3D2M5I1M1D6M1I33M1I26M1D7M7I11M1D6M16D6M1D3M1D4M3D5M2I4M5D6M1D24M
 