8	9091	1.00	0.000E+00	0	1034	1035	0	1034	1035	1035M
37	6263	0.639	0.000E+00	4	1033	1035	4	1034	1038	13M1I4M2D14M1D8M2I641M3D41M1I63M1I58M1I129M1D53M
10	4835	0.480	2.850E-98	3	1033	1035	6	1018	1021	12M1D3M2I22M2I22M1D435M2I157M9I44M1I7M5I56M8I5M3I1M1I49M1D63M5D11M2D58M4D2M1D51M
5	4637	0.474	3.511E-98	3	1031	1035	6	1020	1025	15M1I23M2I23M1D432M2I3M1D154M9I4M1D3M1D45M4I59M8I5M4I48M1I7M1D56M4D3M1D9M2D58M4D2M1D49M
1	3834	0.465	1.734E-90	0	1031	1035	5	1029	1034	5M2I5M4I28M2I618M1D5M4I56M5D53M2I11M2I49M3I62M2D9M1I62M5D49M
50	3348	0.375	3.568E-83	0	1031	1035	5	1055	1060	13M1D4M4I21M2I13M2I3M2D117M1I196M24D242M1D44M3D31M1D22M4D15M6I14M3D31M6I9M2I115M1I51M1I13M4D4M1D49M
42	3299	0.381	1.951E-81	4	1033	1035	26	1079	1082	11M1D3M2I24M1D13M2I3M2D117M1I378M5D3M19D57M1D27M3I25M3D19M5I22M5D19M1D12M3D31M5I64M2I61M1I51M1I13M5D55M
14	3118	0.379	5.420E-79	3	1033	1035	5	1074	1080	40M4D5M2D9M2I4M1D2M1D114M1I380M24D58M1D60M1D59M3D13M3D31M3I43M2D23M3I1M2D66M1I44M1I13M5D11M1D44M
45	3098	0.346	3.162E-71	0	1031	1035	22	963	966	15M1D18M1I12M1I8M2I5M2D18M24I37M1D38M1I45M1D95M24I133M1D100M25I16M1D44M2I1M1I25M2I26M7I57M8I61M1I111M1I15M4D3M2D11M3I35M
15	2989	0.345	9.942E-73	4	1031	1035	24	967	970	11M3D18M1I10M1I12M2I3M2D18M24I37M1D38M1I45M1D95M24I238M25I11M1D41M7D6M5I31M2I19M7I55M8I60M1I111M1I15M4D3M2D11M3I35M
17	2943	0.331	4.020E-70	1	1029	1035	8	955	959	12M4D7M3I11M2D12M1I13M1D27M24I32M2D18M12I3M10I4M2I10M24I48M1D224M3I1M2D78M1I37M1D50M2I28M1I18M3D2M10I52M6I9M2I1M1I52M1I60M1D51M1I16M7D2M2D14M3I30M
24	2936	0.340	1.059E-70	0	1031	1035	3	965	967	11M1I2M7D7M2I11M2D10M2I11M2I3M3D25M24I26M1D4M5D38M1I45M1D114M24I76M19I2M5I34M3D4I77M1I37M1D44M1I10M9D46M10I39M1I12M3I8M6I54M1I59M1I51M1I16M4D1M6D3M1D12M3I32M
52	2886	0.321	8.003E-68	3	1029	1035	4	946	952	24M1D6M1D9M2I11M2I5M2D42M2D2M1I7M1D65M1I21M1D226M12I5M13I99M25I3M24I10M1D101M10I52M7I5M2I57M1I111M1I17M11D12M3I33M
16	2774	0.364	3.330E-72	2	1033	1035	9	965	966	19M1I12M1D10M1I10M24I17M1D42M1D41M1I44M1D96M24I137M3D101M8I1M17I10M1D41M3D27M5D8M2I20M1I6M7I62M8I53M1I57M1D69M4D3M2D11M3I37M
46	2764	0.341	4.902E-69	4	1029	1035	4	948	953	11M2D13M2D14M2I43M24I27M1D17M25I70M15I1M8I186M1D3M1I38M1I77M1I37M1D44M1D20M3D6M1I30M11I51M4I10M5I47M3I4M2D110M1I16M4D1M7D12M3I33M
11	2699	0.334	8.787E-69	0	1029	1035	0	941	947	15M2D13M1D4M1D10M2I41M24I29M1D17M25I43M24I27M1D224M6I1M5D75M1I37M1D44M7I1M3D27M1I21M10I52M4I10M5I51M1I112M1I15M9D3M2D11M3I33M
44	2682	0.352	1.418E-70	3	1031	1035	27	977	982	8M1I22M1D10M2I8M2I7M2D21M1D2M3D4M7I59M25I140M24I37M2I2M2D134M24I36M1I37M1D44M2I18M1I20M1I14M5D54M1D10M3I12M3I55M2D56M2I64M1D4M3D2M1D9M1I39M
19	2682	0.343	1.621E-75	5	1032	1035	26	1094	1096	37M2I11M2I5M2D117M1I39M24D163M1D3M1I59M23D126M4I5M2D64M1D18M8D24M7I36M8I6M4D7M3D32M6I8M3I168M1I3M1D7M4D6M1D9M2D40M
51	2630	0.343	8.862E-74	5	1033	1035	8	1087	1090	22M2D15M2I135M1I206M24D62M23D191M2I7M1D4M2D10M7D49M4I16M6I6M2D7M3D31M11I7M2D51M1D69M2I58M7D6M3D5M2D44M
36	2607	0.329	3.432E-75	0	1033	1035	1	1055	1061	3M2D24M2D9M2D8M1I11M12I2M12I97M1I52M24D216M23D191M2I1M3I9M2D5M3D6M4D16M6I27M2I13M10I11M7D32M11I6M2D49M1D71M2I60M7D2M2D7M2D44M
0	2587	0.330	1.117E-67	0	1029	1035	0	943	949	3M1D12M2D13M1D6M1D8M2I70M1D41M25I44M1D118M5I2M19I110M1I9M24I68M1I37M1D44M2I54M12I51M7I8M2I49M3I4M2D110M1I16M4D1M7D12M3I33M
33	2575	0.350	3.437E-71	2	1031	1035	3	970	974	9M1I16M5D18M1I7M24I101M1I151M24I170M1I51M11I3M14I13M1D21M2I5M1D16M1I7M7D59M3D22M2D2M1I45M4I44M2I7M4D57M3I61M4D6M1D49M
49	2570	0.352	1.918E-71	0	1033	1035	5	952	955	6M3I34M1I97M27I3M22I36M1D20M2I1M2D85M1I44M2I2M2D190M12I1M9I1M4I15M1D6M1I18M3D5M4I10M2D5M5I10M2I40M7I68M5D53M1I64M1D52M1I6M4D14M3I41M
20	2556	0.313	4.320E-73	2	1033	1035	3	1137	1142	31M11D11M2I8M2I7M2D84M11D3M8D3M5D26M1I285M24D59M1D9M1D47M9D2M15D36M1D44M1I2M2I52M7D10M7I5M1D7M3D24M4D9M8I37M1D28M5D55M9D7M1D4M1I49M2D3M3D2M1D8M2D51M
40	2525	0.330	5.603E-74	4	1028	1035	5	1091	1093	14M2I7M4D9M1D8M2I18M2D4M1I110M1I294M48D106M9D2M13D36M1D42M9I4M8D12M4I20M4D10M2D10M5I4M1D12M3D22M1I8M4I135M2I40M6D11M9I47M
26	2503	0.326	6.563E-69	0	1029	1035	0	946	952	15M1D7M1D5M2D15M2I12M2I4M1I2M45I52M1D14M2I1M23I72M1D224M3I1M2D77M1I38M1D35M1D8M7I2M3D7M6D17M3I23M10I51M4I10M5I51M1I111M1I18M11D12M3I33M
30	2486	0.314	5.850E-70	1	1028	1035	3	1000	1002	14M1D16M1D5M1D8M3I8M2I5M2D3M4I2M19I66M25I265M18D1M6D134M1I36M1D44M7I7M6D11M1I41M1I5M1I7M4D7M3D22M1I8M8I7M4D28M1D5M1I90M2I41M11I7M8D3M1D45M
39	2484	0.310	4.283E-68	1	1031	1035	3	946	950	9M3D8M2I11M1I12M2I11M2I4M9D3M2D48M1I23M1D18M1D23M1I77M1I76M21I4M3I188M1I24M30I4M13I7M14I3M1I3M16I37M1D19M9I69M8D115M2D62M5D6M2D7M3I39M
18	2413	0.333	4.197E-66	0	1033	1035	0	950	953	28M1I4M2D11M2I8M2I6M2D27M1D28M1D168M1I47M1D4M1I194M24I17M3I4M46I17M3D4M4I18M5I21M3I28M4I117M1D66M2D54M1I8M4D16M2I3M1I36M
35	2403	0.338	1.038E-68	0	1031	1035	0	977	983	15M1D2M2I8M1D6M6D11M2I10M2I5M1D2M1D91M25I184M24I89M9I2M15I15M1I28M5D5I27M1I37M1D44M2I15M6D15M1D18M3D58M2D12M2D70M1I2M2D58M2I64M7D2M2I49M
9	2389	0.329	9.455E-68	0	1028	1035	0	963	969	30M1D2M1D10M2D12M2I6M2D28M1D82M25I11M23I106M1I46M1D1M1I64M3I8M2D4M1D111M18I1M7I16M1D6M1I17M3D6M4I28M12I33M5I52M4I10M3I48M3D71M4D61M22D5M1D7M1I37M
48	2341	0.297	2.685E-63	0	1033	1035	32	1013	1020	13M4D4M4I10M1I12M1I10M2I5M22I95M1I79M1D71M6D30M1D186M1I33M1D2M2I11M4D5M2I7M15I5M19I8M17I31M1D14M2D13M6I6M3D7M3D20M1D11M6I9M4I25M5D28M4D1M2D56M3D6M3D4M1I61M4D5M4D47M
34	2266	0.297	2.202E-64	3	1034	1035	7	1016	1019	15M2I7M1I18M1D7M24I82M2I1M1D17M1I12M1D18M1I7M1D54M2I2M22I123M2I3M3D1M1D101M3D4M35D49M1I18M23I39M7I1M14D22M1I26M4D6M4D15M3D10M3D31M10I58M1D71M1I44M1D15M4D15M2I38M
25	2254	0.292	1.307E-66	0	1031	1035	0	1081	1085	28M2I14M2I8M2I7M1D3M2D15M3D4M4I1M1D5M1D8M3I1M3D6M1D31M1I14M4I4M3D12M1I58M2D47M1D50M1D151M2I4M22I9M48D7M2D3M3D3M8I4M2I4M1D27M1I36M1D44M12D24M4D23M3D8M13D12M2D4M1I6M2I8M3D31M9I9M1I47M3D131M1D4M3D8M2D5M3I34M
12	2241	0.301	2.545E-66	3	1031	1035	8	1111	1113	9M6D2M7I10M1D13M1I11M2I5M1D2M1D51M1D20M4D2M6I21M1D14M1I81M4D3M1I9M23D190M25D115M1I38M1D44M17I7M14D33M18D12M1D19M2D31M5I7M2I6M2D25M2D28M2D23M3I26M4D17M3D46M1I8M2I4M6D6M1D5M1D37M
6	2229	0.300	3.667E-65	1	1031	1035	4	1096	1098	12M3D2M4I12M1D12M3I9M2I5M2D78M2I37M1I99M26D118M24D185M1I35M1D7M1D19M2D6M2I10M7I1M1I32M1D16M4D8M19D9M5D7M1I3M2D34M5I2M3D4M8I26M1D22M3D4M1I24M3I24M3D3M2I54M2I15M4D9M1D6M1D37M
23	2215	0.311	9.083E-64	0	1033	1035	1	983	990	34M1D13M3D9M12I2M12I74M25I9M23I52M1D42M1D71M6D30M1D124M1D45M1I40M1D48M5D18M11I16M1I19M6I10M2D34M10I34M5D29M4D60M4D59M3D17M8D5M4D39M
22	2208	0.303	2.091E-63	1	1033	1035	2	982	989	31M1D15M3D6M24I79M25I9M23I94M1D67M2D4M4D30M1D124M1D47M1I38M1D21M2I13M2D35M6I16M1I19M6I10M2D34M10I34M5D22M1I6M5D60M2D8M2D60M3D8M8D5M4D39M
32	2184	0.282	5.508E-64	3	1034	1035	27	1056	1057	15M4I3M2D6M1I23M2I5M2D31M1D20M2D2M2D5M2D19M3D23M1D17M1I125M1I2M2D65M1I3M3D31M17I3M2I74M28D4M10D20M24I21M25I20M1D44M1I55M1D7M16D17M5D8M3D31M10I58M1D71M1I42M3D6M2I12M4D9M1I4M1I37M
47	2181	0.278	3.042E-63	0	1031	1035	0	1104	1110	15M1D2M2I25M2I13M5I5M2I1M10I1M3I4M1D3M11D3M6I77M1I30M3I25M1D83M30D33M5D1M5I47M1I27M46D12M3D2M5I2M6D5M1D17M1D5M1D2M1D13M1D52M1D31M1I37M2I18M2I20M22D25M3I41M2I11M2D7M3D31M9I9M1I52M3I65M1I47M3D8M4D14M1D5M3I34M
3	2175	0.288	6.853E-65	0	1033	1035	20	998	1006	15M1D2M4I1M3D6M2I4M1D10M1I9M2I6M22I72M25I87M3I3M3D12M1D46M25I21M6D30M1D172M1I15M1I21M1D24M1I10M1D35M1D17M2D26M6I13M3D21M1D10M10I34M5D25M6D60M3D7M3I1M5D58M1D3M2D13M4D39M
28	2161	0.302	5.390E-66	1	1033	1035	5	1130	1133	10M1I19M1I11M3I15M1I9M4D17M1I6M3D18M2D19M2I3M3D22M1D8M2D12M1I7M2D4I19M23D25M3I4M1D25M1D39M1D53M2D94M24I70M45D7M23D27M1I36M1D42M3I4M1D20M6D32M7D24M13D7M3D31M9I9M1I49M1D118M1I4M4D62M
38	2157	0.292	5.230E-63	4	1034	1035	29	1134	1135	12M1D16M1D12M2I19M1D31M1I11M2I9M4D21M1D27M2D12M1I4M4I3M5D18M1D25M2D30M1D44M1D53M3D71M2D1M1I95M68D52M1I13M3I7M20I14M2I5M2D15M7D7M2I46M4D7M1D10M4I7M12D6M3D31M9I9M1I55M2D110M1D19M4D6M1I44M
13	2151	0.300	1.437E-63	1	1033	1035	3	1131	1134	17M2I11M1I12M3I14M1I8M4D18M5D2M6I17M2D20M2D5M2I2M1D17M3I5M6D12M1I6M2I23M4I1M3D45M2I26M1D42M1D30M1D24M2D168M70D28M1I36M1D21M2I5M2D16M2I8M7D40M7D15M3D12M3D2M10D9M3D31M9I9M1I47M1D131M3D56M
53	2146	0.301	3.946E-64	0	1031	1035	0	1095	1099	3M1D28M1I12M3I7M2I7M1D2M2D17M2D3M4I6M2D18M1D28M1D18M5D6M2I12M1I62M1D44M20I4M3I43M3I3M20I56M2I1M2D106M67D7M1D27M1I36M1D21M2I5M2D16M4D25M5D29M10D13M5I7M12D9M3D31M5I4M4I5M1I48M1D6M2D124M1D4M3D8M7D5M6D37M
7	2134	0.291	6.583E-61	0	1033	1035	26	997	1004	15M1D17M1I11M1I9M2I6M22I95M1I82M1D68M6D30M1D186M1I33M34I5M14I29M2I1M3D40M1I25M3I6M1D3M1D7M3D20M1D11M6I9M4I25M5D21M4D5M2D59M3D7M2D64M6I8M2D39M
27	2126	0.304	3.073E-64	1	1033	1035	4	1129	1132	10M1I19M1I11M3I15M1I9M4D17M1I6M3D17M2D32M1D12M1I5M2D6M2D11M1I7M2I21M23D25M3I4M1D23M1D42M1D52M2D165M3I8M4I3M3D2M25D10M23D27M1I36M1D42M3I4M1D19M6D29M9D16M14D2M1I6M2I8M3D31M9I9M1I52M1D126M5D4M2I50M
56	2072	0.283	2.549E-62	0	1032	1035	0	1108	1110	16M1D17M1D9M2I19M1D23M13D1M2D2M6D5M4D44M1D4M1D18M7I3M5I3M10I3M2I16M1D25M2D31M1D43M1D53M3D71M2D1M1I95M64D6M4D46M1I18M23I16M2I5M2D16M2I22M8D33M5D10M13D2M3I6M2I8M3D31M9I9M1I54M3D111M1D15M4D10M1I42M
31	1986	0.292	3.867E-62	3	1033	1035	2	1061	1064	16M2I10M1I11M3I17M4I3M7D18M1I5M3D13M1D5M1I6M4D13M8D2M3I5M3I13M2I9M7I2M10I2M3I14M25I5M1I21M1D48M1D49M3I2M5D169M9I6M31D8M21D1M2D25M1I38M1D7M1I13M2I5M2D16M5D24M2I27M6D4M3D8M12D4M3I3M4D6M1D7M3D31M9I9M1I52M1D114M1D12M3D56M
54	1858	0.283	3.605E-55	3	1033	1035	1	925	932	9M1I5M3I5M7I11M1I9M24I41M1D46M2D4M24I18M4I5M19I45M1D17M3I2M11D29M1D79M5I3M19I59M1D8M1D73M25I12M1D44M7I28M1I15M4I5M5D9M6I4M3D2M3D7M3D35M6I6M3I48M1D63M10D68M1D4M2D6M5D6M4D39M
41	1842	0.293	3.715E-58	1	1031	1035	2	973	979	17M1I25M1I12M2I4M1D2M1D23M1I51M1D32M25I11M1I1M2D2M1D10M5I3M19I160M25I23M1D121M25I15M1D45M25D45M1D12M7D18M1D16M7D16M1D11M4I10M5I53M1D54M1I2M3D14M1I10M1D47M4D10M1D4M3I33M
55	1792	0.289	7.546E-58	3	1030	1035	7	980	982	17M4I4M2D89M1I23M1D38M1I171M1I8M21I23M1I3M2D6M5I3M8I2M11I73M3I4M18D3M4I2M1D48M1I36M10I5M13I14M6D6M6I35M1I9M6D14M3D8M2D12M3D31M10I59M1D70M1I51M1D11M4D7M2I39M
43	1769	0.298	6.659E-58	3	1031	1035	4	928	933	12M1D2M2I28M1I7M2I6M20I2M26I27M1D9M2I8M23I10M1D217M2D8M9I151M48I39M16D24M5D24M1D8M10D63M3I5M1I5M5I54M1D23M3I36M2D7M2I13M1D42M4D12M1D2M3I35M
2	1748	0.279	9.987E-61	2	1033	1035	8	1056	1059	32M1D10M1I9M2I6M2D51M2I21M2D1M1D5M2I12M25I33M3I21M2D2M1I115M2I6M21I119M27D2M49D2M1D44M1I29M1I6M24I5M1D18M1D23M9I3M8D15M5D20M1D14M11D10M3D20M3D31M10I19M5D40M3I68M1I45M3I11M6D5M1I47M
29	1713	0.297	2.161E-58	3	1034	1035	8	996	997	16M4I3M2D7M3D10M7D4M2D7M2I6M22I53M5D1M6I12M25I11M1D21M24I116M12I3M12I65M2I5M4D23M1I3M2D70M3I4M39D25M1I36M1D44M2I22M5D7M3I32M5D9M4D13M3D31M8I7M2I51M1D71M1I51M1D12M4D6M2I43M
4	1502	0.243	2.697E-51	1	1030	1035	20	1051	1053	23M1D9M4D10M3I10M2I5M1D2M2D91M25I73M3D5M2I46M1I25M6D1M4I15M10I5M16I19M7I2M6I3M14I14M1I54M1D41M3D2M2D1M5I28M1I36M2I4M1D15M2I18M8I4M5D17M1I22M6D18M76D9M1D15M2I26M2D3M7I4M5I26M2D25M2D28M2I17M1D6M3D5M7D7M11I12M2D23M2D16M4D9M4D7M1I18M1I17M
21	1274	0.225	8.239E-46	2	1031	1035	3	1025	1028	10M5D7M4I2M1I3M4D3M2D12M1I11M2I5M1D2M2D94M4I5M21I20M2D2M1D6M1D17M2D26M1I25M2I2M3D18M2I21M9I2M6D11M4I5M6I4M14I17M2I2M2D26M1I47M9D52M24I13M20I1M11I2M19I21M2I13M8I4M7D25M1D21M4D2M7D8M57D2M39D9M1D15M2I24M2I1M1I10M7I26M2D24M2D24M1I2M1I2M1I14M1D9M3D5M6D8M10I6M1D7M1D30M2D7M4D15M1I20M1I18M
 