42	10982	1.00	0.000E+00	0	1198	1199	0	1198	1199	1199M
41	3138	0.378	3.927E-95	1	1198	1199	38	1264	1265	16M1I16M1D12M1I4M1I5M1I16M4D54M12D26M2D3M1D27M4D38M1D36M3D20M1D19M11D8M2D8M2D10M7I2M2D5M2D12M7I21M13D3M1I15M3D5M10I14M5D8M2D6M4I2M2D1M2D6M6D11M1D2M5I4M2I49M1D4M3D12M2D7M1I6M6D31M2I14M6D6M5I5M2D15M3I32M5I24M1I15M1D172M1I133M16I164M
43	2788	0.357	2.633E-93	9	1198	1199	2	1316	1317	8M4I16M4D9M1I4M1I5M1I17M4D53M12D26M2D3M1D27M4D38M1D36M3D17M1D22M11D8M1D7M2D1M1D12M3I21M7I21M11D2M3D1M2I10M3I11M4I15M5D8M2D19M6D11M1D2M5I4M2I49M2D4M2D12M2D7M1I7M5D31M1I3M10I12M3D17M3I36M3I17M1I7M69D1M23D10M9D4M4D177M1I129M16I164M
18	2778	0.368	7.583E-91	13	1196	1199	2	1149	1152	24M3D14M1I5M1I16M4D54M12D26M2D3M1D27M4D36M1D38M3D17M1D23M11D7M2D8M2D10M7I2M2D5M2D12M7I21M11D4M1D11M3I8M5I3M1D14M5D8M2D19M6D11M1D2M2I5M5I51M4D13M2D7M1I48M37I4M7I6M19I2M8D4M12I2M12I10M9D173M1I133M16I162M
31	2667	0.396	3.367E-86	106	1198	1199	8	1088	1089	20M27D24M4D4M4D5M4D30M1D97M11D11M13D30M2I24M3I3M4I9M1I4M4D13M1I3M4I8M4D19M4D8M2D17M5D3M4D11M1I1M2D8M2I49M3D16M2D4M1I52M3I1M32I4M9I4M19I8M4I8M14I7M11D175M2I5M1D126M16I164M
19	2634	0.292	1.235E-79	4	1197	1199	1	1136	1137	15M6D54M2D10M3I9M4D6M7I17M2D3M28D22M3D4M6D5M4D26M3D31M3I6M3D32M2D17M2D2M13D5M1D34M2D8M1I3M2I6M2I22M4I23M2I4M2I9M4I18M5D4M3D4M2D18M6D2M3D19M5I37M2D12M5D10M1D5M2D4M1I10M1D33M82I3M13I1M22I177M1I16M5D114M16I63M1I36M1D8M3I20M1I32M
30	2178	0.264	1.508E-75	3	1197	1199	1	1153	1156	48M1D20M1I25M7I14M7D9M19D14M1D10M1I31M4D11M7D22M1I8M2D46M11D19M3D7M1D8M1I8M2D11M3I7M4I15M9I20M5I4M4I4M4D5M9D12M2D8M5D8M1D16M3D3M4D22M2I39M1D9M1D2M3D12M9D3M1D6M1I10M2D12M1D2M2I12M7D12M36I6M15I3M14I4M28I121M1D72M1D119M12I3M4I111M4I15M1I32M
4	1737	0.209	7.718E-59	30	1195	1199	5	1095	1098	4M2I3M1I13M1I16M3I28M2D3M2I22M8D24M1D103M7D16M1I2M2I2M3I8M3D9M2D16M1I10M1D10M1D3M4I5M3I8M2I13M2I5M1D1M1D23M2I8M9D3M4D9M1I6M2D30M1D5M1D7M4I12M4D11M4D25M3D11M9D3M5I7M4D10M1D8M3D17M21I3M5I3M77I1M17I1M1I76M1D33M4D1M1D51M1D3M7D15M1D7M14D95M1I10M7D4M21I63M1I19M3I14M4D13M2I5M1I3M3D6M1I31M
25	1682	0.200	2.962E-59	35	1197	1199	2	1092	1093	14M2D1M4I6M2D4M3D6M6I22M1D6M1I21M8D146M2D7M2I9M11D4M2D13M1D1M4D4M2I4M2D26M5I4M3I4M1I12M4D8M1D6M3D25M10D5M2D7M4D6M1D5M1D28M1D12M3I16M1D9M2D20M1I16M4I3M3D7M1D19M3D15M21I2M103I18M1I60M3D33M5D41M1I9M1I11M4D4M6D105M1I11M7D3M21I65M1I18M3I13M4D10M2I10M9D3M3D5M1I33M
24	1678	0.192	3.314E-58	25	1198	1199	2	1084	1086	7M4I3M1I13M7I38M1D6M1I21M4D2M4D158M1D12M3D6M1D4M3D10M2D11M1D6M1D3M5I10M3I4M1I9M1D1M1D10M3D9M3I10M2I4M2I1M7D5M4D7M3D8M2D32M1D11M3I16M1D8M2D37M2I7M4D6M1D19M3D15M21I3M5I3M98I14M1I65M5D25M2D45M1I8M8D9M8D3M3I8M2D98M1I8M7D7M21I59M1I22M3I14M4D12M2I11M11D5M1I34M
27	1666	0.193	3.499E-59	30	1197	1199	4	1095	1096	4M2I3M1I30M6I22M1D6M1I16M4D7M4D144M3I12M6D8M8D4M4D8M1D8M2D24M5I6M5I5M1I12M4D7M1I22M3I6M10D3M2I7M2D1M2D8M2D30M1D10M2I27M5D22M3D6M2D8M3I2M1I3M3D14M4D15M1D14M124I18M1I65M3D25M2D3M3D41M1I9M1I14M15D11M1D95M1I11M7D3M21I65M1I18M3I13M4D13M2I5M2I2M14D6M1I33M
29	1653	0.193	1.063E-57	30	1197	1199	4	1083	1086	4M2I7M1D10M8I37M1D6M1I16M4D7M4D158M1D12M3D6M1D4M3D10M2D11M1D6M1D3M5I10M3I4M1I12M2D8M3D8M3I11M2I4M2I1M7D5M4D7M5D41M1D10M3I16M1D9M2D36M2I7M4D7M1D18M3D13M63I4M15I3M46I15M1I65M5D25M2D45M1I8M8D7M9D6M2I106M1I8M7D7M21I59M1I22M3I14M4D12M2I11M11D5M1I33M
26	1644	0.197	6.267E-59	40	1197	1199	11	1104	1105	13M7I19M1D22M2D3M2I22M8D129M2I4M2D15M2I6M14D10M3I8M1D11M2D6M1I21M1I3M5I5M1I12M5D8M5D6M3D16M4I6M11D4M4D7M3D3M1I35M1D12M3I13M1D36M1I10M3I6M4D7M1D8M2D13M1D13M21I2M103I18M1I60M3D33M5D41M1I9M1I11M4D4M8D10M2I93M1I11M7D3M21I62M1I21M3I13M4D13M2I7M16D4M10D5M1D33M
28	1639	0.192	1.547E-57	30	1198	1199	4	1084	1086	4M2I7M1D10M8I37M1D6M1I16M4D7M4D158M1D12M3D6M1D4M3D11M2D12M1I6M1D3M3I9M3I4M1I9M1D1M1D10M3D9M3I10M2I4M2I1M7D4M4D8M5D40M1D11M3I16M1D9M2D36M2I7M4D6M1D18M3D14M63I4M61I18M1I65M5D25M2D45M1I15M1I7M12D4M3D4M1D98M1I8M7D7M21I59M1I22M3I14M4D12M2I13M9D4M1D34M
50	1618	0.186	7.403E-59	30	1197	1199	3	1178	1179	18M7I9M3D5M7I23M1D5M1I19M4D4M4D130M2D3M2I10M2D7M6D8M2D10M3D9M1D10M2D26M9I9M1D12M2D8M3D6M2D3M2D13M4I7M11D3M4D46M1D4M1I7M3I12M7D13M1D45M1I6M1D31M122I4M2I81M21D3M2D24M1I3M3D42M1I10M1D4M3I4M10D3M5D5M5D100M1I12M7D3M21I59M1I23M3I12M4D14M2I10M78D5M1I33M
15	1603	0.192	1.502E-58	25	1197	1199	4	1112	1113	9M6D7M3I4M6I2M6I4M1I7M5I21M1D1M1D3M2I22M7D19M1D4M2D3M6D31M1I7M9D27M1D4M2D3M3D28M2I6M2D8M1I2M5I10M6D9M2D14M1I12M1D9M1D4M3I9M5I20M5D5M1I10M1D24M11D2M8D7M2D10M1D34M2D7M4I11M2I8M1D15M4D25M2D2M2I3M1D6M1D10M1D10M3D15M21I2M37I5M62I1M1I78M1D31M5D52M2D13M4D10M17D97M1I10M7D4M21I63M1I19M3I14M4D13M2I5M1I3M3D6M1I33M
44	1596	0.183	6.453E-58	30	1197	1199	3	1180	1181	18M1D1M5I15M7I23M1D5M1I19M4D4M4D145M2D12M9D9M2D13M1D10M2D26M9I9M1D12M2D8M3D6M2D3M2D13M4I7M11D3M4D46M1D12M3I16M1D8M2D37M2I6M1D8M1D17M2D14M122I4M2I84M23D24M1I3M3D42M1I13M2I6M10D3M5D5M5D100M1I10M7D5M21I59M1I23M3I12M4D8M1I4M1I7M18D5M64D5M1I33M
52	1595	0.189	1.127E-55	30	1197	1199	4	1085	1086	4M2I14M1I21M7I3M1D17M1D5M1I21M7D25M4D127M11D16M2D13M1D1M2D6M1D10M1D12M4I7M3I4M3I15M1I4M3D4M1D2M2I16M6I7M6D4M2D6M6D6M2D2M1D31M1D12M3I16M1D8M3D1M1I20M1I12M2D3M4I3M1D7M1D19M3D14M63I4M61I17M1I65M5D26M1D43M1I22M3D2M11D7M5D2M4I93M1I10M7D5M21I64M1I18M3I12M4D13M2I8M12D8M1I33M
49	1594	0.181	1.050E-56	25	1197	1199	4	1082	1083	10M4I18M1D9M1I3M5I6M2D17M1D6M1I21M7D59M1I4M7D30M3D9M3I38M12I15M2I14M2I29M4I4M3I21M8D4M1I6M1D16M4I11M10D6M4D4M1D6M1D30M1D11M4I11M2I32M1I14M2I6M8D7M1D9M1D10M4D17M19I2M7I2M98I18M1I61M3D27M2D42M1I10M1D3M10D10M13D107M1I14M6I2M12I2M4D61M1I21M3I13M4D12M2I7M6D4M6D5M1I33M
39	1589	0.179	9.664E-57	40	1197	1199	5	1130	1131	8M6D4M8I18M3I17M1D8M1I21M8D147M1I12M4D10M3D14M2I24M1D8M3I4M3I21M3D4M1D6M1I6M1I11M4D1M5I1M7D2M2I17M3D29M1D12M3I16M1D8M2D37M1D8M2I6M1D19M2I12M122I2M2I84M5D24M1I3M3D42M1I7M1D11M2D3M4D9M11D99M1I8M7D7M21I83M3I12M4D8M1I5M1I6M23D5M52D5M1I33M
2	1586	0.182	4.624E-58	30	1197	1199	4	1175	1176	18M1D1M5I15M7I23M1D5M1I19M4D4M4D147M2D10M9D9M2D11M1D12M2D21M3I9M5I4M1I11M2D10M3D8M3D8M2D6M4I5M15D3M2I52M1D6M3I15M1D7M2D27M2D5M2I4M3I2M1I2M3D9M1D6M1I11M3D13M122I4M2I84M23D24M1I3M3D42M1I7M1D11M2D2M4D14M11D95M1I10M7D5M21I62M1I20M3I12M4D8M1I5M1I6M14D6M64D4M1I33M
37	1584	0.187	6.727E-58	30	1197	1199	3	1176	1177	18M1D1M5I15M7I23M1D5M1I19M4D4M4D129M2I4M2D10M2D12M9D9M2D13M1D10M2D26M9I9M1D12M2D8M3D6M2D3M2D13M4I7M11D3M4D46M1D12M3I16M1D8M2D37M2I6M1D8M1D18M2D13M122I4M2I81M21D3M2D24M1I3M3D42M1I12M1D6M2D2M4D10M4D6M7D93M1I10M7D5M21I59M1I23M3I12M4D8M1I5M1I6M14D5M64D5M1I33M
12	1582	0.175	1.310E-57	30	1197	1199	4	1181	1182	18M1D1M5I15M7I23M1D5M1I19M4D4M4D153M5D6M4D11M2D6M1D13M2D21M3I9M5I5M1I12M4D8M3D8M4D15M2I6M15D3M2I46M1D12M3I16M1D8M2D38M2I5M1D8M1D16M3D15M122I4M2I79M11D5M12D24M1I3M3D42M1I7M1D7M3I4M9D9M11D99M1I8M7D7M21I59M1I23M3I12M4D14M2I5M22D1M54D4M6D5M1I33M
0	1579	0.192	1.710E-55	25	1197	1199	1	1104	1105	7M4I14M1I20M3I4M3I17M1D6M1I21M7D24M4D121M2D16M2D3M13D4M2D13M2I16M1D15M5I5M3I1M1I5M1I12M1D5M1D3M3D31M6D6M7D6M2D1M3D9M5D30M1D11M3I16M1D8M2D37M1D6M2I7M1D17M3D15M63I5M61I13M1D4M1I65M5D27M1D42M1I22M3D2M11D10M2D96M1I15M2I5M12I66M1I18M3I13M4D12M2I8M12D8M1I33M
11	1568	0.177	4.761E-57	30	1197	1199	3	1181	1182	4M2I3M1I29M7I23M1D5M1I15M4D8M4D153M5D6M4D11M2D7M1D12M2D21M3I9M5I5M1I12M2D4M4D4M1D6M2D3M2D14M2I6M9D5M4D46M1D12M3I16M1D8M2D38M2I5M1D7M1D17M3D15M122I4M2I79M11D5M12D24M1I3M3D42M1I7M1D11M7D5M5D6M5D100M1I8M7D7M21I59M1I23M3I12M4D14M2I5M14D6M68D4M1I33M
36	1565	0.187	1.753E-57	34	1197	1199	3	1138	1139	4M3I7M6D5M5I12M3I5M3I17M1D6M1I23M8D127M2I6M2D6M3I4M3D15M3D6M1D17M1I14M2D6M1D3M2I7M3I3M3I6M1I9M1I4M6D4M1D6M1D4M6I4M6I4M6D1M8D2M1D3M4D11M4I37M1D6M3I16M1D8M2D37M2I6M1D8M1D18M2D13M83I2M39I2M2I79M3D5M2D24M1I3M3D42M1I12M1D9M7D3M5D5M5D100M1I8M7D7M21I59M1I23M3I12M4D8M1I4M1I7M12D5M68D5M1I33M
40	1562	0.179	6.113E-57	36	1197	1199	3	1141	1142	12M2D8M4I18M3I17M1D8M1I21M8D97M4I42M1I13M3I6M2D13M1I6M1I15M2D5M1D10M7I2M1I15M3D11M5D6M5D5M1I6M13D9M9I13M7D33M1D12M3I15M2D1M1D8M2D36M3I2M4D4M2I6M1D19M2I12M122I2M2I79M3I2M8D24M1I3M3D42M1I20M7D10M11D99M1I8M7D7M21I83M3I12M4D8M1I4M1I7M41D5M39D5M1I33M
16	1553	0.178	1.406E-56	40	1197	1199	6	1136	1137	8M6D4M8I18M3I17M1D6M1I21M2D4M6D145M1I12M4D10M3D14M2I10M1D3M1D8M1D10M5I3M3I21M3D4M1D4M12I5M5I10M19D6M2D7M2I2M3D29M1D12M3I16M1D8M2D37M1D8M2I5M1D20M2I10M122I4M2I83M5D25M1I3M3D42M1I20M7D10M9D6M2D93M1I8M7D7M21I83M3I12M4D14M2I7M73D3M7D5M1I33M
48	1551	0.192	4.150E-56	30	1197	1199	1	1100	1101	42M7I3M1D16M1D8M1I14M4D7M4D156M1D6M6D4M3D10M1D9M1D3M2D22M4I8M5I4M1I13M5D8M5D6M1D9M5D11M1D3M11D1M4I2M4D7M4D11M1D29M2I9M4I12M1I1M1D10M1D35M3I4M1D2M1D7M1D18M2D16M29I3M95I17M1I62M3D30M2D42M1I9M14D14M8D9M2D69M1D19M16I20M8I3M6D9M2I7M1D10M2D33M1I21M3I13M4D13M2I5M12D10M1I33M
51	1549	0.180	2.737E-56	34	1197	1199	2	1143	1144	24M1D12M6I24M1D7M1I17M2D5M6D94M4I43M1I13M3I6M2D13M1I6M1I14M1D6M1D10M5I3M3I4M3D15M3D2M3D4M5D13M1I12M10D2M8I7M1D5M6D40M1D6M3I16M1D8M2D46M1I5M1D19M3D13M83I2M39I2M2I84M5D24M1I3M3D42M1I12M1D6M6D12M11D99M1I8M7D7M21I83M3I12M4D8M1I4M1I7M41D5M39D5M1I33M
35	1543	0.189	9.042E-55	30	1197	1199	2	1093	1094	42M2I3M4I19M1D4M1I21M8D129M2D6M2I9M2D4M3D2M6D16M2D13M1D7M1D5M2D9M1I13M7I4M3I6M1I9M1D5M3D5M1I21M3I5M10D4M1I7M2D1M3D8M4D29M7D7M5I1M4I14M1D9M2D37M1D6M2I8M7D19M3D12M63I5M61I17M1I65M5D27M1D42M1I10M1D12M2D2M11D7M5D2M4I93M1I15M2I5M12I66M1I18M3I13M4D12M2I8M12D8M1I33M
33	1539	0.180	3.981E-56	33	1197	1199	2	1141	1142	5M3I17M2I18M3I17M1D6M1I23M8D141M3I18M7D24M1I14M2D6M1D9M7I3M1I7M1I9M1I4M6D4M1D4M5D9M1I11M11D1M5I3M2I11M4I32M2I4M3D5M3I15M1D8M2D37M3I5M2D8M1D19M3D15M21I2M103I80M4D4M1D24M1I3M3D42M1I8M9D4M3D4M5I9M11D99M1I10M7D4M12I1M9I59M1I23M3I12M4D8M1I4M1I7M8D5M74D5M1I33M
32	1524	0.179	9.155E-56	30	1197	1199	4	1163	1164	18M1D1M5I15M7I19M2D9M1I19M4D4M4D152M4D6M1D12M3D20M2D11M1D7M2I8M1I3M5I4M1I10M1D7M1D2M5D11M2D6M1I3M2D4M3I5M9D5M4D52M1D6M3I16M1D6M3D3M1I44M1I5M1D18M3D14M122I4M2I84M5D27M2D43M1I21M7D9M11D99M1I8M7D7M21I62M1I20M3I12M4D9M2I10M19D5M67D5M1I33M
1	1522	0.185	7.131E-56	36	1197	1199	5	1141	1142	3M1I10M4I23M6I4M3D11M1D4M1D2M2I22M8D127M2I6M2D6M3I15M5D7M2D18M2I21M1D6M3I3M1I3M5I21M7D4M1D7M1I7M3D3M11D6M9I10M7D45M1D6M3I16M1D8M2D37M2I6M1D8M1D18M2D13M83I2M39I2M2I83M5D25M1I3M3D42M1I12M1D9M6D9M11D99M1I8M7D7M21I83M3I12M4D8M1I5M1I6M24D5M52D5M1I33M
10	1509	0.175	2.385E-55	34	1197	1199	3	1125	1126	5M1I16M4I18M3I17M1D6M1I23M8D141M3I19M3D3M2D13M1I6M1I10M2I2M4D6M1D7M3I10M3I3M2I13M11D3M1I8M10I6M3I8M15D2M4D7M6D7M1D32M2I5M3D5M3I15M1D9M2D46M1I5M1D17M3D15M83I2M39I2M2I79M3D5M2D24M1I3M3D42M1I12M1D2M3I4M6I102M1I8M7D7M21I83M3I12M4D14M2I5M41D5M39D5M1I33M
45	1509	0.169	1.710E-55	28	1197	1199	3	1142	1143	5M7I9M5I24M3I17M1D8M1I21M8D92M1D49M3I5M1I10M4D10M3D9M1I6M1I9M1D11M1D10M5I3M1D1M2I6M1D6M1D1M3D12M5D13M1I6M5I2M8D1M3I2M2D10M3D11M1D28M1D12M3I15M1D9M2D41M1I11M1D17M3D14M88I3M36I84M5D25M1I3M3D42M1I12M1D6M2D3M4D9M11D99M1I8M7D7M21I83M3I12M4D8M1I4M1I7M41D5M36D5M1I33M
9	1506	0.176	2.019E-55	34	1197	1199	3	1125	1126	5M1I16M4I18M3I17M1D6M1I23M8D141M3I19M3D3M2D13M1I6M1I10M2I2M4D6M1D7M3I10M3I3M2I17M5D1M5D7M10I6M3I8M15D2M4D7M6D7M1D32M2I5M3D5M3I15M1D9M2D46M1I5M1D17M3D15M83I2M39I2M2I79M3D5M2D24M1I3M3D42M1I12M1D2M3I4M6I102M1I8M7D7M21I83M3I12M4D8M1I5M1I6M41D5M39D5M1I33M
38	1497	0.175	1.068E-54	40	1197	1199	7	1137	1138	10M2I7M1D11M8I6M2D15M4D2M2I1M2I22M8D96M4I41M3I4M1D10M2I6M2D18M2I17M3D4M1D9M5I17M1D6M1D5M1D4M3D10M2I11M6I2M7D4M4D8M1D9M4D36M1D6M3I16M1D8M2D36M3I4M3D3M1I6M1D16M3D15M83I4M41I83M5D25M1I3M3D42M1I12M12D6M1D18M5D93M1I8M7D7M21I83M3I12M4D9M2I13M14D2M66D5M1I33M
8	1491	0.173	3.328E-55	34	1197	1199	3	1125	1126	5M1I16M4I18M3I17M1D8M1I21M8D127M2I6M2D6M3I19M3D3M2D13M1I6M1I10M2I2M4D6M1D7M3I10M3I3M2I13M11D3M1I8M10I6M3I10M19D7M6D8M1D31M2I5M3D5M3I15M1D9M2D46M1I5M1D17M3D15M83I2M39I2M2I79M3D5M2D24M1I3M3D42M1I9M1D5M3I4M6I102M1I8M7D7M21I83M3I12M4D14M2I5M41D5M39D5M1I33M
5	1488	0.176	1.509E-55	34	1197	1199	3	1146	1147	5M1I16M4I18M3I17M1D6M1I23M8D141M3I4M3I8M7D11M1D9M1I6M1I9M5D1M3I7M1D3M3I9M5I5M1D1M2I17M6D1M5D6M10I7M2I11M19D7M4D7M1D32M2I5M3D5M3I15M1D9M2D46M1I5M1D17M3D15M23I3M101I80M3D5M2D24M1I3M3D42M1I12M1D6M1D5M11D6M5D100M1I8M7D7M21I83M3I12M4D8M1I5M1I6M1I4M77D5M1I33M
7	1486	0.182	2.195E-55	34	1197	1199	3	1146	1147	5M1I16M4I18M3I17M1D6M1I23M8D127M2I6M2D6M3I4M3I8M7D11M1D9M1I6M1I10M2I2M4D6M1D3M3I9M5I5M1D1M2I17M6D1M5D6M3D4M1I4M1D10M4D1M5I2M5D10M4D7M1D32M2I5M3D5M3I15M1D9M2D46M1I5M1D17M3D15M83I2M39I2M2I80M4D4M1D24M1I3M3D42M1I12M1D6M6D16M11D95M1I14M7I6M7I85M3I12M4D8M1I5M1I9M14D3M62D4M1I33M
6	1485	0.178	2.593E-55	34	1197	1199	3	1146	1147	5M1I16M4I18M3I17M1D6M1I23M8D141M3I4M3I8M7D11M1D9M1I6M1I10M2I2M4D6M1D3M3I9M5I5M1D1M2I17M6D1M5D6M10I7M2I11M19D7M4D7M1D32M2I5M3D5M3I15M1D9M2D46M1I5M1D17M3D15M23I3M101I80M3D5M2D24M1I3M3D42M1I12M1D9M6D9M11D99M1I8M7D7M21I83M3I12M4D14M2I5M1I4M77D5M1I33M
20	1483	0.183	1.388E-55	34	1197	1199	3	1149	1150	5M1I16M4I18M3I17M1D6M1I23M8D127M2I6M2D6M3I16M3D6M2I13M3D5M1I10M2I2M4D6M1D9M5I3M3I5M1D1M2I17M6D1M5D6M4D7M1I11M4D1M5I2M5D10M4D7M1D32M2D12M4I15M1D8M2D36M3I2M1D4M1D7M1D17M3D15M83I2M39I2M2I84M5D24M1I3M3D42M1I19M2D4M11D13M5D93M1I8M7D7M21I83M3I12M4D8M1I4M1I7M41D5M38D5M1I33M
46	1481	0.176	4.168E-53	40	1197	1199	29	1123	1124	15M3I11M1I4M1I18M2I12M2D21M7D15M5D5M3D44M1D32M2D62M2D6M8D6M2D11M9D2M3I15M1D13M7I4M3I4M3I13M1D5M1D6M3D17M1I7M9D5M4D7M7D12M1D33M1I7M1I16M1D9M2D23M1I11M3I4M3D3M1I5M1D19M3D13M63I5M61I17M1I65M5D27M1D42M1I22M3D2M11D9M2D97M1I10M7D5M21I64M1I18M3I12M4D13M2I8M12D8M1I33M
23	1476	0.177	2.487E-55	34	1197	1199	3	1151	1152	5M1I16M4I18M3I17M1D8M1I21M8D127M2I6M2D6M3I4M3I8M7D11M1D9M1I6M1I10M2I2M4D6M1D7M3I10M3I3M2I13M11D3M1I8M10I6M3I8M15D2M4D7M2D8M5D31M2I5M3D5M3I15M1D9M2D36M3I2M1D4M1D7M1D17M3D15M23I2M99I2M2I84M5D24M1I3M3D42M1I7M1D14M6D9M11D99M1I8M7D7M21I83M3I12M4D8M1I5M1I6M1I4M81D5M1I33M
3	1472	0.176	1.081E-55	34	1197	1199	3	1148	1149	5M1I16M4I18M3I17M1D6M1I23M8D127M2I6M2D6M3I4M3I8M7D11M1D9M1I6M1I10M2I2M4D6M1D7M3I10M3I3M2I17M5D1M5D7M10I6M3I8M15D2M4D7M6D7M1D32M1D4M1I7M3I13M5D9M4D3M1I36M2D3M3I9M1D31M122I4M2I80M4D4M1D24M1I3M3D42M1I12M1D6M2D2M4D10M11D99M1I14M7I6M7I85M3I12M4D14M2I5M1I3M77D6M1I33M
22	1471	0.175	7.342E-55	36	1197	1199	5	1146	1147	3M1I10M4I23M6I4M3D11M1D3M1D3M2I22M8D127M2I6M2D6M3I15M5D7M2D18M2I21M1D3M1I5M3I4M5I20M3D5M5D7M1I7M3D3M11D6M9I10M4D6M3D39M1D6M3I16M1D9M2D24M2D6M2I3M3I5M2D9M1D17M3D14M122I4M2I79M3D5M2D24M1I3M3D42M1I5M1D16M6D13M11D95M1I12M7D3M21I83M3I12M4D8M1I5M1I6M41D5M39D5M1I33M
17	1459	0.179	7.654E-55	40	1197	1199	5	1146	1147	8M2D8M4I17M3I18M1D6M1I23M8D127M2I6M2D8M5I7M3D7M6D8M3D37M1D10M5I3M5I16M6D7M5D4M17I13M9D2M10D7M3D10M1D29M1D12M3I15M1D8M2D26M2D5M2I4M2D5M3I9M1D6M1I11M3D13M122I4M2I80M4D4M1D24M1I3M3D42M1I12M1D3M12D14M5D100M1I8M7D7M21I83M3I12M4D8M1I4M1I7M41D5M39D5M1I33M
21	1450	0.183	6.294E-56	22	1197	1199	7	1145	1146	27M2I4M5I8M19I11M1D6M1I23M8D92M1D35M2I14M1I5M2D9M2D8M2I16M3D2M1I9M1D11M1D9M3I8M2I20M10D2M1I14M3I2D10M5I5D2M2D10M3D11M1D28M1D12M3I9M1D14M2D26M2D5M2I4M2D5M3I9M1D6M1I11M3D15M122I2M2I83M5D25M1I3M3D42M1I7M1D11M6D16M11D95M1I8M7D7M21I83M3I12M4D8M1I5M1I6M14D5M68D5M1I33M
14	1443	0.178	1.534E-53	40	1197	1199	5	1159	1160	8M2D8M4I18M3I17M1D8M1I21M8D141M3I5M1D13M6D8M3D37M1D10M5I3M3I4M2I11M6D8M5D4M12I5M5I8M9D2M10D7M3D9M1D30M1D12M3I15M1D9M2D24M5D7M2D7M6I3M5D6M1D18M7D3M1D12M122I2M2I84M5D27M2D43M1I12M1D2M3I4M9D13M11D95M1I8M7D7M21I83M3I12M4D8M1I4M1I7M1I4M81D5M1I33M
47	1425	0.173	1.055E-53	34	1197	1199	3	1146	1147	3M3I9M2D7M4I18M3I17M1D8M1I21M8D142M6I11M7D7M1D13M1I6M1I13M2D7M1D3M1I9M7I5M1D1M2I17M6D1M5D6M3D3M1D4M1I11M4D1M5I2M5D10M4D7M1D10M4D16M8I7M5D3M3I13M3D57M1I5M1D17M3D15M83I2M39I2M2I84M5D24M1I3M3D42M1I7M1D7M3D7M3D9M11D99M1I12M7D3M21I83M3I12M4D14M2I5M1I3M77D6M1I33M
34	1405	0.177	2.830E-52	36	1181	1199	3	1123	1124	12M2D3M4I23M3I17M1D8M1I21M8D97M4I26M2I6M2D6M3I5M4I7M3D10M2D9M1I6M1I15M2D5M1D10M7I2M1I17M3D9M5D6M5D5M1I6M13D9M9I13M7D33M1D12M3I16M1D9M2D35M6I2M5D8M1D20M2I10M122I4M2I84M5D24M1I3M3D42M1I7M1D11M2D2M4D10M11D99M1I8M7D7M21I83M3I12M4D13M2I11M80D5M1I17M
13	1339	0.173	1.889E-53	40	1197	1199	5	1159	1160	8M2D8M4I18M3I17M1D8M1I21M8D141M3I4M4D11M3D11M3D37M1D10M5I3M3I4M2I11M6D8M5D5M1I7M6D2M6D12M9I7M2D6M3D1M1I31M1D12M3I15M1D9M2D22M5D9M2D7M6I3M8I10M3D11M2I7M81I6M2I2M14I11M4I5M2I84M5D27M2D43M1I7M1D11M2D2M4D14M11D95M1I8M7D7M21I83M3I12M4D8M1I4M1I7M40D5M40D5M1I33M
 