#Task    Step    numberOfAcceptedPeleSteps    currentEnergy    BindingEnergy    sasaLig    distance_A35SG_L1S1    
1    0    0    -6281.5    -1.67373    0.571238    6.92234    
1    1    1    -6443.48    -9.0416    0.540548    6.96909    
1    2    2    -6463.96    -10.1003    0.534872    6.91957    
1    3    3    -6475.35    -12.6483    0.534716    6.9105    
1    5    4    -6479.09    -18.7226    0.522904    6.9635    
1    7    5    -6482.23    -19.0893    0.52157    6.90217    
1    8    6    -6485.43    -18.8576    0.522096    6.94837    
1    9    7    -6486.79    -18.258    0.543604    6.98398    
1    10    8    -6487.81    -18.7988    0.539041    6.93184    
1    12    9    -6486.09    -16.7325    0.535521    7.01979    
1    13    10    -6483.59    -18.0866    0.503862    6.95872    
1    15    11    -6490.07    -17.7513    0.506868    6.96506    
1    16    12    -6490    -17.0699    0.505247    7.02222    
1    20    13    -6488.04    -16.9119    0.503939    6.98165    
1    21    14    -6491.2    -17.2886    0.505919    6.92269    
1    23    15    -6490.89    -18.1842    0.503546    6.93239    
1    25    16    -6492.93    -19.4329    0.502796    6.91454    
1    28    17    -6492.02    -18.8036    0.501801    6.9093    
1    29    18    -6492.74    -19.2638    0.501742    6.92478    
1    30    19    -6493.19    -19.9611    0.503046    6.93288    
1    31    20    -6492.17    -19.4652    0.486823    6.89903    
1    32    21    -6490.41    -21.4899    0.482943    6.84953    
1    33    22    -6493.54    -19.7419    0.502367    6.92511    
1    34    23    -6492.84    -18.9866    0.503594    6.93392    
1    36    24    -6493.86    -18.8788    0.503033    6.91441    
1    37    25    -6491.74    -17.169    0.50418    6.82319    
1    38    26    -6490.58    -17.3872    0.502604    6.92048    
1    39    27    -6491.94    -16.4807    0.505423    6.93142    
1    43    28    -6492.45    -17.0771    0.502223    6.92322    
1    44    29    -6492.17    -18.0224    0.5014    6.8797    
1    49    30    -6489.74    -18.6655    0.503021    6.91101    
1    50    31    -6490.83    -18.6751    0.504128    6.92857    
1    54    32    -6490.02    -19.4224    0.505109    6.785    
1    55    33    -6494.34    -18.915    0.505269    6.87287    
1    56    34    -6492.67    -18.7464    0.503911    6.82272    
1    57    35    -6490.04    -19.4682    0.503384    6.86762    
1    61    36    -6493.1    -20.0243    0.506126    6.88975    
1    63    37    -6493.29    -20.2887    0.506661    6.88017    
1    64    38    -6493.52    -18.745    0.504829    6.87429    
1    66    39    -6493.3    -20.197    0.503964    6.88791    
1    67    40    -6494.47    -19.6514    0.505043    6.88088    
1    68    41    -6493.12    -20.0366    0.502348    6.91897    
1    70    42    -6495.32    -20.0061    0.503291    6.93074    
1    72    43    -6495.85    -20.0823    0.504511    6.92876    
1    74    44    -6494.85    -20.6452    0.503806    6.83675    
1    76    45    -6495.62    -20.8435    0.503562    6.85571    
1    79    46    -6494.98    -19.5681    0.50622    6.88869    
1    80    47    -6493    -18.1973    0.505473    6.89305    
1    81    48    -6491.98    -17.0442    0.507819    6.91145    
1    83    49    -6492.55    -19.2195    0.512126    6.88163    
1    84    50    -6494.09    -18.4691    0.510085    6.89552    
1    87    51    -6493.92    -19.677    0.505152    6.89331    
1    88    52    -6493.74    -18.9582    0.505503    6.84097    
1    89    53    -6495.64    -19.2122    0.504186    6.92131    
1    91    54    -6494.38    -18.6476    0.504592    6.92557    
1    93    55    -6495.8    -20.5748    0.504061    6.92106    
1    95    56    -6495.51    -18.9673    0.50647    6.92619    
1    96    57    -6494.74    -20.1301    0.503816    6.88161    
1    97    58    -6494.74    -20.8704    0.503461    6.72036    
1    99    59    -6495.67    -19.4059    0.506269    6.7441    
