#Task    Step    numberOfAcceptedPeleSteps    currentEnergy    BindingEnergy    sasaLig    distance_A35SG_L1S1    
1    0    0    -6281.5    -1.67373    0.571238    6.92234    
1    1    1    -6463.13    -10.4499    0.560276    6.99325    
1    2    2    -6481.25    -12.1259    0.545641    6.94558    
1    3    3    -6486.24    -15.0592    0.550361    6.8123    
1    6    4    -6487.98    -13.5328    0.548975    6.81839    
1    10    5    -6487.6    -11.4984    0.540518    6.79858    
1    11    6    -6486.95    -10.9899    0.547696    6.85429    
1    12    7    -6488.89    -11.9354    0.541833    6.80435    
1    14    8    -6492.72    -12.6387    0.538779    6.83605    
1    16    9    -6491.81    -12.0314    0.536127    6.84094    
1    18    10    -6491.53    -11.3993    0.53699    6.84781    
1    21    11    -6490.89    -12.2525    0.520626    6.85538    
1    25    12    -6489.72    -11.4039    0.526729    6.8321    
1    26    13    -6490.73    -13.609    0.526895    6.76067    
1    27    14    -6492.26    -13.954    0.525976    6.84737    
1    31    15    -6492.21    -12.3814    0.525196    6.85527    
1    33    16    -6491.54    -12.9683    0.525528    6.87828    
1    34    17    -6492.44    -12.7975    0.526436    6.88947    
1    36    18    -6492.62    -12.492    0.525255    6.89383    
1    37    19    -6489.81    -12.7799    0.522904    6.90091    
1    40    20    -6491.8    -12.5903    0.524499    6.91805    
1    42    21    -6490.96    -11.889    0.524887    6.89572    
1    44    22    -6490.89    -12.2906    0.522593    6.89586    
1    45    23    -6491.33    -12.8302    0.525039    6.92759    
1    46    24    -6491.62    -12.5834    0.52473    6.91575    
1    47    25    -6490.01    -14.4733    0.527067    6.80463    
1    48    26    -6484.86    -15.3382    0.528901    6.51757    
1    49    27    -6492.83    -16.213    0.533692    6.53016    
1    52    28    -6494.14    -14.3444    0.533845    6.56932    
1    53    29    -6493.76    -15.0762    0.537586    6.59739    
1    55    30    -6486.62    -20.0551    0.515248    6.65379    
1    56    31    -6491.66    -20.3691    0.520594    6.64132    
1    57    32    -6490.98    -15.6105    0.540337    6.61644    
1    58    33    -6489.92    -14.0983    0.538503    6.6562    
1    60    34    -6494.4    -13.7985    0.539805    6.64978    
1    61    35    -6494.15    -14.9891    0.542588    6.64133    
1    62    36    -6493.96    -15.5008    0.539555    6.62595    
1    63    37    -6494.27    -14.1454    0.543808    6.6706    
1    64    38    -6494.18    -14.491    0.542474    6.71554    
1    65    39    -6492.15    -15.3636    0.542819    6.68641    
1    66    40    -6495.8    -15.2516    0.542337    6.68817    
1    67    41    -6497.4    -14.9649    0.54447    6.70493    
1    69    42    -6495.43    -12.7001    0.545512    6.88919    
1    72    43    -6496.04    -13.6476    0.54155    6.7946    
1    73    44    -6495.86    -14.7739    0.54272    6.72219    
1    74    45    -6496.8    -14.91    0.540814    6.72341    
1    75    46    -6498.81    -12.4924    0.547147    6.88203    
1    78    47    -6498.33    -13.7243    0.541864    6.76145    
1    79    48    -6498.83    -14.0332    0.542807    6.73363    
1    80    49    -6499.5    -14.6896    0.542408    6.70639    
1    84    50    -6494.53    -14.0238    0.53725    6.70079    
1    86    51    -6496.05    -14.5594    0.537053    6.62946    
1    87    52    -6497.23    -14.789    0.537133    6.70511    
1    88    53    -6495.44    -15.0297    0.537815    6.87545    
1    89    54    -6496.29    -14.8888    0.536058    6.75485    
1    96    55    -6495.26    -15.1299    0.534141    6.7333    
1    97    56    -6495.74    -14.1167    0.53434    6.70128    
1    99    57    -6497.69    -14.198    0.536212    6.69411    
1    100    58    -6498.92    -14.3383    0.53575    6.69688    
