#Task    Step    numberOfAcceptedPeleSteps    currentEnergy    BindingEnergy    sasaLig    distance_A35SG_L1S1    
1    0    0    -6281.5    -1.67373    0.571238    6.92234    
1    1    1    -6445.78    -9.84972    0.539626    6.92739    
1    2    2    -6461.78    -12.2876    0.53498    6.98005    
1    3    3    -6463.31    -14.6791    0.521311    6.89894    
1    4    4    -6463.36    -2.50298    0.526343    6.8552    
1    5    5    -6479.8    -13.8013    0.528081    6.88193    
1    10    6    -6476.85    -12.8063    0.52529    6.83892    
1    12    7    -6475.53    -14.0621    0.527995    6.87936    
1    13    8    -6482.15    -14.1704    0.531967    6.9    
1    14    9    -6483.54    -13.8557    0.532738    6.893    
1    16    10    -6481.84    -12.5986    0.53285    6.96456    
1    17    11    -6485.16    -12.9009    0.530974    6.95686    
1    19    12    -6482.44    -12.178    0.553423    6.91178    
1    21    13    -6486.04    -10.5729    0.551335    6.89583    
1    22    14    -6487.73    -12.2496    0.552555    6.89688    
1    23    15    -6488.42    -11.5295    0.547405    6.90029    
1    27    16    -6489.08    -11.3407    0.520445    6.86861    
1    31    17    -6490.22    -12.0292    0.517307    6.86312    
1    35    18    -6482.92    -11.9288    0.51376    6.89466    
1    37    19    -6478.49    -12.2215    0.515118    6.8827    
1    38    20    -6487.98    -11.6591    0.51994    6.90929    
1    39    21    -6482.63    -11.9322    0.508523    6.70426    
1    40    22    -6480.22    -11.9464    0.5088    6.32076    
1    41    23    -6486.1    -14.9663    0.514953    6.52633    
1    43    24    -6487.45    -15.0587    0.518666    6.64231    
1    45    25    -6486.91    -13.8359    0.518895    6.57813    
1    47    26    -6483.48    -14.1627    0.523327    6.55505    
1    50    27    -6489.51    -15.18    0.52098    6.56543    
1    51    28    -6489.97    -12.5572    0.522397    6.777    
1    52    29    -6489.83    -13.5026    0.51891    6.70768    
1    55    30    -6488.8    -15.1407    0.520202    6.55971    
1    60    31    -6489.64    -15.6826    0.518772    6.49028    
1    61    32    -6487.87    -15.1604    0.51787    6.5812    
1    62    33    -6483.23    -15.5143    0.51333    6.49467    
1    63    34    -6488.35    -16.2661    0.518539    6.60048    
1    71    35    -6487.54    -13.6497    0.516151    6.80986    
1    72    36    -6486.75    -13.2833    0.513653    6.80132    
1    73    37    -6487.87    -14.2595    0.519569    6.79608    
1    74    38    -6483.93    -13.9471    0.521902    6.80952    
1    76    39    -6485.34    -12.6    0.516419    6.61421    
1    77    40    -6487.13    -12.5321    0.521733    6.76467    
1    81    41    -6487.17    -13.3941    0.519944    6.7693    
1    83    42    -6487.7    -13.505    0.520947    6.84311    
1    84    43    -6487.32    -12.5506    0.522507    6.77748    
1    85    44    -6488.34    -12.9525    0.52044    6.76062    
1    86    45    -6488.67    -13.7814    0.521075    6.79488    
1    89    46    -6490.89    -15.0173    0.532795    6.61095    
1    90    47    -6492.23    -16.281    0.531564    6.54252    
1    95    48    -6491.97    -13.3468    0.538204    6.66639    
1    96    49    -6492.35    -14.2403    0.539238    6.57053    
1    97    50    -6491.22    -15.1747    0.536606    6.49831    
1    98    51    -6493.03    -14.2753    0.539257    6.67344    
1    99    52    -6495.49    -14.5627    0.535398    6.63016    
1    100    53    -6495.9    -14.2219    0.534111    6.60318    
