#Task    Step    numberOfAcceptedPeleSteps    currentEnergy    BindingEnergy    sasaLig    distance_A35SG_L1S1    
1    0    0    -6281.5    -1.67373    0.571238    6.92234    
1    1    1    -6460.43    -10.8279    0.561528    6.97623    
1    2    2    -6479.08    -12.241    0.555712    7.07944    
1    5    3    -6481.34    -12.1649    0.55364    7.01112    
1    6    4    -6485.21    -12.5699    0.550557    6.99037    
1    7    5    -6487.19    -13.0432    0.552384    6.98122    
1    9    6    -6485.14    -11.4941    0.545275    6.92711    
1    10    7    -6487.37    -12.2108    0.54566    6.93237    
1    16    8    -6487.28    -12.1437    0.546336    6.92376    
1    17    9    -6487.69    -12.3916    0.548635    6.90565    
1    18    10    -6482.52    -12.1701    0.542328    6.80631    
1    20    11    -6487.08    -12.0555    0.530708    6.73113    
1    21    12    -6489.64    -12.6497    0.520447    6.82733    
1    24    13    -6493.56    -13.2275    0.517981    6.82764    
1    25    14    -6493.38    -13.8119    0.518016    6.8506    
1    28    15    -6496.25    -13.0729    0.520984    6.86249    
1    29    16    -6495.76    -13.3927    0.520344    6.92819    
1    31    17    -6495.37    -19.922    0.507522    6.91227    
1    33    18    -6496.35    -20.2342    0.507457    6.96014    
1    36    19    -6497.59    -20.4912    0.506071    6.9251    
1    39    20    -6496.55    -18.724    0.504871    6.88921    
1    40    21    -6497.75    -18.5808    0.507053    6.90669    
1    41    22    -6494.91    -17.4129    0.503372    6.91205    
1    43    23    -6497.99    -19.7993    0.505682    6.89137    
1    49    24    -6496.69    -19.8321    0.503374    6.90942    
1    50    25    -6497.37    -19.1365    0.502298    6.95565    
1    51    26    -6500.08    -19.5714    0.505963    6.92862    
1    52    27    -6499.84    -19.0635    0.504612    6.90104    
1    56    28    -6497.75    -20.3444    0.502421    6.82348    
1    57    29    -6500.69    -20.3076    0.505172    6.87503    
1    59    30    -6499.15    -17.2121    0.50888    6.8659    
1    64    31    -6499.92    -17.4785    0.508554    6.87739    
1    65    32    -6499.87    -17.6114    0.506458    6.90129    
1    66    33    -6499.93    -17.2359    0.509643    6.88778    
1    67    34    -6500    -22.3762    0.510908    6.69264    
1    69    35    -6501.79    -20.8702    0.507315    6.74447    
1    70    36    -6501.86    -20.9178    0.506634    6.71174    
1    79    37    -6501.3    -18.1809    0.508364    6.84555    
1    80    38    -6501.23    -19.3837    0.505921    6.86285    
1    81    39    -6497.06    -18.2825    0.505504    6.87883    
1    82    40    -6499.13    -15.9857    0.506195    6.88157    
1    83    41    -6499.83    -16.9287    0.505714    6.87726    
1    84    42    -6500.79    -17.232    0.50654    6.8576    
1    88    43    -6500.34    -17.9924    0.503567    6.87893    
1    91    44    -6500.53    -18.1014    0.504817    6.88813    
1    93    45    -6500.63    -18.9174    0.504209    6.89535    
1    95    46    -6498.29    -18.1413    0.504777    6.90732    
1    96    47    -6500.05    -17.4954    0.505226    6.93829    
1    97    48    -6496.35    -18.2657    0.503852    6.90664    
1    98    49    -6499.87    -18.6448    0.507752    6.93764    
1    99    50    -6501.8    -18.611    0.50614    6.92407    
