#Task    Step    numberOfAcceptedPeleSteps    currentEnergy    BindingEnergy    sasaLig    distance_A35SG_L1S1    
1    0    0    -6281.5    -1.67373    0.571238    6.92234    
1    1    1    -6445.61    -9.67827    0.543451    6.91191    
1    2    2    -6469.17    -12.3793    0.526686    6.81462    
1    3    3    -6483.8    -14.1936    0.535449    6.90733    
1    4    4    -6485.38    -14.8475    0.534015    6.91136    
1    5    5    -6486.63    -14.4838    0.531238    6.92076    
1    7    6    -6490.72    -15.26    0.535152    6.89527    
1    8    7    -6491.71    -14.8429    0.534881    6.90428    
1    9    8    -6492.43    -22.3984    0.522644    6.90706    
1    12    9    -6492.71    -22.0426    0.5233    6.85995    
1    13    10    -6492.93    -22.3854    0.521579    6.85792    
1    15    11    -6492.48    -21.5812    0.520826    6.86459    
1    16    12    -6485.86    -20.5789    0.517697    6.90671    
1    17    13    -6496.65    -21.8794    0.520518    6.87944    
1    20    14    -6496.5    -21.5009    0.520847    6.88729    
1    21    15    -6493.23    -19.2571    0.521664    6.90382    
1    22    16    -6496.22    -19.3859    0.519631    6.90369    
1    27    17    -6495.14    -18.644    0.519855    6.9076    
1    28    18    -6495.6    -19.1233    0.520696    6.81505    
1    31    19    -6496.79    -17.9307    0.523701    6.89139    
1    33    20    -6498.61    -19.9621    0.521348    6.87148    
1    34    21    -6500.28    -20.8688    0.519668    6.86313    
1    38    22    -6500.13    -20.3633    0.520388    6.87705    
1    40    23    -6497.99    -19.5568    0.516683    6.85501    
1    42    24    -6497.14    -19.0785    0.51856    6.94866    
1    43    25    -6499.57    -21.0591    0.518849    6.88227    
1    48    26    -6497.03    -22.2256    0.521007    6.76958    
1    49    27    -6497.95    -24.892    0.518972    6.69293    
1    50    28    -6499.42    -23.5993    0.516696    6.6107    
1    51    29    -6499.41    -22.8632    0.520091    6.66872    
1    52    30    -6499.67    -21.823    0.517634    6.64614    
1    55    31    -6500.91    -24.0209    0.51482    6.68594    
1    61    32    -6496.36    -17.8221    0.519058    6.93295    
1    62    33    -6498.27    -17.8133    0.524234    6.9969    
1    63    34    -6497.28    -17.6319    0.528083    6.72575    
1    65    35    -6491.95    -17.0107    0.529944    6.68602    
1    66    36    -6498.8    -16.0711    0.533778    6.7149    
1    68    37    -6499.29    -17.8518    0.533882    6.78387    
1    69    38    -6500.05    -18.0825    0.535224    6.75761    
1    71    39    -6494.49    -11.346    0.537485    6.98774    
1    73    40    -6493.66    -17.7204    0.532209    6.75125    
1    74    41    -6499.04    -17.2631    0.536    6.75989    
1    75    42    -6500.75    -17.2171    0.53744    6.73985    
1    78    43    -6500.33    -18.0379    0.533471    6.72852    
1    79    44    -6500.49    -16.2449    0.536059    6.84366    
1    83    45    -6500.03    -17.3801    0.53358    6.71682    
1    85    46    -6500.06    -17.8748    0.534462    6.71437    
1    86    47    -6499.27    -16.7211    0.535521    6.69024    
1    87    48    -6501.6    -14.2895    0.561205    6.86027    
1    91    49    -6500.99    -16.7207    0.535876    6.83054    
1    92    50    -6498.2    -14.5131    0.53383    6.73001    
1    93    51    -6498.08    -16.5886    0.531202    6.69397    
1    97    52    -6500.4    -16.4083    0.53438    6.6979    
1    98    53    -6499.95    -16.0999    0.530365    6.71183    
