#Task    Step    numberOfAcceptedPeleSteps    currentEnergy    BindingEnergy    sasaLig    distance_A35SG_L1S1    
1    0    0    -6281.5    -1.67373    0.571238    6.92234    
1    1    1    -6452.39    -9.7493    0.567234    6.97189    
1    2    2    -6473.96    -13.2072    0.549755    6.98808    
1    4    3    -6482.62    -13.7324    0.552029    6.98242    
1    5    4    -6485.02    -14.9908    0.532295    6.97963    
1    6    5    -6485.54    -13.9826    0.5371    6.91734    
1    7    6    -6488.24    -16.4387    0.53303    6.85884    
1    10    7    -6489.4    -15.1412    0.534095    6.88738    
1    11    8    -6490.42    -14.3034    0.536303    6.91315    
1    12    9    -6489.63    -13.6067    0.532059    6.89489    
1    14    10    -6492.67    -14.8835    0.532808    6.90629    
1    15    11    -6491.26    -13.9282    0.534244    6.91613    
1    16    12    -6491.74    -13.6847    0.533788    6.88326    
1    17    13    -6488.06    -15.6168    0.529761    6.73124    
1    18    14    -6495.28    -15.1866    0.530544    6.60871    
1    19    15    -6499.77    -16.9294    0.53217    6.63483    
1    20    16    -6499.48    -17.708    0.528981    6.5948    
1    21    17    -6502.43    -16.443    0.531381    6.60978    
1    24    18    -6502.26    -17.4207    0.527129    6.62779    
1    26    19    -6503.61    -17.889    0.529026    6.72963    
1    28    20    -6505.13    -18.014    0.528646    6.73176    
1    31    21    -6506.04    -19.0412    0.528784    6.73361    
1    34    22    -6498.36    -19.0725    0.530703    6.69827    
1    35    23    -6503.99    -17.0223    0.533766    6.72939    
1    36    24    -6503.18    -18.2877    0.529218    6.69591    
1    37    25    -6503.29    -18.0462    0.529618    6.69453    
1    40    26    -6501.93    -17.6436    0.53266    6.7389    
1    43    27    -6501.39    -17.8057    0.529052    6.71718    
1    45    28    -6503.12    -17.4312    0.529312    6.73623    
1    48    29    -6503.74    -17.8961    0.529486    6.7213    
1    49    30    -6502.24    -17.1097    0.527007    6.74413    
1    52    31    -6503.47    -16.6246    0.527629    6.73433    
1    57    32    -6500.62    -13.9124    0.525021    7.02609    
1    58    33    -6501.74    -14.691    0.527035    7.04968    
1    59    34    -6500.7    -21.7045    0.516012    6.96196    
1    60    35    -6504.71    -23.3962    0.513159    7.02111    
1    63    36    -6508.03    -22.6416    0.516762    7.04068    
1    66    37    -6508.16    -22.147    0.517084    7.0432    
1    68    38    -6507.55    -21.7941    0.518833    7.04669    
1    72    39    -6507.08    -23.0138    0.517304    7.02664    
1    73    40    -6502.86    -21.8215    0.514998    7.0118    
1    74    41    -6505.67    -22.406    0.515945    7.01776    
1    75    42    -6506.05    -21.4834    0.515669    7.01041    
1    76    43    -6503.73    -21.8814    0.511344    6.98434    
1    77    44    -6498.52    -20.7717    0.513573    6.9992    
1    78    45    -6502.11    -19.9993    0.517038    7.0309    
1    79    46    -6504.27    -20.0014    0.520394    7.03423    
1    84    47    -6503.26    -19.9586    0.517792    6.91903    
1    87    48    -6504.14    -19.951    0.518654    7.01679    
1    95    49    -6502.78    -12.4073    0.524831    7.02806    
1    96    50    -6501.49    -13.1582    0.52742    7.02413    
1    97    51    -6502.79    -13.727    0.528934    7.0233    
1    98    52    -6500.13    -14.7487    0.53369    6.97318    
1    99    53    -6498.41    -9.95652    0.533565    7.05876    
1    100    54    -6498.76    -10.2449    0.530556    7.0639    
