#Task    Step    numberOfAcceptedPeleSteps    currentEnergy    BindingEnergy    sasaLig    distance_A35SG_L1S1    
1    0    0    -6281.5    -1.67373    0.571238    6.92234    
1    1    1    -6443.55    -11.3013    0.569517    6.94063    
1    2    2    -6447.28    -9.22705    0.561688    6.90683    
1    3    3    -6465.64    -11.1685    0.543308    6.8625    
1    4    4    -6471.95    -12.9125    0.544042    6.7989    
1    7    5    -6475.85    -9.53979    0.549651    6.82531    
1    9    6    -6481.3    -12.1342    0.550275    6.77602    
1    10    7    -6480.44    -11.7473    0.547144    6.64136    
1    11    8    -6480.32    -11.248    0.546752    6.65304    
1    12    9    -6480.62    -12.4142    0.54446    6.60533    
1    13    10    -6476.98    -11.9442    0.544126    6.63293    
1    15    11    -6483.17    -18.3571    0.533868    6.65937    
1    16    12    -6480.71    -19.2577    0.530864    6.64235    
1    17    13    -6486.81    -21.5524    0.521182    6.64442    
1    18    14    -6486.73    -21.0688    0.522307    6.44966    
1    19    15    -6492.85    -22.2937    0.527129    6.50028    
1    21    16    -6492.88    -21.4068    0.529883    6.54001    
1    24    17    -6493.09    -20.9124    0.530499    6.56373    
1    26    18    -6492.98    -19.9419    0.530695    6.57177    
1    27    19    -6482.59    -16.6256    0.528948    6.86881    
1    28    20    -6491.06    -17.5873    0.528752    6.87511    
1    29    21    -6494.91    -24.3237    0.532167    6.71605    
1    30    22    -6492.61    -23.0003    0.526951    6.63729    
1    31    23    -6494.23    -18.1693    0.537506    6.62706    
1    33    24    -6495.36    -23.1226    0.526828    6.63599    
1    34    25    -6495.6    -22.5313    0.527542    6.62979    
1    35    26    -6497.06    -22.7926    0.524051    6.62285    
1    36    27    -6496.67    -22.7594    0.52806    6.67256    
1    37    28    -6496.27    -24.1168    0.526919    6.60954    
1    39    29    -6494.99    -21.1408    0.526047    6.62724    
1    40    30    -6491.85    -17.7404    0.528623    6.6298    
1    41    31    -6485.05    -13.3786    0.537073    6.84084    
1    43    32    -6484.13    -5.59367    0.556051    6.90512    
1    44    33    -6487.43    -8.45669    0.547161    6.7659    
1    45    34    -6489.59    -10.9701    0.546187    6.64656    
1    46    35    -6488.68    -10.3253    0.546538    6.64739    
1    47    36    -6492.89    -11.5555    0.544811    6.62683    
1    53    37    -6494.24    -14.8505    0.53641    6.62176    
1    56    38    -6495.73    -16.0128    0.536697    6.64862    
1    59    39    -6495.68    -16.5643    0.534861    6.64233    
1    60    40    -6496.21    -16.7095    0.534393    6.62508    
1    62    41    -6491.19    -16.9706    0.541145    6.71515    
1    63    42    -6497.88    -14.6325    0.551817    6.73771    
1    64    43    -6500.05    -14.1797    0.551009    6.65723    
1    66    44    -6501.87    -15.0645    0.550105    6.65949    
1    67    45    -6497.2    -8.30533    0.554809    6.91524    
1    69    46    -6502.54    -16.3903    0.53048    6.70769    
1    71    47    -6502.78    -16.0926    0.529342    6.68234    
1    74    48    -6502.96    -16.0913    0.530615    6.53886    
1    75    49    -6508.38    -23.3063    0.51976    6.64235    
1    76    50    -6504.38    -23.5589    0.514282    6.64762    
1    77    51    -6509.29    -23.8527    0.516819    6.64271    
1    78    52    -6508.24    -23.6775    0.513723    6.64941    
1    81    53    -6509.51    -24.2381    0.515811    6.6824    
1    82    54    -6509.57    -23.5794    0.515722    6.66761    
1    84    55    -6506.96    -23.5238    0.515911    6.6075    
1    87    56    -6509.25    -23.6671    0.516895    6.63805    
1    95    57    -6509.9    -23.4133    0.516722    6.64965    
1    96    58    -6508.91    -23.8135    0.517581    6.60576    
1    97    59    -6506.35    -23.3433    0.515982    6.63974    
1    98    60    -6507.84    -23.6118    0.516416    6.63578    
