#Task    Step    numberOfAcceptedPeleSteps    currentEnergy    BindingEnergy    sasaLig    distance_A35SG_L1S1    
1    0    0    -6281.5    -1.67373    0.571238    6.92234    
1    1    1    -6443.96    -9.83606    0.540131    6.89825    
1    2    2    -6473    -14.4254    0.529218    6.90468    
1    3    3    -6484.8    -21.3955    0.522621    6.9272    
1    5    4    -6486.36    -21.6598    0.51723    6.90802    
1    6    5    -6488.74    -21.208    0.518712    6.91946    
1    8    6    -6487.88    -21.6446    0.518514    6.83562    
1    9    7    -6486.38    -19.9696    0.518925    6.87621    
1    14    8    -6493.15    -19.0768    0.52284    6.84793    
1    15    9    -6501.63    -18.7576    0.52525    6.9382    
1    16    10    -6502.42    -18.7398    0.524001    6.90446    
1    17    11    -6500.01    -20.6498    0.524564    6.8769    
1    18    12    -6498.33    -20.0827    0.519054    6.85054    
1    20    13    -6499.59    -19.5838    0.521085    6.78245    
1    24    14    -6502.84    -19.8094    0.51832    6.85315    
1    27    15    -6502.59    -19.1994    0.517951    6.86798    
1    30    16    -6502.69    -19.4469    0.51866    6.8571    
1    32    17    -6503.43    -19.5027    0.517895    6.86412    
1    33    18    -6503.06    -20.1073    0.521893    6.82557    
1    36    19    -6502.51    -18.9241    0.522727    6.79173    
1    38    20    -6498.94    -17.7954    0.519088    6.68793    
1    41    21    -6500.14    -12.817    0.530759    6.83524    
1    43    22    -6498.75    -13.8299    0.531831    6.89184    
1    45    23    -6503.06    -13.9607    0.536959    6.84907    
1    46    24    -6502.68    -13.6886    0.53503    6.83992    
1    47    25    -6504.32    -12.9122    0.538815    6.84704    
1    50    26    -6504.85    -13.8499    0.537795    6.83364    
1    51    27    -6504.99    -13.6214    0.5361    6.83287    
1    52    28    -6504.83    -13.5794    0.534448    6.8357    
1    53    29    -6501.69    -13.5857    0.536672    6.72856    
1    55    30    -6501.59    -13.8882    0.537152    6.75375    
1    58    31    -6500.37    -12.6795    0.537855    6.78169    
1    59    32    -6502.54    -13.679    0.537335    6.83729    
1    65    33    -6501.59    -13.7301    0.539167    6.839    
1    67    34    -6502.91    -14.0457    0.53948    6.84917    
1    68    35    -6502.63    -13.7233    0.538051    6.86161    
1    69    36    -6500.82    -14.5221    0.539445    6.87521    
1    71    37    -6501.46    -12.9975    0.538959    6.85178    
1    73    38    -6496.24    -13.0974    0.537136    6.82587    
1    74    39    -6496.4    -14.7731    0.535837    6.77547    
1    75    40    -6495.79    -14.3554    0.529118    6.78493    
1    76    41    -6497.49    -15.912    0.532303    6.77259    
1    78    42    -6497.24    -13.8967    0.531856    6.81998    
1    80    43    -6496.51    -14.7703    0.530704    6.85439    
1    81    44    -6495.91    -14.8128    0.532382    6.83113    
1    82    45    -6494.58    -14.4077    0.531747    6.83501    
1    83    46    -6495.57    -15.5359    0.532726    6.86327    
1    85    47    -6495.09    -15.093    0.532608    6.85171    
1    86    48    -6497.13    -14.6913    0.533648    6.84093    
1    88    49    -6495.17    -14.699    0.531312    6.82166    
1    89    50    -6493.71    -14.4473    0.532491    6.83118    
1    90    51    -6494.74    -14.194    0.532531    6.83579    
1    91    52    -6493.01    -14.6393    0.534561    6.91713    
1    92    53    -6495.68    -14.9816    0.532427    6.85798    
1    93    54    -6493.66    -14.8731    0.530857    6.85546    
1    94    55    -6494.22    -13.791    0.531449    6.82246    
1    97    56    -6493.93    -14.086    0.531315    6.83937    
1    98    57    -6494.01    -13.8981    0.530325    6.83378    
1    99    58    -6493.76    -14.8116    0.531267    6.84234    
