#Task    Step    numberOfAcceptedPeleSteps    currentEnergy    BindingEnergy    sasaLig    distance_A35SG_L1S1    
1    0    0    -6281.5    -1.67373    0.571238    6.92234    
1    1    1    -6447.11    -9.97276    0.539252    6.88558    
1    2    2    -6468.77    -13.7208    0.52893    6.89384    
1    3    3    -6482.96    -17.6538    0.532127    6.76877    
1    4    4    -6485.81    -17.6317    0.529123    6.76643    
1    5    5    -6489.04    -17.548    0.531936    6.78349    
1    7    6    -6490.77    -14.7959    0.533079    6.87031    
1    8    7    -6489.84    -13.8892    0.532373    6.84051    
1    9    8    -6492.82    -14.1066    0.534102    6.86109    
1    11    9    -6496.35    -17.6509    0.535302    6.70359    
1    12    10    -6494.33    -16.6922    0.532512    6.66623    
1    13    11    -6485.37    -17.1646    0.540478    6.61601    
1    14    12    -6488.66    -15.0353    0.541117    6.75512    
1    15    13    -6488.79    -13.8579    0.542654    6.84696    
1    16    14    -6490    -14.264    0.540684    6.84673    
1    17    15    -6486.85    -13.536    0.540851    6.8677    
1    18    16    -6486.43    -13.1244    0.54024    6.8337    
1    21    17    -6485.04    -13.7427    0.543207    6.87607    
1    22    18    -6485.5    -13.845    0.541958    6.86498    
1    24    19    -6485.03    -13.4398    0.542944    6.85359    
1    25    20    -6482.8    -13.4703    0.541524    6.77076    
1    28    21    -6481.81    -16.0104    0.539398    6.66717    
1    30    22    -6482.66    -16.3231    0.538292    6.60349    
1    31    23    -6483.62    -16.155    0.539907    6.61515    
1    33    24    -6484.45    -17.1232    0.544063    6.5844    
1    34    25    -6483.64    -16.1402    0.543767    6.57854    
1    36    26    -6483.29    -15.7087    0.545167    6.72223    
1    39    27    -6485.04    -14.215    0.545124    6.73862    
1    47    28    -6484.19    -13.1906    0.547732    6.72416    
1    48    29    -6483.78    -13.2634    0.54769    6.75802    
1    50    30    -6482.22    -13.4103    0.546261    6.74804    
1    54    31    -6484.26    -13.5545    0.544193    6.76704    
1    55    32    -6483.63    -20.1098    0.531958    6.74617    
1    56    33    -6485.76    -21.0377    0.531056    6.75268    
1    58    34    -6485.59    -20.5402    0.531929    6.76105    
1    60    35    -6484.28    -20.613    0.524405    6.75652    
1    64    36    -6483.15    -24.5948    0.526118    6.65585    
1    65    37    -6485.31    -24.1253    0.528612    6.67414    
1    69    38    -6483.38    -21.7952    0.530838    6.73109    
1    71    39    -6484.56    -20.4068    0.530716    6.74285    
1    73    40    -6486.08    -21.9    0.532302    6.70398    
1    78    41    -6485.95    -21.2471    0.532816    6.6969    
1    84    42    -6485.91    -22.7485    0.531641    6.68105    
1    85    43    -6479.08    -19.9716    0.526275    6.73259    
1    87    44    -6482.45    -18.8255    0.527778    6.76568    
1    88    45    -6482.14    -19.9566    0.524098    6.82248    
1    90    46    -6482.45    -19.2778    0.529171    6.82425    
1    92    47    -6482.22    -19.0715    0.526791    6.807    
1    93    48    -6482.32    -18.8257    0.525052    6.85868    
1    94    49    -6479.59    -18.3596    0.526223    6.83322    
1    96    50    -6482.75    -18.6605    0.527803    6.87113    
1    97    51    -6483.41    -20.1781    0.526371    6.85972    
