#Task    Step    numberOfAcceptedPeleSteps    currentEnergy    BindingEnergy    sasaLig    distance_A35SG_L1S1    
1    0    0    -6281.5    -1.67373    0.571238    6.92234    
1    1    1    -6455.67    -11.8734    0.538446    6.978    
1    2    2    -6467.5    -13.7769    0.525452    6.97667    
1    4    3    -6481.89    -13.7041    0.525808    6.86206    
1    5    4    -6490.37    -11.77    0.548461    6.74637    
1    6    5    -6483.02    -11.4785    0.543755    6.90456    
1    7    6    -6489.95    -12.0935    0.543563    6.88352    
1    8    7    -6493.74    -13.0572    0.543551    6.87575    
1    10    8    -6494.73    -13.2996    0.539429    6.86135    
1    11    9    -6495.54    -13.0551    0.541338    6.86861    
1    14    10    -6493.54    -12.93    0.532517    6.82735    
1    15    11    -6494.5    -13.0573    0.539793    6.81054    
1    16    12    -6494.61    -14.1199    0.537274    6.7978    
1    17    13    -6494.93    -12.8854    0.543887    6.79648    
1    18    14    -6494    -13.1466    0.537717    6.82454    
1    19    15    -6495.41    -12.4352    0.541535    6.82357    
1    20    16    -6496.7    -13.3018    0.541909    6.81543    
1    21    17    -6496.68    -13.4075    0.546731    6.81241    
1    30    18    -6497.31    -13.7824    0.542458    6.82457    
1    33    19    -6494.36    -11.834    0.54047    6.88218    
1    34    20    -6493.49    -11.5781    0.534896    6.87596    
1    38    21    -6489.92    -17.7012    0.51432    6.86211    
1    39    22    -6493.75    -17.3882    0.522552    6.84739    
1    40    23    -6493.83    -17.7268    0.519972    6.84851    
1    45    24    -6491.86    -17.3022    0.510009    6.91327    
1    50    25    -6492.59    -17.5722    0.508192    6.90694    
1    51    26    -6492.71    -16.9891    0.510777    6.90341    
1    53    27    -6491.71    -18.0515    0.507857    6.9032    
1    55    28    -6492.13    -19.1849    0.507508    6.90321    
1    56    29    -6492.96    -18.6412    0.506963    6.89461    
1    57    30    -6490.55    -19.263    0.50683    6.89289    
1    58    31    -6491.7    -18.5748    0.512825    6.85401    
1    61    32    -6490    -18.812    0.506805    6.88894    
1    63    33    -6490.34    -18.5403    0.509842    6.86781    
1    65    34    -6493.41    -19.6416    0.512023    6.85394    
1    66    35    -6494.04    -19.0839    0.512211    6.86657    
1    68    36    -6493.2    -19.5135    0.510046    6.86468    
1    70    37    -6493.24    -19.8062    0.507824    6.94869    
1    71    38    -6490.38    -12.4873    0.520876    6.8949    
1    74    39    -6492.63    -12.4266    0.522277    6.90872    
1    75    40    -6493.63    -11.7894    0.526455    6.90652    
1    77    41    -6493.83    -12.0817    0.524735    6.88565    
1    78    42    -6492.34    -11.4437    0.526049    6.80251    
1    79    43    -6494    -13.4632    0.528497    6.89129    
1    81    44    -6491.68    -12.1376    0.526875    6.8558    
1    83    45    -6492.72    -13.14    0.524856    6.90168    
1    85    46    -6492.19    -11.8954    0.525957    6.88403    
1    88    47    -6490.31    -13.7023    0.522894    6.85677    
1    89    48    -6488.23    -12.8107    0.52176    6.88124    
1    90    49    -6489.82    -12.5586    0.522051    6.84294    
1    91    50    -6491.15    -20.7093    0.508766    6.89787    
1    93    51    -6490.06    -20.6761    0.507583    6.87558    
1    94    52    -6487.62    -22.8923    0.499615    6.87621    
1    95    53    -6491.27    -19.1609    0.515583    6.84249    
1    97    54    -6493.21    -21.4335    0.521231    6.85956    
1    100    55    -6492.87    -22.3773    0.520622    6.93255    
