#Task    Step    numberOfAcceptedPeleSteps    currentEnergy    BindingEnergy    sasaLig    distance_A35SG_L1S1    
1    0    0    -6281.5    -1.67373    0.571238    6.92234    
1    1    1    -6443.94    -8.25863    0.56528    7.1289    
1    2    2    -6469.63    -10.8645    0.558953    6.85434    
1    3    3    -6479.23    -11.0454    0.560909    6.83572    
1    4    4    -6483.56    -12.5406    0.561586    6.82267    
1    9    5    -6485.75    -12.6761    0.562531    6.83642    
1    10    6    -6487.04    -12.7973    0.562841    6.86346    
1    12    7    -6487.2    -13.2295    0.560218    6.84473    
1    13    8    -6478.56    -16.6246    0.549788    6.84344    
1    14    9    -6490.57    -21.7109    0.550275    6.81957    
1    16    10    -6491.83    -19.3308    0.557152    7.10186    
1    17    11    -6491.75    -17.8892    0.550288    6.86166    
1    18    12    -6495.09    -17.6951    0.549956    6.90262    
1    19    13    -6494.3    -18.3131    0.527196    6.89699    
1    20    14    -6496.38    -18.3791    0.525232    6.87971    
1    21    15    -6498.98    -19.0276    0.524544    6.9013    
1    22    16    -6498.77    -18.1725    0.52499    6.93335    
1    31    17    -6498.38    -18.9026    0.52535    6.91041    
1    32    18    -6498.03    -18.5405    0.524896    6.87634    
1    35    19    -6495.63    -18.0435    0.524611    6.88765    
1    36    20    -6498.04    -18.2919    0.52446    6.90122    
1    37    21    -6497.5    -20.3457    0.522925    6.84421    
1    39    22    -6495.95    -21.2292    0.523013    6.88669    
1    41    23    -6494.92    -19.6996    0.528042    6.88756    
1    42    24    -6493.23    -19.5898    0.521833    6.84847    
1    44    25    -6498.03    -20.5603    0.52521    6.86267    
1    45    26    -6496.24    -20.2137    0.526075    6.88237    
1    50    27    -6496.87    -21.5731    0.5246    6.89772    
1    51    28    -6497.1    -20.2396    0.525539    6.91282    
1    54    29    -6495.2    -20.7236    0.519711    6.72251    
1    57    30    -6495.21    -19.1413    0.526673    6.70403    
1    58    31    -6495.31    -19.6854    0.527325    6.70809    
1    60    32    -6494.85    -22.5445    0.526526    6.59585    
1    61    33    -6492.68    -22.391    0.527038    6.56213    
1    63    34    -6494.1    -20.2932    0.526325    6.60688    
1    65    35    -6492.68    -22.4145    0.526953    6.58064    
1    67    36    -6489.19    -20.832    0.525688    6.64659    
1    68    37    -6487.38    -22.2593    0.524987    6.54984    
1    69    38    -6490.27    -22.198    0.527094    6.57983    
1    70    39    -6490.47    -23.1437    0.525569    6.56986    
1    71    40    -6491.68    -22.507    0.525448    6.59346    
1    74    41    -6492.03    -23.1744    0.524383    6.59329    
1    75    42    -6490.81    -23.6884    0.524277    6.60135    
1    76    43    -6492.36    -23.2451    0.525232    6.56485    
1    79    44    -6492.36    -23.7731    0.52599    6.60281    
1    82    45    -6490.84    -20.8318    0.530611    6.75454    
1    84    46    -6492.55    -24.2729    0.522356    6.69694    
1    87    47    -6493.84    -24.1153    0.521507    6.67663    
1    89    48    -6492    -23.9216    0.518281    6.68154    
1    91    49    -6491.72    -24.1731    0.518254    6.64889    
1    92    50    -6491.21    -22.0769    0.518908    6.58944    
1    93    51    -6490.79    -24.0526    0.51687    6.69455    
1    98    52    -6490.42    -23.347    0.51429    6.66298    
1    100    53    -6491.99    -23.0915    0.517455    6.69469    
