#Task    Step    numberOfAcceptedPeleSteps    currentEnergy    BindingEnergy    sasaLig    distance_A35SG_L1S1    
1    0    0    -6281.5    -1.67373    0.571238    6.92234    
1    1    1    -6482.29    -13.8103    0.560581    6.90599    
1    3    2    -6486.75    -14.2751    0.553356    6.88557    
1    4    3    -6491.3    -14.6768    0.554831    6.86489    
1    5    4    -6490.78    -14.517    0.555453    6.87176    
1    7    5    -6493.3    -14.0673    0.557329    6.88031    
1    9    6    -6492.15    -13.5834    0.556142    6.91212    
1    10    7    -6490.44    -11.7396    0.560948    6.9874    
1    11    8    -6491.92    -16.8814    0.526809    6.66975    
1    13    9    -6490.49    -20.0342    0.521532    6.76649    
1    15    10    -6486.22    -17.1269    0.548949    6.76125    
1    17    11    -6497.61    -18.6073    0.529767    6.76627    
1    19    12    -6496.7    -16.2294    0.554711    6.90797    
1    21    13    -6496.85    -19.984    0.529246    6.78808    
1    22    14    -6495.47    -19.6359    0.526226    6.75381    
1    26    15    -6499.33    -19.2788    0.528879    6.75904    
1    27    16    -6497.81    -18.578    0.528315    6.74862    
1    28    17    -6499.31    -19.1788    0.528592    6.75109    
1    29    18    -6494.15    -17.9004    0.526956    6.7289    
1    31    19    -6496.23    -18.6969    0.527775    6.73492    
1    34    20    -6496.35    -19.1615    0.525481    6.7055    
1    35    21    -6496.99    -19.6574    0.522956    6.73362    
1    37    22    -6496.2    -18.1551    0.525243    6.77878    
1    40    23    -6498.13    -18.4047    0.526023    6.72832    
1    43    24    -6500.24    -18.9185    0.526479    6.88705    
1    45    25    -6500.15    -18.5831    0.524554    6.82303    
1    47    26    -6500.19    -18.1586    0.525962    6.80674    
1    48    27    -6500.8    -18.0257    0.525357    6.77722    
1    49    28    -6499.32    -18.4997    0.523606    6.77235    
1    52    29    -6496.24    -17.3947    0.519281    6.54589    
1    53    30    -6497.61    -18.5207    0.523027    6.69016    
1    56    31    -6496.12    -17.6956    0.519525    6.70919    
1    57    32    -6498.37    -17.2813    0.521728    6.82242    
1    58    33    -6498.9    -17.8542    0.520735    6.76859    
1    60    34    -6500.06    -17.7382    0.522794    6.76609    
1    63    35    -6500.71    -17.8946    0.523786    6.85741    
1    65    36    -6497.1    -15.2671    0.523814    6.93678    
1    67    37    -6496.55    -23.4505    0.50525    6.93025    
1    69    38    -6497.13    -22.6757    0.50906    6.87888    
1    70    39    -6497.87    -25.5406    0.505032    6.57573    
1    71    40    -6499.02    -17.5015    0.521853    6.6395    
1    75    41    -6498.89    -17.7063    0.522741    6.68425    
1    76    42    -6497.97    -16.0887    0.527322    6.74049    
1    77    43    -6496.02    -18.2791    0.526543    6.72972    
1    79    44    -6499.17    -18.0693    0.527386    6.73388    
1    82    45    -6499.53    -18.3029    0.525457    6.75373    
1    85    46    -6496.67    -18.0243    0.529846    6.72088    
1    86    47    -6497.47    -17.5813    0.529479    6.6219    
1    94    48    -6497.55    -17.0597    0.529132    6.65495    
1    96    49    -6496.42    -18.3889    0.525688    6.71919    
1    98    50    -6498.96    -17.7636    0.554811    6.76623    
