#Task    Step    numberOfAcceptedPeleSteps    currentEnergy    BindingEnergy    sasaLig    distance_A35SG_L1S1    
1    0    0    -6281.5    -1.67373    0.571238    6.92234    
1    1    1    -6461.64    -12.5247    0.563487    6.97208    
1    2    2    -6476.71    -11.848    0.553034    6.69215    
1    3    3    -6472.01    3.31624    0.561597    6.69191    
1    5    4    -6490.92    -13.0876    0.558207    6.71798    
1    6    5    -6493.58    -15.1677    0.554961    6.66811    
1    7    6    -6496.54    -16.203    0.554976    6.64382    
1    10    7    -6488.8    -15.6348    0.549967    6.50761    
1    11    8    -6495.43    -13.9287    0.553197    6.54938    
1    13    9    -6497.36    -15.6787    0.541286    6.55654    
1    14    10    -6496.31    -14.8538    0.54029    6.90235    
1    16    11    -6503.18    -14.4277    0.54061    6.92169    
1    17    12    -6504.44    -14.1543    0.535746    6.95303    
1    19    13    -6503.84    -14.2966    0.538006    6.95165    
1    21    14    -6502.25    -14.3115    0.539408    6.95741    
1    23    15    -6502.84    -13.7738    0.538734    6.94301    
1    24    16    -6503.54    -13.9651    0.539351    6.95764    
1    29    17    -6498.9    -14.2079    0.544695    6.92352    
1    31    18    -6501.15    -14.564    0.542722    6.93501    
1    33    19    -6500.63    -14.3133    0.535984    6.94646    
1    34    20    -6501.77    -14.8682    0.543861    6.9076    
1    36    21    -6504.47    -14.7679    0.541922    6.91205    
1    38    22    -6503.95    -13.9956    0.542207    6.91524    
1    39    23    -6504.56    -13.7924    0.552689    6.97277    
1    46    24    -6505.38    -11.9832    0.556684    6.95583    
1    50    25    -6504.57    -13.0758    0.552917    6.96218    
1    53    26    -6503.01    -14.4367    0.537421    6.93819    
1    55    27    -6502.12    -13.2712    0.544465    6.97538    
1    57    28    -6499.19    -14.8543    0.542563    6.93238    
1    61    29    -6500.41    -14.6407    0.542059    6.94008    
1    62    30    -6500.29    -13.6772    0.544636    6.97512    
1    63    31    -6500.43    -13.3959    0.546537    6.92421    
1    64    32    -6501.95    -12.9815    0.544908    7.02718    
1    65    33    -6501.8    -11.005    0.538848    6.99283    
1    66    34    -6503.04    -11.9437    0.537789    7.00927    
1    69    35    -6499.09    -13.5647    0.537617    6.95562    
1    70    36    -6500.7    -12.0572    0.541369    6.98155    
1    71    37    -6499.79    -13.3552    0.541927    6.89932    
1    72    38    -6501.1    -12.0187    0.537856    6.83181    
1    73    39    -6499.14    -13.6405    0.539187    6.94501    
1    75    40    -6500.56    -12.9925    0.537417    6.95061    
1    76    41    -6499.83    -13.9838    0.524181    7.03181    
1    77    42    -6499.92    -12.8524    0.521873    6.9445    
1    79    43    -6503.69    -11.0427    0.530411    6.95439    
1    80    44    -6501.76    -10.9233    0.529725    6.94534    
1    81    45    -6503.19    -11.8355    0.530309    6.95602    
1    84    46    -6503.01    -11.7438    0.529909    6.99654    
1    86    47    -6499.06    -11.9645    0.533184    6.95412    
1    87    48    -6505.05    -12.4481    0.534377    6.97929    
1    93    49    -6505.09    -12.2678    0.535772    6.96137    
1    94    50    -6503.94    -12.4411    0.533437    6.93891    
1    95    51    -6504.73    -12.0215    0.535545    6.96942    
1    97    52    -6505.64    -12.6841    0.538835    6.94896    
1    98    53    -6504.38    -12.7337    0.538566    6.95115    
1    99    54    -6504.32    -12.0341    0.536651    6.95727    
