#Task    Step    numberOfAcceptedPeleSteps    currentEnergy    BindingEnergy    sasaLig    distance_A35SG_L1S1    
1    0    0    -6281.5    -1.67373    0.571238    6.92234    
1    1    1    -6453.36    -9.69424    0.562126    6.98544    
1    2    2    -6471.25    -11.5724    0.559638    7.00053    
1    3    3    -6481.94    -12.688    0.54926    6.93212    
1    4    4    -6490.17    -12.4545    0.54548    6.96297    
1    5    5    -6488.36    -12.7157    0.526486    6.97515    
1    6    6    -6489.75    -11.9189    0.524853    6.96213    
1    8    7    -6489.09    -11.8514    0.5239    6.77881    
1    9    8    -6479.79    -13.065    0.520411    6.8647    
1    10    9    -6492.29    -13.6694    0.524899    6.93931    
1    11    10    -6492.37    -12.6442    0.527422    6.89839    
1    12    11    -6490.33    -11.8103    0.524775    6.90914    
1    15    12    -6490.58    -13.1817    0.52267    6.83712    
1    16    13    -6492.57    -13.8497    0.523076    6.77277    
1    17    14    -6492.69    -12.8162    0.521459    6.87398    
1    18    15    -6493.42    -12.1766    0.518623    6.72034    
1    19    16    -6493.95    -12.9932    0.522477    6.87506    
1    20    17    -6494.05    -12.3497    0.523657    6.86507    
1    22    18    -6492.46    -13.2754    0.518516    6.82475    
1    24    19    -6494.07    -13.2375    0.519131    6.88331    
1    32    20    -6493.03    -12.5185    0.52105    6.8863    
1    33    21    -6494.9    -13.3701    0.525252    6.86869    
1    34    22    -6489.65    -12.8541    0.52275    6.89008    
1    35    23    -6492.16    -18.2757    0.508503    6.88537    
1    36    24    -6492.44    -16.8409    0.512025    6.89879    
1    37    25    -6490.26    -16.0145    0.520257    6.69423    
1    39    26    -6490.44    -9.99311    0.526234    6.80745    
1    40    27    -6491.75    -10.0204    0.52672    6.85367    
1    41    28    -6492.96    -10.319    0.528643    6.88059    
1    42    29    -6493.7    -10.5777    0.528817    6.86853    
1    43    30    -6493.62    -11.7244    0.525999    6.87519    
1    44    31    -6494.08    -12.1515    0.526757    6.87511    
1    45    32    -6492.71    -13.7084    0.568615    6.86582    
1    46    33    -6493.6    -14.1496    0.567862    6.84653    
1    48    34    -6493.51    -13.5276    0.568142    6.87235    
1    50    35    -6493.04    -15.1612    0.570045    6.86367    
1    51    36    -6494.55    -14.1305    0.568314    6.86078    
1    55    37    -6494.08    -12.5302    0.560546    6.86613    
1    57    38    -6494.66    -12.7141    0.560843    6.81094    
1    58    39    -6496.39    -12.7705    0.562424    6.83174    
1    59    40    -6495.11    -11.8849    0.565461    6.84944    
1    61    41    -6495    -13.6735    0.563394    6.78435    
1    65    42    -6494.97    -15.866    0.559618    6.59225    
1    67    43    -6494.56    -15.1943    0.56107    6.5944    
1    68    44    -6496.03    -15.6467    0.557011    6.60029    
1    69    45    -6495.63    -16.0121    0.560108    6.59754    
1    73    46    -6497.24    -16.1354    0.558714    6.57683    
1    76    47    -6496.62    -16.4279    0.561304    6.59141    
1    77    48    -6496.73    -16.5141    0.559911    6.57877    
1    79    49    -6497.41    -16.0617    0.560552    6.57518    
1    81    50    -6498.04    -16.3849    0.56225    6.57202    
1    82    51    -6498.14    -15.5028    0.565224    6.57368    
1    83    52    -6501.27    -15.2315    0.560995    6.60323    
1    84    53    -6502.71    -15.7833    0.565758    6.66014    
1    85    54    -6504.11    -15.9704    0.564924    6.6134    
1    86    55    -6505.22    -16.0649    0.563621    6.61214    
1    90    56    -6504.64    -16.7293    0.559619    6.60643    
1    91    57    -6506.32    -16.2119    0.562169    6.60464    
1    92    58    -6506.75    -16.2267    0.563531    6.59701    
1    93    59    -6505.05    -16.4725    0.563157    6.58358    
1    95    60    -6505.96    -22.5557    0.549316    6.59436    
1    97    61    -6505.29    -23.469    0.550164    6.54169    
1    98    62    -6504.37    -23.7819    0.54908    6.54042    
1    99    63    -6506.52    -23.3098    0.549957    6.55128    
1    100    64    -6506.75    -23.0478    0.550515    6.54434    
