#Task    Step    numberOfAcceptedPeleSteps    currentEnergy    BindingEnergy    sasaLig    distance_A35SG_L1S1    
1    0    0    -6281.5    -1.67373    0.571238    6.92234    
1    1    1    -6455.89    -12.314    0.56205    6.89779    
1    2    2    -6475.38    -12.3235    0.545288    6.88418    
1    3    3    -6487.45    -12.8572    0.549879    6.93998    
1    5    4    -6486.38    -13.3244    0.52819    6.89982    
1    6    5    -6483.01    -15.211    0.52116    6.88914    
1    7    6    -6487.68    -16.3335    0.526491    6.9726    
1    8    7    -6490.28    -14.4402    0.529533    6.93755    
1    9    8    -6491.91    -16.9133    0.526804    6.83433    
1    12    9    -6491.37    -16.4208    0.526727    6.84158    
1    16    10    -6492.45    -17.0094    0.527171    6.81175    
1    17    11    -6493.15    -17.8446    0.526807    6.79222    
1    21    12    -6493.32    -16.3718    0.528605    6.78795    
1    22    13    -6494.54    -17.7848    0.528549    6.82872    
1    23    14    -6496.12    -18.071    0.528728    6.81479    
1    31    15    -6494.7    -15.8413    0.529372    6.87839    
1    32    16    -6494.84    -15.437    0.528983    6.83075    
1    33    17    -6495.82    -17.1786    0.526814    6.83009    
1    35    18    -6496.15    -14.2607    0.529249    6.99156    
1    39    19    -6496.42    -17.0837    0.527739    6.82779    
1    40    20    -6496.79    -17.4396    0.531385    6.81759    
1    43    21    -6495.98    -15.5427    0.529746    6.96071    
1    45    22    -6496.52    -17.1204    0.527691    6.86561    
1    47    23    -6497.24    -16.6914    0.528049    6.8506    
1    48    24    -6494.38    -17.276    0.528499    6.92793    
1    51    25    -6496.51    -15.4792    0.530049    6.95892    
1    52    26    -6497.66    -17.0663    0.529571    6.86852    
1    53    27    -6496.43    -18.6511    0.526644    6.80387    
1    55    28    -6496.85    -18.425    0.524502    6.78954    
1    56    29    -6498.95    -19.3148    0.527774    6.80634    
1    61    30    -6495.11    -18.1019    0.528327    6.83611    
1    63    31    -6496.85    -18.0399    0.527509    6.79616    
1    64    32    -6491.41    -22.6993    0.510117    6.71007    
1    65    33    -6495.15    -22.4438    0.513897    6.71279    
1    66    34    -6495.57    -20.106    0.514827    6.78153    
1    68    35    -6496.57    -18.0501    0.518889    6.82023    
1    69    36    -6494.5    -16.4616    0.518777    6.72451    
1    71    37    -6493.81    -16.6291    0.519854    6.58796    
1    73    38    -6493.9    -17.4734    0.523537    6.67658    
1    75    39    -6498.15    -23.6552    0.514961    6.771    
1    77    40    -6499.13    -25.4638    0.51068    6.69666    
1    79    41    -6498.22    -16.9052    0.521152    6.69769    
1    80    42    -6497.77    -15.9952    0.522175    6.69405    
1    81    43    -6495.95    -14.62    0.525665    7.00275    
1    83    44    -6491.85    -14.6825    0.528595    7.01603    
1    85    45    -6486.01    -15.867    0.530414    6.97293    
1    86    46    -6491.74    -17.3715    0.541701    6.9916    
1    88    47    -6490.25    -15.3284    0.529953    6.97808    
1    89    48    -6489.5    -15.2584    0.53293    6.9677    
1    91    49    -6492.52    -15.1961    0.533433    6.98052    
1    92    50    -6497.03    -15.2078    0.533777    6.97311    
1    93    51    -6498.62    -14.7361    0.535414    6.97275    
1    94    52    -6498.54    -15.1505    0.536502    6.9852    
1    97    53    -6497.89    -15.4384    0.536768    6.9769    
1    98    54    -6498.28    -14.8811    0.535374    6.9403    
