#Task    Step    numberOfAcceptedPeleSteps    currentEnergy    BindingEnergy    sasaLig    distance_A35SG_L1S1    
1    0    0    -6281.5    -1.67373    0.571238    6.92234    
1    1    1    -6453.4    -8.24555    0.562418    6.93654    
1    2    2    -6471.23    -12.3076    0.553581    6.99318    
1    4    3    -6478.66    -12.9326    0.550214    6.77582    
1    5    4    -6479.66    -10.1188    0.542478    6.87621    
1    6    5    -6483.64    -12.2094    0.537458    6.89107    
1    9    6    -6483.49    -11.5039    0.515732    6.89573    
1    10    7    -6486.27    -11.7695    0.516394    6.85877    
1    11    8    -6484.87    -10.92    0.515269    6.91279    
1    12    9    -6486.55    -12.1204    0.512734    6.92112    
1    13    10    -6487.92    -11.3958    0.511918    6.87809    
1    16    11    -6485.35    -13.5661    0.515007    6.86635    
1    17    12    -6495.09    -14.327    0.517619    6.87934    
1    19    13    -6494.77    -13.7314    0.519195    6.88581    
1    21    14    -6493.46    -14.0295    0.519406    6.85126    
1    24    15    -6492.28    -11.8176    0.514871    6.82794    
1    25    16    -6494.95    -13.7302    0.520608    6.86946    
1    26    17    -6493.57    -13.2911    0.520733    6.85427    
1    28    18    -6493.83    -12.0826    0.517084    6.90203    
1    31    19    -6494.59    -13.156    0.519752    6.84227    
1    32    20    -6496.33    -14.0062    0.515303    6.9312    
1    33    21    -6495.89    -12.3605    0.51847    6.89428    
1    34    22    -6499.01    -13.2519    0.530951    6.89231    
1    35    23    -6500.27    -13.4065    0.525821    6.89842    
1    38    24    -6501.04    -13.2035    0.525606    6.87263    
1    40    25    -6500.46    -12.653    0.525558    6.86842    
1    43    26    -6499.27    -11.9372    0.524181    6.85837    
1    44    27    -6500.13    -11.852    0.52291    6.76721    
1    49    28    -6498.21    -13.0839    0.523796    6.82004    
1    50    29    -6498.11    -12.4899    0.528357    6.75642    
1    53    30    -6496.19    -12.331    0.530237    6.74323    
1    58    31    -6495.92    -12.7378    0.526004    6.78101    
1    60    32    -6494.2    -15.0369    0.523779    6.84432    
1    61    33    -6496.99    -13.2037    0.52539    6.87226    
1    62    34    -6498.04    -13.5364    0.522217    6.77272    
1    65    35    -6497.95    -12.5502    0.525779    6.83868    
1    68    36    -6499.06    -13.3187    0.525572    6.8482    
1    69    37    -6495.89    -13.2736    0.522967    6.85184    
1    70    38    -6498.02    -12.992    0.524355    6.86348    
1    73    39    -6497.95    -12.6065    0.526362    6.83061    
1    74    40    -6490.94    -13.0588    0.511296    6.81266    
1    75    41    -6497.56    -13.1233    0.527616    6.8116    
1    76    42    -6498.6    -13.3445    0.526642    6.80671    
1    77    43    -6497.3    -12.4452    0.523276    6.82062    
1    79    44    -6495.97    -14.0167    0.5227    6.83887    
1    81    45    -6497.28    -14.7466    0.525411    6.69879    
1    82    46    -6494.78    -14.435    0.526664    6.62181    
1    83    47    -6498.63    -11.3412    0.531561    6.81974    
1    85    48    -6500.09    -12.4736    0.530353    6.84661    
1    86    49    -6501.79    -11.7686    0.529776    6.8257    
1    89    50    -6500.3    -12.0084    0.527637    6.86759    
1    92    51    -6500.57    -11.4459    0.526905    6.87098    
1    93    52    -6498.57    -11.5342    0.526834    6.87182    
1    95    53    -6499.76    -18.3248    0.516476    6.87966    
1    96    54    -6497.85    -19.946    0.510297    6.8592    
1    98    55    -6497.99    -21.8216    0.53119    6.57121    
1    99    56    -6500.41    -20.2516    0.519488    6.55159    
1    100    57    -6500.39    -21.0715    0.517573    6.58098    
