#Task    Step    numberOfAcceptedPeleSteps    currentEnergy    BindingEnergy    sasaLig    distance_A35SG_L1S1    
1    0    0    -6281.5    -1.67373    0.571238    6.92234    
1    1    1    -6459.72    -11.7802    0.540706    6.95394    
1    3    2    -6477.7    -17.4401    0.534092    7.05754    
1    4    3    -6483.61    -17.7557    0.535466    7.05442    
1    5    4    -6487.44    -17.1949    0.535519    7.04075    
1    7    5    -6489.49    -15.3528    0.539058    7.01332    
1    8    6    -6489.44    -16.8328    0.537594    6.99633    
1    9    7    -6488.93    -19.7503    0.533195    6.8716    
1    12    8    -6488.8    -19.7456    0.529621    6.88049    
1    13    9    -6489.93    -19.9542    0.531864    6.82648    
1    14    10    -6491.02    -20.5946    0.530496    6.78797    
1    18    11    -6492.86    -19.7313    0.532101    6.85443    
1    19    12    -6486.12    -17.6951    0.527218    7.0368    
1    20    13    -6490.16    -19.8607    0.531054    6.88213    
1    21    14    -6492.86    -17.9495    0.528763    6.96145    
1    22    15    -6491.48    -18.0057    0.529639    6.90047    
1    23    16    -6492.04    -18.8329    0.524536    6.82997    
1    24    17    -6495.1    -18.8916    0.527082    6.80652    
1    28    18    -6495.05    -18.8243    0.527887    6.76516    
1    30    19    -6495.12    -17.2025    0.531835    6.96998    
1    31    20    -6494.73    -18.1061    0.530446    6.84605    
1    36    21    -6494.26    -18.4458    0.527194    6.82217    
1    39    22    -6495.59    -23.832    0.516339    7.00777    
1    40    23    -6497.5    -24.2957    0.515783    7.0012    
1    47    24    -6495.96    -22.172    0.518095    7.04725    
1    48    25    -6493.94    -21.7585    0.518284    7.02398    
1    51    26    -6494.68    -14.8769    0.526719    6.98256    
1    52    27    -6495.26    -15.5302    0.528258    6.96587    
1    53    28    -6494.07    -15.8078    0.531157    7.00499    
1    54    29    -6493.59    -17.0472    0.529916    6.96706    
1    58    30    -6492.56    -16.6643    0.531785    6.85951    
1    60    31    -6494.85    -17.4924    0.52858    6.88925    
1    62    32    -6496.34    -16.4557    0.529274    6.93823    
1    63    33    -6494.66    -16.7984    0.529625    6.92515    
1    65    34    -6490.8    -17.286    0.527813    6.79303    
1    68    35    -6493.1    -16.8712    0.528962    6.77494    
1    69    36    -6491.71    -18.6819    0.53088    6.77749    
1    71    37    -6493    -19.0763    0.528463    6.80182    
1    73    38    -6491.92    -17.9019    0.527713    6.75225    
1    74    39    -6492.79    -17.5023    0.529958    6.72676    
1    75    40    -6494.84    -17.5377    0.52905    6.72375    
1    76    41    -6494.73    -17.3022    0.53081    6.73282    
1    78    42    -6494.26    -17.2193    0.5277    6.71478    
1    81    43    -6494.95    -17.6356    0.530947    6.83715    
1    83    44    -6493.42    -18.1157    0.529287    6.86434    
1    84    45    -6489.35    -17.1073    0.524615    6.66519    
1    85    46    -6493.33    -17.1346    0.527644    6.63042    
1    89    47    -6493.21    -18.1745    0.530038    6.66409    
1    90    48    -6493.06    -18.0789    0.530538    6.67315    
1    95    49    -6492.35    -17.8395    0.531451    6.684    
1    96    50    -6493.93    -18.047    0.532638    6.69808    
1    97    51    -6492.89    -15.0143    0.530492    6.85009    
1    98    52    -6492.79    -16.8325    0.531038    6.93439    
1    99    53    -6496.9    -19.3993    0.533322    6.79022    
