#Task    Step    numberOfAcceptedPeleSteps    currentEnergy    BindingEnergy    sasaLig    distance_A35SG_L1S1    
1    0    0    -6281.5    -1.67373    0.571238    6.92234    
1    1    1    -6446.83    -11.9091    0.539657    6.90661    
1    2    2    -6460.35    -11.9661    0.535159    6.93617    
1    3    3    -6476.73    -13.9404    0.536316    6.96833    
1    4    4    -6482.78    -14.1441    0.530359    7.12104    
1    5    5    -6485.3    -16.3908    0.532113    7.03258    
1    6    6    -6493.69    -18.0667    0.531853    6.99103    
1    7    7    -6494.89    -17.9004    0.533726    6.97059    
1    9    8    -6495.74    -19.3004    0.535433    6.91952    
1    11    9    -6493.88    -19.6649    0.532566    6.83461    
1    12    10    -6495.72    -18.3413    0.53297    6.8249    
1    13    11    -6494.54    -18.5688    0.534111    6.81634    
1    16    12    -6494.95    -16.4124    0.531952    6.89161    
1    17    13    -6495.06    -17.2499    0.530397    6.76997    
1    19    14    -6494.22    -15.1665    0.555098    6.83103    
1    21    15    -6493.15    -16.7578    0.530239    6.7885    
1    22    16    -6493.6    -16.6594    0.527275    6.71457    
1    24    17    -6493.24    -16.3566    0.522236    6.53323    
1    25    18    -6496.72    -16.1977    0.526926    6.61961    
1    26    19    -6498.56    -16.7344    0.527961    6.63785    
1    28    20    -6497.08    -16.7959    0.52641    6.61393    
1    30    21    -6496.96    -15.7656    0.530923    6.6297    
1    31    22    -6499.6    -17.044    0.531224    6.67805    
1    33    23    -6498.62    -16.8306    0.532081    6.70684    
1    40    24    -6499.72    -18.8468    0.527123    6.7913    
1    43    25    -6497.23    -16.0411    0.533577    6.87339    
1    45    26    -6500.48    -18.5571    0.531946    6.72844    
1    46    27    -6500.21    -17.9302    0.533564    6.70007    
1    47    28    -6493.3    -10.3809    0.536698    6.92858    
1    49    29    -6498.58    -17.4201    0.531367    6.83659    
1    50    30    -6498.58    -17.3891    0.529321    6.5996    
1    55    31    -6499.47    -17.6809    0.530599    6.72531    
1    56    32    -6498.73    -17.6281    0.530582    6.72401    
1    57    33    -6499.41    -17.9703    0.531979    6.72948    
1    58    34    -6502.61    -17.9009    0.533005    6.7517    
1    60    35    -6503.23    -17.9207    0.530693    6.73789    
1    61    36    -6500.7    -17.7254    0.528417    6.70608    
1    63    37    -6502.44    -15.2207    0.539108    6.92898    
1    64    38    -6500.97    -15.6891    0.52969    7.01864    
1    65    39    -6502.22    -18.5881    0.532181    6.81274    
1    69    40    -6502.93    -18.725    0.531175    6.77708    
1    72    41    -6500.65    -17.6606    0.530903    6.72879    
1    74    42    -6502.97    -17.5285    0.531713    6.69621    
1    77    43    -6503.72    -17.6943    0.531569    6.71966    
1    79    44    -6502.25    -18.7056    0.533094    6.72759    
1    80    45    -6504.69    -17.927    0.534413    6.69033    
1    81    46    -6503.37    -18.0233    0.532868    6.73074    
1    83    47    -6502.72    -17.9108    0.532528    6.74199    
1    84    48    -6504.14    -18.0975    0.532035    6.74728    
1    85    49    -6502.4    -18.787    0.531177    6.78606    
1    90    50    -6502.59    -18.3927    0.530386    6.69526    
1    95    51    -6500.8    -13.3479    0.534446    6.92335    
1    96    52    -6505.03    -16.1107    0.534716    6.89154    
1    97    53    -6503.29    -17.9755    0.532903    6.76355    
