#Task    Step    numberOfAcceptedPeleSteps    currentEnergy    BindingEnergy    sasaLig    distance_A35SG_L1S1    
1    0    0    -6281.5    -1.67373    0.571238    6.92234    
1    1    1    -6448.69    -10.3301    0.566507    6.96543    
1    2    2    -6475.66    -13.5571    0.5509    6.93211    
1    3    3    -6484.83    -13.2237    0.561056    6.7224    
1    4    4    -6488.02    -16.3006    0.550012    6.73276    
1    6    5    -6488.42    -14.3493    0.544791    6.70077    
1    7    6    -6490.17    -14.9144    0.531895    6.72469    
1    8    7    -6489.6    -14.272    0.530651    6.69607    
1    9    8    -6492.07    -14.9277    0.52882    6.67709    
1    11    9    -6492.93    -12.9345    0.529996    6.73184    
1    15    10    -6490.14    -12.6693    0.520477    6.84215    
1    16    11    -6491.57    -12.8228    0.522126    6.839    
1    19    12    -6492.43    -14.2472    0.527126    6.90902    
1    20    13    -6491.56    -13.6763    0.526712    6.92959    
1    21    14    -6487.78    -12.1556    0.517796    6.91311    
1    22    15    -6488.02    -11.8739    0.509858    6.87501    
1    24    16    -6487.93    -13.4676    0.51767    6.89555    
1    25    17    -6488.17    -11.7845    0.516717    6.92947    
1    27    18    -6487.93    -12.5719    0.514719    6.87348    
1    30    19    -6485.3    -13.4976    0.5136    6.88672    
1    31    20    -6490.03    -11.1802    0.518889    6.93674    
1    32    21    -6484.59    -12.0548    0.512847    6.6757    
1    33    22    -6490.85    -13.2729    0.517681    6.83514    
1    34    23    -6492.27    -11.9593    0.519755    6.88203    
1    35    24    -6492.56    -11.7025    0.523864    6.8601    
1    36    25    -6483.98    -12.2873    0.50838    6.94024    
1    37    26    -6489.32    -13.5606    0.516977    6.95762    
1    38    27    -6487    -12.1868    0.521788    6.93686    
1    39    28    -6489.8    -13.0056    0.520126    6.95404    
1    40    29    -6491.88    -14.0448    0.519132    6.86542    
1    42    30    -6491.38    -13.0234    0.520024    6.8994    
1    46    31    -6491.74    -13.1318    0.525227    6.88112    
1    47    32    -6492.31    -12.2684    0.536465    6.92028    
1    48    33    -6492.49    -12.5945    0.537016    6.91171    
1    51    34    -6490.6    -16.6647    0.525999    6.82434    
1    52    35    -6493.7    -12.4097    0.525664    6.89487    
1    61    36    -6492.67    -12.3014    0.526382    6.88499    
1    62    37    -6493.55    -12.6871    0.526208    6.88636    
1    65    38    -6493.36    -20.2552    0.510759    6.87616    
1    66    39    -6493.66    -20.7934    0.507999    6.88581    
1    67    40    -6494.97    -18.9482    0.510046    6.9041    
1    68    41    -6489.85    -21.049    0.506057    6.69011    
1    69    42    -6492.03    -19.6814    0.509098    6.81088    
1    70    43    -6492.11    -19.6563    0.508319    6.83907    
1    72    44    -6493.66    -20.4421    0.507457    6.85754    
1    74    45    -6494.67    -20.6353    0.509528    6.8962    
1    75    46    -6494.51    -20.0287    0.510628    6.8803    
1    76    47    -6494.11    -19.9747    0.507487    6.7079    
1    77    48    -6490.58    -20.9264    0.510514    6.86876    
1    78    49    -6492.98    -19.6152    0.509909    6.88792    
1    81    50    -6491.81    -19.8023    0.513457    6.88144    
1    84    51    -6492.3    -19.2451    0.513287    6.87978    
1    85    52    -6488.1    -19.7592    0.509809    6.90124    
1    90    53    -6484.11    -22.4865    0.505756    6.62409    
1    91    54    -6484.92    -15.2111    0.518467    6.74999    
1    92    55    -6488.8    -21.0713    0.512619    6.72084    
1    94    56    -6489.11    -21.3107    0.512459    6.65334    
1    95    57    -6491.09    -19.8232    0.51526    6.7414    
1    96    58    -6491.47    -21.0208    0.515162    6.6844    
1    98    59    -6489.66    -22.0458    0.510775    6.62531    
1    100    60    -6488.94    -21.546    0.512271    6.63171    
