#Task    Step    numberOfAcceptedPeleSteps    currentEnergy    BindingEnergy    sasaLig    distance_A35SG_L1S1    
1    0    0    -6281.5    -1.67373    0.571238    6.92234    
1    1    1    -6442.68    -9.51348    0.558854    6.92633    
1    2    2    -6472.8    -12.7579    0.557081    6.91128    
1    3    3    -6464.59    -20.2345    0.52731    6.87262    
1    4    4    -6473.86    -12.419    0.518317    6.89916    
1    5    5    -6483.25    -15.9654    0.53899    6.74716    
1    6    6    -6482.02    -14.7776    0.534029    6.7274    
1    8    7    -6486.06    -14.9238    0.537176    6.74797    
1    9    8    -6484.11    -14.941    0.551025    6.68397    
1    10    9    -6485.62    -16.2286    0.551755    6.75149    
1    12    10    -6487.59    -15.7896    0.552288    6.70506    
1    13    11    -6488.62    -16.5584    0.551135    6.71715    
1    14    12    -6490.84    -16.2029    0.55351    6.71506    
1    15    13    -6488.12    -18.1818    0.526685    6.73231    
1    17    14    -6488.06    -18.8402    0.533711    6.68936    
1    18    15    -6490.53    -18.418    0.536142    6.61983    
1    19    16    -6489.79    -17.6611    0.529886    6.71554    
1    21    17    -6490    -15.0527    0.560152    6.85362    
1    23    18    -6493.55    -15.9544    0.535842    6.90834    
1    27    19    -6490.56    -16.0364    0.530364    6.89279    
1    28    20    -6492.61    -15.4382    0.533263    6.88232    
1    31    21    -6488.49    -17.5492    0.504217    6.95501    
1    33    22    -6490.51    -17.4568    0.519431    6.78586    
1    34    23    -6488.76    -17.739    0.518934    6.54291    
1    36    24    -6489.36    -15.5366    0.517436    6.56302    
1    37    25    -6487.99    -16.825    0.518569    6.63306    
1    39    26    -6490.28    -16.3333    0.515833    6.6493    
1    41    27    -6490.26    -15.9967    0.514787    6.73257    
1    43    28    -6491.89    -16.6043    0.515706    6.67524    
1    45    29    -6492.05    -16.0205    0.514671    7.10392    
1    46    30    -6492.67    -14.3433    0.516391    7.03465    
1    47    31    -6495.09    -15.2442    0.516054    7.02782    
1    51    32    -6495.29    -14.989    0.514862    7.03308    
1    53    33    -6494.69    -14.7876    0.520381    7.02726    
1    54    34    -6489.25    -15.1885    0.513205    6.99785    
1    57    35    -6491.57    -16.2317    0.518798    7.01696    
1    58    36    -6492.78    -14.5215    0.52067    7.01398    
1    62    37    -6489.96    -14.0413    0.510076    6.9668    
1    65    38    -6493.18    -14.4503    0.519777    6.99209    
1    67    39    -6493.06    -14.0145    0.518966    7.00532    
1    68    40    -6492.14    -14.8685    0.519789    7.01345    
1    69    41    -6496.1    -15.0383    0.519845    7.0269    
1    70    42    -6495.87    -14.286    0.521225    7.03117    
1    72    43    -6494.25    -15.8155    0.522252    7.02565    
1    73    44    -6494.43    -15.7105    0.522726    7.0168    
1    76    45    -6497.82    -15.9681    0.525272    7.02682    
1    79    46    -6497.93    -15.6808    0.527237    7.03151    
1    81    47    -6498.17    -16.2353    0.527757    6.96977    
1    82    48    -6496.22    -15.753    0.526324    6.97998    
1    83    49    -6496.48    -15.7218    0.525963    6.99436    
1    90    50    -6496.56    -14.7556    0.524697    6.98462    
1    91    51    -6494.35    -14.9818    0.520817    7.00311    
1    93    52    -6495.19    -15.6144    0.527305    6.99876    
1    97    53    -6493.83    -15.7342    0.524302    6.9995    
1    98    54    -6497.17    -16.1939    0.528033    7.02229    
1    99    55    -6497.3    -15.6726    0.526362    7.01556    
