#Task    Step    numberOfAcceptedPeleSteps    currentEnergy    BindingEnergy    sasaLig    distance_A35SG_L1S1    
1    0    0    -6281.5    -1.67373    0.571238    6.92234    
1    1    1    -6449.89    -8.72645    0.537532    7.00103    
1    2    2    -6467.19    -10.5553    0.527131    6.89097    
1    3    3    -6483.81    -19.6956    0.519101    6.96361    
1    6    4    -6482.79    -19.6127    0.516032    7.02037    
1    7    5    -6485.87    -18.9536    0.520496    6.94807    
1    8    6    -6486.09    -13.4976    0.521931    6.92102    
1    9    7    -6487.63    -13.3811    0.523819    6.97831    
1    13    8    -6484.34    -11.4125    0.522805    6.96184    
1    14    9    -6485.87    -13.0148    0.521969    6.95822    
1    15    10    -6491.94    -12.3314    0.52702    6.94386    
1    16    11    -6480.68    -12.7037    0.534801    6.87768    
1    17    12    -6486.91    -13.9466    0.540655    6.65619    
1    20    13    -6489.19    -13.9673    0.54135    6.63636    
1    23    14    -6490.01    -14.2084    0.538886    6.62737    
1    26    15    -6488.13    -14.7395    0.538659    6.56707    
1    28    16    -6489.67    -14.0992    0.53574    6.55692    
1    29    17    -6488.46    -15.5069    0.522559    6.52202    
1    31    18    -6486.86    -14.4308    0.525033    6.48972    
1    32    19    -6492.37    -16.3884    0.52747    6.43382    
1    38    20    -6492.73    -17.1892    0.527173    6.53072    
1    39    21    -6495.46    -17.5682    0.522811    6.59164    
1    44    22    -6496.91    -17.6695    0.521747    6.55513    
1    46    23    -6494.09    -17.7849    0.516455    6.50605    
1    47    24    -6495.95    -13.5255    0.530855    6.62797    
1    48    25    -6496.65    -13.6494    0.52771    6.60823    
1    49    26    -6497.23    -15.5488    0.527841    6.57297    
1    50    27    -6500.12    -16.7941    0.526817    6.57238    
1    52    28    -6499.24    -16.8907    0.524982    6.54786    
1    57    29    -6498.91    -16.0764    0.52822    6.5401    
1    59    30    -6500.18    -23.1261    0.513133    6.55587    
1    60    31    -6490.64    -24.3439    0.510083    6.54425    
1    61    32    -6500.62    -23.6296    0.513727    6.57468    
1    63    33    -6497.08    -12.5273    0.525145    6.59927    
1    64    34    -6495.87    -14.7797    0.516435    6.63436    
1    65    35    -6498.62    -14.9139    0.526437    6.61835    
1    66    36    -6498.45    -15.1044    0.522437    6.62009    
1    69    37    -6498.47    -15.3287    0.526249    6.6054    
1    70    38    -6498.93    -15.2047    0.526134    6.59445    
1    71    39    -6501.12    -16.462    0.525209    6.58621    
1    72    40    -6501.9    -15.9128    0.525172    6.58557    
1    76    41    -6501.06    -16.8189    0.52297    6.56842    
1    77    42    -6500.19    -16.216    0.528934    6.58675    
1    79    43    -6500.02    -16.1786    0.528324    6.59287    
1    81    44    -6499.39    -16.8367    0.525322    6.58786    
1    83    45    -6497.44    -10.3017    0.528512    6.82236    
1    85    46    -6502.72    -16.9613    0.52375    6.62318    
1    87    47    -6503.92    -25.0857    0.510597    6.65608    
1    89    48    -6502.26    -23.9803    0.512573    6.60199    
1    90    49    -6503.67    -23.698    0.513587    6.6128    
1    96    50    -6502.67    -23.7949    0.512112    6.58262    
1    97    51    -6501.78    -24.1044    0.508247    6.60739    
1    99    52    -6501.34    -23.7681    0.508589    6.58561    
