#Task    Step    numberOfAcceptedPeleSteps    currentEnergy    BindingEnergy    sasaLig    distance_A35SG_L1S1    
1    0    0    -6281.5    -1.67373    0.571238    6.92234    
1    1    1    -6454.56    -9.63303    0.564737    6.97616    
1    3    2    -6473.19    -20.42    0.515702    6.86745    
1    4    3    -6482.78    -22.4824    0.522518    6.83024    
1    5    4    -6490.01    -21.9212    0.53384    6.6962    
1    7    5    -6492.03    -22.7452    0.511139    6.6818    
1    11    6    -6492.47    -24.6343    0.506436    6.61046    
1    12    7    -6492.29    -25.0541    0.50712    6.62385    
1    13    8    -6495.71    -24.898    0.508388    6.64133    
1    15    9    -6493.67    -22.1106    0.508669    6.64962    
1    16    10    -6497.61    -22.7873    0.511117    6.6499    
1    21    11    -6496.39    -16.6994    0.511955    6.65783    
1    22    12    -6500.39    -16.7857    0.516943    6.65045    
1    23    13    -6503.03    -11.1947    0.521084    6.88102    
1    24    14    -6499.58    -10.4507    0.519165    6.86091    
1    25    15    -6505.85    -16.7867    0.518374    6.7129    
1    27    16    -6508.68    -15.5734    0.520704    6.85217    
1    28    17    -6509.36    -18.2764    0.520383    6.80236    
1    30    18    -6508.82    -17.6364    0.522581    6.71667    
1    31    19    -6508.61    -18.0584    0.520668    6.71384    
1    32    20    -6508.36    -17.3439    0.520159    6.69588    
1    37    21    -6509.85    -17.9869    0.522457    6.6896    
1    38    22    -6510.26    -17.7151    0.521597    6.67514    
1    41    23    -6508.7    -17.2777    0.521581    6.61704    
1    42    24    -6510.55    -16.9733    0.523049    6.59001    
1    45    25    -6509.07    -18.0263    0.524644    6.60242    
1    46    26    -6506.8    -17.4984    0.522816    6.60832    
1    48    27    -6500.46    -15.2471    0.519817    6.47993    
1    50    28    -6497.47    -13.837    0.508635    6.35468    
1    52    29    -6505.81    -13.8387    0.517028    6.57215    
1    53    30    -6511.7    -24.1386    0.506298    6.60738    
1    54    31    -6512.59    -24.1799    0.507128    6.59238    
1    55    32    -6512.7    -24.1768    0.506868    6.59968    
1    56    33    -6513.08    -24.2447    0.506846    6.58833    
1    59    34    -6512.3    -24.5634    0.506681    6.58193    
1    60    35    -6512.52    -23.5583    0.50761    6.5793    
1    62    36    -6512.35    -24.1614    0.506529    6.61141    
1    63    37    -6512.98    -24.4391    0.507379    6.60793    
1    67    38    -6512.26    -24.3198    0.507728    6.60316    
1    69    39    -6513.09    -24.1333    0.505065    6.62145    
1    70    40    -6513.24    -23.8255    0.506836    6.62393    
1    76    41    -6512.35    -24.2886    0.505694    6.52678    
1    78    42    -6513.32    -24.7496    0.505904    6.6253    
1    80    43    -6512.86    -23.6882    0.506189    6.62713    
1    82    44    -6512.77    -24.0238    0.505371    6.62827    
1    83    45    -6513.46    -24.3441    0.505882    6.62125    
1    88    46    -6513.99    -23.8939    0.50719    6.63352    
1    90    47    -6514.49    -24.0457    0.506185    6.626    
1    91    48    -6515.16    -22.7718    0.507458    6.72156    
1    94    49    -6515.68    -23.7181    0.507098    6.68702    
1    98    50    -6514.65    -23.0633    0.507229    6.66772    
1    99    51    -6514.46    -24.0004    0.506988    6.61765    
1    100    52    -6514.84    -24.228    0.507237    6.62586    
