#Task    Step    numberOfAcceptedPeleSteps    currentEnergy    BindingEnergy    sasaLig    distance_A35SG_L1S1    
1    0    0    -6281.5    -1.67373    0.571238    6.92234    
1    1    1    -6451.31    -9.57217    0.567546    6.97776    
1    2    2    -6464.35    -11.994    0.556232    6.92513    
1    4    3    -6469.55    -11.7765    0.556166    6.94413    
1    5    4    -6476.84    -13.0797    0.533534    6.91688    
1    6    5    -6474.85    -13.4913    0.528369    7.01233    
1    7    6    -6483.82    -19.6825    0.517344    6.84795    
1    8    7    -6487.48    -22.3466    0.521859    6.88909    
1    9    8    -6489.29    -23.7499    0.522959    6.87637    
1    12    9    -6492.03    -25.3551    0.526613    6.75107    
1    13    10    -6491.74    -25.3987    0.53267    6.74055    
1    15    11    -6491.97    -20.7183    0.530384    6.80234    
1    17    12    -6495.62    -20.7467    0.529519    6.83822    
1    18    13    -6496.37    -20.0144    0.529005    6.88352    
1    21    14    -6497.14    -20.1863    0.530865    6.87939    
1    22    15    -6498.55    -20.7017    0.528711    6.86857    
1    25    16    -6497.83    -21.1852    0.527841    6.89393    
1    27    17    -6498.19    -21.32    0.527239    6.85462    
1    32    18    -6497.94    -22.2631    0.523622    6.85347    
1    35    19    -6501.38    -25.3022    0.52332    6.76864    
1    37    20    -6502.54    -25.1381    0.524778    6.75966    
1    38    21    -6502.83    -25.4381    0.524247    6.69177    
1    41    22    -6501.8    -17.8269    0.537277    6.69619    
1    42    23    -6503.34    -18.0615    0.530686    6.67971    
1    43    24    -6500.26    -17.9007    0.533018    6.65267    
1    45    25    -6499.07    -17.8624    0.533114    6.71372    
1    46    26    -6505.04    -18.1206    0.538846    6.77622    
1    49    27    -6502.57    -17.3206    0.538513    6.8101    
1    51    28    -6503.79    -17.743    0.535343    6.76373    
1    55    29    -6503.5    -17.7654    0.535036    6.74122    
1    59    30    -6502.82    -17.4567    0.537291    6.73991    
1    60    31    -6504.07    -17.5045    0.536711    6.75413    
1    66    32    -6504.88    -17.6453    0.536836    6.75301    
1    67    33    -6504.87    -17.8794    0.535882    6.75613    
1    68    34    -6505.14    -18.3876    0.535731    6.76424    
1    70    35    -6504.5    -17.3627    0.535352    6.74155    
1    72    36    -6504.56    -17.6884    0.53464    6.74571    
1    75    37    -6504.67    -18.3665    0.534934    6.75431    
1    80    38    -6505.11    -18.3585    0.53222    6.75664    
1    81    39    -6506.09    -18.1233    0.532371    6.75522    
1    87    40    -6504.38    -17.7828    0.534434    6.78201    
1    90    41    -6504.04    -18.0989    0.530502    6.71966    
1    92    42    -6505.48    -17.6682    0.534656    6.7458    
1    96    43    -6501.82    -19.071    0.531459    6.73066    
1    97    44    -6503.03    -18.0764    0.533436    6.72028    
1    100    45    -6505.18    -16.691    0.535824    6.74537    
