#Task    Step    numberOfAcceptedPeleSteps    currentEnergy    BindingEnergy    sasaLig    distance_A35SG_L1S1    
1    0    0    -6281.5    -1.67373    0.571238    6.92234    
1    1    1    -6472.89    -10.8458    0.557818    6.97839    
1    2    2    -6477.33    -11.9603    0.556334    6.93653    
1    3    3    -6478.43    -11.5134    0.55519    6.95285    
1    4    4    -6482.87    -12.658    0.536838    6.83276    
1    5    5    -6483.41    -10.5973    0.518524    6.87488    
1    6    6    -6484.89    -10.7229    0.518778    6.9103    
1    7    7    -6488.63    -10.8926    0.518904    6.88174    
1    8    8    -6488.56    -12.4471    0.517868    6.82393    
1    9    9    -6490.8    -12.4565    0.516458    6.86101    
1    10    10    -6491.72    -12.8572    0.514416    6.86432    
1    11    11    -6492.68    -12.8876    0.517327    6.89403    
1    12    12    -6493.51    -12.5997    0.514784    6.87855    
1    13    13    -6493.54    -11.7895    0.51752    6.87883    
1    15    14    -6493.28    -11.4102    0.517198    6.88948    
1    16    15    -6491.09    -12.7497    0.516105    6.73544    
1    17    16    -6494.93    -12.5184    0.516716    6.83809    
1    18    17    -6495.75    -12.0114    0.516993    6.84505    
1    20    18    -6496.03    -12.6395    0.519115    6.79965    
1    22    19    -6494.09    -12.3576    0.518397    6.8277    
1    23    20    -6493.69    -13.7757    0.526229    6.71118    
1    30    21    -6494.59    -13.7878    0.525325    6.64973    
1    32    22    -6494.18    -15.0281    0.524837    6.67204    
1    33    23    -6490.4    -14.7659    0.522975    6.62427    
1    34    24    -6493.7    -14.3348    0.522383    6.59113    
1    35    25    -6493.2    -10.9951    0.525334    6.76375    
1    36    26    -6493.76    -11.5736    0.519455    6.78817    
1    41    27    -6491.79    -12.7048    0.513894    6.83269    
1    43    28    -6492.58    -10.9828    0.519066    6.84502    
1    44    29    -6492.55    -11.3046    0.518805    6.85064    
1    45    30    -6492.41    -12.8856    0.517645    6.82062    
1    47    31    -6489.75    -11.3883    0.519629    6.87695    
1    48    32    -6490.73    -11.7841    0.515249    6.8935    
1    49    33    -6491.25    -12.7402    0.519085    6.83304    
1    50    34    -6491.69    -12.1053    0.519087    6.82723    
1    51    35    -6491.59    -12.0427    0.520735    6.83542    
1    53    36    -6494.9    -13.3214    0.544868    6.81701    
1    54    37    -6494.62    -13.8548    0.542238    6.82257    
1    58    38    -6493.03    -13.0229    0.536382    6.8014    
1    60    39    -6494.08    -13.8021    0.53677    6.76286    
1    63    40    -6493.83    -11.7242    0.524251    6.74512    
1    64    41    -6493.75    -11.7266    0.521524    6.80719    
1    65    42    -6495.82    -12.6086    0.521907    6.82177    
1    66    43    -6492.16    -11.6186    0.516348    6.85372    
1    67    44    -6495.21    -11.873    0.520192    6.84835    
1    69    45    -6495.18    -11.6139    0.524034    6.8185    
1    71    46    -6492.45    -11.4068    0.525628    6.82112    
1    72    47    -6493.78    -11.3413    0.520163    6.81936    
1    73    48    -6492.77    -14.8514    0.521211    6.70832    
1    76    49    -6491.58    -14.8412    0.520173    6.62499    
1    77    50    -6492.52    -15.2831    0.520399    6.63532    
1    79    51    -6493.96    -12.0074    0.529107    6.80328    
1    80    52    -6491.67    -12.1447    0.521206    6.80218    
1    81    53    -6497.4    -11.3392    0.522571    6.82091    
1    82    54    -6496.66    -11.1919    0.520825    6.82314    
1    85    55    -6497.03    -11.8841    0.541279    6.72788    
1    87    56    -6498.71    -13.1392    0.543315    6.72455    
1    90    57    -6499.26    -12.1586    0.543288    6.72905    
1    94    58    -6496.47    -15.0542    0.539821    6.58386    
1    95    59    -6501.12    -14.4935    0.532007    6.59778    
1    100    60    -6500.29    -14.869    0.530344    6.59389    
