#Task    Step    numberOfAcceptedPeleSteps    currentEnergy    BindingEnergy    sasaLig    distance_A35SG_L1S1    
1    0    0    -6281.5    -1.67373    0.571238    6.92234    
1    1    1    -6461.77    -12.1978    0.565238    6.99243    
1    2    2    -6464.77    -13.9279    0.560961    7.00292    
1    3    3    -6476.82    -12.7398    0.560949    6.98779    
1    4    4    -6474.64    -13.5683    0.545381    6.83008    
1    5    5    -6481.29    -13.3277    0.557686    6.81044    
1    7    6    -6489.51    -17.6199    0.557106    6.64587    
1    8    7    -6489.08    -16.2915    0.557422    6.60442    
1    9    8    -6491.36    -17.0226    0.556944    6.61081    
1    10    9    -6494.9    -17.1165    0.557915    6.6134    
1    13    10    -6495.84    -17.3506    0.558064    6.58338    
1    14    11    -6497.34    -16.8789    0.559284    6.58926    
1    15    12    -6495.34    -16.8786    0.557298    6.60361    
1    17    13    -6500.3    -16.7571    0.562815    6.57856    
1    18    14    -6500.1    -16.7623    0.560251    6.50916    
1    19    15    -6497.44    -16.3502    0.559199    6.55162    
1    20    16    -6502.23    -16.7048    0.56187    6.53782    
1    24    17    -6502.08    -17.2219    0.562116    6.56262    
1    26    18    -6502.39    -16.3954    0.560216    6.54194    
1    28    19    -6502.42    -16.3698    0.561566    6.5851    
1    31    20    -6501.86    -17.0593    0.562349    6.5729    
1    33    21    -6502.37    -15.3718    0.5628    6.6726    
1    34    22    -6501.79    -15.1295    0.563129    6.66283    
1    35    23    -6502.25    -16.6273    0.562077    6.61563    
1    36    24    -6502.75    -16.3628    0.56217    6.59993    
1    37    25    -6501.49    -16.6922    0.563163    6.55902    
1    38    26    -6501.63    -16.6481    0.5647    6.61465    
1    39    27    -6499.76    -13.5964    0.567165    6.64333    
1    41    28    -6499.74    -16.4276    0.562173    6.59266    
1    42    29    -6502.31    -16.6248    0.564483    6.60185    
1    45    30    -6500.54    -16.8443    0.566087    6.56265    
1    52    31    -6499.59    -16.6667    0.565902    6.60825    
1    53    32    -6497.95    -16.7798    0.568103    6.58483    
1    55    33    -6499.59    -15.6346    0.571656    6.65184    
1    62    34    -6501.14    -16.7067    0.569863    6.63067    
1    63    35    -6501    -16.3519    0.571454    6.59993    
1    67    36    -6500.13    -14.7627    0.561751    6.64684    
1    68    37    -6501.12    -14.9814    0.558994    6.64668    
1    71    38    -6503.52    -14.8203    0.558882    6.64048    
1    72    39    -6503.42    -15.4165    0.55418    6.60573    
1    73    40    -6502.14    -14.2345    0.547584    6.93751    
1    74    41    -6496.75    -13.1904    0.552994    6.93676    
1    75    42    -6488.12    -13.3101    0.551378    6.93166    
1    76    43    -6499.11    -13.2522    0.546781    6.9461    
1    79    44    -6502.01    -13.5382    0.544771    6.96782    
1    83    45    -6501.35    -11.4176    0.546816    6.89883    
1    84    46    -6502.14    -13.5752    0.547461    6.95831    
1    85    47    -6500.03    -13.7939    0.547675    6.93997    
1    86    48    -6498.24    -14.3434    0.546067    6.92754    
1    87    49    -6501.48    -14.0613    0.548089    6.93289    
1    90    50    -6500.58    -12.8065    0.549709    6.93804    
1    91    51    -6500.24    -11.7617    0.568397    7.03179    
1    92    52    -6501.72    -13.554    0.566514    6.97689    
1    93    53    -6499.87    -13.6227    0.573046    6.91652    
1    94    54    -6499.95    -12.6813    0.56913    6.94384    
1    97    55    -6498.78    -13.0712    0.556463    6.94368    
1    100    56    -6498.71    -13.0586    0.555726    6.90737    
