#Task    Step    numberOfAcceptedPeleSteps    currentEnergy    BindingEnergy    sasaLig    distance_A35SG_L1S1    
1    0    0    -6281.5    -1.67373    0.571238    6.92234    
1    1    1    -6475.61    -13.9103    0.560441    6.93284    
1    2    2    -6482.03    -13.8689    0.555844    6.90338    
1    3    3    -6485.57    -15.3319    0.530016    6.83974    
1    5    4    -6491.05    -18.6587    0.514296    6.86841    
1    11    5    -6485.68    -16.7866    0.533438    6.8251    
1    12    6    -6486.72    -17.1702    0.526998    6.73144    
1    13    7    -6488.47    -17.7525    0.526799    6.73908    
1    15    8    -6487.26    -12.2998    0.551446    6.98899    
1    17    9    -6492.31    -17.8678    0.520827    6.9278    
1    21    10    -6491.45    -23.5347    0.511328    6.87678    
1    23    11    -6492.17    -23.3745    0.509316    6.87623    
1    25    12    -6493.46    -23.9153    0.509883    6.80624    
1    27    13    -6489.36    -11.3447    0.551627    6.89741    
1    29    14    -6492.97    -15.2271    0.528441    6.88185    
1    30    15    -6494.47    -16.3872    0.529279    6.83682    
1    31    16    -6491.83    -14.0628    0.552552    6.91354    
1    32    17    -6492.06    -16.2495    0.551474    6.77048    
1    33    18    -6490.53    -18.2908    0.531346    6.71697    
1    35    19    -6494.34    -18.151    0.531009    6.71562    
1    36    20    -6489.61    -18.3363    0.528238    6.78648    
1    37    21    -6493.74    -17.3219    0.520975    6.61075    
1    40    22    -6495.46    -17.1186    0.521372    6.62849    
1    46    23    -6494.1    -17.3047    0.520945    6.61098    
1    47    24    -6495.84    -17.2907    0.520089    6.61664    
1    49    25    -6496.05    -17.3411    0.52108    6.5919    
1    54    26    -6496.37    -17.4501    0.521601    6.60695    
1    55    27    -6495.76    -17.7246    0.519778    6.5963    
1    56    28    -6494.17    -17.3445    0.516765    6.59442    
1    58    29    -6495.57    -16.402    0.522916    6.62377    
1    59    30    -6496.16    -17.6395    0.520651    6.59374    
1    61    31    -6495.57    -17.3685    0.520847    6.59157    
1    63    32    -6497.85    -24.4357    0.508553    6.60226    
1    64    33    -6493.79    -23.6305    0.507582    6.5877    
1    65    34    -6494.92    -21.9425    0.508163    6.58723    
1    71    35    -6493.98    -21.6267    0.506883    6.6104    
1    72    36    -6496.91    -21.6308    0.508743    6.83439    
1    73    37    -6493.39    -22.4685    0.507078    6.67517    
1    75    38    -6494.1    -21.3721    0.508089    6.63961    
1    78    39    -6496.79    -22.8733    0.509885    6.63689    
1    80    40    -6495.1    -22.0786    0.506918    6.6432    
1    81    41    -6496.75    -23.2104    0.508291    6.62881    
1    83    42    -6497.16    -22.3696    0.5084    6.60627    
1    87    43    -6497.33    -22.2243    0.50683    6.61566    
1    88    44    -6500.25    -22.8683    0.50776    6.62029    
1    92    45    -6499.56    -22.5429    0.506404    6.61815    
1    93    46    -6497.23    -22.9195    0.50698    6.60793    
1    96    47    -6499.88    -22.2871    0.50924    6.60223    
1    97    48    -6495.66    -22.6504    0.510267    6.60051    
1    98    49    -6493.44    -16.3537    0.520224    6.60751    
1    99    50    -6497.26    -17.4558    0.523434    6.60416    
1    100    51    -6499.34    -17.1774    0.525427    6.5826    
