#Task    Step    numberOfAcceptedPeleSteps    currentEnergy    BindingEnergy    sasaLig    distance_A35SG_L1S1    
1    0    0    -6281.5    -1.67373    0.571238    6.92234    
1    1    1    -6441.06    -8.85631    0.539511    6.93346    
1    3    2    -6473.89    -13.0155    0.533382    6.98395    
1    4    3    -6484.15    -15.7456    0.533973    6.62999    
1    5    4    -6490.13    -15.6909    0.539255    6.67592    
1    7    5    -6492.26    -16.3136    0.538388    6.67243    
1    9    6    -6486.86    -12.5799    0.537335    6.80113    
1    10    7    -6491.82    -13.9993    0.533864    6.88108    
1    11    8    -6490.2    -13.2038    0.534138    6.84769    
1    12    9    -6498.48    -14.2527    0.534539    6.91143    
1    13    10    -6495.31    -13.9771    0.538986    6.91277    
1    14    11    -6496.8    -13.8069    0.537917    6.87483    
1    15    12    -6496.15    -14.0119    0.536746    7.01175    
1    16    13    -6495    -14.5755    0.535634    6.83462    
1    17    14    -6496.9    -13.2609    0.537468    6.89871    
1    18    15    -6497.21    -13.1069    0.540025    6.87089    
1    19    16    -6495.07    -13.919    0.535041    6.84022    
1    20    17    -6496.97    -13.6069    0.538468    6.86213    
1    24    18    -6497.64    -13.8147    0.537829    6.85113    
1    25    19    -6496.86    -13.9746    0.537063    6.88528    
1    29    20    -6496.5    -14.7484    0.537206    6.89554    
1    32    21    -6496.53    -13.8764    0.536935    6.90657    
1    33    22    -6495.06    -15.9586    0.536572    6.76856    
1    34    23    -6498.9    -15.6959    0.535195    6.61955    
1    35    24    -6499.95    -16.3467    0.538972    6.64    
1    36    25    -6496.96    -16.6772    0.534377    6.597    
1    38    26    -6499.24    -15.7669    0.536206    6.61851    
1    39    27    -6499.1    -13.281    0.535193    6.78142    
1    40    28    -6500.96    -13.1969    0.535534    6.78674    
1    43    29    -6497.26    -13.4037    0.534347    6.88315    
1    45    30    -6500.1    -13.6337    0.538054    6.76137    
1    46    31    -6499.41    -13.8604    0.533267    6.78128    
1    47    32    -6498.38    -13.7417    0.536026    6.79238    
1    49    33    -6499.83    -14.2088    0.537236    6.82454    
1    50    34    -6497.69    -13.9292    0.533004    6.86943    
1    51    35    -6499.2    -13.9056    0.537384    6.8642    
1    52    36    -6498.84    -13.7702    0.536676    6.87778    
1    53    37    -6497.7    -13.8291    0.53714    6.87453    
1    54    38    -6498.44    -14.0399    0.538692    6.80094    
1    56    39    -6499.41    -15.1924    0.537724    6.90549    
1    57    40    -6498.88    -15.7657    0.537982    6.83868    
1    58    41    -6499.27    -16.04    0.536444    6.83828    
1    63    42    -6497.91    -14.8131    0.541983    6.89558    
1    67    43    -6499    -16.4006    0.537256    6.90907    
1    71    44    -6495.92    -14.6162    0.53768    6.86054    
1    72    45    -6498.99    -19.3811    0.534946    6.77893    
1    73    46    -6500.15    -16.1298    0.534674    6.92806    
1    77    47    -6496.36    -18.6837    0.533045    6.80478    
1    78    48    -6498.56    -17.8475    0.533217    6.80849    
1    79    49    -6499.26    -18.215    0.53362    6.76595    
1    82    50    -6498.68    -18.2419    0.53386    6.76984    
1    83    51    -6499.06    -18.2126    0.534436    6.77523    
1    84    52    -6499.68    -18.4113    0.535104    6.76105    
1    92    53    -6491.51    -18.1619    0.52837    6.71828    
1    93    54    -6497.15    -18.2088    0.532266    6.75203    
1    94    55    -6500.21    -18.9769    0.533531    6.74806    
1    96    56    -6498.09    -23.0682    0.526222    6.78151    
1    98    57    -6498.76    -23.2288    0.524622    6.72271    
1    99    58    -6500.5    -24.9497    0.520953    6.72824    
1    100    59    -6501    -24.3791    0.519308    6.75938    
