#Task    Step    numberOfAcceptedPeleSteps    currentEnergy    BindingEnergy    sasaLig    distance_A35SG_L1S1    
1    0    0    -6281.5    -1.67373    0.571238    6.92234    
1    1    1    -6460.47    -11.3624    0.541977    6.98191    
1    2    2    -6467.42    -12.685    0.539334    6.9564    
1    3    3    -6475.7    -12.7695    0.544989    6.80098    
1    4    4    -6478.66    -14.3797    0.537717    6.50598    
1    5    5    -6487.1    -12.142    0.544829    6.60794    
1    7    6    -6488.9    -11.1683    0.54523    6.64069    
1    8    7    -6490.58    -14.9145    0.534944    6.68084    
1    9    8    -6496.35    -14.91    0.531436    6.57043    
1    16    9    -6496.43    -14.2589    0.528655    6.5764    
1    22    10    -6492.17    -14.7192    0.539769    6.5573    
1    23    11    -6497.67    -14.9556    0.530262    6.60483    
1    24    12    -6495.11    -15.0749    0.527894    6.54656    
1    25    13    -6494.89    -12.4597    0.550551    6.66271    
1    26    14    -6496.7    -13.2811    0.550518    6.62631    
1    28    15    -6495.35    -14.907    0.546707    6.63374    
1    30    16    -6496.84    -14.7694    0.547804    6.64058    
1    31    17    -6492.62    -13.5023    0.533906    6.62539    
1    32    18    -6495.46    -13.8662    0.537735    6.64448    
1    33    19    -6494.24    -13.7577    0.538236    6.61235    
1    35    20    -6495.37    -13.9703    0.539119    6.62252    
1    36    21    -6494.25    -14.1626    0.540611    6.63746    
1    37    22    -6495.56    -11.5849    0.564672    6.73792    
1    38    23    -6496.2    -12.8363    0.561332    6.67305    
1    44    24    -6497.02    -14.9733    0.558525    6.64777    
1    45    25    -6496.4    -14.2249    0.542881    6.6211    
1    47    26    -6497.54    -14.2846    0.541274    6.65093    
1    49    27    -6494.55    -14.1759    0.539623    6.65369    
1    50    28    -6492.95    -13.1933    0.536811    6.71487    
1    52    29    -6495.98    -13.7577    0.536507    6.69133    
1    53    30    -6494.54    -13.4976    0.537719    6.68643    
1    56    31    -6494.62    -13.5367    0.537227    6.68759    
1    60    32    -6493.7    -12.122    0.533525    6.66143    
1    61    33    -6493    -14.1649    0.534498    6.68583    
1    62    34    -6494.22    -15.022    0.533335    6.69337    
1    63    35    -6495.22    -13.4956    0.539354    6.72005    
1    64    36    -6495.11    -13.675    0.538549    6.63515    
1    65    37    -6493.87    -11.8146    0.539335    6.82035    
1    66    38    -6492.29    -13.8583    0.534399    6.67603    
1    67    39    -6496.12    -12.6585    0.539735    6.74398    
1    70    40    -6497.26    -13.7926    0.538557    6.70885    
1    71    41    -6497.63    -14.4224    0.543153    6.70131    
1    75    42    -6496.65    -14.3432    0.544802    6.70118    
1    76    43    -6497.91    -15.1186    0.542795    6.60652    
1    77    44    -6496.04    -14.4776    0.557822    6.66635    
1    81    45    -6496.25    -13.8306    0.547216    6.66155    
1    86    46    -6496.42    -14.0885    0.541778    6.71003    
1    87    47    -6496.28    -11.9407    0.544262    6.77553    
1    90    48    -6487.01    -16.1314    0.548425    6.47135    
1    91    49    -6496.81    -14.665    0.547726    6.60095    
1    92    50    -6497.86    -14.9515    0.546989    6.59722    
1    93    51    -6497.13    -14.2059    0.544591    6.65821    
1    96    52    -6498.67    -14.068    0.543322    6.58424    
1    97    53    -6494.36    -13.6196    0.536123    6.6705    
1    99    54    -6495.02    -11.5865    0.536218    6.81954    
1    100    55    -6495.21    -13.954    0.533908    6.70244    
