#Task    Step    numberOfAcceptedPeleSteps    currentEnergy    BindingEnergy    sasaLig    distance_A35SG_L1S1    
1    0    0    -6281.5    -1.67373    0.571238    6.92234    
1    1    1    -6459.19    -10.7003    0.562665    6.9896    
1    3    2    -6461.61    -12.2895    0.544606    6.84023    
1    4    3    -6480.54    -12.2878    0.546899    6.98511    
1    5    4    -6481.66    -12.1449    0.544475    6.85655    
1    6    5    -6484.32    -12.1526    0.546278    6.8231    
1    8    6    -6485.43    -12.754    0.544666    6.83948    
1    11    7    -6482.08    -10.9358    0.544537    6.71025    
1    12    8    -6483.83    -12.9498    0.549685    6.67289    
1    13    9    -6485.07    -13.3761    0.545435    6.67889    
1    14    10    -6486.49    -13.2991    0.547691    6.7661    
1    15    11    -6486.41    -12.3209    0.552481    6.85437    
1    16    12    -6484.48    -14.6404    0.543995    6.85484    
1    17    13    -6494.08    -15.0416    0.534029    6.94308    
1    18    14    -6494.55    -14.7319    0.531343    6.92443    
1    21    15    -6492.64    -17.4459    0.533454    6.77833    
1    22    16    -6484.23    -17.1425    0.528094    6.63695    
1    23    17    -6494.8    -16.4885    0.533771    6.68191    
1    25    18    -6490.81    -15.8882    0.530605    6.66266    
1    26    19    -6492.83    -15.5187    0.531063    6.6655    
1    27    20    -6492.79    -16.0761    0.53175    6.67341    
1    29    21    -6490.98    -16.7948    0.530386    6.67926    
1    33    22    -6490.34    -16.3108    0.531213    6.73199    
1    35    23    -6489.08    -16.9003    0.528794    6.70031    
1    37    24    -6488.34    -22.9048    0.521355    6.75532    
1    38    25    -6479.96    -19.6051    0.521789    6.66059    
1    39    26    -6486.91    -14.8702    0.550103    6.79251    
1    40    27    -6489.15    -15.6351    0.551114    6.73562    
1    43    28    -6489.41    -16.2766    0.529183    6.7555    
1    46    29    -6490.31    -16.6325    0.529335    6.73364    
1    47    30    -6487.14    -13.5663    0.554581    6.85163    
1    48    31    -6488.3    -16.1776    0.547648    6.74741    
1    51    32    -6491.61    -17.4857    0.527538    6.72256    
1    53    33    -6490.63    -16.5562    0.528712    6.69681    
1    54    34    -6488.44    -15.9312    0.523815    6.69852    
1    55    35    -6491.58    -15.6632    0.525968    6.69868    
1    56    36    -6487.82    -22.107    0.510787    6.68557    
1    57    37    -6490.95    -21.3877    0.514048    6.70541    
1    59    38    -6490.7    -21.2484    0.516914    6.72906    
1    63    39    -6486    -22.8359    0.512668    6.6649    
1    64    40    -6492.88    -21.6431    0.516783    6.65878    
1    68    41    -6491.05    -18.1323    0.518423    6.70527    
1    69    42    -6491.29    -21.9376    0.518014    6.64047    
1    70    43    -6495.28    -21.6189    0.519403    6.64975    
1    82    44    -6494.69    -21.115    0.51768    6.6608    
1    84    45    -6495.39    -21.2396    0.520741    6.66939    
1    88    46    -6495.7    -21.6327    0.520047    6.66902    
1    91    47    -6496.41    -21.7786    0.517786    6.64089    
1    92    48    -6496.06    -21.5852    0.518181    6.63888    
1    93    49    -6495.2    -22.4324    0.518227    6.66076    
1    94    50    -6495.82    -22.5671    0.517862    6.65608    
