#Task    Step    numberOfAcceptedPeleSteps    currentEnergy    BindingEnergy    sasaLig    distance_A35SG_L1S1    
1    0    0    -6281.5    -1.67373    0.571238    6.92234    
1    1    1    -6449.72    -11.368    0.566741    6.91931    
1    2    2    -6459.14    -12.3588    0.554572    6.49131    
1    3    3    -6481.8    -13.5221    0.555753    6.80823    
1    4    4    -6481.37    -11.816    0.560761    6.81987    
1    5    5    -6487.31    -11.9269    0.559003    6.80692    
1    6    6    -6485.74    -14.2608    0.554186    6.86633    
1    7    7    -6492.56    -13.4104    0.557976    6.89042    
1    8    8    -6488.15    -11.1758    0.55526    6.83672    
1    9    9    -6492.08    -13.6141    0.558658    6.82564    
1    10    10    -6490.81    -14.0615    0.548296    6.70878    
1    11    11    -6494.27    -12.9478    0.549289    6.70357    
1    12    12    -6489.86    -14.2662    0.550939    6.75006    
1    13    13    -6500.57    -14.8988    0.535153    6.70677    
1    14    14    -6500.16    -14.3714    0.531711    6.70751    
1    15    15    -6500.8    -14.1144    0.53171    6.6756    
1    16    16    -6503.39    -14.2627    0.533967    6.66683    
1    17    17    -6501.84    -13.0655    0.528936    6.9873    
1    19    18    -6501.3    -14.5549    0.528023    6.94926    
1    20    19    -6501.89    -12.8335    0.529061    6.9992    
1    22    20    -6502.54    -12.7692    0.529545    6.99704    
1    27    21    -6502.16    -12.4304    0.530901    7.00905    
1    28    22    -6501.07    -12.102    0.530255    6.99666    
1    31    23    -6502.31    -12.5271    0.529726    6.9959    
1    32    24    -6501.42    -12.2675    0.529767    7.03048    
1    33    25    -6500.65    -13.2227    0.529883    6.96931    
1    34    26    -6498.57    -12.5448    0.531076    7.00477    
1    41    27    -6496.02    -12.74    0.5294    6.9891    
1    42    28    -6499.32    -12.9648    0.526964    6.97184    
1    47    29    -6498.9    -11.9561    0.532305    6.98496    
1    48    30    -6492.95    -12.1235    0.529717    6.9786    
1    49    31    -6497.69    -11.4524    0.53376    6.98102    
1    51    32    -6500.78    -12.3143    0.531562    6.99637    
1    52    33    -6499.88    -19.1204    0.516373    6.97513    
1    53    34    -6499.99    -17.8944    0.512778    7.01215    
1    54    35    -6499    -16.5955    0.51437    6.92716    
1    55    36    -6498.36    -9.96669    0.522229    6.9822    
1    56    37    -6500.15    -10.0737    0.524218    6.9933    
1    62    38    -6500.72    -10.2969    0.529227    7.00237    
1    63    39    -6502.65    -17.9219    0.517003    6.99069    
1    66    40    -6501.43    -18.3277    0.518524    6.98031    
1    67    41    -6502.44    -17.339    0.530875    6.98539    
1    68    42    -6503.74    -18.2243    0.53179    6.96228    
1    69    43    -6502.64    -18.0472    0.513863    7.00662    
1    76    44    -6503.23    -18.2445    0.514112    6.98585    
1    77    45    -6491.17    -18.6278    0.511141    7.03508    
1    80    46    -6502.96    -18.3734    0.51171    6.95291    
1    82    47    -6502.59    -17.4592    0.513199    7.0108    
1    83    48    -6500.87    -17.4247    0.511946    7.00062    
1    84    49    -6502.84    -17.1833    0.512937    6.98037    
1    86    50    -6499.63    -17.3775    0.51609    6.95045    
1    89    51    -6500.85    -18.4245    0.51584    6.99818    
1    94    52    -6502.53    -18.8487    0.514026    6.96468    
1    95    53    -6502.27    -20.6985    0.521402    7.00565    
1    97    54    -6504.15    -19.7945    0.522875    6.99054    
1    98    55    -6503.96    -19.7484    0.521867    6.96623    
1    100    56    -6502.93    -19.6224    0.520168    6.95647    
