#Task    Step    numberOfAcceptedPeleSteps    currentEnergy    BindingEnergy    sasaLig    distance_A35SG_L1S1    
1    0    0    -6281.5    -1.67373    0.571238    6.92234    
1    1    1    -6470.94    -13.3288    0.536152    6.99319    
1    2    2    -6476.97    -14.2417    0.534365    6.97543    
1    3    3    -6477.58    -13.2092    0.545398    6.91691    
1    4    4    -6483.72    -13.3265    0.545573    6.92676    
1    7    5    -6482.58    -12.8451    0.547303    6.92929    
1    8    6    -6479    -12.3269    0.544663    6.96663    
1    9    7    -6485.7    -12.6809    0.54625    6.9464    
1    10    8    -6486.57    -13.0538    0.545011    6.92793    
1    14    9    -6484.16    -12.8516    0.544117    6.90535    
1    15    10    -6484.79    -16.6209    0.544069    6.75362    
1    17    11    -6482.97    -14.795    0.524869    6.71206    
1    18    12    -6483.35    -14.7523    0.52338    6.66043    
1    19    13    -6486.96    -12.8791    0.526469    6.74944    
1    21    14    -6487.08    -13.0099    0.53563    6.78681    
1    22    15    -6486.37    -11.9857    0.528668    6.75696    
1    23    16    -6487.35    -16.4303    0.519711    6.68441    
1    25    17    -6488.11    -15.0848    0.524295    6.65714    
1    27    18    -6489.45    -15.1293    0.522923    6.63664    
1    28    19    -6489.44    -14.8007    0.520151    6.65512    
1    29    20    -6485.81    -16.0433    0.526169    6.65161    
1    30    21    -6488.71    -15.409    0.527475    6.66553    
1    34    22    -6485.65    -14.3418    0.525017    6.59708    
1    35    23    -6483.23    -15.2142    0.522656    6.62821    
1    36    24    -6487.91    -15.1404    0.522516    6.61356    
1    37    25    -6489.82    -15.5691    0.523567    6.67153    
1    40    26    -6485.47    -14.6222    0.520037    6.4543    
1    41    27    -6484.62    -13.4164    0.521324    6.57223    
1    43    28    -6481.62    -12.2566    0.52846    6.61193    
1    44    29    -6487.35    -14.6847    0.524821    6.62904    
1    45    30    -6487.63    -14.5636    0.528149    6.67011    
1    46    31    -6481.28    -12.2009    0.52109    7.09961    
1    47    32    -6486.8    -11.3567    0.520384    7.04549    
1    48    33    -6485.47    -11.9886    0.520739    7.02652    
1    49    34    -6488.21    -14.605    0.52497    6.59899    
1    51    35    -6490.89    -15.7357    0.527425    6.64525    
1    52    36    -6488.85    -14.776    0.529119    6.70564    
1    55    37    -6490.01    -15.7524    0.526864    6.68778    
1    56    38    -6490.55    -15.8656    0.525924    6.69176    
1    57    39    -6491.65    -13.7573    0.526629    6.83884    
1    59    40    -6491.57    -14.9186    0.526959    6.79832    
1    60    41    -6492    -15.7176    0.527314    6.69841    
1    62    42    -6488.86    -15.4705    0.525456    6.69062    
1    63    43    -6491.3    -16.4691    0.52509    6.6648    
1    64    44    -6488.75    -12.5181    0.528125    6.43893    
1    65    45    -6489.28    -16.414    0.526639    6.66983    
1    66    46    -6490.98    -16.1844    0.528307    6.63842    
1    67    47    -6490.51    -15.6486    0.524527    6.65874    
1    69    48    -6492.45    -15.8114    0.527605    6.6787    
1    70    49    -6489.9    -13.4608    0.527456    6.6162    
1    71    50    -6489.75    -16.0954    0.530178    6.72174    
1    73    51    -6490.3    -12.9173    0.530321    6.85796    
1    74    52    -6491.81    -13.0125    0.529268    6.82598    
1    75    53    -6491.67    -13.4415    0.531106    6.78467    
1    76    54    -6491.6    -14.856    0.529951    6.72642    
1    78    55    -6492.4    -15.0375    0.528337    6.70928    
1    81    56    -6490.36    -14.8251    0.529487    6.70343    
1    84    57    -6490.72    -15.5319    0.529254    6.65746    
1    85    58    -6488.66    -14.916    0.525544    6.69852    
1    86    59    -6487.56    -12.7925    0.524898    6.95637    
1    87    60    -6488.68    -14.9859    0.516511    6.68614    
1    90    61    -6490.97    -14.0431    0.520035    6.70298    
1    91    62    -6491.39    -11.6843    0.523605    6.86983    
1    93    63    -6490.62    -12.4823    0.52643    6.90172    
1    94    64    -6484.95    -15.3808    0.526178    6.85357    
1    95    65    -6491.78    -15.6994    0.526337    6.78111    
1    97    66    -6492.8    -15.5187    0.524809    6.75388    
1    98    67    -6493.4    -15.0318    0.525678    6.75788    
