#Task    Step    numberOfAcceptedPeleSteps    currentEnergy    BindingEnergy    sasaLig    distance_A35SG_L1S1    
1    0    0    -6281.5    -1.67373    0.571238    6.92234    
1    1    1    -6454.05    -15.6498    0.55382    6.96951    
1    2    2    -6473.25    -19.7361    0.550031    7.00296    
1    3    3    -6481.58    -17.9457    0.54917    6.96836    
1    4    4    -6485.86    -17.8127    0.547148    6.94292    
1    5    5    -6485.97    -17.9081    0.533076    6.93327    
1    7    6    -6490.02    -18.7108    0.507656    6.93978    
1    8    7    -6491.53    -19.2411    0.508278    6.93019    
1    10    8    -6492.12    -21.1041    0.502708    6.89269    
1    12    9    -6498.15    -22.8904    0.507885    6.92361    
1    13    10    -6495.75    -20.5537    0.503439    6.9402    
1    14    11    -6498.84    -20.7656    0.503049    6.95662    
1    17    12    -6493.8    -21.3045    0.501945    6.90157    
1    18    13    -6498.05    -20.1867    0.506815    6.88528    
1    19    14    -6495.93    -11.5235    0.514217    6.87992    
1    20    15    -6497.76    -12.4629    0.514883    6.87531    
1    22    16    -6498.45    -12.6891    0.52077    6.85727    
1    23    17    -6499.55    -12.6357    0.523489    6.876    
1    24    18    -6499.58    -11.6273    0.521391    6.87755    
1    26    19    -6497.78    -12.5948    0.52394    6.8668    
1    28    20    -6499.65    -12.0902    0.520567    6.90672    
1    30    21    -6497.52    -12.4261    0.517162    6.89221    
1    32    22    -6499.88    -12.1162    0.519449    6.88609    
1    33    23    -6498.65    -12.1688    0.518442    6.89437    
1    36    24    -6502.11    -12.7694    0.520795    6.92092    
1    38    25    -6501.45    -12.7436    0.52106    6.9235    
1    40    26    -6501.56    -11.3676    0.519972    6.90501    
1    49    27    -6499.46    -11.8555    0.52209    6.88702    
1    53    28    -6497.48    -12.2433    0.521359    6.93997    
1    54    29    -6497.87    -11.4904    0.518924    6.95675    
1    55    30    -6498.97    -11.6941    0.520946    6.9221    
1    57    31    -6497.42    -12.3467    0.522657    6.90575    
1    59    32    -6497.65    -12.2183    0.510447    6.89783    
1    60    33    -6496.26    -13.9485    0.505596    6.95556    
1    61    34    -6496.44    -12.0098    0.521512    6.92347    
1    62    35    -6497.43    -11.7241    0.520305    6.89457    
1    63    36    -6497.41    -11.2783    0.520539    6.91428    
1    64    37    -6497.39    -12.8038    0.525894    6.88141    
1    65    38    -6499.11    -11.6202    0.524338    6.89981    
1    73    39    -6498.12    -10.5726    0.523286    6.92451    
1    74    40    -6499.06    -10.8662    0.521385    6.88046    
1    75    41    -6498.38    -12.0082    0.521953    6.88052    
1    76    42    -6497.6    -11.1521    0.51898    6.84455    
1    78    43    -6493.48    -13.2415    0.521845    6.87124    
1    79    44    -6495.91    -14.363    0.523969    6.74213    
1    81    45    -6498.34    -15.9591    0.524437    6.64879    
1    83    46    -6500.4    -14.8543    0.526308    6.68385    
1    84    47    -6500.27    -15.9598    0.522663    6.66009    
1    86    48    -6498.61    -14.8266    0.519294    6.65493    
1    87    49    -6496.24    -12.9176    0.521304    6.842    
1    89    50    -6497.74    -12.2245    0.520699    6.89656    
1    91    51    -6498.07    -12.6894    0.52141    6.89523    
1    94    52    -6497.85    -12.1679    0.52351    6.87379    
1    95    53    -6498.32    -11.2952    0.523672    6.86917    
1    96    54    -6497.09    -11.2144    0.522788    6.87987    
1    97    55    -6497.05    -11.2644    0.520585    6.87947    
1    99    56    -6499.55    -11.2349    0.522667    6.91003    
