#Task    Step    numberOfAcceptedPeleSteps    currentEnergy    BindingEnergy    sasaLig    distance_A43SG_L1S1    
1    0    0    -6425.05    -23.4213    0.619811    6.86799    
1    1    1    -6453.38    -27.4081    0.587221    6.37305    
1    10    2    -6453.44    -26.8267    0.589829    6.98783    
1    14    3    -6450.95    -25.7993    0.602485    7.67622    
1    16    4    -6449.69    -22.3635    0.628944    7.88899    
1    17    5    -6455    -26.5359    0.605818    7.01446    
1    23    6    -6454.56    -26.8954    0.58431    6.29705    
1    25    7    -6452.74    -27.7231    0.607143    6.80557    
1    26    8    -6450.6    -27.1567    0.60075    6.62883    
1    28    9    -6450.34    -25.2722    0.628636    6.7684    
1    30    10    -6448.39    -23.3042    0.648008    7.15852    
1    31    11    -6452.44    -25.544    0.614236    6.98239    
1    33    12    -6452.15    -26.9051    0.607157    6.92316    
1    36    13    -6455.23    -26.7526    0.607779    6.66348    
1    40    14    -6453.25    -25.4161    0.614634    6.93373    
1    47    15    -6449.15    -22.2683    0.60387    6.30295    
1    48    16    -6453.51    -27.1637    0.584375    6.01508    
1    59    17    -6452.81    -29.4256    0.575479    5.65809    
1    68    18    -6452.72    -27.2744    0.582619    5.95981    
1    69    19    -6453.28    -27.7382    0.572066    6.00168    
1    74    20    -6454.31    -29.0762    0.573562    6.307    
1    75    21    -6451.18    -26.9437    0.578614    6.16502    
1    76    22    -6455.89    -29.0794    0.591948    6.29761    
1    88    23    -6454.18    -27.4187    0.595752    6.39726    
1    90    24    -6453.15    -27.8674    0.591226    6.29595    
1    92    25    -6454    -29.9447    0.589164    6.09249    
1    100    26    -6452.55    -28.8328    0.579042    5.79773    
