#Task    Step    numberOfAcceptedPeleSteps    currentEnergy    BindingEnergy    sasaLig    distance_A43SG_L1S1    
1    0    0    -6431    -41.396    0.57233    9.87016    
1    1    1    -6455.16    -40.6916    0.576695    9.83297    
1    4    2    -6455.81    -40.1936    0.585035    10.2419    
1    5    3    -6455.59    -39.6628    0.57923    10.701    
1    12    4    -6456.51    -40.4085    0.586481    10.6547    
1    15    5    -6456.28    -40.3523    0.575834    10.4016    
1    29    6    -6452.26    -38.6301    0.574384    9.93399    
1    33    7    -6452.47    -37.4885    0.563884    10.1509    
1    35    8    -6453.04    -35.7748    0.594581    9.59538    
1    37    9    -6454.24    -36.4633    0.583597    9.57529    
1    50    10    -6450.61    -26.5519    0.630185    8.64333    
1    53    11    -6457.83    -38.0007    0.578356    8.25606    
1    57    12    -6458.72    -38.0907    0.575618    8.31098    
1    61    13    -6458.38    -39.141    0.571004    8.31108    
1    69    14    -6453.6    -35.543    0.589415    8.42216    
1    73    15    -6454.44    -37.0727    0.585615    8.57665    
1    77    16    -6453.65    -38.4492    0.574449    7.66298    
1    85    17    -6454.1    -38.6012    0.577129    11.0896    
1    91    18    -6449.02    -37.4737    0.577663    10.6891    
1    93    19    -6451.07    -30.988    0.606115    11.5054    
1    99    20    -6454.2    -35.0236    0.582413    10.6299    
1    100    21    -6451.4    -34.3257    0.587169    10.6193    
