#Task    Step    numberOfAcceptedPeleSteps    currentEnergy    BindingEnergy    sasaLig    distance_A43SG_L1S1    
1    0    0    -6431.14    -39.1253    0.5072    8.88129    
1    1    1    -6457.91    -40.2885    0.509314    8.83902    
1    9    2    -6459.41    -40.7689    0.498601    8.68774    
1    29    3    -6460    -41.3096    0.491282    8.92792    
1    40    4    -6455.92    -37.5997    0.492006    9.23555    
1    45    5    -6460.08    -41.3888    0.48656    8.781    
1    52    6    -6455.57    -39.7693    0.489221    8.78866    
1    53    7    -6458.34    -42.0529    0.492976    8.97741    
1    55    8    -6457.65    -40.3649    0.50053    8.88842    
1    57    9    -6457.26    -40.8431    0.499611    8.76536    
1    77    10    -6458.54    -42.1793    0.489917    8.96835    
1    81    11    -6457.36    -42.435    0.493272    8.93979    
1    89    12    -6456.27    -42.2847    0.495317    9.15846    
1    90    13    -6450.94    -37.0897    0.505479    9.08181    
1    92    14    -6455.79    -42.9205    0.487637    9.22011    
1    95    15    -6448.72    -36.3741    0.497247    8.86376    
1    97    16    -6436.78    -20.3602    0.512298    8.00952    
1    99    17    -6439.6    -24.0054    0.513073    7.83192    
1    100    18    -6442.27    -25.5907    0.517007    8.35999    
