#Task    Step    numberOfAcceptedPeleSteps    currentEnergy    BindingEnergy    sasaLig    distance_A43SG_L1S1    
1    0    0    -6428.52    -39.5032    0.498788    6.84382    
1    1    1    -6447.75    -39.2264    0.50049    7.00013    
1    5    2    -6443.43    -39.6519    0.49545    7.40858    
1    6    3    -6442.19    -39.5308    0.500992    7.38049    
1    13    4    -6443.04    -39.4134    0.508519    7.22543    
1    19    5    -6442.91    -37.1464    0.518295    7.4449    
1    29    6    -6445.76    -38.7188    0.4982    6.71194    
1    36    7    -6448.78    -41.1486    0.503363    6.89768    
1    42    8    -6447.38    -39.3331    0.506769    7.36411    
1    57    9    -6447.78    -37.4588    0.505966    7.22372    
1    58    10    -6449.82    -40.6712    0.496827    6.71204    
1    61    11    -6449.66    -39.643    0.495462    6.41597    
1    67    12    -6448.7    -38.6702    0.491673    6.46155    
1    68    13    -6449.71    -39.9565    0.50281    6.39767    
1    74    14    -6450.42    -39.0132    0.495996    6.66826    
1    75    15    -6441.1    -31.4072    0.557308    7.8679    
1    77    16    -6451.06    -39.0181    0.502152    6.91791    
1    79    17    -6450.79    -38.226    0.505472    6.80814    
1    84    18    -6450.65    -40.5737    0.504091    7.14714    
1    99    19    -6449.63    -38.5851    0.50705    7.09096    
