#Task    Step    numberOfAcceptedPeleSteps    currentEnergy    BindingEnergy    sasaLig    distance_A43SG_L1S1    
1    0    0    -6429.59    -30.6557    0.490738    4.58629    
1    1    1    -6451.51    -29.8885    0.492413    4.28    
1    3    2    -6443.51    -16.8076    0.546136    3.98161    
1    6    3    -6443.92    -18.5718    0.529056    4.40379    
1    9    4    -6436.75    -20.1717    0.520746    4.95975    
1    13    5    -6446.13    -29.0445    0.493016    4.72101    
1    21    6    -6456.63    -30.0671    0.495572    4.62382    
1    37    7    -6458.11    -29.3231    0.493613    4.41166    
1    45    8    -6456.99    -30.3743    0.491161    4.65068    
1    53    9    -6457.98    -29.95    0.492042    4.59594    
1    65    10    -6459.46    -29.2054    0.495526    4.49067    
1    84    11    -6457.59    -29.6624    0.489948    4.53449    
1    97    12    -6457.98    -29.0673    0.496382    4.23303    
1    99    13    -6447.25    -20.1443    0.498737    4.76326    
1    100    14    -6445.77    -16.9311    0.510853    5.58245    
