#Task    Step    numberOfAcceptedPeleSteps    currentEnergy    BindingEnergy    sasaLig    distance_A43SG_L1S1    
1    0    0    -6419    -21.3857    0.563041    9.22064    
1    1    1    -6417.15    -0.413282    0.67601    7.48148    
1    2    2    -6425.34    -0.857558    0.682429    7.14858    
1    3    3    -6426.63    -4.04636    0.713876    9.63215    
1    6    4    -6436.33    -10.2584    0.700937    8.96483    
1    7    5    -6435.9    -12.2051    0.695203    8.88343    
1    8    6    -6432.42    -10.9959    0.687403    8.11995    
1    10    7    -6432.52    -11.1548    0.676141    7.32065    
1    11    8    -6432.39    -4.74217    0.703163    10.443    
1    12    9    -6431.82    -4.14945    0.709534    10.2982    
1    13    10    -6425.32    -5.09034    0.721577    9.27771    
1    14    11    -6422.7    3.68096    0.729944    8.6953    
1    15    12    -6432.59    -13.1943    0.650047    9.71771    
1    20    13    -6433.37    -14.485    0.693548    10.3007    
1    22    14    -6434.9    -16.5338    0.66618    10.2801    
1    25    15    -6436.87    -22.8989    0.632394    10.457    
1    27    16    -6438.89    -23.3271    0.64468    10.5937    
1    34    17    -6433.65    -18.2935    0.611577    10.2861    
1    37    18    -6430.65    -16.7549    0.608241    10.2638    
1    39    19    -6434.88    -23.6822    0.634089    10.5152    
1    42    20    -6431.71    -22.5909    0.635234    10.8538    
1    46    21    -6432.68    -23.0245    0.612157    10.3593    
1    50    22    -6432.2    -23.0374    0.594428    10.4048    
1    55    23    -6434.37    -23.1156    0.578447    10.3436    
1    56    24    -6433.1    -21.6407    0.655493    10.7753    
1    57    25    -6431.84    -23.411    0.65662    10.5717    
1    60    26    -6430.86    -21.5597    0.687143    10.8653    
1    61    27    -6437.57    -28.8545    0.61662    8.53899    
1    63    28    -6437.18    -27.5602    0.595612    8.71769    
1    67    29    -6437.58    -28.733    0.568896    8.39561    
1    73    30    -6442.01    -28.3112    0.575182    7.68987    
1    76    31    -6442.93    -30.8174    0.617259    8.34972    
1    77    32    -6450.03    -34.3041    0.587899    8.46481    
1    81    33    -6449.23    -34.2411    0.590875    8.48818    
1    84    34    -6449.66    -34.6005    0.594126    8.49161    
1    87    35    -6450.01    -34.5289    0.583873    8.44368    
1    91    36    -6449.82    -31.5514    0.616367    8.20324    
1    93    37    -6450.35    -33.1455    0.599657    8.2149    
1    94    38    -6447.84    -31.4847    0.628115    8.12073    
1    97    39    -6450.79    -34.0462    0.61786    7.83581    
1    99    40    -6450.67    -33.5477    0.594565    8.24471    
