#Task    Step    numberOfAcceptedPeleSteps    currentEnergy    BindingEnergy    sasaLig    distance_A43SG_L1S1    
1    0    0    -6424.33    -29.2811    0.507396    10.2505    
1    1    1    -6449.91    -33.7926    0.514326    10.1789    
1    9    2    -6449.28    -31.7253    0.517646    10.3381    
1    33    3    -6450.65    -31.1897    0.504826    10.1563    
1    39    4    -6446.03    -25.972    0.531773    10.5891    
1    42    5    -6447.19    -27.2048    0.595825    10.5279    
1    45    6    -6444.62    -27.4758    0.565426    10.5843    
1    51    7    -6441.72    -30.6177    0.604374    10.7534    
1    55    8    -6442.33    -28.38    0.563617    11.2856    
1    71    9    -6451.68    -31.7798    0.605026    10.5209    
1    85    10    -6451.37    -32.6271    0.568664    10.3762    
1    89    11    -6451.63    -32.9304    0.549321    10.4258    
