#Task    Step    numberOfAcceptedPeleSteps    currentEnergy    BindingEnergy    sasaLig    distance_A43SG_L1S1    
1    0    0    -6415.28    -26.2379    0.549544    8.15433    
1    1    1    -6429.03    -7.23096    0.635374    5.73353    
1    2    2    -6430.79    -7.14209    0.650806    8.73022    
1    4    3    -6430.1    -6.22888    0.609678    9.16829    
1    7    4    -6431.69    -7.65812    0.590779    8.56301    
1    9    5    -6432.06    -11.066    0.601849    8.91912    
1    10    6    -6434.13    -11.3515    0.590142    8.784    
1    15    7    -6434.55    -11.8898    0.596315    8.6054    
1    16    8    -6434.36    -10.5712    0.586119    8.44806    
1    17    9    -6439.8    -17.2549    0.546304    8.44154    
1    18    10    -6438.58    -16.9189    0.555572    8.63483    
1    19    11    -6439.11    -19.5167    0.546665    8.74495    
1    22    12    -6438.39    -17.7252    0.563214    8.26852    
1    23    13    -6440.36    -19.647    0.538836    8.26723    
1    28    14    -6440.45    -19.4674    0.544196    8.19459    
1    31    15    -6438.48    -17.0656    0.57698    8.81105    
1    34    16    -6441.97    -19.5061    0.557334    8.82494    
1    38    17    -6440.24    -16.6464    0.560192    8.68105    
1    42    18    -6437.93    -16.1683    0.563792    8.45714    
1    43    19    -6436.16    -16.946    0.564168    8.68711    
1    49    20    -6437.43    -9.90443    0.565523    7.92268    
1    50    21    -6439.41    -9.4626    0.577374    7.78821    
1    51    22    -6441.98    -12.733    0.584129    7.51644    
1    52    23    -6441.42    -13.2954    0.545965    7.5645    
1    53    24    -6441.54    -16.5479    0.534735    7.53412    
1    57    25    -6444.48    -18.6989    0.514748    7.364    
1    60    26    -6444.47    -18.2947    0.516363    7.2902    
1    69    27    -6444.77    -26.8908    0.496504    7.8628    
1    71    28    -6447.45    -25.7449    0.494566    8.08557    
1    75    29    -6446.12    -25.642    0.501724    8.03086    
1    80    30    -6444.83    -24.0435    0.51219    7.88811    
1    87    31    -6442.18    -24.1304    0.501369    8.81876    
1    91    32    -6444.66    -27.3398    0.503671    8.09685    
1    93    33    -6445.7    -27.4013    0.516138    8.0021    
1    96    34    -6443.97    -25.3966    0.561914    8.43068    
1    97    35    -6447.77    -32.2065    0.512445    8.17009    
1    99    36    -6444.75    -30.8586    0.553567    8.16484    
