#Task    Step    numberOfAcceptedPeleSteps    currentEnergy    BindingEnergy    sasaLig    distance_A43SG_L1S1    
1    0    0    -6423.18    -19.6444    0.476613    10.312    
1    1    1    -6430.24    -18.2763    0.497542    8.08334    
1    2    2    -6429.04    -17.3234    0.535498    9.33489    
1    3    3    -6427.53    -12.4335    0.541621    8.56932    
1    4    4    -6426.85    -15.333    0.490355    7.97217    
1    5    5    -6426.53    -16.5039    0.53734    8.68552    
1    6    6    -6425.54    -12.2847    0.570061    7.6201    
1    7    7    -6432.27    -17.5235    0.589609    7.6738    
1    8    8    -6433.07    -18.5135    0.580028    7.90328    
1    17    9    -6428.42    -16.9791    0.607533    7.88827    
1    21    10    -6436.07    -21.7935    0.618718    7.56498    
1    22    11    -6431.62    -10.3883    0.669254    10.2081    
1    24    12    -6432.53    -8.89886    0.644119    10.2966    
1    27    13    -6436.42    -20.4803    0.56694    10.2906    
1    28    14    -6436.65    -21.6371    0.561382    10.9679    
1    32    15    -6433.67    -15.4922    0.572167    10.1403    
1    33    16    -6433.75    -10.5979    0.631127    11.4461    
1    34    17    -6432.51    -10.422    0.657653    11.4413    
1    38    18    -6428.51    -4.98565    0.645806    9.74626    
1    39    19    -6427.18    -4.39063    0.660934    10.7968    
1    41    20    -6432.73    -6.45253    0.619668    6.41143    
1    44    21    -6436.01    -3.77455    0.672798    8.0065    
1    45    22    -6435.08    -5.17118    0.713311    7.44705    
1    49    23    -6441.28    -10.3989    0.612942    7.4639    
1    52    24    -6441.65    -10.9348    0.551246    8.96176    
1    53    25    -6446.03    -25.3282    0.524335    7.96483    
1    55    26    -6446.28    -25.2441    0.536112    7.61366    
1    59    27    -6445.57    -14.3809    0.563575    7.91906    
1    60    28    -6440.42    -10.36    0.527958    8.16012    
1    66    29    -6445.93    -14.3088    0.549804    7.89726    
1    67    30    -6445.79    -14.1345    0.54579    8.1694    
1    68    31    -6442.35    -10.83    0.559206    8.03581    
1    69    32    -6446.55    -14.9532    0.541383    8.07922    
1    74    33    -6443.63    -14.2035    0.551474    8.2928    
1    80    34    -6444.84    -14.3575    0.548592    8.04551    
1    82    35    -6447.66    -15.5944    0.544255    7.93918    
1    98    36    -6446.6    -14.9741    0.539261    7.97051    
1    100    37    -6444.67    -13.0271    0.577464    7.3045    
