#Task    Step    numberOfAcceptedPeleSteps    currentEnergy    BindingEnergy    sasaLig    distance_A43SG_L1S1    
1    0    0    -6415.06    -33.1865    0.551141    9.11353    
1    4    1    -6431.28    -28.1828    0.584982    8.8401    
1    5    2    -6431.44    -32.1441    0.586595    8.96358    
1    9    3    -6432.48    -32.9731    0.574118    8.4344    
1    15    4    -6433.82    -33.9375    0.558728    7.99081    
1    29    5    -6435.77    -33.7732    0.553782    7.98813    
1    37    6    -6437.97    -35.1005    0.554172    7.96302    
1    45    7    -6437.68    -34.8122    0.559768    7.96527    
1    47    8    -6437.13    -31.9858    0.598455    8.60588    
1    53    9    -6437.05    -32.1    0.590208    8.46782    
1    59    10    -6437.76    -33.5821    0.577683    7.9506    
1    65    11    -6437.75    -34.8037    0.561137    7.84783    
1    77    12    -6437.48    -34.4534    0.56252    8.0268    
1    79    13    -6437.53    -33.5701    0.558334    8.25774    
1    81    14    -6436.45    -33.4572    0.545674    8.29124    
1    94    15    -6431.92    -27.1592    0.565766    8.17016    
1    97    16    -6435.19    -32.0672    0.539767    8.23158    
1    99    17    -6434.2    -26.6388    0.560633    8.85505    
