#Task    Step    numberOfAcceptedPeleSteps    currentEnergy    BindingEnergy    sasaLig    distance_A43SG_L1S1    
1    0    0    -6414.39    -30.052    0.53642    8.22514    
1    1    1    -6428.07    -20.1468    0.59631    6.04906    
1    2    2    -6436.08    -20.1275    0.606209    6.36824    
1    3    3    -6435.57    -22.807    0.583916    5.41712    
1    14    4    -6436.45    -22.2754    0.594831    6.38216    
1    16    5    -6437.07    -23.5276    0.594207    5.75499    
1    17    6    -6437.87    -32.6441    0.527764    5.94656    
1    21    7    -6443.34    -32.7787    0.510389    6.03702    
1    22    8    -6440.53    -32.0917    0.514894    5.87561    
1    24    9    -6436.75    -25.8062    0.549853    5.91316    
1    25    10    -6439.72    -31.5968    0.510444    5.0213    
1    41    11    -6438.87    -27.1594    0.513566    5.44065    
1    47    12    -6433.97    -22.4943    0.515318    6.29288    
1    49    13    -6440.74    -30.5691    0.501611    5.71475    
1    51    14    -6437.97    -28.1937    0.491247    6.13509    
1    56    15    -6435.98    -27.6601    0.485319    5.42337    
1    57    16    -6436.42    -28.3549    0.491096    4.84964    
1    62    17    -6434.3    -25.1104    0.54278    6.42121    
1    67    18    -6435.9    -25.7262    0.509822    5.94373    
1    69    19    -6437.77    -30.7648    0.490691    6.5597    
1    71    20    -6429.67    -24.4473    0.529099    6.49488    
1    73    21    -6432.44    -28.166    0.504067    6.99893    
1    79    22    -6434.77    -30.4759    0.495569    6.82179    
1    81    23    -6422.29    -14.0373    0.612044    9.34235    
1    83    24    -6422.67    -21.2316    0.546942    8.67668    
1    85    25    -6420.34    -7.82596    0.667048    7.97261    
1    86    26    -6424.72    -17.3764    0.603063    9.06597    
1    89    27    -6430    -17.2846    0.64151    8.94359    
1    97    28    -6432.89    -18.2099    0.646777    8.58352    
