#Task    Step    numberOfAcceptedPeleSteps    currentEnergy    BindingEnergy    sasaLig    distance_A43SG_L1S1    
1    0    0    -6417.9    -26.2666    0.466036    7.60164    
1    1    1    -6439.88    -22.2957    0.515989    8.97455    
1    4    2    -6440.83    -26.1046    0.481679    8.17046    
1    10    3    -6443.31    -25.8275    0.482711    7.90294    
1    13    4    -6441.71    -26.6163    0.467998    7.66659    
1    16    5    -6442.34    -26.2712    0.49325    8.03799    
1    37    6    -6440.74    -25.2862    0.494813    8.13865    
1    39    7    -6441.05    -23.4476    0.483388    7.26826    
1    45    8    -6436.74    -21.0238    0.502103    8.21074    
1    49    9    -6439.97    -21.331    0.5128    9.0694    
1    52    10    -6439.98    -24.0374    0.4886    8.1281    
1    53    11    -6444.19    -24.1575    0.489966    8.01963    
1    55    12    -6442.12    -23.7246    0.460675    7.84321    
1    56    13    -6438.79    -20.7807    0.456766    7.78207    
1    57    14    -6443.38    -25.3559    0.468718    7.68151    
1    58    15    -6441.55    -23.6656    0.493889    8.25551    
1    59    16    -6443.86    -25.3059    0.514696    8.25658    
1    69    17    -6441.73    -26.0925    0.483213    7.54479    
1    72    18    -6438.6    -21.0708    0.455206    7.7853    
1    73    19    -6439.61    -24.9078    0.452598    7.45663    
1    74    20    -6438.33    -20.9035    0.508989    9.03886    
1    77    21    -6439.03    -25.1443    0.473382    7.70472    
1    85    22    -6440.35    -24.8428    0.499252    7.98156    
1    91    23    -6435.95    -20.5233    0.523831    9.05278    
1    93    24    -6435.48    -16.075    0.531899    8.22696    
1    96    25    -6437.26    -14.6926    0.529654    9.4266    
