#Task    Step    numberOfAcceptedPeleSteps    currentEnergy    BindingEnergy    sasaLig    distance_A43SG_L1S1    
1    0    0    -6432.16    -28.11    0.670505    9.45183    
1    1    1    -6452.46    -31.513    0.635195    9.51951    
1    4    2    -6453.29    -31.0323    0.622461    9.31728    
1    8    3    -6452.63    -32.3762    0.618031    9.39804    
1    11    4    -6452.38    -30.6104    0.599558    9.26394    
1    14    5    -6450.4    -30.4004    0.60641    8.92447    
1    15    6    -6434.7    -12.8177    0.669921    7.96576    
1    16    7    -6449.01    -29.3108    0.646799    8.53339    
1    17    8    -6452.27    -30.7198    0.633809    9.73291    
1    18    9    -6452.83    -31.2712    0.629701    9.80828    
1    21    10    -6454.61    -35.9664    0.615139    9.26523    
1    23    11    -6455.68    -30.5589    0.638962    10.0285    
1    28    12    -6450.69    -24.4073    0.635893    9.65469    
1    29    13    -6455.32    -33.9602    0.617878    10.1323    
1    31    14    -6452.83    -35.1884    0.604434    9.61164    
1    41    15    -6453.81    -34.2706    0.601369    9.49269    
1    43    16    -6455.33    -34.1498    0.598107    9.28847    
1    45    17    -6453.1    -32.7408    0.604342    9.39095    
1    52    18    -6455.02    -32.7093    0.605    9.4166    
1    58    19    -6456.13    -33.8012    0.618303    9.4355    
1    65    20    -6455.7    -34.1105    0.621407    9.55974    
1    66    21    -6455.96    -33.032    0.632148    9.75662    
1    67    22    -6456.45    -33.5946    0.617973    9.99365    
1    68    23    -6455.27    -29.7185    0.649027    9.97205    
1    69    24    -6455.73    -32.8795    0.633675    10.1436    
1    75    25    -6454.83    -33.8919    0.616501    9.6502    
1    76    26    -6449.13    -34.1002    0.573551    8.93826    
1    79    27    -6456.52    -34.4998    0.604911    9.5079    
1    84    28    -6452.87    -31.0382    0.631645    9.29076    
1    89    29    -6451.43    -32.3435    0.617868    8.99717    
1    91    30    -6450.3    -29.3608    0.638693    8.57367    
1    96    31    -6451.34    -31.975    0.642161    8.45955    
1    97    32    -6450.73    -25.234    0.663664    9.90217    
1    100    33    -6448.07    -29.6814    0.628038    10.0085    
