#Task    Step    numberOfAcceptedPeleSteps    currentEnergy    BindingEnergy    sasaLig    distance_A43SG_L1S1    
1    0    0    -6432.75    -43.1566    0.473965    8.92638    
1    2    1    -6446.03    -34.3726    0.48253    9.394    
1    7    2    -6439.04    -30.0535    0.514946    9.8197    
1    8    3    -6443.69    -29.5492    0.530108    9.4887    
1    12    4    -6443.13    -28.6997    0.507783    9.57973    
1    13    5    -6451.18    -42.2783    0.47607    9.01268    
1    21    6    -6459.53    -44.5595    0.464788    8.95799    
1    46    7    -6454.7    -38.0289    0.471024    8.50462    
1    52    8    -6455.21    -32.8505    0.501068    8.45617    
1    54    9    -6456.59    -35.1843    0.49669    9.08937    
1    60    10    -6455.47    -33.823    0.518948    9.05555    
1    62    11    -6457.31    -37.182    0.492221    8.88707    
1    64    12    -6459.03    -38.9031    0.494071    8.47413    
1    69    13    -6459.47    -40.2042    0.490348    8.336    
1    71    14    -6458.12    -38.7279    0.500916    8.39453    
1    77    15    -6453.21    -39.4915    0.485934    8.56067    
1    87    16    -6453.11    -38.4216    0.4726    8.65453    
1    91    17    -6453.62    -38.8774    0.455343    8.43106    
1    92    18    -6459.2    -42.0735    0.456121    8.47994    
