#Task    Step    numberOfAcceptedPeleSteps    currentEnergy    BindingEnergy    sasaLig    distance_A43SG_L1S1    
1    0    0    -6407.89    -23.1136    0.677969    8.68781    
1    1    1    -6429.53    -20.9567    0.683253    8.31627    
1    2    2    -6426.09    -18.3561    0.706123    8.74775    
1    3    3    -6418.52    -6.76614    0.700836    8.85392    
1    4    4    -6420.17    -4.96701    0.739989    8.72837    
1    5    5    -6424.93    -16.2964    0.703626    9.59946    
1    6    6    -6427.33    -17.2066    0.673747    9.83625    
1    7    7    -6425.3    -14.9217    0.701826    8.88507    
1    8    8    -6429.6    -18.3048    0.697007    8.48824    
1    12    9    -6430.52    -20.2123    0.689716    8.8327    
1    14    10    -6432.7    -22.5276    0.645974    7.89532    
1    15    11    -6433.07    -25.0992    0.623749    8.51406    
1    17    12    -6437.36    -29.6536    0.618202    8.97133    
1    29    13    -6437.23    -32.0866    0.600389    8.78273    
1    30    14    -6438.14    -32.974    0.581033    9.05322    
1    36    15    -6440.38    -34.3196    0.593875    8.9287    
1    41    16    -6441.45    -34.7003    0.574971    9.07572    
1    42    17    -6437.85    -32.9464    0.578056    9.20462    
1    47    18    -6437.97    -33.2763    0.597777    8.9544    
1    53    19    -6445.1    -34.9506    0.5866    8.80816    
1    57    20    -6443.04    -33.4503    0.589718    8.92165    
1    59    21    -6446.23    -33.9724    0.60686    9.05049    
1    61    22    -6446.6    -33.4176    0.597422    8.98828    
1    75    23    -6445.76    -34.1632    0.591397    8.88521    
1    77    24    -6446.97    -33.3487    0.594912    8.96063    
1    95    25    -6437.91    -30.3041    0.603941    8.27872    
1    99    26    -6442.76    -29.2008    0.597982    8.84731    
