#Task    Step    numberOfAcceptedPeleSteps    currentEnergy    BindingEnergy    sasaLig    distance_A43SG_L1S1    
1    0    0    -6423.9    -19.2296    0.597688    7.04293    
1    1    1    -6449.74    -30.866    0.578101    6.82955    
1    3    2    -6445.94    -22.5578    0.582197    7.19794    
1    4    3    -6444.14    -20.9781    0.580386    7.99603    
1    6    4    -6449.76    -25.9934    0.620907    7.77531    
1    8    5    -6449.99    -27.6434    0.580205    7.51432    
1    9    6    -6450.12    -29.2458    0.555029    7.27755    
1    17    7    -6450.52    -30.3217    0.539184    7.27484    
1    18    8    -6451.65    -30.8373    0.550224    7.36489    
1    29    9    -6453.58    -30.1459    0.570363    7.38143    
1    30    10    -6453.24    -29.3586    0.550863    7.46055    
1    32    11    -6455.07    -31.1494    0.571796    7.31533    
1    37    12    -6451.02    -26.0896    0.575489    7.52629    
1    38    13    -6454.29    -28.5212    0.570221    7.31665    
1    44    14    -6455.44    -32.54    0.57787    7.24848    
1    51    15    -6452.33    -28.5012    0.566678    7.21953    
1    53    16    -6453.03    -29.8656    0.55221    7.21646    
1    56    17    -6451.06    -27.674    0.562452    7.04412    
1    57    18    -6452.2    -33.8567    0.512519    7.47978    
1    58    19    -6451.46    -34.3122    0.516944    7.27003    
1    61    20    -6452.72    -35.8029    0.510814    7.45388    
1    63    21    -6451.76    -31.9676    0.551192    7.29889    
1    70    22    -6450.76    -30.3643    0.593399    7.76802    
1    75    23    -6453.55    -30.0135    0.564022    7.53032    
1    78    24    -6455.4    -31.9576    0.565162    7.34858    
1    92    25    -6451.25    -30.5473    0.542005    7.18593    
1    93    26    -6451.77    -29.7769    0.531038    7.1904    
1    96    27    -6450.54    -29.361    0.551408    7.47308    
1    97    28    -6453.1    -31.1362    0.524904    7.4298    
