#Task    Step    numberOfAcceptedPeleSteps    currentEnergy    BindingEnergy    sasaLig    distance_A43SG_L1S1    
1    0    0    -6421.76    -16.7322    0.696152    9.71015    
1    1    1    -6438.39    -13.6371    0.672871    8.8146    
1    4    2    -6439.8    -17.2314    0.619537    9.50165    
1    5    3    -6442.27    -25.0767    0.632665    9.74382    
1    9    4    -6443.23    -25.3236    0.643999    9.847    
1    16    5    -6442.89    -24.0358    0.634506    10.1021    
1    19    6    -6443.24    -25.387    0.654914    9.75632    
1    20    7    -6445.74    -26.6174    0.620841    9.56828    
1    21    8    -6446.59    -26.9107    0.62107    9.8378    
1    33    9    -6446.44    -26.9099    0.614507    9.85813    
1    41    10    -6447.07    -26.966    0.622767    9.90905    
1    42    11    -6444.75    -25.0413    0.616971    10.0646    
1    48    12    -6441.53    -19.584    0.633921    9.64694    
1    49    13    -6442.34    -25.9637    0.614995    9.87277    
1    52    14    -6438.74    -22.9835    0.600586    9.86309    
1    53    15    -6438.96    -26.3132    0.604422    10.05    
1    55    16    -6439.21    -25.8472    0.610837    9.89615    
1    57    17    -6439.6    -26.0523    0.628681    9.98277    
1    62    18    -6437.64    -23.8042    0.622848    9.74605    
1    67    19    -6436.94    -23.3418    0.657625    9.87168    
1    69    20    -6434.11    -21.6299    0.647929    10.1086    
1    70    21    -6437.89    -25.6488    0.623041    9.94204    
1    72    22    -6438.55    -24.8192    0.613554    9.6984    
1    77    23    -6437.68    -24.4116    0.627619    9.99959    
1    79    24    -6437.76    -21.5169    0.644329    10.3588    
1    81    25    -6435.64    -21.9476    0.655366    10.2317    
1    82    26    -6439.23    -23.631    0.660135    10.1449    
1    83    27    -6440.87    -18.3113    0.6629    10.1503    
1    97    28    -6438.83    -16.5324    0.659777    9.95776    
