#Task    Step    numberOfAcceptedPeleSteps    currentEnergy    BindingEnergy    sasaLig    distance_A43SG_L1S1    
1    0    0    -6428.65    -42.5678    0.573173    8.81075    
1    1    1    -6454.13    -43.556    0.564747    9.10647    
1    5    2    -6450.88    -42.7466    0.558425    9.41375    
1    7    3    -6433.71    -8.04333    0.728982    9.32673    
1    9    4    -6438.48    -12.3959    0.608387    8.18145    
1    12    5    -6437.5    -6.89091    0.636099    9.05479    
1    13    6    -6453.99    -31.0921    0.612723    8.3145    
1    17    7    -6454.55    -31.2353    0.603669    8.3847    
1    18    8    -6455.38    -30.9786    0.606182    8.60609    
1    21    9    -6457.62    -41.3027    0.614183    8.78577    
1    25    10    -6456.98    -38.446    0.591874    8.65117    
1    34    11    -6456.96    -38.4564    0.580125    8.54118    
1    35    12    -6457.76    -38.4469    0.598144    8.90755    
1    38    13    -6457.16    -36.0347    0.612306    9.01143    
1    40    14    -6457.73    -37.8505    0.60274    8.83694    
1    58    15    -6457    -37.4479    0.587437    8.50254    
1    61    16    -6453.52    -37.9297    0.588119    8.52414    
1    63    17    -6449.99    -40.7778    0.581485    8.7699    
1    65    18    -6454.05    -41.4977    0.599268    8.81419    
1    68    19    -6453.63    -41.066    0.584259    8.71086    
1    71    20    -6451.41    -39.3086    0.565794    8.42086    
1    72    21    -6449.03    -36.5517    0.567972    8.34799    
1    77    22    -6450.6    -36.6694    0.558454    8.5413    
1    78    23    -6452.88    -39.7958    0.571188    8.77264    
1    81    24    -6453.32    -40.7655    0.556049    8.56416    
1    82    25    -6453.52    -37.9477    0.554788    8.66544    
1    88    26    -6453.96    -39.0885    0.563269    8.65309    
1    94    27    -6455.29    -43.1324    0.552142    8.60276    
1    97    28    -6457.35    -45.6481    0.488347    8.72022    
1    98    29    -6455.98    -43.1779    0.495277    8.64365    
