#Task    Step    numberOfAcceptedPeleSteps    currentEnergy    BindingEnergy    sasaLig    distance_A43SG_L1S1    
1    0    0    -6418.79    -32.9918    0.602594    7.53239    
1    1    1    -6429.92    -19.2899    0.598814    6.58502    
1    3    2    -6427.4    -15.4944    0.630389    7.6372    
1    4    3    -6429.17    -19.6139    0.591068    6.68085    
1    5    4    -6437.58    -26.9254    0.550583    6.60563    
1    18    5    -6434.08    -26.3101    0.570036    6.28146    
1    20    6    -6435.71    -28.4845    0.543506    6.7074    
1    22    7    -6434.85    -28.1533    0.552035    6.75873    
1    29    8    -6422.54    0.392201    0.701596    7.65591    
1    30    9    -6422.63    1.95805    0.674353    7.4283    
1    31    10    -6427.49    -0.37727    0.687451    6.91188    
1    32    11    -6430.44    -2.77553    0.62616    6.86014    
1    37    12    -6431.95    -5.22158    0.637347    6.72827    
1    40    13    -6433.49    -5.5122    0.643948    6.04978    
1    43    14    -6436.65    -8.26313    0.611419    6.3459    
1    46    15    -6434.53    -10.8727    0.571813    5.53597    
1    49    16    -6426.62    -6.57416    0.60321    8.15153    
1    50    17    -6419.34    5.25588    0.70448    6.74534    
1    51    18    -6422.69    -0.763299    0.71158    7.3468    
1    52    19    -6418.93    6.25303    0.727462    9.18392    
1    53    20    -6431.75    -18.9612    0.674222    9.5598    
1    55    21    -6440.94    -22.671    0.683014    10.0358    
1    60    22    -6439.53    -21.1631    0.687581    10.2626    
1    69    23    -6441.16    -20.5479    0.67515    9.68975    
1    72    24    -6436.13    -17.0906    0.702892    10.517    
1    73    25    -6437.26    -23.7271    0.672618    11.8131    
1    75    26    -6440.27    -25.9171    0.701906    11.8198    
1    77    27    -6439.7    -27.8664    0.69767    11.8458    
1    78    28    -6439.94    -30.6083    0.67612    11.013    
1    79    29    -6434.53    -24.9183    0.67763    7.96863    
1    81    30    -6438.23    -22.5182    0.692004    10.0539    
1    85    31    -6438.66    -23.5295    0.686081    10.341    
1    86    32    -6439.42    -24.1493    0.694601    10.9597    
1    89    33    -6434.47    -23.9906    0.689585    10.7492    
1    95    34    -6434.77    -23.7286    0.710554    11.0522    
1    97    35    -6436.28    -24.0596    0.699744    11.2255    
1    98    36    -6436.8    -25.4964    0.690625    10.9547    
1    99    37    -6440.3    -28.8111    0.685099    10.6869    
