#Task    Step    numberOfAcceptedPeleSteps    currentEnergy    BindingEnergy    sasaLig    distance_A43SG_L1S1    
1    0    0    -6421.76    -38.3951    0.503584    8.96083    
1    1    1    -6444.55    -36.4777    0.519032    9.37385    
1    3    2    -6444.89    -35.5069    0.517829    9.58712    
1    9    3    -6439.26    -32.4442    0.528187    8.68496    
1    15    4    -6445.36    -38.0342    0.51196    8.83194    
1    17    5    -6448.68    -46.9547    0.489411    9.07113    
1    34    6    -6444.45    -46.9095    0.520442    9.3839    
1    35    7    -6447.02    -42.6904    0.517202    9.40651    
1    45    8    -6448.3    -44.4152    0.499525    9.40988    
1    67    9    -6445.82    -39.8806    0.515551    8.55785    
1    69    10    -6445.82    -42.4482    0.491263    8.27236    
1    79    11    -6449.16    -42.2845    0.483973    8.07309    
1    81    12    -6450.05    -45.557    0.493567    9.40117    
1    98    13    -6449.27    -42.4366    0.507785    9.43542    
1    100    14    -6453.93    -45.0246    0.491846    9.43277    
