#Task    Step    numberOfAcceptedPeleSteps    currentEnergy    BindingEnergy    sasaLig    distance_A43SG_L1S1    
1    0    0    -6431.61    -33.7392    0.627783    9.56526    
1    1    1    -6451.36    -31.1287    0.64016    9.99954    
1    2    2    -6451.71    -29.9914    0.661486    10.3989    
1    9    3    -6443.9    -21.4352    0.644067    10.4561    
1    12    4    -6446.12    -20.0222    0.655157    10.4095    
1    18    5    -6443.99    -17.8657    0.658328    9.8497    
1    21    6    -6444.88    -22.3133    0.625709    9.36589    
1    23    7    -6451.79    -32.1717    0.634998    9.44744    
1    24    8    -6454.01    -32.1207    0.635904    9.7431    
1    28    9    -6451.41    -25.4856    0.668171    9.95239    
1    30    10    -6455.13    -26.2579    0.662539    10.1864    
1    31    11    -6452.52    -24.9331    0.672436    10.3293    
1    32    12    -6452.17    -25.8145    0.658428    10.2187    
1    37    13    -6451.91    -28.125    0.637628    10.201    
1    41    14    -6451.64    -28.4544    0.626189    10.0272    
1    53    15    -6453.92    -28.2219    0.628288    9.9309    
1    55    16    -6452.76    -26.3354    0.639967    10.0662    
1    56    17    -6452.38    -22.8526    0.646479    10.1758    
1    60    18    -6456.75    -26.8728    0.656159    10.142    
1    61    19    -6455.05    -27.1543    0.64874    10.2823    
1    69    20    -6455.73    -32.5744    0.620605    9.42686    
1    79    21    -6450.41    -26.3987    0.655404    10.0977    
1    81    22    -6449.02    -30.0104    0.637054    9.93394    
1    85    23    -6452.02    -27.5664    0.656912    10.0633    
1    87    24    -6455.88    -31.4736    0.639624    9.94854    
1    95    25    -6455.16    -32.3028    0.630385    9.47832    
1    99    26    -6456.08    -36.8067    0.621435    9.40515    
