#Task    Step    numberOfAcceptedPeleSteps    currentEnergy    BindingEnergy    sasaLig    distance_A43SG_L1S1    
1    0    0    -6416.18    -22.5036    0.531224    7.25514    
1    1    1    -6437.49    -27.2002    0.482507    7.11889    
1    10    2    -6433.71    -22.406    0.501014    6.92682    
1    11    3    -6440.27    -24.7606    0.565292    6.31998    
1    12    4    -6443.66    -26.9315    0.567961    6.93092    
1    19    5    -6445.28    -24.6627    0.589833    6.74293    
1    22    6    -6444.12    -22.3196    0.575476    6.62937    
1    25    7    -6443.09    -23.0213    0.586707    6.77748    
1    35    8    -6444.89    -23.6197    0.600257    7.3348    
1    37    9    -6447.64    -25.3764    0.585576    6.97482    
1    50    10    -6443.08    -25.8645    0.597918    7.43513    
1    53    11    -6447.08    -26.3083    0.568153    6.52508    
1    55    12    -6444.55    -22.5919    0.602247    6.58387    
1    58    13    -6437.45    -13.7904    0.624641    6.23388    
1    61    14    -6438.36    -24.3448    0.473915    8.20523    
1    62    15    -6440.32    -25.9232    0.478332    8.45269    
1    63    16    -6443.03    -26.7768    0.478164    8.89008    
1    70    17    -6441.01    -24.3964    0.480895    8.57627    
1    85    18    -6438.97    -19.094    0.585288    6.49349    
1    88    19    -6443.33    -21.0854    0.588309    6.59143    
1    95    20    -6442.04    -21.2299    0.603329    6.84998    
1    97    21    -6441.82    -22.5165    0.576719    6.65688    
1    98    22    -6439.98    -20.6147    0.580567    6.56425    
