#Task    Step    numberOfAcceptedPeleSteps    currentEnergy    BindingEnergy    sasaLig    distance_A43SG_L1S1    
1    0    0    -6424.92    -23.4807    0.559519    8.24744    
1    1    1    -6448.46    -24.0023    0.566376    8.57729    
1    4    2    -6444.88    -20.5207    0.560663    8.90331    
1    10    3    -6448.1    -23.1409    0.562786    8.63202    
1    16    4    -6444.11    -21.4472    0.543987    8.81296    
1    18    5    -6444.51    -20.553    0.580028    9.50947    
1    21    6    -6443.9    -20.7069    0.569733    8.61045    
1    25    7    -6445.6    -22.8805    0.594638    8.05888    
1    37    8    -6447.97    -25.7985    0.550494    7.62469    
1    42    9    -6441.44    -20.5894    0.523736    7.65973    
1    43    10    -6438.55    -16.1955    0.556728    7.50374    
1    50    11    -6436.13    -12.6687    0.550648    7.54129    
1    56    12    -6438.46    -15.1014    0.610291    8.59389    
1    58    13    -6444.35    -19.7271    0.593783    8.34455    
1    59    14    -6440.67    -21.2459    0.5488    7.97539    
1    60    15    -6444.99    -20.8306    0.580306    8.3591    
1    65    16    -6441.11    -16.8737    0.556593    9.17516    
1    66    17    -6438.58    -18.3196    0.571573    9.42408    
1    67    18    -6445.41    -20.7367    0.568823    9.45818    
1    71    19    -6437.72    -17.6952    0.564955    9.91657    
1    73    20    -6445.41    -19.2642    0.575427    9.66433    
1    80    21    -6440.13    -16.3877    0.582568    9.37387    
1    83    22    -6443.96    -19.8822    0.607901    9.19537    
1    87    23    -6441.86    -18.7255    0.696694    9.53022    
1    89    24    -6443.76    -18.8278    0.694914    8.56779    
1    91    25    -6442.08    -17.2283    0.698898    8.58468    
1    95    26    -6437.84    -14.9567    0.654645    10.1459    
1    98    27    -6440.07    -16.1484    0.600473    10.0819    
1    99    28    -6449.17    -23.3442    0.535418    10.2502    
1    100    29    -6447.65    -18.9644    0.567917    10.4841    
