#Task    Step    numberOfAcceptedPeleSteps    currentEnergy    BindingEnergy    sasaLig    distance_A43SG_L1S1    
1    0    0    -6416.29    -38.7523    0.466663    9.92298    
1    1    1    -6441.37    -47.6967    0.441197    9.37282    
1    6    2    -6440.94    -47.4942    0.446056    9.61786    
1    17    3    -6444.04    -45.908    0.448282    8.64817    
1    24    4    -6443.42    -45.079    0.456271    8.43877    
1    25    5    -6442.54    -51.7347    0.425522    8.62001    
1    31    6    -6443.06    -46.3558    0.431691    8.53271    
1    33    7    -6443.4    -48.6154    0.441036    9.05247    
1    35    8    -6439.56    -42.4488    0.465487    9.46273    
1    41    9    -6440.69    -49.5185    0.435694    9.17359    
1    49    10    -6437.93    -47.6266    0.451513    9.27883    
1    53    11    -6439.12    -50.6695    0.4336    8.84429    
1    55    12    -6438.86    -49.6304    0.433895    8.79015    
1    68    13    -6439.25    -46.2765    0.446442    8.97035    
1    74    14    -6437.88    -45.0678    0.45697    8.96251    
1    77    15    -6440.48    -48.681    0.428251    8.62849    
1    83    16    -6439.69    -46.3143    0.43127    8.57079    
1    95    17    -6436.67    -46.5419    0.421397    8.38181    
1    97    18    -6435.64    -47.0201    0.423148    8.97394    
