#Task    Step    numberOfAcceptedPeleSteps    currentEnergy    BindingEnergy    sasaLig    distance_A43SG_L1S1    
1    0    0    -6421.81    -33.9257    0.527556    9.75712    
1    1    1    -6436.79    -28.9393    0.494744    9.14482    
1    3    2    -6428.19    -15.9766    0.504901    8.69294    
1    4    3    -6428.08    -15.002    0.491686    8.24288    
1    9    4    -6437.93    -31.5286    0.44404    6.77817    
1    10    5    -6440.97    -36.0628    0.482954    6.54735    
1    13    6    -6442.46    -33.3637    0.473416    5.55478    
1    19    7    -6446.01    -34.5307    0.491564    5.574    
1    22    8    -6447.84    -35.1999    0.483511    6.14012    
1    29    9    -6445.47    -32.2024    0.512917    6.48606    
1    39    10    -6440.09    -33.5081    0.53218    6.20751    
1    45    11    -6445.34    -39.4024    0.480956    6.0535    
1    48    12    -6441.55    -35.6512    0.519149    5.43109    
1    55    13    -6443.7    -38.8527    0.480111    5.89485    
1    65    14    -6448.29    -41.1699    0.470803    5.57158    
1    78    15    -6447.63    -39.6134    0.465257    6.05008    
1    90    16    -6445.96    -41.8632    0.468196    6.41035    
1    91    17    -6446.62    -41.4787    0.487592    6.21955    
