#Task    Step    numberOfAcceptedPeleSteps    currentEnergy    BindingEnergy    sasaLig    distance_A43SG_L1S1    
1    0    0    -6421.91    -27.7913    0.627221    7.35371    
1    1    1    -6439.97    -30.305    0.601127    7.39479    
1    3    2    -6440.46    -29.3345    0.612179    6.97629    
1    8    3    -6441.72    -31.3802    0.597212    6.95575    
1    10    4    -6438.96    -27.1675    0.608506    7.00312    
1    18    5    -6437.65    -25.9744    0.616997    7.00289    
1    21    6    -6444.07    -27.8055    0.587689    7.41034    
1    22    7    -6443.3    -28.4922    0.622117    7.14253    
1    23    8    -6444.21    -27.9017    0.581113    7.37413    
1    27    9    -6444.72    -28.6328    0.591399    7.36059    
1    32    10    -6437.31    -23.4387    0.589832    6.83636    
1    33    11    -6441.62    -31.9445    0.577454    6.34291    
1    35    12    -6440.68    -27.871    0.585807    6.68939    
1    37    13    -6439.18    -28.6108    0.548445    6.5085    
1    42    14    -6440.27    -30.4046    0.561695    6.271    
1    45    15    -6449    -33.9002    0.5179    7.02954    
1    47    16    -6445.79    -29.68    0.531388    7.89074    
1    50    17    -6448.55    -31.1755    0.528943    7.65358    
1    51    18    -6449.8    -31.1317    0.533697    7.64777    
1    52    19    -6449.35    -31.1087    0.509938    7.33271    
1    57    20    -6447.43    -31.6543    0.534399    7.68891    
1    62    21    -6450.14    -31.4597    0.538344    7.70499    
1    63    22    -6448.65    -34.1562    0.54437    7.70085    
1    64    23    -6451.31    -34.1912    0.518483    7.54202    
1    65    24    -6449.99    -30.069    0.492598    7.34833    
1    69    25    -6452.42    -33.2194    0.512414    7.54842    
1    71    26    -6451.17    -31.51    0.530541    7.56841    
1    80    27    -6449.78    -31.222    0.535376    7.78675    
1    81    28    -6451.38    -33.772    0.546005    7.78953    
1    82    29    -6449.13    -33.4682    0.543536    7.55422    
1    87    30    -6449.25    -34.2513    0.552177    7.67026    
1    93    31    -6448.96    -32.5194    0.543688    7.86332    
1    97    32    -6452.62    -33.2434    0.535001    7.82539    
