#Task    Step    numberOfAcceptedPeleSteps    currentEnergy    BindingEnergy    sasaLig    distance_A43SG_L1S1    
1    0    0    -6415.74    -17.9482    0.573955    8.52951    
1    1    1    -6420.04    -6.98475    0.624855    9.89064    
1    3    2    -6420.54    -1.59681    0.696659    10.5768    
1    4    3    -6424.81    -3.20506    0.730948    10.3669    
1    5    4    -6427.56    -9.01391    0.667421    10.7999    
1    6    5    -6429.24    -9.56896    0.648902    9.74493    
1    10    6    -6424.73    -2.9388    0.668523    11.1327    
1    12    7    -6427.49    -2.49512    0.68651    10.4741    
1    15    8    -6426.91    -1.68538    0.709385    9.73784    
1    18    9    -6428.05    -3.25231    0.680294    8.49201    
1    20    10    -6428.6    -3.82177    0.694735    7.90173    
1    21    11    -6428.27    -4.16624    0.666281    6.72867    
1    22    12    -6427.91    -4.31508    0.610546    7.04817    
1    24    13    -6427.45    -4.35077    0.615534    6.82529    
1    25    14    -6428.79    -7.00379    0.580991    7.18484    
1    26    15    -6430.5    -7.86498    0.622889    7.56907    
1    30    16    -6431.89    -7.21963    0.64521    6.93281    
1    32    17    -6434.96    -11.5782    0.621421    6.91347    
1    33    18    -6434.27    -10.4884    0.62711    6.95838    
1    35    19    -6433.68    -11.7366    0.613144    6.75899    
1    44    20    -6433.37    -10.4636    0.617949    6.56585    
1    45    21    -6432.3    -12.7647    0.687339    6.43998    
1    46    22    -6432.4    -11.5686    0.694291    6.3977    
1    47    23    -6430.44    -17.2886    0.562202    8.72654    
1    50    24    -6428.27    -15.5648    0.564236    8.70399    
1    55    25    -6429.79    -15.1893    0.571778    8.99738    
1    57    26    -6436.65    -22.6386    0.517281    8.83159    
1    67    27    -6430.37    -23.1293    0.521343    8.78023    
1    71    28    -6435.67    -13.4427    0.56145    8.7743    
1    73    29    -6437.57    -11.4686    0.581611    8.79588    
1    78    30    -6437.15    -11.6577    0.590357    8.82492    
1    80    31    -6433.8    -7.53599    0.629602    10.3471    
1    84    32    -6434.34    -7.44881    0.627194    9.36722    
1    85    33    -6428.4    -2.03069    0.675954    7.90946    
1    86    34    -6427.3    -1.46559    0.76582    7.72157    
1    87    35    -6428.06    -2.1541    0.778815    9.7823    
1    90    36    -6421.79    4.79745    0.818724    10.3873    
1    91    37    -6429.11    -2.33628    0.800526    9.45151    
1    92    38    -6430.68    -2.69739    0.792987    9.73003    
1    95    39    -6430.19    -1.31237    0.813461    8.87004    
1    96    40    -6431.73    -2.91849    0.759837    6.92732    
1    97    41    -6431.99    -7.26746    0.696722    6.71766    
1    100    42    -6431.19    -5.43533    0.704108    6.8944    
