#Task    Step    numberOfAcceptedPeleSteps    currentEnergy    BindingEnergy    sasaLig    distance_A43SG_L1S1    
1    0    0    -6428.31    -44.2768    0.505895    8.93993    
1    1    1    -6452.18    -45.4606    0.510879    8.87659    
1    2    2    -6442.44    -40.0608    0.51933    9.13196    
1    5    3    -6445.73    -44.9196    0.510681    9.06164    
1    8    4    -6446.73    -42.8429    0.515983    8.84354    
1    17    5    -6452.98    -44.5739    0.517667    9.03776    
1    19    6    -6453.65    -45.0809    0.51912    8.96796    
1    31    7    -6453.41    -43.8662    0.509938    8.79646    
1    37    8    -6455.07    -43.929    0.517643    8.99687    
1    45    9    -6452.61    -45.3199    0.520718    9.00373    
1    49    10    -6454.41    -44.0732    0.516763    8.9467    
1    62    11    -6448.99    -39.7913    0.502198    8.79082    
1    65    12    -6452.98    -46.1657    0.515371    9.00085    
1    87    13    -6444.91    -36.8533    0.520165    8.84442    
1    91    14    -6444.13    -38.5234    0.509192    8.66246    
1    93    15    -6447.63    -37.9791    0.506087    8.11745    
