#Task    Step    numberOfAcceptedPeleSteps    currentEnergy    BindingEnergy    sasaLig    distance_A43SG_L1S1    
1    0    0    -6422.8    -21.3557    0.553334    6.31086    
1    1    1    -6427.62    -10.6525    0.571293    6.13254    
1    2    2    -6432.39    -14.2658    0.544629    5.62023    
1    5    3    -6429.65    -14.7243    0.53268    5.61363    
1    9    4    -6431.62    -19.9955    0.539389    5.529    
1    13    5    -6431.46    -17.8111    0.518763    5.70826    
1    18    6    -6436.63    -18.1012    0.534529    5.74306    
1    30    7    -6435.17    -18.1582    0.545481    5.6634    
1    32    8    -6435.06    -18.0752    0.572124    5.96913    
1    43    9    -6432.82    -18.002    0.570266    5.7954    
1    45    10    -6433.81    -18.8274    0.553084    5.69638    
1    46    11    -6438.62    -20.5171    0.529204    5.7927    
1    53    12    -6439.09    -23.0333    0.513946    5.95488    
1    54    13    -6436.15    -19.252    0.547477    6.20359    
1    57    14    -6435.96    -23.5097    0.510789    6.11247    
1    61    15    -6432.47    -16.0023    0.554874    7.02946    
1    62    16    -6431.87    -15.1896    0.538802    6.8451    
1    64    17    -6437.5    -18.8946    0.533124    6.66434    
1    67    18    -6434.22    -14.135    0.542053    7.15147    
1    69    19    -6439.98    -20.2366    0.542718    7.04286    
1    73    20    -6441.09    -22.1599    0.536132    7.03253    
1    81    21    -6442.89    -26.8319    0.515129    7.11519    
1    89    22    -6442.49    -26.9992    0.508541    6.16701    
1    93    23    -6448.49    -28.0219    0.498739    6.09679    
