#Task    Step    numberOfAcceptedPeleSteps    currentEnergy    BindingEnergy    sasaLig    distance_A43SG_L1S1    
1    0    0    -6414.54    -14.9695    0.733623    8.72613    
1    1    1    -6431.15    -13.19    0.748722    8.39855    
1    7    2    -6434.9    -11.0952    0.760481    6.92725    
1    11    3    -6435.23    -13.2023    0.713123    6.98543    
1    15    4    -6435.64    -11.6451    0.711918    7.01846    
1    16    5    -6436.73    -13.0585    0.703374    6.94646    
1    17    6    -6437.02    -15.4185    0.687314    6.89051    
1    18    7    -6425.1    1.30567    0.67867    8.01039    
1    19    8    -6427.32    -13.0302    0.642332    9.34682    
1    22    9    -6428.18    -14.2477    0.569514    8.26556    
1    23    10    -6429.68    -13.3688    0.587023    7.22988    
1    24    11    -6435.11    -16.3223    0.570309    7.32333    
1    26    12    -6432.74    -15.1823    0.591711    7.7374    
1    29    13    -6437.84    -27.7327    0.538323    7.25783    
1    35    14    -6437.16    -23.3556    0.604442    7.37482    
1    40    15    -6437.09    -21.7936    0.596731    7.36737    
1    41    16    -6440.4    -23.3818    0.581629    7.26605    
1    42    17    -6440.37    -22.8349    0.610396    7.52339    
1    48    18    -6436.59    -18.9281    0.628933    7.46332    
1    52    19    -6439.69    -26.2516    0.565976    7.36039    
1    57    20    -6439.04    -24.1351    0.530748    7.31802    
1    60    21    -6438.57    -26.007    0.5522    7.28167    
1    65    22    -6442.34    -27.9633    0.554539    8.04868    
1    81    23    -6445.57    -28.5292    0.53854    7.45838    
1    92    24    -6445.36    -27.7864    0.541244    7.50803    
1    94    25    -6443.99    -26.6991    0.558901    7.64481    
1    95    26    -6442.24    -24.2052    0.534196    7.38964    
