#Task    Step    numberOfAcceptedPeleSteps    currentEnergy    BindingEnergy    sasaLig    distance_A43SG_L1S1    
1    0    0    -6425.44    -50.779    0.453826    8.85006    
1    1    1    -6437.63    -38.6581    0.471106    9.37566    
1    3    2    -6439.97    -39.8234    0.486866    9.17761    
1    6    3    -6442.25    -41.1587    0.490264    8.94516    
1    9    4    -6441.97    -42.5185    0.484142    8.75431    
1    12    5    -6441.24    -43.1725    0.482708    8.72582    
1    17    6    -6444.91    -47.5521    0.476395    8.78086    
1    19    7    -6435.91    -40.4103    0.487885    9.0697    
1    21    8    -6444.89    -42.2664    0.475616    9.20317    
1    27    9    -6442.91    -41.8645    0.451586    9.20045    
1    30    10    -6445.04    -39.3309    0.482893    9.04824    
1    37    11    -6453.33    -43.8216    0.480102    9.17247    
1    49    12    -6451.52    -48.7381    0.461564    9.19316    
1    51    13    -6450.17    -42.2662    0.468663    9.28267    
1    58    14    -6451.06    -40.6378    0.492776    9.40836    
1    59    15    -6445.69    -44.4725    0.477182    9.01184    
1    61    16    -6452.71    -45.674    0.473857    8.5324    
1    63    17    -6453.81    -49.3127    0.471542    8.70425    
1    69    18    -6449.17    -42.1831    0.479808    9.39397    
1    72    19    -6451.59    -41.8564    0.473322    9.38855    
1    81    20    -6454.97    -46.0863    0.473705    9.34203    
1    83    21    -6453.47    -42.9332    0.475744    9.50236    
1    89    22    -6455.66    -47.3338    0.464402    9.29959    
1    93    23    -6453.83    -48.5371    0.465896    9.2594    
1    97    24    -6454.43    -48.3068    0.462018    9.23782    
