#Task    Step    numberOfAcceptedPeleSteps    currentEnergy    BindingEnergy    sasaLig    distance_A43SG_L1S1    
1    0    0    -6420.84    -41.0801    0.500847    9.41885    
1    1    1    -6450.58    -50.2752    0.471502    9.3169    
1    4    2    -6444.63    -41.4025    0.491655    9.48762    
1    9    3    -6452.76    -51.0147    0.46626    9.259    
1    14    4    -6452.79    -52.0833    0.468833    9.23622    
1    29    5    -6455.7    -51.8669    0.46112    9.17216    
1    35    6    -6453.59    -52.3606    0.459376    9.0877    
1    41    7    -6454.22    -53.9877    0.460946    9.24443    
1    47    8    -6446.15    -44.2445    0.459868    8.87771    
1    55    9    -6445.03    -50.3349    0.458214    9.16417    
1    57    10    -6452.68    -51.6896    0.464624    9.26534    
1    65    11    -6457.42    -52.5398    0.46053    9.21731    
1    89    12    -6457.25    -53.8195    0.455743    9.19969    
1    93    13    -6453.63    -52.8556    0.460441    9.22851    
