#Task    Step    numberOfAcceptedPeleSteps    currentEnergy    BindingEnergy    sasaLig    distance_A43SG_L1S1    
1    0    0    -6432.28    -50.16    0.480543    8.77373    
1    1    1    -6453.39    -49.3501    0.48264    9.02791    
1    9    2    -6454.75    -49.35    0.486141    8.77057    
1    13    3    -6453.23    -50.101    0.496322    8.99298    
1    21    4    -6454.42    -49.899    0.492096    8.73687    
1    27    5    -6446.4    -44.0691    0.506863    8.48383    
1    32    6    -6448.13    -41.6294    0.527495    8.55626    
1    33    7    -6446.81    -46.7004    0.517959    8.78202    
1    34    8    -6452.53    -50.2276    0.485824    9.3403    
1    51    9    -6450.27    -48.9435    0.49486    9.21279    
1    52    10    -6449.21    -48.5953    0.506828    9.17506    
1    53    11    -6451.43    -47.0621    0.480088    9.34257    
1    58    12    -6451.13    -44.8775    0.507361    9.33191    
1    59    13    -6450.02    -44.8728    0.475957    9.03911    
1    66    14    -6450.4    -48.7649    0.472082    8.98203    
1    67    15    -6453.05    -50.1357    0.469618    9.07403    
1    73    16    -6454.87    -52.0515    0.482185    9.22731    
1    77    17    -6455.1    -52.4983    0.486972    9.34954    
1    78    18    -6454.57    -48.9243    0.498109    9.24471    
1    79    19    -6454.88    -49.8178    0.477351    9.26901    
1    80    20    -6447.51    -44.3999    0.455737    8.74372    
1    81    21    -6447.95    -44.8678    0.497077    9.3639    
1    82    22    -6453.83    -52.1637    0.479865    9.27602    
1    97    23    -6453.09    -53.4354    0.478782    9.28468    
