#Task    Step    numberOfAcceptedPeleSteps    currentEnergy    BindingEnergy    sasaLig    distance_A43SG_L1S1    
1    0    0    -6419.08    -14.9331    0.591615    6.55587    
1    1    1    -6426.98    0.254105    0.564013    6.31151    
1    3    2    -6446.47    -21.5583    0.605303    10.7397    
1    6    3    -6446.21    -19.518    0.621409    10.4156    
1    12    4    -6448.3    -21.3566    0.602459    9.97604    
1    15    5    -6445.18    -19.6883    0.627267    10.685    
1    16    6    -6446.51    -19.0133    0.625205    10.5306    
1    17    7    -6445.2    -23.3302    0.553859    7.08636    
1    23    8    -6440.68    -16.7506    0.604749    6.77437    
1    27    9    -6444.7    -21.3872    0.571585    7.15914    
1    32    10    -6436.39    -12.9597    0.597576    6.30741    
1    34    11    -6433.05    -13.3508    0.563054    6.67981    
1    35    12    -6439.38    -18.9428    0.556635    6.52424    
1    36    13    -6446.22    -22.1082    0.575731    6.90699    
1    37    14    -6439.57    -22.8915    0.536763    6.75526    
1    41    15    -6443.39    -34.4621    0.508257    7.29936    
1    42    16    -6439.79    -26.4241    0.553442    8.61794    
1    45    17    -6441.96    -20.7581    0.558605    10.1336    
1    48    18    -6441.76    -19.3711    0.572712    10.4732    
1    49    19    -6440.19    -20.2955    0.576051    10.155    
1    51    20    -6440.65    -23.0674    0.540258    7.30092    
1    54    21    -6435.03    -16.9177    0.566401    7.18291    
1    55    22    -6444.23    -22.2586    0.576408    7.70082    
1    63    23    -6441.38    -18.9467    0.619966    6.21841    
1    64    24    -6442.69    -16.4358    0.660189    6.90207    
1    66    25    -6445.58    -19.8329    0.674186    7.07335    
1    71    26    -6444.4    -22.0766    0.688446    8.03823    
1    72    27    -6445.82    -22.7961    0.645229    7.33336    
1    73    28    -6446.66    -22.2075    0.619747    6.80844    
1    74    29    -6447.57    -21.3995    0.621745    6.90365    
1    75    30    -6445.17    -22.9686    0.697531    10.9533    
1    79    31    -6447.54    -23.0945    0.67373    7.46245    
1    83    32    -6448.49    -22.4135    0.659916    7.04947    
1    84    33    -6446    -20.1187    0.684356    6.92014    
1    85    34    -6445.13    -19.7355    0.645563    6.46569    
1    88    35    -6440.94    -17.299    0.619028    5.96851    
1    89    36    -6436.17    -22.603    0.577176    7.39673    
1    91    37    -6435.04    -19.1216    0.525069    7.08398    
1    92    38    -6434.15    -20.974    0.49039    7.4288    
1    93    39    -6439.03    -31.7974    0.480847    7.40312    
1    97    40    -6437.66    -31.4533    0.484434    7.47165    
