35	6358	1.00	0.000E+00	0	753	754	0	753	754	754M
30	6142	1.00	0.000E+00	0	753	754	0	753	754	754M
36	5778	1.00	0.000E+00	1	752	754	0	751	752	752M
33	2419	0.385	7.954E-59	14	748	754	0	762	768	97M3D26M2I7M2D38M4D30M1D7M9D163M1D122M4D35M6D96M1D27M1I84M
34	2365	0.379	4.015E-58	14	748	754	0	762	768	87M7I17M2D7M5D8M1D7M2D37M5D4M1I25M1D7M9D163M1D122M4D35M6D96M1D27M1I84M
20	2299	0.330	4.479E-54	13	749	754	3	712	714	8M1I37M3I14M1D3M4I11M3I5M32I7M2I2M2I20M4D2M3I221M2D83M1D28M6D37M7D52M1D45M1D112M
55	2273	0.327	4.358E-53	10	749	754	0	709	711	11M1I37M3I13M6I1M3D3M40I16M4I22M4D2M3I222M2D87M3D21M5D7M1D27M3D10M4D47M1D45M1D112M
58	2266	0.329	3.502E-53	12	751	754	3	718	719	10M1I36M3I13M6I6M20I5M6I19M5I3M2I20M4D2M1I1M2I219M2D81M1D31M6D35M7D55M1D44M1D114M
46	2241	0.327	3.885E-52	13	749	754	4	687	688	9M1I35M1D3M3I11M9I4M26I12M18I23M2I34M1D191M2D112M4D109M1I47M1I86M
24	2238	0.317	5.574E-54	10	751	754	0	795	796	13M1I35M3I13M6D10M12D1M7I8M1I13M13D4M18D26M2I21M3D3M2I183M1I5M1D30M2D81M1D31M6D32M3D6M4D52M1D44M1D114M
25	2235	0.325	6.287E-52	13	749	754	4	687	688	9M1I37M3I1M1D12M9I3M26I12M18I19M1D5M3I32M1D189M2D114M4D109M1I47M1I86M
19	2220	0.320	9.580E-53	12	751	754	2	717	718	9M1I37M3I14M33I28M2I2M2I2M2I21M3D3M2I183M1I5M1D30M2D81M1D29M5D7M1D29M2I5M9D45M1D48M1D114M
28	2218	0.304	3.885E-52	9	749	754	0	703	705	12M1I37M3I13M6I8M14I4M24I5M4I5M2I19M3I3M4D220M2D81M1D30M5D6M1D25M1I9M6D49M1D45M1D112M
37	2157	0.339	1.787E-54	3	749	754	1	714	718	86M16I6M35I19M2D5M2D97M8D120M3I6M4I71M1D35M4D38M6D49M1D44M1D113M
6	2121	0.345	1.012E-54	4	749	754	3	712	715	14M2I4M2D66M47I6M4I18M2D5M2D96M5D120M3I7M4I71M1D35M4D38M6D49M1D44M1D113M
64	2119	0.342	4.889E-54	4	750	754	4	711	713	86M42I5M9I21M6D6M5I86M5D122M3I7M4I70M1D36M4D38M6D50M1D43M1D114M
16	2108	0.339	4.889E-54	3	749	754	1	714	718	86M14I6M37I19M2D5M2D97M8D120M3I6M4I71M1D35M4D38M6D49M1D44M1D113M
38	2106	0.339	1.664E-53	3	749	754	1	714	718	84M44I6M7I21M2D5M2D97M8D120M3I6M4I71M1D35M4D38M6D49M1D44M1D113M
41	2067	0.306	4.997E-50	0	748	754	0	729	734	4M9I10M1I18M1I18M1I13M9I4M38I4M1D15M2I16M8D9M1D43M22D5M4D46M1D128M1D147M4D96M1D26M1I85M
47	1995	0.284	3.426E-49	13	749	754	72	792	794	10M1I50M6I7M7I14M34I3M2I12M1I13M5D3M2D8M5D4M1I31M17D174M3D80M5I27M3D3M1D30M5D98M1D26M1I86M
52	1994	0.301	9.220E-50	13	747	754	6	718	719	8M1I54M3D3M15I4M10I16M1I10M7I3M2I20M3D36M1D153M1I5M1D32M3D116M3D25M9I9M6D35M1D46M3D114M
22	1994	0.301	7.531E-49	25	751	754	14	746	747	51M5D3M13I17M35I23M6D3M3D2M3D4M1D15M1I28M19D170M1D85M2I2M3D29M2D3M2D28M5D98M1D26M1I58M7D30M
42	1991	0.303	3.740E-49	0	748	754	0	729	734	4M9I10M1I18M1I18M1I14M6I8M1I6M2I9M39I16M8D9M1D43M22D5M4D46M1D128M1D148M4D95M1D26M1I85M
29	1987	0.295	4.862E-49	13	748	754	5	738	742	10M1I18M1I17M2I14M9I7M2I7M6I2M26I10M2I14M8D11M1D8M4D8M4I26M22D2M4D46M1D129M1D76M1D7M3D61M6D98M1D27M1I84M
11	1987	0.268	1.777E-49	13	749	754	5	801	802	10M1I51M53D8M5I6M7D14M34I3M2I13M1I6M2D2M4D3M2D4M2D8M5D4M1I29M9D2M8D171M3D112M5D4M1I35M5D94M1D26M1I86M
39	1982	0.289	7.209E-49	13	748	754	4	737	741	10M1I18M1I17M2I14M9I3M6I9M28I14M2I14M8D11M1D8M4D8M4I26M22D2M4D46M1D129M1D76M1D8M3D62M6D96M1D26M1I85M
21	1976	0.283	1.023E-48	2	749	754	4	724	726	5M6I3M3I4M1I36M2I12M6I7M6I16M33I3M2I11M3D17M5D14M4D27M4D4M9D166M1D89M5I23M5D3M1I32M5D77M2D18M1D29M1I86M
62	1969	0.290	1.972E-48	13	753	754	72	797	798	10M1I48M27I3M20I23M2I12M1I12M5D3M2D9M5D4M1I27M4D4M13D174M3D80M5I26M3D4M1D36M6D92M1D26M1I90M
3	1963	0.292	2.679E-48	13	753	754	72	797	798	10M1I48M27I3M20I23M2I12M1I12M5D3M2D9M5D4M1I27M4D4M13D174M3D80M5I26M3D4M1D36M6D92M1D26M1I90M
67	1958	0.286	6.427E-48	25	749	754	9	694	696	6M7D45M6I5M32I6M8I10M8I19M4I87M2I131M1D4M1D75M1D33M2D4M4D35M2D69M2D24M1D112M
2	1954	0.290	5.164E-48	13	753	754	72	797	798	10M1I48M27I3M20I23M2I12M1I12M5D3M2D9M5D4M1I27M4D4M13D174M3D80M5I26M3D2M1D38M6D92M1D26M1I90M
45	1954	0.290	4.149E-48	13	753	754	72	797	798	10M1I48M27I3M20I23M2I12M1I12M5D3M2D9M5D4M1I27M4D4M13D174M3D80M5I26M3D4M1D36M6D92M1D26M1I90M
26	1953	0.281	9.528E-48	8	748	754	0	730	735	15M1I18M1I17M2I14M9I2M31I8M8I28M8D8M6I13M7D26M22D5M4D46M1D128M1D145M1I3M6D94M1D26M1I85M
14	1951	0.289	6.714E-48	31	749	754	22	693	695	43M6I7M32I5M8I11M8I19M4I87M2I93M1I5M1D32M2D79M1D33M2D4M4D35M2D69M2D136M
1	1950	0.292	5.636E-48	13	753	754	72	797	798	10M1I48M27I3M20I23M2I12M1I12M5D3M2D9M5D4M1I27M4D4M13D174M3D80M5I26M3D4M1D36M6D92M1D26M1I90M
4	1949	0.292	5.888E-48	13	753	754	72	797	798	10M1I48M27I3M20I23M2I12M1I12M5D3M2D9M5D4M1I27M4D4M13D174M3D80M5I26M3D4M1D36M6D92M1D26M1I90M
63	1947	0.292	5.636E-48	13	753	754	72	797	798	10M1I48M27I3M20I23M2I12M1I12M5D3M2D9M5D4M1I27M4D4M13D174M3D80M5I26M3D4M1D36M6D92M1D26M1I90M
57	1946	0.288	6.151E-48	13	753	754	72	797	798	10M1I48M27I3M20I23M2I12M1I12M5D3M2D9M5D4M1I27M4D4M13D174M3D80M5I26M3D4M1D36M6D92M1D26M1I90M
40	1945	0.291	6.151E-48	13	748	754	4	737	741	10M1I18M1I17M2I14M9I3M6I13M28I10M2I14M8D11M1D8M4D8M4I26M22D2M4D46M1D129M1D76M1D8M3D62M6D96M1D26M1I85M
56	1945	0.290	6.151E-48	13	753	754	72	797	798	10M1I48M27I3M20I23M2I12M1I12M5D3M2D9M5D4M1I27M4D4M13D174M3D80M5I26M3D4M1D36M6D92M1D26M1I90M
5	1941	0.290	9.528E-48	13	753	754	72	797	798	10M1I48M27I3M20I23M2I12M1I12M5D3M2D9M5D4M1I27M4D4M13D174M3D80M5I26M3D2M1D38M6D92M1D26M1I90M
44	1941	0.283	2.679E-48	10	753	754	69	797	798	13M1I52M3D3M15I13M35I3M2I12M1I12M5D3M2D9M5D4M1I27M4D4M13D174M3D80M5I26M3D2M1D38M6D92M1D26M1I90M
0	1940	0.303	9.528E-48	31	749	754	22	694	696	41M33I6M1D3M4I8M7I8M9I20M4I87M2I131M1D4M1D73M1D35M2D4M4D104M2D24M1D112M
53	1939	0.288	4.529E-48	13	753	754	72	797	798	10M1I50M9I21M38I3M2I12M1I12M5D3M2D9M5D4M1I27M4D4M13D174M3D80M5I26M3D2M1D38M6D92M1D26M1I90M
59	1938	0.292	6.151E-48	13	753	754	72	797	798	10M1I48M27I3M20I23M2I12M1I12M5D3M2D9M5D4M1I26M10D5M7D174M3D80M5I26M3D4M1D36M6D92M1D26M1I90M
10	1934	0.269	1.135E-47	22	749	754	11	698	699	38M2I13M4I9M1D1M1I15M39I20M1I4M3I31M1D193M3D108M2I7M5D23M12I7M9D38M1D44M4D113M
60	1923	0.264	9.954E-48	13	749	754	71	792	794	8M1I52M6I8M6I13M35I3M2I12M1I13M5D3M2D8M5D4M1I27M4D4M13D174M3D80M5I29M4D37M6D92M1D26M1I86M
48	1921	0.268	9.954E-48	13	749	754	72	793	795	10M1I50M6I7M7I14M34I3M2I25M4D3M2D9M5D4M1I27M4D4M13D46M1D128M3D80M5I25M3I1M7D31M5D96M1D28M1I86M
43	1913	0.284	8.730E-48	13	753	754	72	797	798	10M1I52M3D3M15I13M35I3M2I12M1I14M3D2M4D8M5D4M1I27M4D4M13D174M3D80M5I26M3D2M1D38M6D92M1D26M1I90M
54	1912	0.264	1.611E-47	13	749	754	71	792	794	8M1I52M6I8M6I13M35I3M2I12M1I13M5D3M2D8M5D4M1I27M4D4M13D174M3D80M5I29M4D37M6D92M1D26M1I86M
61	1899	0.306	1.154E-46	27	747	754	11	693	697	4M7D43M6I7M7I4M11I4M22I6M8I16M1I1M3I91M2I131M1D4M1D76M2D32M2D4M4D25M7D16M5I58M2D24M1D110M
31	1862	0.285	6.825E-47	13	750	754	3	744	745	10M1I37M1I14M9I16M34I5M2I2M1I22M3D8M3D9M5D4M1I31M19D173M1D88M3D27M4D37M8D92M1D26M1I54M6D4M1D29M
17	1861	0.278	4.680E-46	24	749	754	10	696	698	6M6D46M6I5M32I6M8I10M8I19M4I95M2I123M2D79M1D32M2D5M4D25M10I3M2I5M16D59M2D107M1I4M1D24M
9	1808	0.294	1.205E-46	13	750	754	5	718	793	10M1I50M1I2M3D5M15I11M34I3M2I12M3I4M2D9M1D44M6D2M7D163M2D92M1I25M5D4M1I17M2I2M2I12M6D121M1I54M3D4M4D29M
65	1784	0.268	7.170E-44	15	748	754	2	680	681	8M1I35M4I12M12I4M24I8M13I5M7I17M1D7M2D31M1D191M2D110M2D48M3I37M1D23M1I21M2D26M1I85M
23	1767	0.292	1.001E-44	13	745	754	5	766	778	10M1I39M1D11M35I2M3D5M17I2M5D32M1D4M1I3M2D14M4D23M7D9M6D43M1D4M10D87M1I6M1D34M33D110M1D3M3D32M2D4M5I66M2D21M1D25M1I59M7D24M
66	1764	0.240	4.970E-45	11	746	754	0	769	778	11M2I4M1D32M13I9M2D13M9D14M29I7M2I20M6D8M6D9M1D7M1I20M7D9M6D46M4D122M5D5M6D4M1D75M8D34M4D6M2D26M8D8M4I65M2D18M1D30M1I57M7D25M
50	1752	0.256	6.018E-44	28	747	754	14	684	686	31M4I5M31I24M25I26M3D29M1D153M1I5M1D32M2D110M7D41M4D2M7I38M1D23M1I18M2D29M1I84M
68	1752	0.270	8.778E-45	32	752	754	16	788	789	3M6I10M3I4M4I3M4I28M5D15M10D3M6I11M6D12M2I29M6D14M7D22M1D6M2D4M20D45M1D89M1I6M1D33M1D3M2D108M4D34M5D97M1D26M1I55M6D3M1D31M
15	1738	0.291	8.778E-45	13	745	754	6	767	779	10M1I39M1D10M12D12M13I3M46I15M3D5M3D3M4D3M2I14M1D23M7D9M6D44M11D124M4D5M29D112M1D3M3D33M2D3M5I66M2D21M1D25M1I59M7D24M
69	1722	0.256	1.323E-43	28	747	754	14	684	686	31M4I5M31I24M25I26M3D29M1D153M1I5M1D32M2D110M7D41M7D10I37M1D23M1I18M2D29M1I84M
12	1710	0.234	3.781E-43	13	745	754	2	714	726	10M1I50M9I6M1I5M38I8M3I21M3D6M6D17M4D3M1I28M16D131M1I10M1D142M7D2M3I30M4D6M10I82M1D25M1I56M5D4M1D23M
18	1664	0.255	3.679E-42	6	745	754	11	716	721	10M2D2M1I37M1D2M2D7M1D9M14I3M33I13M3I5M2I16M3D25M7D30M6D3M5D45M1D122M1D82M3I4M1I32M1D38M7I78M1D29M1I83M
13	1658	0.249	5.136E-43	4	745	754	11	720	724	6M2I4M2D2M1I39M3D9M1D9M5D3M15I10M37I5M2D18M3D49M1D2M1D6M9D45M1D124M1D85M4I34M1D36M3I85M1D25M1I83M
7	1654	0.249	9.071E-43	24	752	754	8	800	801	7M1D46M3I1M3D7M6I15M23I5M6I17M6D7M6D8M2D4M3I9M7D21M7D9M7D42M14D4M1D118M4D9M10D2M4D78M1I32M4D32M8D11M4D5M6D11M1D50M2D21M1D27M1D58M7D31M
49	1640	0.232	2.829E-42	4	747	754	7	720	723	6M2I4M7D2M6I52M6I6M6I15M33I3M2I21M3D7M1D11M3D2M4D25M1D7M10D43M1D132M1D74M5I3M1D67M1I23M1I68M1D25M1I85M
51	1623	0.218	2.117E-41	13	749	754	1	736	740	10M1I48M27I3M20I24M1I27M9D11M4D6M1I28M17D175M7D78M2I31M3D3M1D15M2D4M2D11M3D7M8I9M3D2M2D72M1D25M1I59M6D28M
70	1606	0.208	3.740E-41	13	749	754	1	740	744	10M1I48M27I3M20I24M1I27M9D11M4D6M1I28M21D176M7D77M2I31M3D3M1D15M2D4M2D12M6D3M11I9M3D2M2D72M1D25M1I59M6D28M
27	1590	0.210	5.792E-41	13	749	754	1	740	744	10M1I48M27I3M20I24M1I27M9D14M4D3M1I24M1D4M20D175M7D78M2I29M2I1M4D4M2D11M2D6M2D12M3D6M8I9M3D2M2D72M1D25M1I59M6D28M
8	1588	0.210	7.531E-41	13	749	754	1	740	744	10M1I50M9I7M18I3M20I15M1I27M9D14M4D3M1I24M1D4M20D175M7D78M2I31M3D3M1D15M2D4M2D12M3D6M8I9M3D2M2D72M1D24M1I60M6D28M
32	1558	0.214	2.454E-40	22	749	754	9	740	744	50M27I3M20I24M1I27M9D11M4D6M1I28M21D175M7D78M2I29M2I1M4D4M2D13M2D4M2D12M3D6M8I9M3D2M2D72M1D24M1I60M6D28M
 