131	2685	1.00	1.187E-60	0	313	314	0	313	314	314M
182	2610	0.993	4.262E-59	0	313	314	0	313	314	314M
203	2599	0.968	8.910E-59	0	313	314	0	313	314	314M
135	2464	0.933	4.226E-56	0	311	314	0	313	316	244M2D68M
114	2348	0.987	1.419E-55	0	313	314	0	313	314	314M
199	2226	0.926	4.417E-53	0	311	314	0	313	316	244M2D68M
85	1436	0.575	2.538E-37	0	298	314	1	299	304	299M
115	1428	0.573	6.549E-37	0	313	314	0	312	313	37M1I276M
171	1421	0.573	9.468E-37	0	313	314	0	312	313	37M1I276M
143	1415	0.541	2.820E-37	0	309	314	0	306	308	289M3I18M
165	1400	0.580	3.016E-36	0	311	314	0	310	312	37M1I274M
196	1400	0.579	4.137E-36	0	313	314	0	312	313	37M1I276M
111	1397	0.532	5.305E-37	0	309	314	0	303	305	149M1I138M5I17M
168	1389	0.548	3.179E-36	0	298	314	0	298	301	299M
130	1368	0.525	2.086E-36	0	313	314	0	310	312	149M1I137M2I25M
141	1366	0.553	1.318E-35	0	299	314	0	295	297	288M4I8M
32	1255	0.488	1.176E-32	0	294	314	2	297	301	152M1D23M1I77M1D42M
112	1243	0.488	2.333E-32	0	294	314	2	297	301	152M1D23M1I77M1D42M
55	1023	0.408	6.730E-28	0	288	314	0	287	298	93M1D129M4D13M5I3M1I45M
84	1000	0.401	2.790E-27	0	288	314	0	287	290	95M1D127M4D13M5I4M1I44M
102	999	0.396	7.478E-28	0	290	314	0	287	291	25M1I198M6I14M4D47M
103	995	0.406	2.144E-27	0	289	314	0	286	290	25M1I8M1I8M1D179M4D13M6I49M
139	994	0.406	2.034E-27	0	287	314	0	286	298	93M1D129M4D13M5I7M1I40M
38	991	0.410	1.140E-27	0	288	314	0	288	297	34M1D6M3D4M4I47M2D125M4D8M1D5M6I8M1I41M
74	989	0.401	8.757E-28	0	288	314	0	288	301	34M1I5M3I3M4D49M2D125M4D15M5I7M1I41M
62	981	0.410	2.511E-27	0	288	314	0	288	297	34M1D6M3D4M4I47M2D125M4D8M1D5M6I7M1I42M
132	979	0.400	3.100E-27	0	288	314	0	288	297	34M1I5M3I3M4D49M2D125M4D8M1D5M6I7M1I42M
54	979	0.406	2.790E-27	0	290	314	0	291	301	34M1I8M1D52M2D125M4D8M1D5M6I8M1I41M1D2M
129	977	0.389	2.511E-27	0	288	314	0	287	298	34M1D6M3D4M4I47M1D123M1D2M3D15M5I7M1I41M
45	976	0.410	4.034E-27	0	288	314	0	288	295	34M1D6M3D4M4I47M2D125M4D8M1D5M6I7M1I42M
27	975	0.389	2.647E-27	0	288	314	0	287	298	34M1D6M3D4M4I48M1D122M1D2M3D15M5I7M1I41M
65	969	0.395	4.979E-27	0	288	314	0	287	298	34M1D6M3D4M4I45M1D127M4D15M5I3M1I45M
79	964	0.369	9.368E-27	1	291	314	3	293	294	33M1I8M1D181M6D11M5I5M1I46M
61	962	0.410	5.249E-27	0	288	314	0	288	301	34M1D6M3D4M4I47M2D125M4D8M1D5M6I8M1I41M
156	961	0.402	1.505E-26	0	290	314	0	288	290	96M1D89M1I36M4D13M5I3M1I47M
53	959	0.387	1.586E-26	0	291	314	0	291	294	34M1D6M3D4M4I47M2D125M4D15M5I7M1I44M
71	958	0.389	8.432E-27	0	288	314	0	287	298	34M1D6M3D4M4I48M1D124M4D15M5I7M1I41M
75	955	0.370	1.219E-26	0	291	314	0	291	293	34M1I8M1D50M3I4M4D36M1D86M4D13M5I7M1I44M
51	955	0.374	1.156E-26	0	288	314	0	288	294	34M1I8M1D52M3I2M4D36M1D86M4D13M5I7M1I41M
52	953	0.389	1.428E-26	0	288	314	0	287	297	34M1D6M3D4M4I45M1D129M4D13M5I3M1I45M
113	949	0.367	1.958E-26	0	291	314	0	291	293	34M1I8M1D50M3I4M4D36M1D86M4D13M5I7M1I44M
70	934	0.402	5.615E-26	0	294	314	0	295	297	34M1D4M5I3M4D49M2D125M4D8M1D5M6I7M1I42M1D6M
89	933	0.380	9.019E-26	0	291	314	0	291	293	34M1D8M1I52M3I2M4D36M1D86M4D13M5I7M1I44M
58	930	0.379	8.118E-26	1	290	314	7	292	296	33M1I12M1I47M1I126M4D13M5I5M1I41M1D4M
59	929	0.356	2.293E-26	0	291	314	0	287	292	34M1D6M3D4M4I176M6I15M4D42M2I3M
211	920	0.395	3.547E-25	0	290	314	0	287	288	25M1I8M1D8M1I179M4D13M6I50M
36	915	0.393	5.128E-25	0	290	314	0	287	288	25M1I196M4D13M6I50M
210	914	0.396	7.306E-26	0	290	314	0	291	301	34M1I5M3I3M4D49M2D123M1D2M3D8M1D5M6I8M1I41M1D2M
83	912	0.349	4.093E-26	0	288	314	0	335	346	34M1D8M1I53M1D102M43D2M5D20M4D15M5I7M1I41M
60	891	0.360	1.375E-25	1	289	314	7	302	319	33M1D6M3D4M4I45M2D131M4D11M5I15M6D35M
125	889	0.333	1.072E-24	0	289	314	0	288	291	43M1I94M1I7M4I7M3D66M4D8M4I8M1I9M3D37M
137	887	0.334	3.941E-25	0	289	314	0	286	294	43M1I102M4I7M3D90M1I42M
77	885	0.364	1.987E-25	2	289	314	3	299	301	32M1D4M5I3M4D192M1D14M8D38M
206	884	0.329	5.698E-25	0	288	314	0	285	289	43M1I100M2I2M5D1M2I4M2I90M1I41M
88	884	0.354	1.634E-24	0	290	314	0	286	290	34M1D13M1I45M1I130M4D11M5I7M1I6M1I36M
145	884	0.344	7.415E-25	1	287	314	3	288	293	33M1D6M2D4M4I48M2D126M4D13M6I47M
157	882	0.350	2.362E-24	0	289	314	0	285	288	34M1I101M1I12M1D6M2I90M1I42M
78	878	0.353	4.684E-24	1	302	314	3	301	305	33M1I8M1D94M1D87M4D11M5I4M1I42M2I14M
195	873	0.329	5.406E-25	0	289	314	0	286	294	43M1I89M1D4M1I8M4I7M3D90M1I42M
8	871	0.356	1.815E-24	1	289	314	5	294	325	33M1D8M2I160M1D18M4D11M2I10M3I11M2D31M
37	866	0.386	1.722E-24	1	289	314	5	297	298	23M3D10M1D6M3D4M4I24M1D23M2D125M4D15M5I4M1I45M
152	865	0.334	9.289E-24	0	291	314	0	287	289	34M1I101M1I19M1I65M4D9M4I12M1I44M
24	864	0.353	4.216E-24	1	289	314	5	294	323	33M1D8M2I160M1D18M4D11M2I10M3I11M2D31M
73	863	0.382	1.017E-24	0	288	314	0	287	292	196M1D50M2I41M
31	856	0.334	2.126E-24	2	286	314	1	284	288	29M2D3M1I7M2I52M2D126M4D11M5I9M1I39M
144	852	0.358	7.932E-24	2	286	314	4	287	296	32M1D7M2I53M2D128M4D4M1D5M7I47M
72	844	0.342	8.360E-24	1	290	314	5	294	309	33M1I11M4D178M6I7M4D8M1I45M
107	840	0.368	2.157E-23	0	285	314	15	296	343	73M1D22M2I49M4I7M1D129M
13	839	0.356	1.573E-23	1	289	314	5	294	323	33M1D11M2I157M1D18M4D11M2I10M3I11M2D31M
64	838	0.329	4.059E-23	2	288	314	3	285	288	39M1I94M1I12M1D6M2I86M1I45M
48	838	0.348	2.362E-24	2	297	314	4	301	303	32M1D8M2I50M5D126M4D13M8I13M7D32M5I7M
146	837	0.343	1.634E-24	1	287	314	3	296	302	31M2D2M1I6M2I51M5D130M6I8M2D12M5D5M2D33M
35	836	0.353	1.209E-23	1	289	314	4	293	322	33M1D3M3D3M5I159M1D18M4D11M2I10M3I11M2D31M
12	832	0.356	9.289E-24	1	289	314	5	294	323	33M1D11M2I157M1D18M4D11M2I10M3I11M2D31M
9	831	0.356	2.663E-23	1	289	314	5	294	323	33M1D8M2I160M1D18M4D11M2I10M3I11M2D31M
87	828	0.344	5.567E-23	1	290	314	5	294	310	33M1I11M4D176M4D6M1D2M7I8M1I45M
185	809	0.312	5.204E-24	0	313	314	16	345	346	70M1D25M2I51M3I135M20D1M1D18M1I8M
80	803	0.333	1.209E-23	0	312	314	0	324	345	34M2D10M2D174M5D12M7I2M1I50M11D23M
92	791	0.319	1.748E-23	2	308	314	18	341	345	68M1D22M2I54M3I135M20D3M1D20M
150	791	0.317	1.573E-23	0	313	314	16	345	346	70M1D22M2I52M4I6M1D130M20D1M1D18M1I8M
151	789	0.313	2.397E-23	0	311	314	16	343	345	73M1D19M2I52M4I6M1D130M20D1M1D18M1I6M
209	789	0.309	1.658E-23	0	312	314	16	344	348	70M1D22M2I52M4I6M1D130M20D1M1D18M1I7M
1	782	0.307	2.807E-23	0	311	314	16	343	345	70M1D22M2I52M4I6M1D130M20D1M1D18M1I6M
163	782	0.311	3.466E-23	0	311	314	16	343	345	70M1D22M2I54M3I135M20D1M1D18M1I6M
3	781	0.305	3.119E-23	0	313	314	16	346	347	70M1D22M2I52M4I6M1D130M20D1M1D27M
109	778	0.311	3.466E-23	0	310	314	16	342	345	70M1D22M2I52M4I6M1D130M20D1M1D18M1I5M
28	778	0.304	4.278E-23	0	308	314	17	342	346	70M1D22M2I52M4I6M1D130M20D1M1D22M
49	776	0.332	2.189E-22	1	290	314	5	294	310	33M1I11M4D178M6I7M4D8M1I45M
153	775	0.317	3.466E-23	0	313	314	16	345	346	70M1D22M2I52M4I6M1D130M20D1M1D18M1I8M
99	774	0.310	3.288E-23	2	313	314	18	345	346	68M1D22M2I52M4I6M1D130M20D1M1D18M1I8M
23	773	0.340	1.164E-22	0	290	314	3	294	323	34M1I7M4D3M3I109M1D90M1I7M1D36M
41	773	0.311	3.851E-23	0	313	314	16	345	346	70M1D22M2I52M4I5M1D131M20D1M1D18M1I8M
117	772	0.307	5.011E-23	0	311	314	16	343	345	70M1D22M2I52M4I6M1D130M20D1M1D18M1I6M
33	772	0.310	5.567E-23	2	311	314	19	341	346	68M1D25M2I49M4I1M1D136M2D4M9D6M6D15M
68	771	0.314	6.617E-22	1	290	314	7	298	318	32M1I9M3D3M2I22M2D177M1I7M1D36M
2	771	0.308	6.873E-23	0	313	314	16	345	346	70M1D25M2I49M4I6M1D130M20D1M1D18M1I8M
126	771	0.313	4.510E-23	2	313	314	18	345	346	68M1D22M2I52M4I7M1D129M20D1M1D18M1I8M
172	771	0.297	8.049E-23	0	313	314	16	345	346	70M1D22M2I54M3I135M20D1M1D18M1I8M
104	769	0.310	6.186E-23	0	311	314	16	343	345	70M1D22M2I52M4I5M1D131M20D1M1D18M1I6M
175	767	0.299	8.049E-23	0	311	314	16	343	345	70M1D22M2I54M3I135M20D1M1D18M1I6M
108	767	0.303	8.943E-23	0	313	314	16	345	346	70M1D22M2I54M3I135M20D1M1D18M1I8M
194	766	0.304	1.363E-22	0	312	314	16	341	346	73M1D19M2I52M4I6M1D131M2D4M9D6M6D16M
10	765	0.307	7.245E-23	0	311	314	16	343	345	73M1D19M2I52M4I6M1D130M20D1M1D18M1I6M
118	765	0.305	7.636E-23	0	313	314	16	345	346	70M1D22M2I52M4I6M1D130M20D1M1D18M1I8M
43	764	0.313	7.636E-23	2	313	314	18	345	346	68M1D22M2I52M4I5M1D131M20D1M1D18M1I8M
94	762	0.311	1.164E-22	0	313	314	16	345	346	70M1D25M2I49M4I6M1D130M20D1M1D18M1I8M
100	762	0.302	1.164E-22	0	313	314	16	345	346	70M1D22M2I52M4I6M1D130M20D1M1D18M1I8M
5	759	0.304	1.437E-22	2	313	314	19	346	347	68M1D25M2I49M4I4M1D132M20D1M1D18M1I8M
93	756	0.317	2.433E-22	0	311	314	15	339	345	73M1D22M2I49M4I6M1D131M2D7M9D3M6D15M
19	756	0.305	2.564E-22	0	313	314	16	345	346	70M1D25M2I49M4I5M1D131M20D1M1D18M1I8M
44	756	0.313	1.227E-22	2	313	314	18	345	346	68M1D22M2I52M4I5M1D131M20D1M1D18M1I8M
116	748	0.304	3.003E-22	0	311	314	16	343	345	70M1D22M2I52M4I6M1D130M20D1M1D18M1I6M
124	742	0.307	1.104E-22	2	304	314	4	295	302	23M1I8M1D13M7I16M3D5M1D17M2I50M2I3M1D78M1D6M2I12M1I44M5I5M2D3M
191	739	0.313	6.617E-22	1	289	314	21	310	347	33M1I14M1D24M6D20M2I55M3I65M10D12M9I8M1I42M
193	738	0.331	7.750E-22	1	289	314	7	308	325	33M1I11M5D23M3D165M1I6M1I15M8D33M
25	738	0.323	1.458E-21	1	287	314	9	300	347	33M1I8M2D4M2I24M5D19M2I53M3D141M
11	725	0.293	3.003E-22	0	313	314	8	343	344	34M1I8M2D4M2I24M5D19M2I53M3D141M14D13M3D13M
26	722	0.318	2.342E-21	1	290	314	6	314	316	23M1D3M2D12M2D4M1I7M1D22M1D23M1D39M5D3M3D8M4I7M3D65M10D9M4I8M1I11M1D29M1I6M
106	716	0.315	9.567E-22	0	290	314	0	298	300	38M1D19M2I13M6D12M1D7M2D56M2D8M2I62M5I6M1I5M2I3M6D7M2D43M
16	707	0.307	4.824E-22	0	311	314	8	342	344	34M1I8M2D4M2I24M5D19M2I53M3D137M20D16M2I10M
86	701	0.323	1.063E-21	0	304	314	8	339	344	34M1I8M2D4M2I24M5D19M2I64M3D126M20D16M2D5M
180	692	0.312	1.537E-21	0	311	314	8	342	344	34M1I8M2D4M2I24M5D19M2I64M3D126M20D16M2I10M
207	670	0.281	3.437E-20	0	305	314	0	299	301	41M1I13M1D19M2D62M1I9M5I1M4D83M7D10M9I34M4I14M
56	585	0.250	1.234E-18	1	303	314	5	289	291	83M1D12M1I37M1D4M2D11M1I23M1I36M14I8M5I4M8I41M8D14M
160	577	0.249	1.446E-18	1	312	314	7	295	298	83M1D12M1I38M4D26M1I14M1I29M18I7M2I4M1D6M8I40M7D6M5I11M
192	576	0.250	2.580E-18	0	285	314	15	275	287	34M1D50M1D10M3D78M1I32M14I6M2I4M2I4M1I6M8I28M2I4M
174	573	0.245	1.253E-17	0	285	314	14	274	286	34M1D50M1D10M3D78M1I32M2D9M11I3M10I5M4I4M4I25M2I4M
15	570	0.247	3.358E-18	0	285	314	14	274	286	34M5D2M4I44M1D10M3D78M1I32M14I6M2I4M2I4M1I6M8I28M2I4M
22	567	0.257	4.674E-17	1	308	314	2	274	284	33M1I49M1D11M1I76M1I39M8I6M6I1M7I4M8I36M2D5M6I10M
20	562	0.254	1.070E-17	0	308	314	6	280	285	39M1D46M1D10M1I48M2I29M1I34M14I7M7I6M10I34M1I20M
136	548	0.257	1.630E-17	0	312	314	6	281	285	39M1D46M1D12M1I49M4I11M2D14M1I33M14I5M6I2M1I6M10I32M1D13M5I9M
0	545	0.204	1.489E-16	0	288	314	13	278	297	34M1I49M1D11M1I22M1D59M1I23M2D4M5D5M14I9M4I4M11I37M
29	536	0.245	1.547E-17	0	307	314	0	280	309	34M1I3M2I43M1D12M1I41M2D12M2D9M3I41M1I7M11I4M2I4M2I4M1D5M10I56M
127	533	0.254	7.019E-18	1	285	314	7	281	295	33M2I7M3D42M1D10M1I51M6D4M10D9M5D12M1I29M17I5M2I16M12I32M
39	532	0.235	1.467E-17	0	308	314	6	312	334	34M1I4M1D18M1D15M3D12M1D10M11D3M1D22M1D33M2I23M1I29M2D6M11I9M4I4M2I4M8I31M3D10M3D13M
138	530	0.238	3.592E-17	1	289	314	11	272	314	31M2D14M3I85M3D13M1I26M1I33M18I3M1I12M8I40M
57	530	0.223	1.547E-17	1	312	314	12	311	322	36M2D47M1D4M1I45M3D42M1I32M1I5M14I4M4I8M6I39M9D23M
216	529	0.232	3.067E-17	1	305	314	7	289	291	26M1D7M5I5M4D90M3D20M2I18M1I35M14I8M5I5M8I37M5D19M
155	527	0.225	4.927E-17	1	309	314	11	291	293	41M1I5M1I35M1D12M1I37M3D17M2I21M1I32M18I6M2I11M7I40M6D1M5I13M
181	526	0.236	3.408E-17	1	290	314	17	292	312	82M1D12M1I38M5D4M4D9M1D11M1D14M1I37M2I4M7I11M18I35M3D4M
183	525	0.184	4.434E-17	1	309	314	22	299	303	33M2I13M3D46M1I48M2I3M1D26M1I29M1D10M6I5M13I3M12I23M1D33M
14	523	0.220	7.508E-17	2	290	314	3	287	289	32M1D24M4D26M1D11M1I38M18D10M2I3M2I10M2D12M1I31M3D5M14I7M5I7M8I40M
202	523	0.213	1.569E-16	2	289	314	12	291	297	22M2I7M2D9M5D28M16D13M1D8M1D84M1I34M14I7M5I3M1I3M10I2M1D29M1I5M
63	518	0.239	6.758E-17	0	305	314	0	277	307	34M1I3M2I97M2D23M1I41M1I7M11I4M2I4M2I4M1D5M10I35M1I18M
187	516	0.239	5.193E-17	1	290	314	17	288	310	83M1D11M1I38M5D6M4D6M4I12M5D10M1I37M2I4M7I11M18I39M
148	515	0.240	9.770E-17	1	290	314	12	273	295	26M2D7M7I3M4D91M3D17M2I19M1I36M14I6M5I7M8I41M
82	512	0.210	5.856E-16	1	286	314	16	279	300	91M3D28M1D45M1I7M3D29M1D8M14I9M4I5M11I34M
128	508	0.212	8.924E-16	1	288	314	10	275	294	91M3D27M1D33M2I12M1D7M3D29M1D8M14I9M4I5M11I36M
170	508	0.238	5.270E-16	1	290	314	12	274	296	46M1I86M3D15M1I24M1I32M18I4M1I12M8I41M
147	508	0.216	4.927E-17	1	289	314	12	280	302	36M1I96M3D10M2I3M1D4M1I18M1I32M12I7M2D7M1I10M8I40M
50	507	0.226	9.770E-17	1	311	314	33	341	343	36M2D47M1D7M1I42M3D42M1I32M3I11M16I5M6I40M13D13M6D9M
177	506	0.205	4.434E-17	1	305	314	13	289	295	28M2D18M4I83M3D16M5D5M7I12M1I35M14I8M5I5M8I41M6D1M5I9M
18	506	0.221	1.144E-16	1	305	314	21	308	310	33M1I26M1D30M3D29M1D27M1D15M2I14M2D24M1D8M14I9M4I4M7I3M3I33M6D6M1I12M
158	504	0.240	8.793E-17	1	302	314	10	300	302	33M4D2M4I95M3D18M1I21M1I30M19I17M6I5M2I33M12D6M3D9M
34	504	0.238	1.937E-16	3	288	314	12	301	306	31M2D2M2I20M1D14M2D21M1D43M1I15M2D22M5D2M5D34M4I6M6I6M6D15M7I35M
4	503	0.250	1.718E-17	1	305	314	2	297	307	33M1I3M2I97M2D11M3I2M2D49M1I5M14I20M10I38M3D7M15D9M
7	500	0.229	1.030E-16	1	312	314	7	292	297	25M1D8M4I7M3D39M1D7M1I42M3D11M7I10M5D11M1I36M14I8M5I5M8I40M6D2M5I16M
167	499	0.235	2.042E-16	1	289	314	5	268	303	24M1I8M2I4M3D26M8D18M1D11M1I48M2I3M1D61M14I6M5I6M12I6M1I30M
97	499	0.227	1.086E-16	1	311	314	11	313	315	33M1D12M2I86M3D13M1I26M1I33M18I3M1I12M8I41M13D8M6D13M
204	498	0.236	1.206E-16	1	312	314	7	292	295	25M1D8M5I5M5D3M1I36M1D7M1I42M3D12M4I6M2D17M1I36M14I8M5I5M8I36M6D7M5I15M
176	498	0.215	2.760E-17	1	312	314	11	309	324	26M2D15M2D92M1D3M3D7M2I3M1D23M1I39M14I6M13I52M8D16M
200	493	0.237	2.042E-16	1	305	314	12	289	295	26M2D7M7I3M4D91M3D17M2I19M1I36M14I6M5I7M8I36M6D7M5I8M
17	493	0.227	1.489E-16	1	310	314	7	291	305	33M1I38M1D11M1D11M1I23M1D26M3D15M5I11M1I25M12D2M1I5M14I9M4I7M10I25M5I8M7I4M6D8M
166	493	0.211	7.914E-17	1	313	314	12	313	314	27M2D6M2D5M5I90M3D13M1I26M1I32M18I4M1I12M8I41M13D8M3D15M
179	493	0.231	2.153E-16	1	311	314	11	303	315	33M4D5M5I40M1D12M1I37M3D15M1I24M1I33M18I3M1I12M8I41M5D16M4D5M
96	492	0.233	2.953E-16	1	290	314	17	291	310	82M1D12M1I38M5D4M4D8M4I12M5D10M1I37M2I4M7I11M18I35M3D4M
122	492	0.239	2.269E-16	1	311	314	10	299	312	33M1D5M4I13M1D28M1D89M3D37M2I3M12I3M7I8M7I36M2D14M3D10M
66	492	0.255	2.042E-16	1	288	314	19	288	313	33M1I7M1D49M4D23M1D37M1I21M3D31M1D5M14I10M4I10M8I34M
46	490	0.224	1.413E-16	1	306	314	10	296	298	33M2I98M3D12M4I10M5D14M1I35M14I8M5I7M8I35M7D20M
47	490	0.234	3.067E-17	1	311	314	14	306	311	27M2D7M3I4M3I39M1D7M1I42M3D16M2I10M1D13M1I26M18I22M8I38M8D2M3D22M
40	489	0.231	2.357E-17	1	311	314	14	306	311	27M2D6M2I6M4I38M1D7M1I42M3D16M2I10M1D13M1I26M18I16M2I8M6I38M7D3M4D19M
205	487	0.218	1.413E-16	1	311	314	12	309	311	34M2D7M4D2I90M1D3M3D7M2I3M1D23M1I39M14I4M5I6M8I48M8D15M
140	484	0.236	3.281E-16	1	309	314	14	301	304	24M1I8M2I4M3D45M1D10M1I48M2I3M1D61M14I5M6I2M6I6M5I5M1I30M5D7M7D13M
119	483	0.219	1.086E-16	1	313	314	3	292	293	27M2D10M2I6M3I85M1D4M1D14M2I6M3I2M4D13M4D28M16I2M2I3M1I11M8I44M3D8M1I12M
42	483	0.247	7.508E-17	1	311	314	2	296	307	33M1I3M2I97M2D11M3I2M2D20M1I7M1D21M1I5M14I20M10I38M3D13M8D9M
188	482	0.231	5.270E-16	0	303	314	0	275	306	34M1I3M2I97M2D13M1I51M1I5M14I9M1I5M1D5M10I35M1I16M
30	481	0.234	6.172E-16	1	305	314	12	289	295	26M2D7M7I3M4D91M3D17M2I19M1I36M14I6M5I7M8I37M6D6M5I8M
69	481	0.255	4.269E-16	1	288	314	19	288	313	33M1I7M1D49M4D23M1D37M1I21M3D31M1D5M14I10M4I10M8I34M
154	479	0.216	1.489E-16	1	309	314	8	296	298	36M1I96M3D11M4I8M1D15M1I34M11I24M8I37M5D7M4I12M
198	478	0.210	3.112E-16	2	298	314	5	287	289	27M2D28M1I26M1D25M1I24M3D13M1I10M2D16M1I35M14I11M13I40M9D11M
95	478	0.223	4.050E-16	1	306	314	10	296	298	33M2I48M1D12M1I37M3D12M4I11M5D13M1I30M14I13M5I7M8I35M7D20M
67	478	0.204	3.899E-15	1	300	314	18	299	304	91M3D28M1D32M1D11M2I8M3D31M1D6M14I4M9I7M4I1M2I36M4D14M
101	478	0.229	5.000E-16	1	309	314	21	313	320	43M1D43M1I3M5D29M1D31M1D12M2I39M1D6M14I9M3I11M8I34M4D15M1I5M
169	473	0.223	1.511E-15	2	290	314	22	306	308	32M1D24M4D26M1D11M1I38M18D10M2I3M2I10M2D12M1I31M3D5M14I5M9I9M4I40M
214	472	0.210	3.842E-16	2	310	314	8	304	306	26M2D13M3I15M2D75M3D21M1D18M1I36M14I8M5I4M7I38M6D4M5D13M1I7M
213	471	0.225	3.112E-16	1	299	314	23	306	310	33M1I37M2D12M1D3M3D58M4D9M6I15M1I30M11I7M2D9M4I10M8I29M4D16M
76	470	0.201	9.546E-15	1	288	314	12	277	296	33M1I4M1D53M3D28M1D32M1D12M2I7M3D31M1D5M14I10M4I5M11I36M
189	469	0.223	1.966E-15	2	301	314	10	293	303	31M2D10M1I40M1D11M1I64M15D15M1I5M1D33M22I11M8I14M1I16M3D6M4I6M
162	469	0.254	5.638E-15	1	309	314	25	302	304	5M2D28M2I48M1D50M1D5M1D10M1I27M1I45M3I4M24I45M5I6M
98	469	0.222	1.144E-16	1	311	314	15	307	312	26M2D9M2I4M4I38M1D21M1I28M3D15M1I25M1I26M18I22M8I38M8D2M3D22M
186	466	0.230	4.269E-16	1	299	314	7	334	336	33M1I49M1D11M1I23M1D33M2I22M1I25M5D21M5I7M15D15M2D3M11D31M4D16M
190	465	0.200	2.697E-15	1	299	314	18	298	302	33M1I5M1D47M3D33M1D31M7D4M8I10M3D31M1D6M14I9M4I5M11I34M4D13M
21	463	0.206	3.159E-15	1	288	314	18	283	304	33M1I4M1D53M3D28M1D31M4D10M5I7M3D31M13I16M4I5M11I36M
178	462	0.229	2.185E-15	1	287	314	21	285	290	5M1D22M2D13M2I18M1D30M6D2M4I37M1D3M2D7M2I3M1D27M1I33M14I8M5I4M8I39M
164	460	0.229	2.697E-15	1	287	314	21	285	290	5M1D22M2D13M2I18M1D30M6D2M4I37M1D3M2D7M2I3M1D27M1I33M14I8M5I4M8I39M
133	457	0.250	1.309E-14	1	301	314	24	297	300	5M2D28M2I46M2D2M1I11M1I37M1D5M1D10M1I27M1I45M3I4M24I48M
121	456	0.225	1.045E-15	3	312	314	19	311	324	20M7D34M1D27M1D60M2I3M1D27M1I23M22I2M4D9M3I9M7I39M4D22M
81	453	0.206	7.336E-15	3	290	314	12	288	291	31M2I38M4D10M1D9M3D53M20D4M11I11M2I4M4D24M6I5M10I8M2I10M10I38M
173	450	0.234	1.006E-14	0	313	314	3	291	321	27M1D7M1I5M2I2M1D6M3D7M1D26M1D14M1I50M3I27M1I35M14I4M5I5M12I22M3D27M4D11M
184	449	0.210	2.185E-15	1	307	314	29	312	315	33M2I98M3D12M4I10M5D14M1I35M14I8M5I7M8I33M1I8M4D14M
105	445	0.192	3.699E-15	1	307	314	8	297	299	23M2I17M4D41M1D9M1D54M2D3M5I9M2D8M1I35M18I8M1I9M10I26M4D12M6D16M
159	441	0.220	1.290E-15	1	290	314	8	276	290	5M2D17M2I17M3D42M1D62M4I10M4D16M1I15M15I6M5I8M1D16M12I30M7D7M
90	441	0.223	1.865E-15	1	300	314	19	305	312	33M1I7M1D49M4D23M1D37M11D3M12I7M3D31M1D5M14I10M4I10M8I32M5D14M
215	422	0.251	2.103E-14	1	312	314	9	298	304	36M8I22M3D5M1D3M1D8M1D10M1I24M2D33M4D55M2I9M5I3M13I10M2D6M3I28M4I24M
6	418	0.264	6.603E-15	2	290	314	26	325	327	32M3D3M1D8M3D27M2D10M5D15M3D49M4I12M13D17M2D36M14I3M5I5M6I6M4D4M4D33M
208	415	0.229	8.592E-15	0	296	314	7	306	314	35M19D7M11D4M3D4M1D22M2D10M8D6M6I52M4I3M2D9M1D10M2I5M4D35M14I4M5I5M12I32M5I6M
134	404	0.225	7.733E-15	1	312	314	7	335	340	5M1D28M2I21M1D27M1D12M1I39M1D3M2D9M3D16M4D8M3D6M1D26M2D8M6I13M1I5M7I42M15D27M
161	401	0.239	1.729E-13	1	283	314	10	269	297	22M2I9M1I3M2D46M1D10M2I1M3D41M4D37M1I19M5I2M2I8M3I3M3I4M2I2M12I3M4I9M4D27M
212	401	0.236	7.847E-14	1	312	314	9	297	306	36M8I24M5D14M1D10M1I28M2D25M2D28M1D35M1I4M6I5M5I6M2I3M4I8M3I27M2D5M6I18M
123	394	0.203	4.233E-13	1	298	314	7	272	293	5M1D18M2I8M1I4M2D16M3D29M1D91M1I25M18I5M1I4M12I3M4I6M4D30M4I11M
91	391	0.200	6.357E-14	1	312	314	7	332	335	23M5D8M2D9M23D9M4D5M5D29M1D21M1I28M3D10M2I3M1D24M1I36M14I5M6I2M7I43M8D4M7I15M
149	388	0.230	2.217E-14	1	312	314	7	332	344	5M1D28M1D8M3I12M1D27M1D12M1I39M1D3M2D6M4I12M11D11M9D2M5I23M4D8M8I13M1I5M7I47M11D9M1D13M
201	378	0.210	5.806E-13	1	313	314	8	305	306	32M1I9M7I19M5D14M1D10M1I27M2D44M6D10M1D32M4I6M16I15M2D6M3I27M2D5M2I23M
142	373	0.236	3.205E-14	1	311	314	7	334	343	5M1D22M2D6M1I7M3I12M1D27M1D12M1I37M1D5M2D12M8D14M1I12M4D26M2D3M9I2M3D13M1I5M7I42M15D26M
197	350	0.214	8.849E-13	7	290	314	26	304	307	18M1I8M1I7M2I39M1D9M1I6M10D10M1I8M3D31M2I5M4D18M1I25M2I2M8D12M9I6M14I21M3D25M
110	306	0.200	5.303E-12	2	283	314	4	325	336	32M1D6M2I2M1I11M2D11M4D8M31D9M1D9M2I40M5D3M3D6M2I3M1D15M12D11M2I12M11I2M7I8M11D5M7D7M1I3M6I5M4I36M
120	256	0.190	2.148E-09	2	313	314	12	282	295	32M2I6M2I15M1D28M3I8M4D37M2D3M2D9M6D29M1I12M1D3M1I10M2D7M12I5M2I5M5I1M12I27M6I1M13I15M
 