19	5803	1.00	0.000E+00	0	585	586	0	585	586	586M
17	2722	0.400	1.964E-76	1	584	586	0	614	617	183M2D1M4D3M26D3M7D48M1D33M1D31M2I5M1I30M1I21M7I17M4I16M2D35M3D4M1D35M2D16M1D17M2I33M2I34M
27	1472	0.281	5.081E-50	15	570	586	5	538	551	91M2I17M1D9M2D50M1D6M6D5M5D36M1I35M3I4M3I12M1D21M5I13M5D10M4I20M5I2M4I8M4D4M10I10M5D4M9D2M7I7M7D16M1D37M2I3M1D9M7I4M3I7M2I29M1I4M11I11M
24	1443	0.284	4.122E-49	15	570	586	8	542	551	91M2I16M1D8M2D52M1D6M3D1M8D40M1I39M6I12M1D17M4I15M5D4M1I8M5I3M1D16M5I2M4I8M4D4M10I9M6D16M4D5M4D16M1D51M7I4M3I10M2I26M4I9M8I6M
26	1438	0.280	2.341E-49	15	570	586	8	541	552	91M2I16M1D8M2D52M1D6M6D5M5D36M1I35M3I4M3I12M1D17M4I10M1I7M5D10M5I3M1D16M5I2M4I8M4D4M10I8M17D2M2D6M9I5M4D16M1D34M1I18M7I2M3I7M2I29M1I4M11I11M
56	1416	0.270	5.788E-49	15	570	586	4	543	556	6M2D6M2D79M2I16M1D11M1I48M1D5M8D4M5D38M1I35M3I4M3I12M1D25M4I12M3D8M5I3M1D16M1D1M10I8M4D3M10I10M6D15M3D4M6D18M1D2M2I3M2D46M7I2M3I10M2I26M1I4M1I4M8I9M
44	1412	0.259	1.455E-47	15	570	586	8	541	553	91M2I16M1D10M2D50M1D6M6D5M6D36M1I35M3I4M3I12M1D21M5I13M5D10M5I3M1D16M5I2M4I9M4D4M10I8M5D6M7I8M15D16M1D31M1I21M7I2M3I10M2I26M4I6M8I9M
49	1298	0.245	1.271E-45	15	556	586	7	527	534	48M1I42M1I27M3D35M1I12M2I8M1D3M4I32M1I38M7I11M6D4M2D10M1I5M2I14M3D14M3I6M1D27M1D8M4D4M3D12M6I5M11I1M3D2M7D19M1I5M1I23M1I19M8I2M2I9M2I28M2D5M3I2M1D4M
57	1284	0.243	2.805E-45	15	556	586	8	534	540	47M1I43M1I33M3D21M1D3M2D5M4I13M2I2M2I2M1D37M1I38M7I10M1D6M3D17M1I5M2I9M2D9M1D3M4I2M2D25M2I15M6D15M7D10M4I24M2I50M8I2M2I10M1I2M1I27M4D4M3I5M
39	1281	0.233	3.459E-46	15	556	586	8	550	556	46M1I44M1I30M3D24M2D10M3I13M3I2M1I38M1I36M2I16M3D4M3D25M3I9M3D13M1I16M2D7M2D2M5D20M5D9M13D15M5D1M13I15M2I5M3I43M8I3M2I9M1I2M1I27M2D5M1I6M
41	1259	0.230	4.940E-45	15	571	586	8	556	562	48M1I42M1I28M2D31M2I19M3I2M2I5M3D32M1I32M3I6M4I13M6D18M2D6M4I8M3D19M2I13M2D4M3D23M6D8M7I6M13D6M3D8M3D18M2I3M1D3M1I43M8I4M2I7M1I3M1I27M7I4M3I13M
46	1256	0.239	1.998E-45	15	555	586	4	547	566	7M4D41M1I42M1I28M2D33M2I17M3I2M2I5M3D32M1I38M7I13M6D11M3D5M1I7M4I8M3D10M1D23M2D3M4D26M6I1M1D8M4D6M10D3M9D7M4D1M4I16M2I1M1D5M1I43M8I4M2I7M2I30M7I4M
61	1251	0.233	5.139E-46	15	556	586	8	553	559	48M1I42M1I27M3D28M2D6M5I2M2D7M2I9M2I36M1I40M5I7M3D6M1D11M2I14M8D11M3D12M3I2M2D25M6D16M5D9M3I5M1I5M7D3M6I5M7D16M2I2M1D6M1I42M8I4M2I7M1D3M3I24M2D7M1I6M
10	1248	0.239	2.276E-44	15	571	586	8	556	561	48M1I42M1I27M2D23M1D10M3I17M3I2M2I5M3D32M1I38M7I13M6D13M1D5M1D6M4I8M3D14M3I4M1D13M2D8M3D22M5I9M3D4M14D6M4D2M1I5M3D18M2I1M1D5M1I43M8I4M2I7M1I3M1I27M7I4M3I13M
50	1245	0.234	9.740E-45	15	556	586	8	549	555	47M1I43M1I28M3D35M3I2M2D7M2I9M2I36M1I40M5I9M2D7M3D9M1I4M5D22M3D7M1D9M2I19M3D16M4D4M1D9M3I8M6D6M6I5M7D16M2I2M1D6M1I42M8I4M2I7M2I30M1D12M
36	1244	0.229	8.846E-44	15	556	586	8	537	543	12M1I34M1I43M1I27M3D27M2D6M3I12M2I13M2I32M1I36M3I3M3I10M3D3M1D35M2D11M3I8M2D23M2I9M4D3M10I11M13D7M5I6M8D16M2I51M8I4M2I7M1D3M3I24M4D6M3I5M
69	1244	0.240	1.154E-44	16	556	586	9	542	548	47M1I42M1I27M2D6M1D32M1I14M3I2M1I38M1I36M2I3M4I9M1D6M4D9M2I23M2D5M1D5M2I6M1D22M1I2M1I12M4D12M6I5M3D4M10D7M4I4M6D1M1D14M2I49M10I13M2I28M2D7M1I6M
12	1244	0.230	2.505E-45	15	556	586	28	564	571	48M1I42M1I28M3D35M3I2M2D11M2I5M2I36M1I39M1I1M4I10M1D6M3D8M1D26M3D9M1D2M4I5M2D19M1I5M4D10M4D4M1D9M3I8M6D6M6I5M7D17M2I3M1D4M1I42M8I4M2I8M1I2M1I27M4D4M4I4M
59	1234	0.248	7.465E-44	15	556	586	8	532	538	47M1I43M1I33M3D21M3D8M4I9M2I6M2I39M1I38M7I10M1D6M3D16M3D3M7I12M2D9M3I4M2D23M2I10M4D2M10I11M13D7M7I6M9D14M2I51M10I12M1I2M1I29M2D2M1I7M
54	1232	0.241	7.465E-44	15	556	586	8	549	555	47M1I43M1I30M3D24M2D9M3I14M3I2M1I38M1I35M3I3M1I13M1D3M6D12M1I3M2D4M3I7M1D7M4D2M1I10M1I32M7D13M5D9M3I5M16D6M5D2M13I15M2I2M1I2M2I44M8I3M2I9M1I2M1I27M2D5M1I6M
22	1229	0.228	1.715E-44	15	556	586	28	564	571	48M1I42M1I27M3D36M3I2M2D11M2I5M2I36M1I39M1I1M4I10M1D6M3D8M1D26M3D9M1D2M4I5M2D19M1I5M4D10M4D4M1D9M3I5M1I5M7D3M6I5M7D17M2I3M1D4M1I43M10I11M1I2M1I27M4D4M4I4M
20	1223	0.222	1.242E-43	15	556	586	8	532	538	47M1I43M1I33M3D32M1I9M2I13M3I31M1I36M7I12M1D6M3D18M1D4M6I4M3D11M1D3M4I4M2D35M4D12M11D16M7I23M6D2M8I43M10I11M1I2M1I25M4D6M3I5M
53	1216	0.225	9.152E-42	15	543	586	8	520	540	47M1I43M1I27M3D38M1I13M4I41M1I36M7I12M1D1M4D23M3D5M5I15M3I6M2D41M8I2M2D9M6D4M7D3M6I5M7D16M2I51M10I13M2I27M
35	1216	0.233	2.408E-44	15	568	586	8	548	553	47M1I43M1I28M3D27M2D6M5I2M2D7M2I9M2I36M1I42M3I9M2D4M3D11M1D16M4I7M3D12M3I4M2D16M1D7M5D17M5D8M5I2M4D4M4D6M6I5M7D16M2I4M1D4M1I43M10I10M1D3M3I26M7I4M3I10M
43	1215	0.218	3.020E-44	15	556	586	9	562	566	48M1I42M1I27M4D34M2I17M2D9M4I31M1I35M3I4M3I13M6D25M3I7M2D22M1D12M2D4M3D9M1D17M8D8M5I8M9D2M6I9M17D13M2I2M2D3M2I43M8I12M4I41M
21	1214	0.251	7.767E-45	15	556	586	30	566	572	47M1I43M1I26M1D5M1D2M1D23M3D4M6I2M2D11M2I5M2I36M1I35M3I2M2I13M1D6M3D14M2D12M7I6M6D4M1D11M2I18M4D15M4D4M2D9M7I3M3D4M7D3M6I5M7D17M2I50M10I11M1D3M3I24M2D7M1I6M
32	1212	0.226	5.408E-43	15	556	586	26	552	558	47M1I13M3I3M3D24M1I27M2D6M1D21M3D6M6I2M2D12M3I41M1I36M7I12M1D6M3D18M1D6M4I8M3D7M1D11M2I21M2I10M4D2M10I11M6D4M7D3M6I5M7D16M2I2M1D6M1I42M8I2M2I10M1I2M1I27M4D4M3I5M
55	1209	0.243	7.340E-45	15	556	586	5	539	547	47M1I46M1I25M3D34M4I3M3D10M3I3M1I38M1I39M6I10M2D4M2D10M2D3M1D11M3I8M3D3M1I6M7I1M2D13M2D25M4D7M2D5M1D10M6D17M2I16M1I38M2I4M4D8M8I4M2I7M2I30M4D4M3I5M
31	1206	0.228	4.007E-44	16	555	586	24	558	574	13M1D34M1I42M1I27M4D38M1I13M2I9M1I33M1I38M7I10M5D3M2D20M1I15M4D4M1I5M1D11M2I17M4D16M4D7M2D6M7I3M10D7M8I5M12D14M2I5M2D1M2I41M10I13M2I30M7I4M
11	1200	0.233	1.109E-43	15	571	586	8	556	561	48M1I42M1I27M2D23M4D7M6I17M3I2M2I5M3D32M1I32M3I6M4I13M6D11M1D7M1D6M4I8M3D19M2I13M2D4M3D23M6D8M7I3M10D6M3D3M3D8M3D18M2I1M1D5M1I43M8I4M2I7M1I3M1I27M7I4M3I13M
30	1199	0.245	2.187E-43	16	578	586	1	538	540	2M6I38M1I43M1I33M3D30M3I2M2D12M3I41M1I38M4I13M1D6M3D14M5D3M1D4M7I8M3D7M1D11M2I19M5D18M5D9M8I3M11D6M6I5M7D16M2I4M1D4M1I42M10I11M2I30M7I4M3I10M6I4M
38	1198	0.230	9.361E-44	14	556	586	6	543	549	2M3D5M2I39M1I43M1I25M2D5M2D9M1D26M1I14M3I4M1I36M1I36M7I11M4D4M1D17M1D8M3I11M2D9M5I27M5D12M4D4M2D9M8I3M11D6M3D27M2I6M1D2M1I42M8I4M2I7M2I30M1D12M
66	1197	0.208	3.250E-43	15	556	586	8	553	559	47M1I43M1I34M3D22M3D5M4I14M2I2M2I39M1I35M3I4M3I9M3D4M1D20M2I2M10D14M3D8M1D3M2I21M1I9M4D9M7D2M2I10M5I2M4D2M4D8M6I7M9D15M2I1M1D5M1I43M10I12M1I2M1I27M4D4M3I5M
37	1196	0.232	9.906E-44	15	556	586	8	553	560	14M1D34M1I42M1I26M3D8M1D22M1D4M2D1M4I10M2I13M1I33M1I37M1D5M3I11M3D2M7D11M5I20M4D4M1I5M7I4M2D19M1I5M6D10M4D4M2D9M4I2M13D21M1I16M2I51M8I2M2I9M2I28M2D6M2I6M
9	1196	0.235	2.696E-44	15	571	586	4	560	565	7M4D41M1I42M1I28M2D22M4D7M6I17M3I2M2I5M3D32M1I38M7I13M6D12M3D4M1I7M4I8M3D10M1D21M2D5M3D8M1D18M6I1M1D8M4D2M10D10M6D10M3D15M2I2M2D3M2I43M8I4M2I8M1I2M1I27M7I4M3I13M
60	1195	0.239	2.853E-44	15	544	586	8	528	547	47M1I43M1I27M2D6M1D21M3D8M4I13M2I2M2I39M1I38M7I9M2D7M3D26M13I11M11D19M3D20M4D4M1D11M16D2M5I8M5I23M2I50M8I4M2I7M2I30M
40	1191	0.241	1.648E-43	15	571	586	4	556	561	7M4D41M1I42M1I27M2D32M2I19M7I5M5D32M1I38M7I13M6D13M1D5M1D6M4I8M3D14M3I3M1D14M2D4M3D23M6D8M7I7M13D5M4D2M1I5M3D18M2I3M1D3M1I43M8I4M2I7M1I3M1I27M7I4M3I13M
64	1190	0.224	2.902E-43	15	563	586	8	547	551	47M1I43M1I27M2D6M1D28M7I12M4I40M1I35M3I3M4I10M7D34M1I8M1I5M2I9M1D15M3D20M4D12M15D11M2I5M1I5M2I3M2D17M2I5M1I1M1D43M8I4M2I7M2I28M2D6M2I13M
65	1168	0.223	2.636E-42	16	563	586	9	545	548	46M1I43M1I27M2D6M1D28M7I12M4I40M1I35M3I3M4I11M6D36M1I5M1I5M2I9M1D15M3D20M4D12M9D3M8D2M2I7M4I6M1I3M1D18M2I50M8I4M2I7M2I28M2D6M2I13M
62	1166	0.225	5.500E-42	15	557	586	8	539	545	47M1I43M1I27M3D27M2D6M3I16M2I5M2I36M1I38M7I9M2D5M3D19M5I14M3D9M5I19M1D8M5D12M4D4M1D11M16D2M6I8M6I3M2D17M2I49M10I13M2I28M4D6M4I5M
68	1166	0.223	7.055E-44	15	554	586	8	556	558	47M1I43M1I33M3D32M1I22M4I32M1I38M7I9M1D6M4D10M4D9M1I19M8D5M2D2M7I17M1D8M5D11M4D5M1D11M16D2M6I8M4I22M2I50M8I5M2I7M1I3M1I26M7D11M
42	1163	0.224	8.503E-43	14	556	586	6	543	549	3M1I6M2D38M1I43M1I25M2D5M2D9M1D26M1I14M3I4M1I36M1I36M7I11M4D4M1D11M1D14M3I11M2D9M5I19M3D5M5D3M3I9M4D4M2D9M8I3M11D6M3D6M4D2M4I15M2I6M1D2M1I42M8I4M2I7M2I30M1D12M
33	1160	0.222	5.820E-42	16	578	586	9	534	537	47M1I12M3I3M3D24M1I27M4D27M2D6M5I3M2D15M2I5M2I32M1I38M7I9M1D7M5D13M4I2M1I11M3D14M3I6M1D20M5D2M4I13M6D11M2D1M6I6M9I6M7D15M2I5M3D39M1I3M10I13M2I30M7I5M4I8M6I4M
51	1160	0.241	4.912E-42	15	556	586	8	546	552	47M1I43M1I25M2D8M1D24M9I2M3D12M1I5M2I36M1I35M3I3M1I13M1D3M6D12M2I16M1D7M4D2M1I10M1I31M7D14M5D9M3I8M6D6M6I5M9D20M2I1M3I43M8I4M2I8M1I2M1I27M2D5M1I6M
67	1160	0.216	1.584E-42	15	556	586	8	546	552	47M1I43M1I27M5D27M2D7M5I2M2D12M3I4M1I36M1I38M7I9M1D7M3D9M1D1M8D11M2I13M2I7M5I27M5D12M4D4M2D9M7I3M10D7M2D6M2I3M2D17M2I1M1D6M1I43M10I10M2I32M1D10M
29	1149	0.201	2.837E-41	15	556	586	29	533	555	46M1I23M1I20M1I19M1D9M3D30M2I16M3I10M3I3M1I28M1I38M7I24M3I6M5I10M5D4M1I4M11D11M4I11M4I2M1I2M4I13M8I1M2D8M9I8M6D1M3D4M8D19M5I23M1I21M7I2M3I7M2I33M1D9M
71	1146	0.226	1.337E-42	15	556	586	8	537	544	46M1I15M3I2M3D24M1I27M3D35M4I4M3D9M3I5M1I36M1I35M3I3M4I9M2D4M3D13M4I6M2D25M5I30M6D14M4D8M7I3M3D4M5D5M2I9M9D14M2I33M7I3M3D8M8I13M2I42M
63	1140	0.231	4.912E-42	15	556	586	34	560	566	47M1I44M1I28M3D18M1D8M2D4M6I4M3D10M4I41M1I39M7I10M5D41M1I8M5I24M3D15M4D14M2D9M1D6M8I4M8D16M3I5M1I2M2D42M8I4M2I7M2I30M2D5M1I6M
47	1139	0.231	3.851E-43	15	556	586	25	560	566	46M1I44M1I27M3D27M2D7M3I15M2I5M2I36M1I38M7I7M3D6M1D11M1D10M1D7M13I12M11D23M2I2M7D12M4D13M7I4M11D6M6I6M8D16M2I50M10I11M2I32M1D10M
52	1134	0.215	6.055E-43	7	568	586	13	568	573	9M3D47M1I33M4D9M1I27M2D6M1D17M4D9M1D3M4I14M1I4M5I34M1I34M8I4M2D10M4D19M2D23M1I7M3I5M1D16M2D10M1D10M4D4M3D12M16D7M9I4M4D2M4I16M2I38M2D10M10I13M2I30M7I4M3I10M
48	1128	0.229	4.386E-42	16	556	586	11	556	562	47M1I42M1I29M3D35M1I15M2I42M1I35M7I14M7D5M3D13M2D10M1D2M4I2M2D14M3I5M1D21M5D4M2I8M4D5M2D9M8D2M8D2M1D7M5D5M13I15M2I42M1D7M10I13M2I28M2D7M1I6M
58	1120	0.208	7.015E-41	15	556	586	29	542	562	46M1I23M1I20M1I19M1D9M3D30M2I16M1I47M1I35M3I4M3I14M2D1M2D14M1D10M3D2M5I11M11D11M4I9M3I5M1I2M4I9M4D14M7I8M10I2M10D17M2I4M3I23M1I21M7I2M3I9M2I40M
70	1071	0.217	3.420E-40	15	556	586	26	541	560	46M1I23M1I20M1I18M1D10M3D30M2I15M2D15M2I32M1I39M6I9M2I4M6D13M3D5M3I5M1I15M11D11M4I2M1I3M1I5M1D5M7I9M4D14M2D14M7I4M2I16M2I5M3I23M1I21M7I2M3I9M2I35M1D5M
18	991	0.213	1.019E-38	15	566	586	8	587	600	49M1I11M6D30M2I17M1D8M2I8M19D19M4D6M5I9M29D3M8D6M15D17M1D23M1I34M9I3M2D27M1D3M3I7M1I8M6D4M1I3M6I12M1I13M9I6M1D11M3I12M13I19M2I2M3D28M2D4M2D7M3D9M8I16M2I24M2I5M3I9M1I5M
8	981	0.208	4.775E-37	15	553	586	8	585	595	47M1I43M2I18M1D11M8D5M10D1M1I15M4D9M5I10M30D2M9D5M3D9M12D8M2D1M1I22M1I34M9I3M2D32M1I12M9D13M5I18M1I3M10I10M1D19M2I3M13I20M1D32M4D11M3D10M3I6M1I13M2I24M2I10M
16	975	0.213	1.322E-36	15	546	586	8	559	574	48M1I42M2I16M1D10M2I6M20D2M1I30M1I5M32D3M4D8M5D3M8D13M1D23M1I33M4I3M3I35M1I7M1I8M3D9M5I17M11I22M2I15M14I18M2I2M3D28M4D11M2D9M7I5M1I11M2I24M2I3M
6	969	0.203	3.598E-37	15	566	586	8	587	595	11M1D36M1I43M2I16M1D10M2I6M6D2M13D17M2D9M3I9M2D9M53D16M2D1M1I22M1I36M7I35M1I14M7D2M5I3M6I12M1I16M6I6M1D4M2I21M14I17M2I2M1I26M3D11M5D10M4I20M2I24M2I2M2I9M3I7M
34	950	0.211	8.081E-36	12	566	586	3	584	590	4M1D10M1D35M1I44M2I16M1D8M1D6M21D1M5I14M1D2M2D9M4I9M2D9M54D7M1I9M1D23M1I33M2I5M5I31M1I18M2D8M5I23M1D4M9I7M1D3M2I21M14I15M2D3M5I25M3D11M5D11M4I6M2I9M2I26M2I2M2I9M3I7M
25	933	0.222	1.072E-35	15	545	586	8	586	593	11M1D37M1I41M2I17M1D9M2I7M19D28M4I1M3D8M29D5M19D5M4D14M3D1M1I22M1I34M9I2M2D29M3D7M2D8M5D6M5D3M1I5M6I2M3D7M1I1M1I13M9I18M2I3M7I4M1I4M5I20M1D31M3D13M4D2M1D7M6I4M3D14M2I23M2I2M
72	919	0.208	9.576E-36	15	547	586	8	549	576	46M1I44M1I19M1D6M1D6M3D6M13D20M8D2M9I9M2D7M16D8M12D10M1D22M1I38M7I41M1D11M5D7M5I17M12I16M4I6M1D14M8I6M2D2M4I9M2I7M1I19M1D10M1I2M8D5M1D7M8I14M2I27M1I3M
5	915	0.215	2.114E-35	16	562	586	8	578	585	47M1I42M2I16M1D10M2I6M19D32M1I6M33D3M5D14M3D1M10D9M1D23M1I37M7I25M2I15M2D5M4D7M2I3M6I12M1I13M9I11M1I7M1I1M3I8M6I3M4I19M2I2M3D28M2D9M4D5M1D6M8I16M2I24M2I4M1I14M
1	913	0.210	1.998E-35	15	546	586	8	582	596	47M1I43M2I16M1D13M8D4M10D2M1I19M5D5M6I9M31D4M11D13M14D9M3D22M1I36M7I27M1D9M6D18M8I4M3D2M2D15M3I5M1D1M9I11M1I7M1I4M10I8M2I20M1D32M7D20M3I4M2I14M2I25M2I3M
2	900	0.210	6.936E-35	15	564	586	8	595	597	47M1I43M2I16M1D13M8D4M10D2M1I19M5D6M6I8M31D2M13D11M2I2M14D9M3D22M1I36M7I27M1D9M6D18M8I4M3D2M2D15M3I5M1D1M9I11M1I7M1I4M10I8M2I20M1D32M7D20M3I4M2I14M2I25M2I4M5I12M
7	890	0.201	9.739E-35	16	567	586	9	591	612	46M1I40M2I20M1D8M2I7M19D16M3D13M4I6M33D4M7D7M5D5M2D2M5D9M1D23M1I38M7I26M1D3M2D5M6D14M3D4M2I5M5I17M7I4M4I9M1D11M3I9M10I3M3I19M2I2M3D28M2D4M2D7M3D9M8I16M2I24M2I4M1I14M2I3M
15	880	0.206	8.697E-35	15	546	586	8	582	597	47M1I43M2I16M1D13M8D4M10D2M1I19M5D4M1D1M7I8M31D2M13D11M2I2M14D9M3D22M1I36M7I38M14I16M2D1M16D14M5I7M6I11M1I7M1I4M10I8M2I20M1D32M7D20M3I4M2I14M2I25M2I3M
4	872	0.209	1.531E-34	15	545	586	8	581	597	47M1I43M2I16M1D13M8D4M10D2M1I19M5D6M6I7M28D3M16D11M2I2M14D9M3D22M1I34M9I2M2D25M1D9M15I17M2D1M16D17M13I2M2D11M1I7M1I4M10I8M2I20M1D32M7D20M3I4M1D1M3I12M2I25M2I2M
3	868	0.207	7.340E-35	15	546	586	8	582	597	47M1I43M2I16M1D13M8D4M10D2M1I19M5D4M6I10M31D1M1D2M10D14M14D9M3D22M1I34M9I3M2D24M1D9M15I17M2D1M16D14M5I7M2D3M7I6M2I7M1I4M10I8M2I20M1D32M7D20M3I4M2I14M2I25M2I3M
14	868	0.202	2.150E-34	15	545	586	8	581	597	47M1I43M2I16M1D13M8D5M10D1M1I19M5D6M6I8M31D2M13D11M2I2M14D9M3D22M1I34M9I3M2D30M6D3M1D18M8I4M3D3M2D14M5I12M5I6M2I7M1I4M10I4M2I24M1D32M4D11M3D9M3I4M2I14M2I25M2I2M
23	831	0.168	2.853E-34	15	544	586	11	573	574	46M1I12M2I30M2I16M1D44M19D5M23D10M8I3M3I34M1I36M9I18M2I3M2I4M2D8M41D9M26D7M34D8M5I15M5I7M6I9M5I2M14I4M17I13M2I1M1I3M2I13M5I4M8I7M1I5M4I5M6I6M2I30M
28	824	0.165	4.240E-34	15	544	586	9	551	552	46M1I12M2I30M2I16M1D44M36D3M6D12M8I3M3I34M1I35M9I20M2I1M5D3M17D1M19D11M4D9M2D9M34D6M5I15M14I4M3D8M18I3M1I4M17I13M2I1M6I1M3D12M5I6M8I5M1I7M7I9M5I30M
0	802	0.178	6.055E-33	15	546	586	8	568	579	49M1I8M14I16M2I19M1D13M8D5M10D1M1I17M2D2M6D5M9I6M30D2M13D13M12D11M3D22M1I36M7I42M13I13M2D2M1D3M15D13M11I10M1D11M3I4M10I4M2I24M1D32M4D11M3D9M3I4M2I15M2I24M2I3M
45	792	0.171	7.055E-34	15	544	586	10	568	569	46M1I12M2I2M1D3M1I24M2I16M1D44M36D3M6D12M8I3M3I34M1I35M9I19M2I3M2I4M2D8M38D18M1D13M5D4M48D9M5I7M6I8M18I3M1I4M17I13M2I1M6I1M3D12M5I6M8I5M1I5M8I5M2I6M2I30M
13	618	0.176	1.566E-26	17	545	586	9	570	586	34M6I4M27I13M2I23M1D15M37D2M1I17M5D8M3I11M31D2M13D11M2I2M14D9M3D22M1I36M7I27M1D9M6D18M2D2M1I3M6I2M2D15M5I7M6I11M1I7M1I4M10I8M2I20M1D32M7D20M3I4M2I14M2I25M2I2M
 