36	9773	1.00	0.000E+00	0	1133	1134	0	1133	1134	1134M
2	5605	0.455	0.000E+00	3	1128	1134	3	1131	1134	11M6I193M1D91M2I3M1D98M20D111M1I20M2I4M1I138M3I11M3D193M1D100M1I51M8D12M1I5M7I26M7I28M
25	5575	0.474	0.000E+00	0	1128	1134	0	1111	1114	14M6I193M1D91M1I104M4D109M1I21M1D2M4I138M3I8M1D3M2D195M1D98M1I58M4I24M11I6M4D34M
20	5571	0.461	0.000E+00	3	1128	1134	3	1131	1133	11M6I193M1D91M2I5M1D95M20D112M1I20M2I4M1I138M3I11M3D193M1D100M1I51M8D12M6I4M2I11M2I11M1D4M6I28M
30	5509	0.455	0.000E+00	0	1128	1134	0	1131	1134	14M6I193M1D91M2I3M1D98M8D4M12D107M1I20M2I4M1I139M3I10M3D193M1D100M1I58M8D7M4I11M6I13M5I33M
37	5508	0.467	0.000E+00	0	1128	1134	0	1126	1129	14M6I193M1D91M1I102M19D111M1I21M1D4M4I136M3I8M1D3M2D195M1D98M1I58M4I24M11I6M4D34M
17	5312	0.464	0.000E+00	0	1128	1134	0	1126	1129	14M6I193M1D90M1I103M19D111M1I21M1D2M4I138M3I8M1D3M2D195M1D98M1I58M4I23M8D1M15I36M
7	5189	0.415	0.000E+00	1	1128	1134	2	1110	1112	12M6I193M2D82M3I13M2D96M13D45M2D67M1I23M3I151M3D197M1D99M1I57M8I15M19I10M2D11M3I13M
15	4597	0.401	2.233E-99	0	1127	1134	0	1117	1131	13M3I98M2D180M3I10M3D99M9D9M4D8M1D27M1D40M2D28M1I22M2D1M4I136M1I9M4D198M1D38M1D61M1I51M2I28M11I4M12I16M2I12M
19	4426	0.347	1.012E-96	0	1121	1134	2	1134	1143	11M1I8M2I274M2I15M2D9M3D88M2D4M24D13M3I17M1D71M1I23M2I121M1D31M23D194M1D36M1I5M1D54M1D75M16I7M16I11M4I7M
18	4420	0.351	6.279E-97	0	1121	1134	2	1134	1138	10M1I9M2I274M2I15M2D9M3D88M2D4M24D13M3I17M1D71M1I21M2I123M1D26M23D199M1D36M1I5M1D54M1D56M24I20M1D5M9I11M4I7M
29	4371	0.345	1.144E-94	3	1076	1134	2	1147	1151	17M1I44M1I48M1D66M3I117M5D4M1I3M5D3M3D95M32D5M2D40M2D38M4D3M2D26M1I20M2I51M1D82M19D22M5D197M1D97M3I10M1D47M1D27M
27	4348	0.345	3.705E-95	0	1109	1134	2	1128	1129	11M1I8M2I160M1D117M2I6M2D15M3D89M26D15M3I22M1D67M1I20M2I124M1D24M24D201M1D31M1I11M1D53M1D65M24I17M8I10M
28	4278	0.337	1.685E-93	4	1076	1134	3	1153	1166	16M1I41M1I49M1D68M1D88M1I7M1D15M1D7M4D11M5D3M2D94M20D5M13D40M2D38M4D3M2D26M1I20M2I51M1D82M19D216M1D100M3I10M1D38M2D12M7D24M
35	4265	0.345	1.831E-92	4	1053	1134	3	1124	1155	11M1I49M1I47M1D174M1D7M3D15M4D2M3D95M21D5M19D40M2D38M4D4M2D25M1I20M2I51M1D84M12D19M5D198M1D97M3I9M1D52M
32	4191	0.340	1.407E-91	0	1053	1134	0	1125	1126	20M1I41M1I49M1D67M1D113M6D20M3D4M1D6M3D84M31D5M2D40M2D38M4D3M2D26M1I20M2I51M1D82M19D21M2D195M1D100M3I9M1D52M
21	4175	0.329	8.607E-88	3	1049	1134	1	1028	1031	8M2I6M2I159M1I29M5D215M3I23M1D93M4I112M2D53M1I35M1I118M1I22M1D36M7I52M1I4M5I54M
1	4146	0.348	3.666E-92	1	1064	1134	2	1113	1129	18M3I158M1D116M2I9M2D14M3D89M2D4M23D12M3I21M1D68M1I20M2I124M1D19M1I4M11D8M14D193M1D34M1I7M1D55M1D78M
33	4109	0.336	7.664E-92	4	1122	1134	4	1161	1176	5M3I9M2D44M1I47M1D176M1I4M1D19M7D93M51D5M8D40M2D36M2D4M4D27M1I20M2I51M1D79M5D12M3D14M4D196M1D99M3I6M1D52M14I9M21I5M8I13M
26	4097	0.340	1.132E-91	5	1047	1134	5	1123	1125	6M1I8M2D2M9D157M1D116M2I16M2D9M3D85M21D20M2I89M1I20M1D5M4I121M9I18M19D16M17D6M18D175M1D30M1I8M1D54M1D62M
34	4064	0.332	7.637E-91	4	1122	1134	3	1169	1183	5M3I8M3D45M1I45M1D199M5D6M2D90M30D2M27D3M10D40M2D41M6D26M1I20M2I51M1D82M8D21M4D198M1D97M3I9M1D39M2I4M19I11M14I11M8I13M
11	1023	0.145	4.245E-35	6	1076	1134	21	1024	1034	14M2I13M3I33M2D4M3D21M3D20M2D35M2I24M4I2M3D4M33I10M1I19M6D4M4I28M14I11M3D10M3D7M1D20M3I4M7I38M21D10M3I9M8I21M2D7M1I9M24D7M20I24M3D19M2D5M5D19M2D9M2D6M12I10M5I60M6I5M25I9M1I11M3I6M2I17M1I27M1I16M2D10M1I22M1I8M3I4M1D25M1I2M2I7M7D4M4D6M9I9M8I10M1D4M23D7M3D20M1I4M8D4M1I21M9I4M3I2M4D18M15I31M8D7M
6	1012	0.153	3.892E-35	6	1080	1134	21	1035	1036	14M2I13M3I24M6D15M1I10M4I7M5I3M12D9M2D35M2I24M4I3M25I4M6I3M1D8M1I19M6D4M4I28M14I11M3D10M3D7M1D20M3I4M7I38M21D8M1I5M3I5M7I22M2D7M1I8M20D5M5D7M21I19M3D19M2D5M5D19M2D9M2D6M12I10M5I60M6I5M25I9M1I11M3I6M2I17M1I27M1I16M2D10M1I22M1I8M3I4M1D25M1I2M2I7M7D4M4D6M9I9M8I8M1D4M23D9M3D18M2D6M5D4M1I22M9I4M3I2M4D33M12I14M12D16M
10	1000	0.150	8.874E-35	6	1069	1134	21	1010	1034	14M2I13M3I33M2D8M1I19M5I3M12D9M2D35M2I24M4I3M25I4M6I3M1D8M1I19M6D4M4I28M14I11M3D10M3D7M1D20M3I4M7I38M21D10M3I9M8I21M2D7M1I8M20D5M5D7M21I19M3D19M2D5M5D19M2D9M2D6M12I10M5I60M6I5M25I9M1I11M3I6M2I17M1I27M1I16M2D10M1I22M1I8M3I4M1D25M1I2M2I7M7D4M4D6M9I9M8I10M1D4M23D7M3D18M2D6M5D4M1I22M9I4M1D31M17I14M3D7M
5	981	0.166	1.868E-36	24	1101	1134	92	1103	1176	11M3I24M9D3M6D6M10D77M4I25M5I7M6I6M10I4M7I11M1I13M2D44M6I27M2D4M2D22M2I2M8I41M1D3M13D3M4D4M1D9M3I8M1I16M1D8M1I12M10D4M21I20M2I21M9D4M7D30M1D6M10I5M5I3M2D67M3D14M42I3M2I21M1I25M1I3M1D13M2D16M1I28M2I4M1D24M2I9M6D9M9I32M3I4M1D17M1I7M12D18M8I6M7D9M5I14M15I24M9D5M4D13M5I18M
14	977	0.162	1.430E-34	0	1045	1134	39	1098	1100	3M3I16M3D5M2D6M4I2M1I22M10D9M10D77M5I22M5I11M4I8M1D13M3I14M1I13M2D41M1D16M2I4M1D7M5D3M1I5M2D22M14I48M3I4M6D14M1I17M32D4M19D2M3I15M19D3M20I24M4D19M9D11M1I24M2I7M3I77M5I7M25I8M1I3M3I12M2I19M1I46M1D43M2I4M1D23M1I6M2I3M9I2M4D2M3D24M1D20M1D19M5D5M1D3M2D8M9I8M1D17M11D23M7I10M
24	970	0.155	8.497E-35	0	1050	1134	22	1215	1222	4M3I13M2I13M3I24M8D15M1I27M3D46M2I22M1I4M3I4M23I4M5I11M1I19M10D8M2D1M3I4M1I17M17I9M1D18M4D20M3I4M7I38M15D5M8D17M22D9M35D2M19D6M2D6M1D23M10D7M82D10M2I2M12D6M10D23M1I19M2D5M5D32M11I8M6I64M6I9M12I9M1I8M3I7M1I31M1I25M1I4M1D12M2D10M1I2M2D3M2I15M1I8M6I2M4D24M1I2M2I13M3I12M1D16M1D4M3D4M16D7M15D30M5D2M5D14M4I6M5I10M3I5M4I2M3I5M6I6M2I12M
12	960	0.151	1.256E-34	6	1029	1134	45	1036	1043	20M1I8M1I3M1I22M22D14M1I22M5D49M2I2M2I18M13I2M27I1M5I13M1I17M32D5M11D6M21D31M3I20M1I4M2D7M5D24M10I60M12I6M3D12M1D6M1I13M14D3M23I20M1I20M7D5M2D33M12I4M6I71M33I13M4D12M2I21M4D43M2D16M1I20M4I9M1D25M2I8M6D13M9I26M3D4M4D20M11D7M4I18M8I12M6I24M
13	951	0.154	3.878E-34	9	1029	1134	46	1036	1043	13M2D13M2I2M1I22M6D3M8D3M8D8M1I22M5D49M2I2M2I18M13I2M27I1M5I13M1I17M32D5M11D6M21D31M3I20M1I4M2D7M5D24M10I60M12I6M3D12M1D6M1I13M14D3M23I20M1I17M3D8M6D33M12I4M6I71M33I13M4D12M2I21M4D43M2D16M1I9M4I20M1D25M2I8M6D13M9I27M2D3M5D23M7D26M8I12M6I24M
31	946	0.152	5.031E-34	6	1027	1134	45	1015	1024	29M2I2M1I22M10D6M2D3M14D28M1D46M4I23M13I2M2I1M24I1M6I12M1I17M26D11M19D31M3I20M1I4M2D7M5D24M10I60M12I6M3D12M1D6M1I8M10D6M4D2M23I20M1I17M3D8M6D32M13I5M6I69M32I1M1I12M2I2M5D7M1I24M4D43M2D10M1I15M4I20M1D25M2I8M6D6M3D4M12I7M1D4M2D19M4D20M11D8M4I17M8I12M6I22M
3	945	0.155	2.741E-34	9	1029	1134	46	1036	1043	6M3D5M1I5M1I8M1I3M1I22M6D4M16D10M1I22M5D49M2I2M2I18M13I2M27I1M5I13M1I17M32D5M11D6M21D31M3I20M1I4M2D7M5D24M10I60M12I6M3D12M1D6M1I13M14D3M23I20M1I17M3D8M6D33M12I4M6I71M33I12M2I2M5D7M1I24M4D43M2D10M1I15M4I20M1D25M2I8M6D13M9I26M3D4M4D20M11D7M4I18M8I12M6I24M
8	944	0.153	5.985E-34	9	1029	1134	46	1036	1043	13M2D13M2I2M1I22M6D7M16D7M1I22M5D49M2I2M2I18M13I2M27I1M5I13M1I17M32D5M11D6M21D31M3I20M1I4M2D7M5D24M10I60M12I6M3D12M1D6M1I13M14D3M23I20M1I17M3D8M6D33M12I4M6I71M33I13M4D12M2I21M4D43M2D10M1I2M4I33M1D25M2I8M6D13M9I29M3D1M4D23M7D26M8I12M6I24M
16	932	0.142	2.199E-33	6	1027	1134	45	1043	1052	29M2I2M1I9M4D14M5D8M18D17M1D60M2I2M2I19M39I3M6I12M1I17M67D11M5D34M5I8M2D7M1I4M2D7M5D24M10I43M5I9M6I26M3D7M1I8M1I5M16I3M4I1M12D21M1I20M9D43M10I2M9I65M28I1M5I13M2I2M5D5M1D4M2I21M4D44M2D9M1I2M4I33M1D25M2I8M6D13M9I29M3D1M4D23M7D26M23I7M9D18M
9	905	0.144	2.513E-34	6	1076	1134	43	1100	1125	20M1I8M1I3M1I9M4D15M2D1M4D4M13D7M1I22M5D49M2I2M2I18M13I2M2I1M24I1M6I12M1I17M57D5M14D6M19D31M3I18M2D10M2D4M2D24M10I60M12I6M3D12M1D6M1I8M10D6M4D2M23I20M1I17M3D8M6D32M13I5M6I69M32I1M1I12M2I2M5D7M1I24M4D43M2D10M1I15M4I20M1D25M2I8M6D13M9I28M3D2M4D20M11D8M4I17M23I7M9D17M6I3M1I40M
23	903	0.145	9.645E-34	6	1076	1134	45	1102	1127	20M1I8M1I3M1I9M4D13M19D14M1I22M5D46M4I24M39I3M6I12M1I17M48D3M23D8M19D31M3I20M1I4M2D7M5D24M10I43M5I8M7I15M3D12M1D6M1I8M10D6M4D2M23I20M1I17M3D8M6D32M13I5M6I69M32I1M1I13M4D12M2I21M4D43M2D10M1I2M4I33M1D25M2I8M6D13M9I28M3D2M4D23M7D26M8I12M6I21M6I3M1I40M
22	894	0.145	8.468E-34	9	1076	1134	46	1073	1097	12M2D14M2I2M1I9M4D13M18D14M1I22M5D49M2I2M2I18M13I2M2I1M24I1M6I12M1I17M32D5M11D6M21D31M2I6M4I12M2D4M2D7M5D24M10I60M12I8M1D9M3D7M1I13M14D3M23I20M1I17M3D8M6D33M12I4M6I71M33I13M4D12M2I21M4D43M2D16M1I25M3I30M2I8M6D13M9I26M3D4M4D20M11D7M4I18M15I6M3I2M4D18M15I14M5D24M
4	880	0.135	1.770E-33	6	1099	1134	45	1100	1183	29M2I2M1I22M38D13M1I23M5D49M2I2M2I14M2I5M37I3M6I12M1I17M35D13M8D33M5I7M6D3M1I4M2D7M1I1M2D18M1I4M13I45M15I8M5D10M4D12M1D6M1I9M8D4M6D3M23I23M3D18M9D31M8D7M5D3M9I5M8I65M33I16M4D10M2I19M3D6M1D41M2D16M1I9M4I18M1D28M3I7M3I1M13D5M16I8M3D4M2D14M6D20M11D7M4I18M8I12M6I37M10I16M8I23M
0	834	0.144	3.675E-31	6	1051	1134	24	1147	1148	14M2I7M2I12M1I27M5I7M3I16M6D46M2I2M2I18M3I4M5I3M24I4M5I13M1I16M7D9M2I32M1I4M5I17M1I5M2D18M1I4M13I34M1D4M23D3M4D6M4I5M4D12M12D2M4D11M1D8M2D7M1I8M1D7M1I4M8I5M5D3I4M1D1M1D16M7D1M4D6M3D15M5D5M11D12M1I19M4I8M4I72M8D18M4D6M32I3M5I22M1I44M2D14M1D2M2I20M7I4M4D25M1I2M2I9M7D13M4I21M90D4M5D6M16D3M12D21M8D23M4I5M3I2M2I5M7I2M4D18M11I5M2I9M
 