#Task    Step    numberOfAcceptedPeleSteps    currentEnergy    BindingEnergy    sasaLig    distance_A35SG_L1S1    
1    0    0    -6423.87    -13.4985    0.410691    6.24943    
1    1    1    -6442.9    -14.1146    0.329248    5.96278    
1    5    2    -6454.16    -25.7412    0.348579    5.82144    
1    14    3    -6451.61    -18.576    0.398474    5.72775    
1    15    4    -6456.07    -24.5866    0.385304    6.1965    
1    17    5    -6447.39    -22.4134    0.496729    3.76947    
1    20    6    -6449.74    -20.4031    0.542472    5.02119    
1    21    7    -6449.13    -23.9754    0.488757    3.84659    
1    23    8    -6454.05    -26.6222    0.479999    3.87366    
1    26    9    -6451.55    -24.8819    0.499825    3.70848    
1    30    10    -6458.05    -25.4718    0.494678    3.80183    
1    31    11    -6458.88    -19.9225    0.54753    4.86228    
1    32    12    -6458.82    -18.9034    0.544888    5.24941    
1    38    13    -6458.85    -17.7575    0.555104    5.22334    
1    39    14    -6458.29    -21.7217    0.549408    5.19845    
1    43    15    -6452.87    -12.087    0.638103    9.23146    
1    44    16    -6454.8    -14.1601    0.6556    9.78686    
1    50    17    -6451.83    -8.53771    0.652065    13.0826    
1    51    18    -6454.05    -14.5015    0.641417    12.3553    
1    56    19    -6453.07    -13.6381    0.648003    7.98763    
1    58    20    -6451.75    -15.5498    0.579614    6.88421    
1    59    21    -6462.88    -23.3042    0.528934    4.30977    
1    61    22    -6461.05    -22.8423    0.502098    4.00211    
1    63    23    -6463.12    -20.4759    0.539421    5.2333    
1    69    24    -6461.15    -21.7261    0.512477    4.58596    
1    70    25    -6460.12    -21.6365    0.522343    4.74418    
1    72    26    -6460.36    -21.3003    0.559126    5.50905    
1    74    27    -6463.11    -21.699    0.512479    4.81679    
1    79    28    -6465.41    -22.2686    0.502102    4.85285    
1    82    29    -6462.81    -20.768    0.555378    5.6534    
1    86    30    -6452.14    -11.6831    0.555482    5.50145    
1    87    31    -6460.43    -20.3778    0.57491    6.24139    
1    89    32    -6461.48    -21.2265    0.553938    6.63053    
1    98    33    -6456.63    -19.2724    0.483102    4.44577    
1    100    34    -6459.85    -20.9887    0.524797    5.00133    
