#Task    Step    numberOfAcceptedPeleSteps    currentEnergy    BindingEnergy    sasaLig    distance_A35SG_L1S1    
1    0    0    -6446.11    -18.8843    0.408728    5.8296    
1    1    1    -6450.92    -8.42829    0.379031    4.36715    
1    3    2    -6448.19    -2.82657    0.384544    4.20199    
1    5    3    -6448.08    -9.11607    0.518158    5.97834    
1    6    4    -6445.96    -6.2293    0.515288    6.0545    
1    7    5    -6451.68    -7.6191    0.538338    10.0188    
1    11    6    -6452.04    -11.2272    0.508294    10.05    
1    13    7    -6453.37    -15.3826    0.475461    9.82782    
1    25    8    -6453.34    -15.751    0.51512    10.1878    
1    27    9    -6449.5    -12.7442    0.560656    10.4713    
1    29    10    -6449.46    -13.495    0.519897    9.91498    
1    39    11    -6454.63    -14.5686    0.555674    10.0005    
1    43    12    -6451.48    -12.5665    0.538649    9.63444    
1    46    13    -6452.51    -11.3391    0.542868    9.4892    
1    50    14    -6456.11    -13.9247    0.526761    9.68056    
1    52    15    -6455.54    -13.0065    0.573609    10.1452    
1    55    16    -6453.14    -6.44378    0.586589    9.55569    
1    56    17    -6453.97    -2.68367    0.638056    10.2725    
1    58    18    -6450.66    2.7888    0.653277    7.61095    
1    59    19    -6451.26    -1.08278    0.62053    7.19725    
1    67    20    -6452.4    -2.71133    0.579561    8.36225    
1    68    21    -6454.32    -2.91342    0.638441    8.42544    
1    70    22    -6457.04    -2.77934    0.655957    9.02812    
1    71    23    -6458.58    -3.67113    0.667625    9.45118    
1    72    24    -6454.25    0.803675    0.674809    9.71332    
1    73    25    -6453.56    -3.23356    0.652373    9.98321    
1    74    26    -6455.59    -3.03621    0.732755    10.4213    
1    76    27    -6456.2    -2.56553    0.686786    9.31335    
1    80    28    -6458.43    -3.4583    0.64042    9.54914    
1    85    29    -6459.24    -3.64438    0.641293    9.26605    
1    86    30    -6456.65    -1.45163    0.684426    9.21899    
1    87    31    -6459.6    -3.91222    0.654852    9.80652    
1    88    32    -6460.15    -2.92421    0.665463    10.1666    
1    89    33    -6452.43    2.24223    0.669013    10.5972    
1    90    34    -6454.25    1.10697    0.666924    10.1775    
1    91    35    -6458.02    -0.199839    0.65348    9.837    
1    92    36    -6457.49    0.309584    0.653493    9.65389    
1    95    37    -6456.72    -2.55747    0.648261    9.77371    
1    96    38    -6457.42    -2.51362    0.642506    10.0346    
1    97    39    -6456.74    0.301497    0.739072    10.1267    
1    98    40    -6456.48    3.88431    0.703547    11.2155    
1    99    41    -6460.8    -1.77574    0.637543    6.60893    
