#Task    Step    numberOfAcceptedPeleSteps    currentEnergy    BindingEnergy    sasaLig    distance_A35SG_L1S1    
1    0    0    -6425.86    -18.8457    0.417244    6.85193    
1    1    1    -6441.62    -9.30578    0.526143    6.87038    
1    2    2    -6450.01    -9.38686    0.53843    7.87964    
1    3    3    -6457.95    -12.6426    0.538491    7.06787    
1    7    4    -6459.65    -14.8811    0.511319    6.26849    
1    8    5    -6455.83    -8.62197    0.531891    5.304    
1    9    6    -6455.44    -13.2992    0.533877    6.96383    
1    10    7    -6460.6    -17.2823    0.472921    6.70938    
1    11    8    -6467.7    -21.1343    0.453783    8.26965    
1    13    9    -6449.74    -13.0757    0.480745    9.71087    
1    14    10    -6446.71    -7.73862    0.513883    10.5211    
1    15    11    -6453.1    -13.6511    0.50468    8.89322    
1    17    12    -6446.46    -2.74249    0.645878    8.32158    
1    18    13    -6457.78    -7.89807    0.583742    8.07423    
1    24    14    -6458.62    -6.98734    0.561035    8.6111    
1    25    15    -6452.38    0.7892    0.474796    4.58943    
1    26    16    -6455.03    -0.77733    0.494461    6.89623    
1    27    17    -6460.09    -6.20628    0.540961    5.24222    
1    28    18    -6460.29    -3.88117    0.578046    7.21697    
1    32    19    -6461.81    -4.96153    0.560786    7.97754    
1    33    20    -6463.66    -8.40548    0.544063    9.37832    
1    40    21    -6463.79    -5.8505    0.590255    9.74149    
1    41    22    -6460.16    -6.5014    0.562261    10.27    
1    42    23    -6458.66    2.27396    0.679564    13.5463    
1    43    24    -6462.43    -5.70397    0.597016    12.6525    
1    49    25    -6463.74    -5.20523    0.58287    12.307    
1    54    26    -6464.59    -5.19697    0.586414    12.6884    
1    55    27    -6465.93    -9.69617    0.57333    12.1664    
1    57    28    -6470.76    -14.939    0.51639    11.8909    
1    62    29    -6468.77    -12.5663    0.543051    11.6564    
1    65    30    -6470.77    -17.0702    0.569301    13.5371    
1    67    31    -6471.3    -16.9236    0.560543    13.4093    
1    70    32    -6472.35    -13.4425    0.605508    12.7145    
1    71    33    -6475.3    -13.7252    0.614895    12.8015    
1    76    34    -6473.02    -12.9867    0.602568    12.4159    
1    78    35    -6468.98    -10.5792    0.551761    13.4312    
1    81    36    -6468.23    -7.55168    0.538039    13.7561    
1    86    37    -6473.09    -10.3546    0.582086    13.8017    
1    100    38    -6474.12    -11.8406    0.608613    12.9559    
