#Task    Step    numberOfAcceptedPeleSteps    currentEnergy    BindingEnergy    sasaLig    distance_A35SG_L1S1    
1    0    0    -6439.76    -17.4651    0.40312    6.0861    
1    3    1    -6449.36    -12.7412    0.48781    4.78974    
1    4    2    -6450.18    -13.3374    0.501131    4.96265    
1    5    3    -6456.4    -17.5659    0.469751    4.7569    
1    9    4    -6455.19    -20.5954    0.478119    5.54177    
1    11    5    -6454.83    -13.4198    0.513392    8.47449    
1    17    6    -6466.75    -33.3799    0.41833    9.06508    
1    19    7    -6468.86    -32.7052    0.42829    9.87615    
1    28    8    -6467.15    -33.0032    0.43651    9.19159    
1    33    9    -6465.72    -34.2739    0.410036    9.59669    
1    37    10    -6464.64    -34.4184    0.405021    9.31798    
1    43    11    -6464.45    -33.1604    0.3963    9.47344    
1    55    12    -6466.35    -34.7132    0.413896    9.43553    
1    61    13    -6466.27    -35.0181    0.399573    9.3157    
1    69    14    -6464.7    -32.5527    0.403592    9.49274    
1    70    15    -6464.82    -34.8418    0.398767    9.01238    
1    75    16    -6466.8    -37.901    0.387872    9.13563    
1    77    17    -6462.36    -26.6549    0.505398    9.23272    
1    79    18    -6466.76    -21.8967    0.551198    9.88341    
1    82    19    -6470.55    -25.9888    0.555574    10.5428    
1    83    20    -6471.82    -29.544    0.52316    9.84767    
1    84    21    -6469.3    -27.2872    0.515122    9.39762    
1    87    22    -6468.72    -24.7728    0.463388    10.194    
1    88    23    -6464.04    -21.0883    0.445979    9.89006    
1    89    24    -6461.21    -10.8425    0.55435    9.09804    
1    90    25    -6462.05    -9.77864    0.537802    9.41901    
1    91    26    -6469.14    -20.5262    0.431717    10.0532    
1    95    27    -6475.37    -26.5294    0.439682    10.2485    
1    97    28    -6479.85    -35.6571    0.415168    9.85157    
1    98    29    -6480.41    -37.0044    0.41879    9.44565    
1    100    30    -6477.68    -39.4066    0.440319    9.92744    
