#Task    Step    numberOfAcceptedPeleSteps    currentEnergy    BindingEnergy    sasaLig    distance_A35SG_L1S1    
1    0    0    -6443.88    -21.696    0.401328    5.79553    
1    5    1    -6464.58    -22.4964    0.393622    6.25585    
1    8    2    -6458.11    -19.2485    0.373577    5.57978    
1    9    3    -6452.85    -16.8019    0.389429    6.35592    
1    11    4    -6456.42    -22.5971    0.384368    5.58297    
1    13    5    -6455.77    -25.1191    0.367627    5.38126    
1    14    6    -6458.14    -23.9582    0.40236    5.46846    
1    21    7    -6461.72    -22.1051    0.445729    5.40798    
1    23    8    -6460.8    -21.3766    0.41671    5.45967    
1    29    9    -6462.78    -25.9035    0.365002    5.42809    
1    33    10    -6461.64    -24.117    0.372749    6.16456    
1    34    11    -6462.21    -22.0716    0.388491    6.61918    
1    35    12    -6454.2    -17.96    0.357213    5.52196    
1    37    13    -6463.63    -22.3237    0.358701    5.23475    
1    38    14    -6459.4    -18.3486    0.360638    4.93047    
1    39    15    -6454.77    -13.4258    0.493767    6.50253    
1    40    16    -6453.83    -4.02731    0.543118    3.73892    
1    42    17    -6457.81    -5.3887    0.523964    3.6208    
1    43    18    -6458.8    -8.83836    0.510308    3.80625    
1    47    19    -6456.96    -0.795663    0.595216    6.12408    
1    51    20    -6461.2    -9.45349    0.599233    6.55139    
1    61    21    -6460.37    -10.4466    0.564248    6.46507    
1    62    22    -6462.05    -10.3082    0.579531    5.79171    
1    68    23    -6466.91    -12.2101    0.559838    6.30906    
1    76    24    -6466.06    -11.3559    0.554274    6.2826    
1    79    25    -6459.2    -7.04063    0.480533    3.9326    
1    80    26    -6456.44    -2.86372    0.524162    3.96999    
1    81    27    -6463.22    -10.9782    0.450311    3.66506    
1    83    28    -6463.09    -11.5461    0.442035    3.6418    
1    84    29    -6463.15    -8.96177    0.480667    3.91668    
1    89    30    -6458.08    -10.156    0.423923    3.57249    
1    96    31    -6461.03    -11.1123    0.43236    3.668    
