#Task    Step    numberOfAcceptedPeleSteps    currentEnergy    BindingEnergy    sasaLig    distance_A35SG_L1S1    
1    0    0    -6440.05    -20.4488    0.43494    7.09153    
1    1    1    -6442.9    -6.06377    0.510739    7.41363    
1    2    2    -6439.69    2.67262    0.595888    6.88588    
1    4    3    -6442.96    4.70388    0.613523    9.38759    
1    5    4    -6441.9    5.29128    0.528758    8.48722    
1    6    5    -6443.12    2.44749    0.51683    7.19095    
1    7    6    -6446.5    -3.14835    0.500618    4.57866    
1    8    7    -6443.89    -0.63684    0.473699    4.57113    
1    9    8    -6445.59    -3.9221    0.472754    5.37679    
1    10    9    -6447.52    -2.66438    0.517885    5.15664    
1    11    10    -6449.06    -4.58466    0.471268    4.3369    
1    12    11    -6450.05    -3.35171    0.479045    5.10643    
1    17    12    -6447.83    -1.84704    0.526438    4.67111    
1    18    13    -6452.32    -3.46368    0.556525    4.75891    
1    19    14    -6452.88    -5.43883    0.498167    5.18382    
1    24    15    -6456.71    -8.4607    0.582033    5.01605    
1    26    16    -6461.44    -11.1771    0.510157    5.33962    
1    30    17    -6458.79    -7.84253    0.470521    5.44085    
1    31    18    -6459.78    -7.82853    0.462454    5.19104    
1    33    19    -6448.32    -9.06516    0.396571    5.08525    
1    35    20    -6444.24    -4.6653    0.428669    5.29991    
1    37    21    -6442.3    -3.0932    0.445519    4.95598    
1    38    22    -6443.3    -1.60829    0.459388    5.34226    
1    40    23    -6441.94    0.167811    0.42376    4.18256    
1    43    24    -6447.52    -2.60637    0.478195    4.90502    
1    45    25    -6449.93    -8.56499    0.425487    4.80087    
1    47    26    -6448.08    -6.84376    0.400438    4.69634    
1    48    27    -6451.78    -7.13611    0.425896    5.31496    
1    52    28    -6447.42    -1.77867    0.438455    6.09589    
1    53    29    -6451.66    -13.8326    0.380032    6.88215    
1    54    30    -6455.78    -15.1731    0.374905    7.06407    
1    57    31    -6458.84    -22.484    0.374699    8.33182    
1    59    32    -6462.4    -25.1974    0.383236    8.66976    
1    67    33    -6464.55    -26.4186    0.386919    8.39334    
1    77    34    -6466.5    -26.5617    0.386132    9.04663    
1    79    35    -6470.1    -27.7534    0.387159    8.55372    
1    81    36    -6473.48    -27.8157    0.38955    8.67034    
1    92    37    -6476.24    -29.1266    0.38331    8.78164    
1    97    38    -6470.57    -26.7914    0.366633    8.60165    
