#Task    Step    numberOfAcceptedPeleSteps    currentEnergy    BindingEnergy    sasaLig    distance_A35SG_L1S1    
1    0    0    -6430.41    -13.6919    0.372585    6.74472    
1    1    1    -6432.02    -10.6746    0.464709    5.29178    
1    4    2    -6437.65    -9.26734    0.488276    6.29873    
1    5    3    -6452.34    -12.1077    0.42672    7.17142    
1    9    4    -6441.91    -14.0338    0.432796    6.76619    
1    12    5    -6444.26    -13.4711    0.406545    5.97562    
1    13    6    -6445.76    -17.4488    0.394386    6.21425    
1    18    7    -6444.81    -10.5315    0.43149    6.12259    
1    20    8    -6449.32    -11.8551    0.416459    6.65892    
1    33    9    -6449.27    -9.12616    0.498308    5.91007    
1    34    10    -6454.02    -9.5    0.52588    5.93176    
1    37    11    -6458.02    -1.21237    0.627825    6.544    
1    38    12    -6464.95    -8.74696    0.595743    5.7728    
1    41    13    -6468.05    -14.4151    0.622336    4.0446    
1    42    14    -6468.77    -11.756    0.689885    7.47685    
1    46    15    -6467.21    -10.7968    0.708801    7.28656    
1    47    16    -6466.38    -14.2956    0.547347    8.23412    
1    49    17    -6471.6    -24.8671    0.51357    6.96043    
1    51    18    -6472.89    -26.6741    0.489763    6.65375    
1    53    19    -6467.51    -21.907    0.510549    3.73292    
1    55    20    -6474.53    -22.9359    0.565552    4.1133    
1    56    21    -6474.47    -22.0246    0.556461    4.14486    
1    59    22    -6474.59    -22.3678    0.534101    3.84805    
1    60    23    -6474.44    -21.4284    0.538128    3.95726    
1    66    24    -6474.03    -21.5718    0.5065    3.45082    
1    75    25    -6471.22    -30.0866    0.419235    3.51565    
1    80    26    -6474.62    -27.8324    0.420423    3.57336    
1    81    27    -6478.03    -31.5964    0.413269    3.52807    
1    93    28    -6474.23    -28.2402    0.434992    4.05092    
