#Task    Step    numberOfAcceptedPeleSteps    currentEnergy    BindingEnergy    sasaLig    distance_A35SG_L1S1    
1    0    0    -6428.41    -22.1625    0.408918    5.79895    
1    1    1    -6461.8    -25.7062    0.382654    6.05312    
1    6    2    -6461.1    -24.5968    0.385803    6.19849    
1    16    3    -6458.37    -22.4431    0.401103    6.80499    
1    25    4    -6455.41    -17.7643    0.466851    5.79111    
1    30    5    -6455.54    -17.517    0.456832    5.04516    
1    31    6    -6456.15    -23.3968    0.434307    5.85345    
1    34    7    -6458.09    -19.9448    0.461569    4.56338    
1    35    8    -6455.99    -21.7508    0.450732    5.1322    
1    39    9    -6454.37    -14.5279    0.427827    4.87228    
1    45    10    -6458.09    -18.2582    0.417699    4.44527    
1    46    11    -6451.88    -10.7225    0.450169    5.96941    
1    52    12    -6461.01    -18.9823    0.438498    4.73939    
1    53    13    -6464.83    -21.0594    0.457341    6.44893    
1    58    14    -6461.73    -16.3627    0.455612    6.40732    
1    61    15    -6461.55    -21.5967    0.445062    5.76038    
1    65    16    -6470.62    -24.1983    0.449839    6.51128    
1    69    17    -6468.88    -24.6616    0.438588    6.39427    
1    70    18    -6470.6    -23.8016    0.439097    6.26021    
1    73    19    -6467.83    -24.3417    0.455202    6.05399    
1    82    20    -6468.43    -25.0717    0.419368    6.26087    
1    84    21    -6468.29    -18.4963    0.478258    6.26837    
1    98    22    -6467.71    -19.285    0.455413    6.68761    
1    99    23    -6467.32    -22.0847    0.419542    6.75168    
