#Task    Step    numberOfAcceptedPeleSteps    currentEnergy    BindingEnergy    sasaLig    distance_A35SG_L1S1    
1    0    0    -6445.82    -19.8814    0.414653    6.04974    
1    1    1    -6455.7    -9.08078    0.488153    4.22109    
1    3    2    -6459.12    -11.1892    0.556176    7.41746    
1    4    3    -6467.85    -19.3662    0.556318    7.79494    
1    7    4    -6467.98    -17.184    0.610255    9.78332    
1    8    5    -6466.25    -20.716    0.596154    9.02942    
1    9    6    -6463.65    -19.28    0.538309    8.97293    
1    10    7    -6468.28    -21.6943    0.552998    8.95333    
1    13    8    -6464.51    -21.2699    0.583894    9.52385    
1    14    9    -6453.11    -7.32699    0.597638    9.95802    
1    15    10    -6453.08    -3.96283    0.579023    9.20229    
1    17    11    -6454.18    -3.92949    0.581524    9.74015    
1    19    12    -6456.04    -9.79397    0.567983    10.0379    
1    20    13    -6456.51    -1.84453    0.577224    3.91182    
1    21    14    -6453.78    -10.6371    0.516929    3.8134    
1    22    15    -6465.35    -12.4656    0.47352    3.80939    
1    26    16    -6466.88    -13.3541    0.484626    3.74816    
1    32    17    -6465.85    -13.2386    0.493331    3.74982    
1    43    18    -6476.77    -22.596    0.413643    6.58277    
1    55    19    -6478.04    -23.5315    0.405008    6.72413    
1    56    20    -6475.03    -19.7413    0.386727    7.09411    
1    57    21    -6472.69    -23.0445    0.352759    6.89367    
1    58    22    -6473.52    -20.9025    0.388634    6.71862    
1    59    23    -6473.6    -23.587    0.362608    6.85586    
1    72    24    -6472.04    -21.4434    0.36057    7.17001    
1    75    25    -6476.8    -23.9562    0.360379    6.76732    
