#Task    Step    numberOfAcceptedPeleSteps    currentEnergy    BindingEnergy    sasaLig    distance_A35SG_L1S1    
1    0    0    -6421.33    -12.639    0.411359    6.56172    
1    1    1    -6452.05    -16.4238    0.379255    6.51375    
1    6    2    -6454.24    -15.3503    0.402068    5.83648    
1    12    3    -6455.2    -13.8879    0.448399    5.57276    
1    21    4    -6453.27    -9.55625    0.452461    10.867    
1    22    5    -6457.73    -18.08    0.443531    10.8337    
1    23    6    -6458.2    -16.2519    0.442288    10.2825    
1    32    7    -6456.85    -14.5426    0.473233    10.2375    
1    33    8    -6460.32    -22.1708    0.423521    9.86933    
1    36    9    -6457.14    -16.3113    0.420017    9.22506    
1    37    10    -6458.87    -20.078    0.426921    9.7221    
1    40    11    -6459.88    -19.0885    0.415642    9.43354    
1    43    12    -6461.26    -18.2498    0.440049    9.38762    
1    44    13    -6461    -17.9823    0.424903    9.74295    
1    47    14    -6455.59    -14.7635    0.396766    9.68633    
1    48    15    -6458.6    -14.9384    0.407618    10.5377    
1    49    16    -6461.78    -6.91779    0.445981    9.5651    
1    50    17    -6462.18    -5.85487    0.492816    9.47326    
1    51    18    -6463.61    -3.82036    0.569293    9.86988    
1    54    19    -6463.55    -0.607636    0.628992    7.71408    
1    55    20    -6466.94    -7.58908    0.539353    7.60077    
1    57    21    -6472.39    -13.295    0.485594    7.85543    
1    59    22    -6473.62    -13.7176    0.471772    8.27021    
1    63    23    -6475.44    -13.6315    0.478929    8.87982    
1    66    24    -6476.59    -13.9966    0.501904    8.6016    
1    67    25    -6472.5    -10.4982    0.547916    8.60765    
1    72    26    -6469.81    -10.482    0.503794    9.6113    
1    73    27    -6469.09    -7.98666    0.477308    9.55466    
1    76    28    -6470.47    -12.5799    0.510121    9.07061    
1    78    29    -6469.64    -10.4436    0.561442    8.57588    
1    80    30    -6473.03    -16.0033    0.487823    8.70665    
1    83    31    -6472.8    -14.0133    0.437692    10.3951    
1    86    32    -6472.73    -14.8981    0.43107    10.7545    
1    87    33    -6470.28    -14.6609    0.435019    10.4417    
