#Task    Step    numberOfAcceptedPeleSteps    currentEnergy    BindingEnergy    sasaLig    distance_A35SG_L1S1    
1    0    0    -6439.1    -19.7979    0.406256    5.83585    
1    1    1    -6453.59    -8.94053    0.556035    4.34596    
1    3    2    -6467.64    -16.8363    0.484951    7.39139    
1    6    3    -6466.64    -14.5448    0.52646    7.60686    
1    7    4    -6468.16    -21.3261    0.469676    6.60343    
1    8    5    -6468.83    -16.6466    0.514018    7.70151    
1    10    6    -6469.17    -13.8869    0.500982    8.47718    
1    11    7    -6468.99    -15.6649    0.4703    7.29017    
1    13    8    -6468.66    -18.0854    0.430318    4.36694    
1    23    9    -6463.64    -12.8108    0.435284    5.78055    
1    24    10    -6469.47    -17.0845    0.430146    4.19012    
1    28    11    -6468.27    -14.6993    0.432151    4.91958    
1    48    12    -6469.35    -16.6745    0.418435    3.88505    
1    52    13    -6464.08    -12.1768    0.436369    4.47215    
1    53    14    -6463.1    -7.61769    0.570465    3.76799    
1    56    15    -6464.2    -7.39141    0.566681    3.76582    
1    58    16    -6464.55    -9.60974    0.526204    3.60327    
1    64    17    -6467.42    -13.3378    0.495913    3.66245    
1    66    18    -6466.38    -14.2677    0.486007    3.77006    
1    70    19    -6466.51    -12.2614    0.515034    4.63464    
1    74    20    -6466.75    -11.4422    0.517212    4.7587    
1    75    21    -6465.71    -11.1539    0.503407    5.01575    
1    76    22    -6450.11    2.19107    0.639693    9.13428    
1    78    23    -6451.25    0.765492    0.691163    8.66209    
1    79    24    -6452.28    0.845821    0.535215    9.47029    
1    80    25    -6457.93    -3.442    0.456019    9.83072    
1    81    26    -6464.89    -11.2194    0.424679    5.97335    
1    88    27    -6462.17    -9.1102    0.450052    6.58037    
1    89    28    -6463.75    -9.5722    0.448463    6.63559    
1    92    29    -6461.88    -9.33295    0.452891    5.96942    
1    95    30    -6463.03    -9.75106    0.469049    7.06432    
1    96    31    -6463.41    -11.2232    0.449239    5.85349    
1    97    32    -6462.21    -4.22896    0.625016    11.116    
1    100    33    -6462.78    -5.04291    0.60866    11.7453    
