#Task    Step    numberOfAcceptedPeleSteps    currentEnergy    BindingEnergy    sasaLig    distance_A35SG_L1S1    
1    0    0    -6426.78    -26.9548    0.408874    5.88363    
1    1    1    -6431.88    -22.3205    0.299513    7.0805    
1    3    2    -6439.17    -23.9712    0.34173    7.08083    
1    6    3    -6438.96    -23.9782    0.348752    7.26565    
1    7    4    -6443.17    -26.0362    0.319059    6.83074    
1    9    5    -6448.87    -21.9993    0.405494    4.02058    
1    18    6    -6449.44    -17.1271    0.453887    4.59164    
1    20    7    -6451.13    -17.3822    0.448945    4.09342    
1    23    8    -6449.8    -16.1068    0.396084    4.17365    
1    26    9    -6433.87    0.562067    0.529917    5.05024    
1    27    10    -6441.99    -4.1301    0.468488    7.69804    
1    29    11    -6449.15    -12.6944    0.517301    4.83205    
1    30    12    -6451.37    -8.28103    0.573931    7.36    
1    31    13    -6451.52    -9.78703    0.504989    4.35449    
1    32    14    -6454.53    -12.6386    0.473803    5.17894    
1    35    15    -6454.81    -13.3647    0.526417    4.46228    
1    38    16    -6455.52    -13.918    0.528783    3.92212    
1    40    17    -6455.32    -13.1927    0.5576    3.64281    
1    48    18    -6460.1    -16.4966    0.563684    4.27827    
1    76    19    -6457.8    -16.09    0.525593    3.80269    
1    81    20    -6451.36    -17.9489    0.42456    4.00727    
1    82    21    -6451.97    -15.7722    0.446408    4.00816    
1    85    22    -6452.68    -25.3068    0.419126    3.8429    
1    89    23    -6436.71    -0.294684    0.550786    7.62694    
1    90    24    -6444.69    -3.02106    0.596346    3.59828    
1    91    25    -6450.61    -8.88254    0.560143    9.53826    
1    95    26    -6447.99    -4.89947    0.53291    7.25744    
1    96    27    -6455.33    -12.5657    0.543878    7.96647    
1    97    28    -6454.8    -18.9175    0.463436    5.49271    
1    99    29    -6456.57    -19.504    0.501604    5.44136    
