#Task    Step    numberOfAcceptedPeleSteps    currentEnergy    BindingEnergy    sasaLig    distance_A35SG_L1S1    
1    0    0    -6440.35    -25.9522    0.408656    6.76424    
1    5    1    -6461.73    -24.8586    0.404956    7.07228    
1    9    2    -6452.23    -16.5732    0.407993    6.65058    
1    11    3    -6456.73    -21.0522    0.422865    9.15068    
1    12    4    -6459.49    -23.3959    0.39711    9.55104    
1    13    5    -6468.93    -31.5198    0.372127    9.57521    
1    21    6    -6471.69    -31.4083    0.388829    8.89477    
1    28    7    -6471.11    -28.9762    0.391739    8.63888    
1    29    8    -6471.27    -33.0258    0.39023    8.82877    
1    47    9    -6468.71    -28.3858    0.408585    8.42209    
1    59    10    -6466.82    -24.4159    0.437582    9.1451    
1    61    11    -6467.28    -24.804    0.434929    9.47751    
1    68    12    -6467.04    -27.2197    0.437821    10.3324    
1    69    13    -6473.45    -29.9748    0.402213    8.64244    
1    71    14    -6473.43    -28.7344    0.406596    7.80932    
1    73    15    -6475.45    -33.9818    0.373001    6.89719    
1    85    16    -6474.98    -34.87    0.379898    7.14489    
1    93    17    -6473.59    -34.7214    0.379436    6.83745    
1    97    18    -6474.68    -33.4816    0.378949    7.1507    
