#Task    Step    numberOfAcceptedPeleSteps    currentEnergy    BindingEnergy    sasaLig    distance_A35SG_L1S1    
1    0    0    -6426.73    -12.3893    0.43202    5.87571    
1    1    1    -6450.69    -17.3643    0.427142    7.7143    
1    2    2    -6448.41    -16.9387    0.416066    7.38827    
1    3    3    -6442.04    -12.8371    0.452059    5.83502    
1    4    4    -6442.39    -10.2121    0.485508    4.81279    
1    6    5    -6444.81    -12.5508    0.479061    4.57911    
1    14    6    -6445.71    -13.0072    0.438527    3.72228    
1    15    7    -6446.04    -7.04177    0.530915    8.58727    
1    16    8    -6449.91    -10.7418    0.502015    8.22997    
1    18    9    -6453.24    -13.8735    0.452168    7.14997    
1    19    10    -6451.9    -14.039    0.444874    7.42289    
1    21    11    -6449.08    -9.44125    0.494302    7.76862    
1    23    12    -6449.6    -14.8348    0.429011    3.73815    
1    33    13    -6455.21    -9.61063    0.552972    10.6342    
1    36    14    -6458.41    -12.4611    0.576035    10.8753    
1    43    15    -6453.31    -5.92469    0.551424    11.1102    
1    46    16    -6455.37    -4.5794    0.598047    11.4651    
1    47    17    -6460.94    -9.15972    0.623468    12.6205    
1    48    18    -6461.72    -10.4644    0.613684    12.8396    
1    49    19    -6461.53    -8.25635    0.575691    11.889    
1    52    20    -6463.35    -11.3761    0.588236    11.4465    
1    53    21    -6465.8    -14.1031    0.568693    11.9575    
1    57    22    -6464.79    -15.054    0.583909    12.858    
1    63    23    -6472.21    -18.5128    0.576957    12.9551    
1    65    24    -6471.3    -16.5471    0.588109    13.0345    
1    68    25    -6467.39    -13.0786    0.572658    12.6744    
1    71    26    -6465.82    -8.6249    0.647864    13.0389    
1    72    27    -6466.35    -11.0013    0.612168    13.0493    
1    73    28    -6461.68    -6.30297    0.686655    11.4862    
1    75    29    -6461.47    -3.90349    0.672339    12.1404    
1    76    30    -6461.67    -2.38774    0.657724    13.5877    
1    78    31    -6465.51    -5.09456    0.723689    13.3069    
1    82    32    -6465.62    -3.10738    0.682665    13.5053    
1    83    33    -6463.72    -2.91272    0.695191    13.2382    
1    84    34    -6464.16    -1.83685    0.682222    12.9888    
1    86    35    -6467.62    -4.31333    0.655525    13.2232    
1    88    36    -6472.02    -7.00152    0.673209    13.1749    
1    91    37    -6470.91    -6.75578    0.667804    12.6044    
1    94    38    -6472.8    -6.80067    0.692262    13.508    
1    96    39    -6466.41    0.513171    0.690367    13.602    
1    98    40    -6466.93    -0.399309    0.706503    13.7365    
1    99    41    -6469.83    -3.64107    0.677165    13.4568    
1    100    42    -6470.71    -2.96575    0.720422    13.7913    
