#Task    Step    numberOfAcceptedPeleSteps    currentEnergy    BindingEnergy    sasaLig    distance_A35SG_L1S1    
1    0    0    -6439.12    -18.3705    0.41838    5.81084    
1    1    1    -6451.75    -16.4773    0.432485    6.96966    
1    2    2    -6463.06    -19.6481    0.430591    7.22414    
1    4    3    -6460.01    -17.2265    0.442465    6.67248    
1    6    4    -6458.41    -14.7648    0.464443    7.9999    
1    9    5    -6462.98    -21.5736    0.428886    7.08757    
1    14    6    -6459.52    -16.1508    0.453169    6.70602    
1    16    7    -6464.85    -19.6811    0.402681    7.18243    
1    21    8    -6462.99    -22.4252    0.415805    7.02487    
1    25    9    -6462.92    -25.4359    0.407053    6.98575    
1    27    10    -6462.86    -22.8275    0.414298    7.19788    
1    28    11    -6464.69    -23.2782    0.424165    6.78328    
1    31    12    -6465.46    -22.107    0.415054    7.33957    
1    36    13    -6463.59    -18.1285    0.428542    6.86443    
1    37    14    -6456.33    -14.1342    0.49662    3.96927    
1    44    15    -6451.04    -7.71553    0.570273    6.67353    
1    45    16    -6451.54    -1.66392    0.600718    7.18442    
1    46    17    -6456.84    -1.59876    0.562473    7.44028    
1    47    18    -6459.63    -3.58932    0.547259    7.58378    
1    49    19    -6463.78    -3.78449    0.608331    7.52459    
1    50    20    -6469.18    -8.79056    0.557765    6.29378    
1    52    21    -6470.02    -6.3932    0.575115    7.5582    
1    53    22    -6474.04    -15.6783    0.50978    7.18542    
1    63    23    -6472.02    -15.0154    0.52381    7.23968    
1    65    24    -6479.28    -20.1192    0.486027    7.09163    
1    71    25    -6475.73    -14.1275    0.480968    7.07951    
1    78    26    -6462.95    -2.38678    0.634388    9.19229    
1    80    27    -6465.53    -2.6755    0.600514    8.45471    
1    81    28    -6469.2    -3.94681    0.588077    4.01191    
1    83    29    -6468.68    -10.8964    0.527544    8.07808    
1    85    30    -6472.02    -14.9227    0.5055    7.4445    
1    87    31    -6471.97    -13.9454    0.50185    7.81633    
1    95    32    -6472.8    -14.3773    0.502422    7.73048    
1    98    33    -6472.61    -11.7421    0.463602    7.07755    
1    100    34    -6476.02    -15.1017    0.458644    7.33098    
