#Task    Step    numberOfAcceptedPeleSteps    currentEnergy    BindingEnergy    sasaLig    distance_A35SG_L1S1    
1    0    0    -6431.14    -26.1689    0.399774    5.69643    
1    1    1    -6448.24    -12.5056    0.46914    3.74453    
1    3    2    -6453.56    -10.0902    0.487103    3.7613    
1    7    3    -6450.37    -1.81839    0.412002    3.88637    
1    9    4    -6458.66    -6.92839    0.441045    4.28443    
1    20    5    -6456.55    -5.83955    0.474792    4.64612    
1    21    6    -6454.24    -6.09111    0.448767    4.21192    
1    28    7    -6446.12    -0.0408748    0.489049    4.72615    
1    29    8    -6453.92    -9.81055    0.457333    4.90974    
1    37    9    -6448.62    -7.44676    0.467274    4.39792    
1    40    10    -6447.36    -5.92783    0.516328    4.78075    
1    42    11    -6451.73    -7.10208    0.55424    5.9054    
1    44    12    -6455.62    -9.44006    0.564242    5.8784    
1    50    13    -6456.8    -9.383    0.523397    7.65994    
1    51    14    -6453.42    -8.25204    0.534129    7.99704    
1    55    15    -6456.11    -10.7559    0.527474    8.13459    
1    57    16    -6455.83    -13.1461    0.506462    8.00277    
1    60    17    -6454.21    -10.3338    0.510805    8.17996    
1    61    18    -6451.2    -9.9045    0.523632    8.59124    
1    63    19    -6452.56    -12.238    0.513997    8.15352    
1    64    20    -6454.57    -11.9468    0.515012    7.77675    
1    65    21    -6455.49    -7.33853    0.54758    7.90379    
1    67    22    -6457.73    -6.04939    0.56587    7.54711    
1    72    23    -6461.25    -8.19258    0.54635    7.47855    
1    74    24    -6460.48    -4.3293    0.553553    8.66143    
1    75    25    -6457.81    -6.24233    0.48791    7.04144    
1    76    26    -6458.66    -6.35734    0.471072    7.07488    
1    77    27    -6453.02    -3.55747    0.481325    7.39681    
1    78    28    -6461.22    -5.22278    0.507184    8.06262    
1    79    29    -6463.98    -9.1856    0.453189    8.08995    
1    82    30    -6462.96    -4.18    0.49796    9.32876    
1    84    31    -6464.65    -5.58183    0.529732    9.00448    
1    86    32    -6469.26    -9.05462    0.481434    7.20577    
1    87    33    -6471.93    -13.3195    0.434956    7.13766    
1    88    34    -6470.81    -14.2198    0.430117    6.62022    
1    93    35    -6464.89    -10.376    0.464799    8.49244    
1    95    36    -6466.97    -11.8597    0.459817    9.57493    
1    98    37    -6470.9    -13.6195    0.479298    9.68593    
1    99    38    -6471.28    -18.4912    0.482495    7.73956    
