#Task    Step    numberOfAcceptedPeleSteps    currentEnergy    BindingEnergy    sasaLig    distance_A35SG_L1S1    
1    0    0    -6442.71    -20.2085    0.430021    5.8696    
1    1    1    -6461.22    -19.4791    0.43252    5.92033    
1    3    2    -6464.23    -14.6257    0.456679    5.50423    
1    4    3    -6464.87    -13.7669    0.471049    6.44644    
1    7    4    -6468.26    -18.9407    0.439797    5.53147    
1    16    5    -6468.13    -21.515    0.433986    5.95084    
1    26    6    -6467.24    -19.3111    0.443616    5.40249    
1    27    7    -6463.28    -14.735    0.464261    6.65287    
1    33    8    -6467.72    -17.2222    0.423246    5.75973    
1    34    9    -6468.57    -17.8319    0.420829    6.22211    
1    41    10    -6467.87    -18.2779    0.417947    5.69862    
1    51    11    -6469.49    -18.0964    0.422609    5.44181    
1    58    12    -6467.56    -16.5609    0.426513    6.22268    
1    62    13    -6467    -16.5546    0.431364    5.79946    
1    63    14    -6470.62    -18.5109    0.408116    6.14875    
1    67    15    -6470.71    -19.378    0.425335    7.2268    
1    68    16    -6470.5    -19.4489    0.43444    6.88557    
1    72    17    -6469.91    -21.1971    0.44355    6.60124    
1    73    18    -6472.64    -24.9935    0.429109    6.84596    
1    78    19    -6470.56    -21.8301    0.444344    7.94855    
1    79    20    -6476.87    -25.4815    0.418024    6.79918    
1    84    21    -6474.34    -22.415    0.41997    7.34387    
1    90    22    -6473.76    -23.2143    0.434269    7.16845    
1    91    23    -6475.64    -25.1501    0.397226    7.01579    
