#Task    Step    numberOfAcceptedPeleSteps    currentEnergy    BindingEnergy    sasaLig    distance_A35SG_L1S1    
1    0    0    -6448.16    -10.4063    0.431228    5.77798    
1    1    1    -6465.14    -14.2172    0.427414    8.14627    
1    3    2    -6458.01    -7.52277    0.427644    8.09107    
1    5    3    -6460.82    -14.0785    0.432268    7.8497    
1    15    4    -6460.14    -8.886    0.463118    8.3672    
1    16    5    -6462.79    -9.61962    0.450281    7.57049    
1    19    6    -6465.55    -9.73931    0.457509    8.07882    
1    21    7    -6464.29    -17.1998    0.449635    6.16836    
1    24    8    -6468.39    -14.8147    0.493972    7.27128    
1    29    9    -6467.31    -17.5918    0.459052    6.52501    
1    37    10    -6471.17    -11.0708    0.473553    4.03327    
1    38    11    -6471.08    -12.7448    0.477078    4.49144    
1    46    12    -6470.32    -9.70777    0.455929    4.69518    
1    47    13    -6468.96    -13.929    0.360528    4.31135    
1    49    14    -6471.01    -20.4432    0.329695    4.18536    
1    55    15    -6470.37    -17.162    0.319104    4.14685    
1    56    16    -6475.95    -17.0969    0.347675    4.90055    
1    58    17    -6469.57    -12.2233    0.396191    5.02133    
1    64    18    -6471.35    -20.68    0.347507    4.29778    
1    69    19    -6473.13    -24.5999    0.32551    4.28454    
1    74    20    -6470.17    -23.3724    0.342248    4.86964    
1    79    21    -6473.79    -22.44    0.347723    4.54902    
1    81    22    -6471.24    -21.6665    0.351861    5.0532    
1    87    23    -6469.46    -22.8327    0.334634    4.50121    
1    89    24    -6468.39    -25.6566    0.326025    5.53716    
1    91    25    -6472.38    -26.4557    0.315093    6.42724    
1    98    26    -6472.2    -23.8579    0.329481    6.64987    
