#Task    Step    numberOfAcceptedPeleSteps    currentEnergy    BindingEnergy    sasaLig    distance_A35SG_L1S1    
1    0    0    -6438.37    -10.5983    0.382107    5.69106    
1    1    1    -6459.93    -19.2023    0.403058    7.77959    
1    8    2    -6460.96    -14.3019    0.485896    6.83329    
1    11    3    -6465.4    -22.7618    0.400721    6.8056    
1    15    4    -6464.2    -23.9643    0.408017    6.92117    
1    23    5    -6463.93    -20.7449    0.428434    6.75335    
1    24    6    -6468.82    -20.4171    0.429069    6.41398    
1    27    7    -6472.69    -26.8815    0.407702    6.61496    
1    35    8    -6475.87    -30.8024    0.422562    6.92776    
1    37    9    -6479.07    -30.244    0.370675    6.66944    
1    42    10    -6477.84    -29.5336    0.414128    6.57065    
1    48    11    -6473.85    -23.3002    0.466416    6.39651    
1    50    12    -6474.29    -26.6431    0.45336    7.11445    
1    52    13    -6477.12    -25.6226    0.429046    6.95769    
1    54    14    -6477.35    -24.6707    0.402265    7.04462    
1    55    15    -6478.04    -22.6169    0.400245    6.34954    
1    56    16    -6477.33    -18.6406    0.454599    6.79712    
1    59    17    -6477.39    -27.655    0.431951    6.55913    
1    65    18    -6479.86    -28.2792    0.397932    6.54292    
1    67    19    -6483.66    -29.6937    0.375234    6.52218    
1    69    20    -6477.7    -28.9175    0.37178    6.64341    
1    73    21    -6477.2    -30.5926    0.402816    6.54704    
1    78    22    -6476.95    -28.1984    0.414471    6.20472    
1    79    23    -6476.13    -29.3782    0.431568    7.18664    
1    81    24    -6477.89    -31.0144    0.410007    7.13944    
1    84    25    -6479.5    -29.2097    0.407447    6.59757    
1    85    26    -6480    -31.6907    0.417217    6.50272    
1    89    27    -6476.13    -32.204    0.40117    6.56804    
1    91    28    -6468.68    -19.9812    0.386009    6.30884    
1    94    29    -6467.91    -16.803    0.366951    7.07849    
1    95    30    -6477.95    -21.452    0.419069    6.48887    
1    96    31    -6477.65    -19.18    0.42087    7.01209    
1    98    32    -6481.37    -22.3754    0.406792    6.48219    
1    100    33    -6483.81    -24.004    0.387258    6.69528    
