#Task    Step    numberOfAcceptedPeleSteps    currentEnergy    BindingEnergy    sasaLig    distance_A35SG_L1S1    
1    0    0    -6433.76    -21.7439    0.389471    6.63007    
1    1    1    -6443.62    -16.1121    0.410745    8.13465    
1    2    2    -6439.89    -10.1597    0.416609    7.91222    
1    5    3    -6446.1    -9.6062    0.390296    7.75797    
1    6    4    -6456.41    -16.0994    0.402242    8.69184    
1    7    5    -6461.39    -16.6261    0.391677    8.49384    
1    8    6    -6465.54    -18.3277    0.389736    8.31771    
1    12    7    -6466.39    -18.3623    0.421676    9.05089    
1    14    8    -6463.74    -15.0694    0.448682    9.29108    
1    19    9    -6467.68    -19.1521    0.406626    9.09314    
1    25    10    -6463.04    -19.0486    0.427085    8.8203    
1    28    11    -6467.26    -18.148    0.40547    8.25066    
1    30    12    -6469.68    -20.6404    0.418607    8.64197    
1    32    13    -6470.35    -20.1938    0.41524    8.48208    
1    39    14    -6471.18    -20.4015    0.413212    8.68272    
1    40    15    -6473.54    -20.4511    0.401324    8.57406    
1    41    16    -6472.36    -21.4686    0.403754    8.23838    
1    43    17    -6470.34    -20.1486    0.402926    8.13775    
1    44    18    -6466.34    -16.8817    0.396723    8.18298    
1    48    19    -6474.65    -21.4866    0.41557    8.45969    
1    49    20    -6475.36    -21.009    0.387747    8.12249    
1    52    21    -6475.41    -21.0481    0.398136    8.13836    
1    53    22    -6468.53    -16.5225    0.453405    8.46993    
1    63    23    -6469.33    -16.7694    0.469362    6.71722    
1    65    24    -6475.85    -21.5736    0.444467    5.85755    
1    67    25    -6474.42    -21.1691    0.431707    6.11985    
1    70    26    -6473.21    -22.1095    0.43529    5.81302    
1    75    27    -6470.93    -18.2301    0.457305    5.83044    
1    81    28    -6470.55    -19.6851    0.450476    5.86467    
1    88    29    -6472.32    -16.8813    0.457589    5.58449    
1    89    30    -6471.55    -16.5397    0.470156    4.94351    
1    92    31    -6470.04    -10.1646    0.502283    4.48582    
1    93    32    -6470.42    -18.6918    0.471904    4.85001    
1    96    33    -6473.23    -17.5725    0.463695    5.03717    
1    98    34    -6473.65    -17.8119    0.471541    5.62517    
