#Task    Step    numberOfAcceptedPeleSteps    currentEnergy    BindingEnergy    sasaLig    distance_A35SG_L1S1    
1    0    0    -6439.95    -20.1672    0.413039    6.68936    
1    1    1    -6446    -18.9811    0.421908    6.99531    
1    2    2    -6446.07    -8.40163    0.473739    5.00466    
1    7    3    -6446.41    -5.81568    0.520966    9.50752    
1    11    4    -6450.35    -9.44833    0.527494    10.3294    
1    12    5    -6450.42    -8.6942    0.516828    9.91487    
1    13    6    -6449.32    -11.3097    0.52615    9.98468    
1    14    7    -6454.79    -10.8026    0.54836    10.4573    
1    15    8    -6459.09    -10.169    0.556144    5.48837    
1    16    9    -6459.1    -10.5533    0.644232    8.08159    
1    18    10    -6457.05    -7.6805    0.675247    11.6324    
1    20    11    -6451.34    -8.69986    0.623774    11.1605    
1    23    12    -6462.17    -18.5987    0.555624    11.3722    
1    25    13    -6456.55    -24.2704    0.476481    9.96183    
1    28    14    -6455.9    -22.2248    0.463071    9.50247    
1    30    15    -6462.58    -25.5965    0.465543    9.48567    
1    31    16    -6463.96    -22.8062    0.464252    10.1311    
1    32    17    -6458.48    -17.2954    0.511498    10.224    
1    33    18    -6466.6    -23.2207    0.485077    10.1582    
1    37    19    -6465.66    -23.4732    0.466606    9.81717    
1    39    20    -6466.77    -22.4917    0.462849    9.32493    
1    41    21    -6467.79    -26.6516    0.482273    6.2731    
1    43    22    -6470.68    -22.3434    0.463161    7.46972    
1    44    23    -6473.55    -24.949    0.450069    8.669    
1    48    24    -6474.38    -27.3341    0.468839    8.52595    
1    49    25    -6475.83    -28.3084    0.442204    8.82058    
1    58    26    -6469.14    -23.1017    0.432398    9.05054    
1    59    27    -6470.12    -26.1318    0.43591    9.15994    
1    61    28    -6474.05    -27.5534    0.438557    9.1647    
1    62    29    -6472.45    -28.0356    0.437735    8.82575    
1    63    30    -6477.4    -26.957    0.420863    8.16442    
1    65    31    -6479.88    -26.9054    0.440748    8.82646    
1    67    32    -6486.57    -27.9318    0.448296    9.40708    
1    79    33    -6483.84    -27.5098    0.459521    9.56122    
1    87    34    -6484.96    -27.7598    0.450264    9.15336    
1    93    35    -6484.29    -28.4077    0.442925    8.98105    
