#Task    Step    numberOfAcceptedPeleSteps    currentEnergy    BindingEnergy    sasaLig    distance_A35SG_L1S1    
1    0    0    -6432.4    -20.4106    0.41797    6.81319    
1    1    1    -6454.37    -22.7256    0.409259    6.82158    
1    3    2    -6457.22    -23.3054    0.420547    7.14242    
1    6    3    -6465.39    -22.1805    0.403043    8.24516    
1    9    4    -6465.34    -28.6831    0.393932    7.2245    
1    19    5    -6466.12    -27.7208    0.418884    7.31737    
1    25    6    -6463.52    -29.6593    0.393112    7.19928    
1    42    7    -6461.78    -25.7959    0.413596    7.00541    
1    47    8    -6458.78    -19.8872    0.412958    7.2972    
1    49    9    -6470.76    -30.953    0.377764    7.24312    
1    50    10    -6473.32    -31.9083    0.403445    7.34105    
1    53    11    -6477.45    -33.2188    0.376035    7.25266    
1    84    12    -6476.79    -30.813    0.392221    7.21584    
1    91    13    -6478.06    -31.1408    0.382395    7.35885    
1    92    14    -6471.91    -25.0333    0.426979    7.18821    
1    93    15    -6477.17    -34.3658    0.373105    7.21542    
1    96    16    -6469.86    -26.7516    0.398285    7.07332    
1    97    17    -6471.66    -25.3986    0.426615    7.43753    
1    98    18    -6475.56    -29.8102    0.41844    7.77604    
1    99    19    -6481.65    -31.7364    0.388663    6.92552    
