#Task    Step    numberOfAcceptedPeleSteps    currentEnergy    BindingEnergy    sasaLig    distance_A35SG_L1S1    
1    0    0    -6429.54    -16.1775    0.376585    5.77013    
1    1    1    -6452.27    -15.2131    0.387717    7.68059    
1    3    2    -6462.59    -13.9509    0.45924    6.58323    
1    10    3    -6468.94    -13.0067    0.493215    6.33807    
1    13    4    -6470.79    -18.8148    0.449381    6.84227    
1    34    5    -6469.21    -16.6143    0.486503    6.55318    
1    35    6    -6472.97    -18.1438    0.476843    6.97317    
1    36    7    -6471.09    -13.7482    0.519175    6.6744    
1    40    8    -6472.34    -15.326    0.476584    7.53949    
1    41    9    -6474.83    -24.4838    0.435848    4.06552    
1    43    10    -6471.67    -21.5249    0.465421    4.48374    
1    47    11    -6466.15    -16.3629    0.430155    3.82262    
1    51    12    -6466.47    -16.6641    0.418633    3.85187    
1    60    13    -6466.51    -17.3841    0.451384    4.52248    
1    65    14    -6473.85    -22.0511    0.378886    6.1501    
1    75    15    -6470.4    -15.7072    0.465313    6.58066    
1    78    16    -6472.04    -16.8991    0.4176    6.75529    
1    82    17    -6471.45    -13.9817    0.462978    7.83604    
1    83    18    -6475.12    -17.4437    0.442918    6.2217    
1    90    19    -6472.35    -14.6393    0.505791    7.0928    
1    93    20    -6472.34    -22.1453    0.393932    6.95064    
1    98    21    -6468.28    -14.5567    0.466141    7.3563    
