58	5434	1.00	0.000E+00	0	640	641	0	640	641	641M
95	3220	0.459	2.924E-68	8	640	641	4	648	651	20M4I6M4D59M5D4M2D48M1D210M2D75M1D92M1D115M
15	3212	0.457	3.498E-68	0	640	641	0	648	651	2M4I91M5D4M2D48M1D210M2D78M1D89M1D115M
85	3207	0.457	8.195E-68	0	640	641	0	648	651	2M4I91M5D4M2D48M1D210M2D78M1D89M1D115M
90	3207	0.462	7.493E-68	0	640	641	0	648	651	2M4I91M5D4M2D48M1D210M2D75M1D92M1D115M
100	3195	0.451	4.113E-67	0	640	641	0	648	651	2M4I91M7D52M1D210M2D75M1D92M1D115M
103	3152	0.451	1.577E-66	0	640	641	0	648	651	2M4I91M7D52M1D210M2D75M1D92M1D115M
110	3140	0.456	9.804E-68	0	640	641	0	648	651	2M4I22M4I6M4D59M5D4M2D48M1D210M2D79M1D88M1D115M
62	3130	0.450	3.089E-66	8	640	641	4	646	647	89M6D51M1D127M1I83M2D75M1D89M1D118M
97	2710	0.390	1.436E-58	5	639	641	42	695	701	21M3D7M4I60M2D4M10D48M1D128M2D157M3D92M1D86M1D28M
65	2462	0.337	3.926E-54	1	640	641	4	651	657	34M2I61M6D3M9D47M1D207M1D34M4I41M2D92M1D81M6I28M
59	2146	0.332	1.607E-49	5	640	641	2	613	614	21M14I29M1D16M5I5M1I2M5I176M1D21M1I10M1D47M1D68M1D10M1D91M1D79M2I4M4I21M1D4M
1	2129	0.317	2.340E-50	10	640	641	12	615	624	15M5I7M6I50M11I253M1D4M2I25M2I37M4I8M4D41M1D45M1D27M1D51M6I28M1D4M
75	2112	0.297	1.381E-48	10	640	641	10	616	629	15M5I8M6I41M5I8M6I44M1D211M3D68M3I50M1D44M1D79M6I28M1D4M
72	2061	0.297	1.240E-47	10	640	641	10	616	629	15M5I8M6I41M5I8M6I44M1D211M3D68M3I50M1D44M1D79M6I28M1D4M
74	2060	0.297	1.484E-47	10	640	641	10	616	629	15M5I8M6I41M5I8M6I44M1D211M3D68M3I50M1D44M1D79M6I28M1D4M
76	2035	0.303	1.084E-47	7	640	641	7	625	639	18M5I8M6I41M5I8M6I45M1D210M2D67M2I6M8D42M1D48M1D31M1D48M6I28M1D4M
77	1972	0.301	3.093E-48	7	640	641	8	626	640	18M5I8M6I41M4I7M7I46M1D210M2D63M9D9M3I42M1D48M1D31M1D48M6I28M1D4M
132	1581	0.250	7.213E-40	8	636	641	18	683	707	8M3D10M2D8M3I57M11I43M2D2M8D117M5I11M12D20M1I53M7D4M9D27M2I7M2D11M4D7M6D14M1I12M8D14M1I22M1D47M2D26M1D55M6I24M
129	1488	0.258	7.544E-40	56	638	641	2	611	661	5M1D14M1I17M1D10M4D19M1D20M1D132M1I10M1I4M1D4M1I65M1D36M4D10M2D32M4D87M1D75M4D15M5D9M1D15M
67	1454	0.247	2.313E-39	57	638	641	8	615	665	18M1I17M1D23M1D12M4D13M1D133M1I10M1I74M1D10M2D10M2I15M5D1M1I7M2D32M4D85M1D77M4D15M5D9M1D15M
116	1416	0.270	1.269E-38	57	637	641	6	624	674	13M4D5M1I39M4D24M1D9M1D57M3D62M1I11M1D5M2I69M1D40M7D8M1I10M1D9M4D10M4D91M1D76M8D15M2D9M1D14M
8	1389	0.246	1.867E-37	57	637	641	6	622	670	13M4D5M1I34M4D30M1D9M1D55M3D63M1I11M1D5M2I75M1D30M1D9M2D2M2D21M4D15M4D88M1D74M3D2M1D7M4D6M2D9M1D14M
71	1381	0.246	1.785E-37	57	637	641	6	622	670	13M4D5M1I34M4D32M1D7M1D55M3D63M1I11M1D5M2I75M1D32M1D7M2D6M2D17M4D15M4D88M1D74M3D2M1D7M4D6M2D9M1D14M
102	1373	0.247	3.343E-37	57	637	641	6	622	670	13M4D5M1I34M4D32M1D7M1D55M3D63M1I11M1D5M2I75M1D30M1D9M2D6M2D17M4D11M3D3M1D89M1D74M3D2M1D7M4D6M2D9M1D14M
16	1372	0.250	2.795E-37	57	636	641	6	624	670	13M4D5M1I34M4D32M1D7M1D55M3D63M1I11M1D5M2I75M1D30M1D9M2D6M2D17M4D15M4D88M1D74M3D2M1D7M4D6M2D9M2D2M2D11M
48	1370	0.259	1.305E-37	57	636	641	7	629	677	13M4D5M1I22M1D9M2D33M1D11M4D54M3D68M2I79M1D12M1I9M1D15M1I8M6D6M2D22M4D6M4D90M1D78M4D6M4D7M2D9M2D2M2D11M
39	1368	0.259	9.116E-38	57	636	641	6	628	676	13M4D5M1I22M1D9M2D33M1D11M4D54M3D68M2I79M1D12M1I9M1D15M1I8M6D6M2D22M4D6M4D90M1D78M4D10M2D3M4D9M2D2M2D11M
86	1367	0.246	6.260E-37	57	637	641	6	622	670	13M4D5M1I34M4D32M1D7M1D55M3D63M1I11M1D5M2I75M1D32M1D7M2D2M2D21M4D11M3D3M1D89M1D74M3D2M1D6M6D16M1D14M
61	1367	0.258	5.473E-37	57	638	641	7	628	677	13M4D5M1I22M1D9M2D33M1D11M4D54M3D67M1I7M1I79M1D6M1I9M1D15M1I8M6D6M2D23M4D5M4D90M1D76M4D9M4D6M2D9M1D15M
22	1365	0.262	1.867E-37	57	636	641	7	629	677	13M4D5M1I22M1D9M2D33M1D11M4D54M3D68M2I79M1D12M1I9M1D15M1I8M6D6M2D22M4D6M4D90M1D78M4D6M4D7M2D9M2D2M2D11M
113	1364	0.246	5.004E-37	57	637	641	6	622	670	13M4D5M1I34M4D32M1D7M1D55M3D63M1I11M1D5M2I75M1D30M1D9M2D6M2D17M4D15M4D88M1D74M3D2M1D7M4D6M2D9M1D14M
91	1362	0.251	2.234E-37	57	637	641	6	620	668	13M4D5M1I34M4D29M1D9M1D56M3D61M3I6M1D8M2D2M2I73M1D37M1D10M2D19M4D8M4D93M1D75M7D6M1D8M2D9M1D14M
134	1360	0.261	8.717E-38	57	638	641	8	620	668	13M4D5M1I34M1D32M1D63M3D62M1I17M1I72M1D37M5D8M1I22M4D10M4D88M1D76M12D4M1I9M1I9M1D15M
111	1359	0.259	2.042E-37	57	636	641	6	628	676	13M4D5M1I22M1D9M2D33M1D11M4D54M3D68M2I79M1D12M1I9M1D15M1I8M6D6M2D22M4D6M4D90M1D78M4D6M4D7M2D9M2D2M2D11M
20	1359	0.259	1.632E-37	57	636	641	7	629	677	13M4D5M1I22M1D9M2D33M1D11M4D54M3D68M2I79M1D12M1I9M1D15M1I8M6D6M2D22M4D6M4D90M1D78M4D6M4D7M2D9M2D2M2D11M
50	1359	0.259	2.042E-37	57	636	641	7	629	677	13M4D5M1I22M1D9M2D33M1D11M4D54M3D68M2I79M1D12M1I9M1D15M1I8M6D6M2D22M4D6M4D90M1D78M4D6M4D7M2D9M2D2M2D11M
118	1358	0.257	1.785E-37	57	636	641	7	629	677	13M4D5M1I22M1D9M2D33M1D11M4D54M3D68M2I80M1D11M1I9M1D15M1I8M6D6M2D22M4D6M4D90M1D78M4D10M2D3M4D9M2D2M2D11M
131	1357	0.261	2.042E-37	57	636	641	5	621	669	16M4D2M1I34M1D29M1D10M3D56M3D62M1I11M3D12M4I63M1D48M4D18M1D8M4D3M3D91M1D74M8D15M2D9M2D2M2D11M
101	1354	0.251	1.025E-36	57	636	641	6	624	670	13M4D5M1I19M2I7M2D6M4D30M1D9M1D55M3D63M1I11M1D5M2I75M1D30M1D9M2D6M2D17M4D15M4D88M1D74M3D2M1D7M4D6M2D9M2D2M2D11M
60	1353	0.267	6.967E-38	57	637	641	6	625	679	13M4D5M1I17M1D9M1I7M5D29M1D8M1D58M3D60M3I6M2D5M1D5M2I69M1D40M7D8M1I7M1D15M4D7M4D93M1D74M8D15M2D9M1D14M
49	1351	0.257	1.867E-37	57	636	641	7	629	677	13M4D5M1I22M1D9M2D33M1D11M4D54M3D68M2I79M1D12M1I9M1D15M1I8M6D6M2D22M4D6M4D90M1D78M4D6M4D7M2D9M2D2M2D11M
29	1350	0.255	3.824E-37	57	638	641	7	628	677	13M4D5M1I22M1D4M1D8M1D30M1D8M4D57M3D68M2I79M1D12M1I9M1D16M1I7M6D6M2D21M4D7M4D90M1D78M4D6M4D7M2D9M1D15M
13	1349	0.259	2.672E-37	57	636	641	7	629	677	13M4D5M1I22M1D9M2D33M1D11M4D54M3D68M2I79M1D12M1I9M1D15M1I8M6D6M2D22M4D6M4D90M1D78M4D6M4D7M2D9M2D2M2D11M
87	1348	0.257	2.795E-37	57	636	641	7	629	677	13M4D5M1I22M1D9M2D33M1D11M4D54M3D68M2I79M1D12M1I9M1D15M1I8M6D6M2D22M4D6M4D90M1D78M4D6M4D7M2D9M2D2M2D11M
88	1348	0.259	2.555E-37	57	636	641	7	629	677	13M4D5M1I22M1D9M2D33M1D11M4D54M3D68M2I79M1D12M1I9M1D15M1I8M6D6M2D22M4D6M4D90M1D78M4D6M4D7M2D9M2D2M2D11M
73	1347	0.269	7.161E-37	51	638	641	2	621	667	24M1I19M1D8M2D7M1D31M1D7M1D57M4D63M1I10M3D12M4I60M1D40M6D8M1I9M1D10M4D10M4D91M1D76M3D2M1D4M1D3M1D6M2D9M1D15M
44	1347	0.242	4.655E-38	50	638	641	2	622	669	25M1I26M2I6M4D29M1D10M1D56M3D62M1I11M3D12M4I60M1D40M7D8M1I10M1D10M4D10M4D92M1D74M8D15M2D9M1D15M
84	1347	0.256	2.795E-37	57	636	641	7	629	677	13M4D5M1I18M1D13M2D33M1D11M4D54M3D68M2I79M1D12M1I9M1D15M1I8M6D6M2D22M4D6M4D90M1D78M4D6M4D7M2D9M2D2M2D11M
133	1346	0.255	3.343E-37	50	638	641	1	623	672	25M1I19M1D12M5D36M1D5M1D57M4D63M1I10M3D12M4I64M1D36M6D8M1I9M1D10M4D13M4D88M1D76M3D2M1D4M2D9M2D3M1D21M
3	1346	0.256	3.496E-37	57	636	641	7	629	677	13M4D5M1I18M1D13M2D33M1D11M4D54M3D68M2I79M1D12M1I9M1D15M1I8M6D6M2D22M4D6M4D90M1D78M4D6M4D7M2D9M2D2M2D11M
23	1345	0.258	5.004E-37	57	638	641	7	628	677	13M4D5M1I22M1D9M2D32M1D12M4D54M3D67M1I7M1I79M1D6M1I9M1D15M1I8M6D6M2D23M4D5M4D90M1D76M4D9M4D6M2D9M1D15M
11	1344	0.243	9.116E-38	57	638	641	1	622	670	19M7D26M2I6M4D30M1D9M1D56M3D62M1I11M3D12M4I62M1D38M4D11M2D8M1D10M4D10M4D91M1D75M8D15M2D9M1D15M
70	1344	0.248	1.467E-36	57	637	641	6	622	670	13M4D5M1I19M2I7M2D6M4D32M1D7M1D55M3D63M1I11M3D12M4I66M1D30M1D9M2D6M2D17M4D15M4D88M1D74M3D2M1D7M4D6M2D9M1D14M
46	1344	0.259	4.784E-37	57	636	641	7	629	677	13M4D5M1I22M1D9M2D33M1D11M4D54M3D68M2I79M1D12M1I9M1D15M1I8M6D6M2D22M4D6M4D90M1D78M4D6M4D7M2D9M2D2M2D11M
47	1344	0.256	3.824E-37	57	636	641	7	629	677	13M4D5M1I18M1D13M2D33M1D11M4D54M3D68M2I79M1D12M1I9M1D15M1I8M6D6M2D22M4D6M4D90M1D78M4D6M4D7M2D9M2D2M2D11M
37	1344	0.256	3.657E-37	57	638	641	7	628	678	13M4D5M1I22M1D9M2D32M1D9M4D57M3D68M2I79M1D12M1I9M1D16M1I7M6D6M2D21M4D7M4D90M1D78M4D10M2D3M4D9M1D15M
12	1343	0.259	3.657E-37	57	636	641	7	629	677	13M4D5M1I22M1D9M2D33M1D11M4D54M3D68M2I79M1D12M1I9M1D15M1I8M6D6M2D22M4D6M4D90M1D78M4D6M4D7M2D9M2D2M2D11M
96	1341	0.258	5.986E-37	61	638	641	10	627	676	9M4D5M1I22M1D4M1D8M1D30M1D8M4D57M3D68M2I79M1D12M1I9M1D16M1I7M6D6M2D21M4D7M4D90M1D78M4D6M4D7M2D9M1D15M
64	1340	0.249	6.260E-37	57	637	641	6	620	668	13M4D5M1I50M1D13M4D9M1D56M3D61M3I6M2D5M1D5M2I73M1D37M1D10M2D19M4D8M4D93M1D75M7D6M1D8M2D9M1D14M
26	1340	0.257	3.057E-37	57	636	641	7	629	677	13M4D5M1I22M1D9M2D33M1D11M4D54M3D68M2I79M1D12M1I9M1D15M1I8M6D6M2D22M4D6M4D90M1D78M4D6M4D7M2D9M2D2M2D11M
45	1340	0.259	5.986E-37	57	636	641	7	629	677	13M4D5M1I22M1D9M2D33M1D11M4D54M3D68M2I79M1D12M1I9M1D15M1I8M6D6M2D22M4D6M4D90M1D78M4D6M4D7M2D9M2D2M2D11M
80	1339	0.261	3.496E-37	57	636	641	7	629	677	13M4D5M1I22M1D9M2D32M2D7M2D4M1D55M3D68M2I79M1D12M1I9M1D15M1I8M6D6M2D22M4D6M4D90M1D78M4D6M4D7M2D9M2D2M2D11M
40	1338	0.259	4.784E-37	57	636	641	7	629	677	13M4D5M1I22M1D9M2D33M1D11M4D54M3D68M2I79M1D12M1I9M1D15M1I8M6D6M2D22M4D6M4D90M1D78M4D6M4D7M2D9M2D2M2D11M
42	1336	0.250	1.043E-37	57	638	641	5	622	669	13M4D5M1I26M2I6M4D29M1D10M1D56M3D62M1I11M3D12M4I60M1D40M7D8M1I10M1D10M4D10M4D92M1D74M8D15M2D9M1D15M
104	1335	0.249	3.496E-37	57	637	641	6	620	668	13M4D5M1I50M1D13M4D9M1D56M3D61M3I6M2D5M1D5M2I73M1D36M1D11M2D18M4D9M4D93M1D75M7D6M1D8M2D9M1D14M
53	1335	0.250	1.364E-37	57	638	641	5	622	669	13M4D5M1I26M2I6M4D29M1D10M1D56M3D62M1I11M3D12M4I60M1D40M7D8M1I10M1D10M4D10M4D92M1D74M8D15M2D9M1D15M
19	1334	0.248	1.091E-37	57	638	641	5	622	669	13M4D5M1I26M2I6M4D29M1D10M1D56M3D62M1I11M3D12M4I60M1D40M7D8M1I10M1D10M4D10M4D92M1D74M8D15M2D9M1D15M
43	1333	0.242	1.091E-37	50	638	641	2	622	669	25M1I26M2I6M4D29M1D10M1D56M3D62M1I11M3D12M4I60M1D40M7D8M1I10M1D10M4D10M4D92M1D74M8D15M2D9M1D15M
114	1332	0.260	3.657E-37	57	638	641	6	618	667	13M2D1M2D4M1I20M1I4M2I14M1D25M1D7M3D56M3D68M1I5M3D12M4I65M1D39M2D7M2D17M4D13M4D88M1D77M4D4M2D10M4D9M1D15M
7	1331	0.263	1.226E-36	57	638	641	6	627	676	13M4D5M1I22M1D9M2D33M1D7M3D3M1D55M3D67M1I7M1I77M1D8M1I9M1D15M1I8M6D6M2D22M5D7M3D89M1D78M4D10M2D3M4D9M1D15M
38	1331	0.252	3.496E-37	57	638	641	6	627	676	13M4D5M1I22M1D9M2D32M1D9M4D57M3D68M2D18M4I65M1D6M1I9M1D16M1I7M6D6M2D22M4D6M4D92M1D76M4D10M2D3M4D9M1D15M
51	1331	0.258	5.724E-37	57	638	641	7	628	677	13M4D5M1I22M1D9M2D33M1D11M4D54M3D68M2I79M1D12M1I9M1D15M1I8M6D6M2D22M4D6M4D90M1D78M4D6M4D7M2D9M1D15M
41	1330	0.241	1.141E-37	50	638	641	2	622	669	25M1I26M2I6M4D29M1D10M1D56M3D62M1I11M3D12M4I60M1D40M7D8M1I10M1D10M4D10M4D92M1D74M8D15M2D9M1D15M
55	1329	0.244	1.247E-37	50	638	641	2	622	669	25M1I26M2I6M4D29M1D10M1D56M3D62M1I11M3D12M4I60M1D40M7D8M1I10M1D10M4D10M4D92M1D74M8D15M2D9M1D15M
109	1328	0.244	1.305E-37	50	638	641	2	622	669	25M1I26M2I6M4D29M1D10M1D56M3D62M1I11M3D12M4I60M1D40M7D8M1I10M1D10M4D10M4D92M1D74M8D15M2D9M1D15M
30	1328	0.256	5.724E-37	57	638	641	7	628	677	13M4D5M1I22M1D4M1D8M1D29M2D9M3D57M3D68M2I79M1D12M1I9M1D15M1I8M6D6M2D21M4D7M4D90M1D78M4D7M4D6M2D9M1D15M
105	1327	0.244	1.492E-37	50	638	641	2	622	669	25M1I26M2I6M4D29M1D10M1D56M3D62M1I11M3D12M4I60M1D40M7D8M1I10M1D10M4D10M4D92M1D74M8D15M2D9M1D15M
124	1327	0.256	5.986E-37	57	637	641	6	622	676	13M4D5M1I22M1D4M1D8M1D30M1D8M4D57M3D68M2I79M1D12M1I9M1D16M1I7M6D6M2D21M4D7M4D90M1D78M4D6M4D7M2D4M3I16M
98	1326	0.242	1.364E-37	50	638	641	2	622	669	25M1I26M2I6M4D29M1D10M1D56M3D62M1I11M3D12M4I60M1D40M7D8M1I10M1D10M4D10M4D92M1D74M8D15M2D9M1D15M
33	1324	0.255	5.986E-37	57	638	641	7	628	677	13M4D5M1I22M1D9M2D32M2D9M3D57M3D68M2I79M1D12M1I9M1D16M1I7M6D6M2D21M4D7M4D90M1D78M4D6M4D7M2D9M1D15M
34	1323	0.251	1.072E-36	57	638	641	7	628	677	13M4D5M1I22M1D4M1D8M1D29M2D9M3D57M3D68M2I85M1D6M1I9M1D16M1I7M6D6M2D21M4D7M4D90M1D78M4D6M4D7M2D9M1D15M
35	1323	0.256	1.282E-36	57	638	641	7	628	677	13M4D5M1I22M1D4M1D8M1D29M2D9M3D57M3D68M2I79M1D12M1I9M1D15M1I8M6D6M2D21M4D7M4D90M1D78M4D6M4D7M2D9M1D15M
27	1323	0.255	8.717E-38	57	638	641	6	633	682	13M4D5M1I27M2D14M1D25M1D5M4D58M3D67M2D9M4D3M2I74M1D6M1I9M1D11M1D8M5D3M1I2M2D23M4D10M4D92M1D74M3D2M1D10M2D5M5D22M
17	1320	0.255	8.567E-37	57	638	641	7	628	677	13M4D5M1I22M1D4M1D8M1D29M2D9M3D57M3D68M2I79M1D12M1I9M1D16M1I7M6D6M2D21M4D7M4D90M1D78M4D10M2D3M4D9M1D15M
36	1319	0.255	1.025E-36	57	638	641	6	627	676	13M4D5M1I22M1D4M1D8M1D29M2D9M3D57M3D68M2I79M1D12M1I9M1D16M1I7M6D6M2D21M4D7M4D90M1D78M4D10M2D3M4D9M1D15M
2	1318	0.244	2.923E-37	50	638	641	2	622	669	25M1I26M2I6M4D29M1D10M1D56M3D62M1I11M3D12M4I60M1D40M7D8M1I10M1D10M4D10M4D92M1D74M8D15M2D9M1D15M
127	1318	0.258	1.025E-36	59	637	641	8	618	672	11M4D5M1I18M1D16M1D29M1D8M3D58M3D45M3I21M2D5M3D12M4I63M1D28M1D11M2D9M2D18M1D8M3D2M4D91M1D75M3D2M1D11M1D2M5D4M3I16M
31	1318	0.255	1.282E-36	57	638	641	7	628	677	13M4D5M1I22M1D4M1D8M1D29M2D9M3D57M3D68M2I79M1D12M1I9M1D16M1I7M6D6M2D21M4D7M4D90M1D78M4D6M4D7M2D9M1D15M
68	1317	0.244	3.286E-36	57	636	641	4	629	684	12M4D6M1I21M2I4M2D7M1D29M1D66M3D59M1D15M7D12M4I65M1D25M1I11M5D2M1D7M4D9M3D8M4D11M4D92M1D74M3D2M1D19M8D16M
115	1316	0.255	7.832E-37	57	638	641	6	618	667	13M4D5M1I18M3I20M1D25M1D7M3D56M3D68M1I5M3D12M4I65M1D40M2D6M2D17M4D13M4D89M1D76M4D4M2D10M4D9M1D15M
66	1315	0.255	1.282E-36	59	638	641	7	618	667	11M4D5M1I16M4I7M3D7M1D28M1D10M1D57M3D62M1I11M3D12M4I60M1D32M1D15M4D22M1D10M7D90M1D76M3D2M1D6M4D7M2D9M1D15M
93	1314	0.250	7.161E-37	57	637	641	6	622	670	13M4D5M1I19M1D8M6D6M1D21M1I9M2I7M1D55M3D63M1I11M1D5M2I75M1D30M1D9M2D2M2D21M4D15M4D88M1D74M3D2M1D7M4D6M2D9M1D14M
28	1312	0.253	2.626E-36	51	636	641	4	628	676	24M1I22M1D9M2D33M1D11M4D54M3D62M1I9M1I80M1D8M1I9M1D11M1D8M7D8M1I20M4D10M4D90M1D76M8D15M2D9M2D2M2D11M
126	1312	0.254	1.467E-36	51	638	641	2	631	680	24M1I27M2D14M1D25M1D5M4D58M3D74M4D81M1D6M1I9M1D16M2D3M4D3M1I7M2D17M4D12M4D91M1D74M3D2M1D6M4D7M2D9M1D15M
92	1311	0.256	1.678E-36	57	638	641	6	627	676	13M4D5M1I22M1D4M1D8M1D30M1D8M4D57M3D68M2I79M1D12M1I9M1D16M1I7M6D6M2D21M4D7M4D90M1D78M4D10M2D3M4D9M1D15M
57	1306	0.255	8.191E-37	57	638	641	7	628	677	13M4D5M1I22M1D9M2D32M1D12M4D54M3D43M4I27M6D12M4I65M1D6M1I9M1D15M1I8M6D6M2D23M4D5M4D90M1D76M3D2M1D10M2D3M4D9M1D15M
54	1305	0.254	2.626E-36	51	638	641	2	631	680	24M1I27M2D14M1D25M1D5M4D58M3D74M4D81M1D6M1I9M1D16M2D3M4D3M1I7M2D17M4D12M4D91M1D74M3D2M1D6M4D7M2D9M1D15M
106	1302	0.254	3.004E-36	52	638	641	3	631	680	23M1I27M2D14M1D25M1D5M4D58M3D74M4D81M1D6M1I9M1D16M2D3M4D3M1I7M2D17M4D12M4D91M1D74M3D2M1D6M4D7M2D9M1D15M
94	1301	0.255	1.172E-36	57	637	641	6	620	668	13M4D5M1I27M7D6M1D21M1I5M2I10M1D56M3D61M3I6M2D5M3D12M4I64M1D36M1D11M2D19M4D8M4D93M1D75M7D6M1D8M2D9M1D14M
18	1300	0.240	1.341E-36	52	636	641	5	634	682	23M1I22M1D9M2D32M1D9M4D57M3D74M8D12M4I63M1D8M1I9M1D16M1I7M6D6M2D21M4D9M4D88M1D78M4D6M4D7M2D9M2D2M2D11M
123	1290	0.237	2.195E-36	52	636	641	5	634	682	23M1I22M1D9M2D32M1D9M4D57M3D74M8D12M4I63M1D8M1I9M1D16M1I7M6D6M2D21M4D9M4D88M1D76M8D15M2D9M2D2M2D11M
24	1287	0.237	3.286E-36	52	636	641	5	634	682	23M1I22M1D9M2D33M1D8M4D57M3D74M8D12M4I63M1D8M1I9M1D16M1I7M6D6M2D21M4D9M4D88M1D76M8D15M2D9M2D2M2D11M
4	1286	0.240	3.931E-36	52	638	641	6	634	683	23M1I22M1D9M2D33M1D8M4D57M3D74M8D12M4I63M1D8M1I9M1D16M1I7M6D6M2D21M4D7M4D90M1D76M8D15M2D9M1D15M
122	1283	0.245	5.143E-36	57	638	641	4	641	687	13M4D5M1I17M1D14M7D35M1D7M1D56M4D68M2D17M9D5M3D64M1D36M6D8M1I9M1D10M4D14M4D87M1D76M3D2M4D4M2D33M
10	1282	0.238	2.626E-36	57	636	641	6	634	682	13M4D5M1I22M1D9M2D32M1D9M4D57M3D74M8D12M4I63M1D8M1I9M1D16M1I7M6D6M2D21M4D9M4D88M1D76M8D15M2D9M2D2M2D11M
63	1273	0.255	1.402E-36	57	637	641	6	620	668	13M4D5M1I17M12D5M5I6M1D21M1I5M2I10M1D56M3D63M1I11M3D12M4I64M1D37M1D10M2D19M4D8M4D93M1D76M4D11M4D2M2D9M1D14M
82	1272	0.237	4.299E-36	52	636	641	5	634	682	23M1I22M1D9M2D32M1D9M4D57M3D74M8D12M4I63M1D8M1I9M1D16M1I7M6D6M2D21M4D9M4D88M1D76M8D15M2D9M2D2M2D11M
89	1271	0.246	6.729E-36	58	638	641	7	633	682	12M4D5M1I22M1D9M2D16M4D7M1I7M1I7M2D4M1D55M3D74M8D12M4I65M1D6M1I9M1D15M1D4M5D3M1I7M2D22M4D8M4D88M1D76M8D15M2D9M1D15M
52	1263	0.251	6.729E-36	51	638	641	2	631	680	24M1I27M2D14M1D22M2D12M3D54M3D74M8D12M4I65M1D6M1I9M1D16M2D3M4D3M1I7M2D17M4D12M4D91M1D74M3D2M1D6M4D7M2D9M1D15M
0	1261	0.246	2.746E-36	52	638	641	3	631	680	23M1I27M2D14M1D25M1D5M4D58M3D74M4D81M1D6M1I9M1D16M2D3M4D3M1I7M2D17M4D13M4D90M1D74M11D14M1I9M1D15M
108	1261	0.261	1.467E-36	57	638	641	10	633	682	18M1I22M1D4M1D7M5D21M1I5M2I9M4D58M3D74M8D12M4I65M1D6M1I9M1D16M1I7M6D6M2D23M4D6M4D91M1D74M3D2M1D11M4D2M2D9M1D15M
25	1260	0.245	3.496E-37	57	634	641	5	672	681	13M4D5M1I27M2D14M1D25M1D7M4D56M3D67M2D7M6D12M4I65M1D6M1I9M1D11M1D8M5D3M1I7M2D18M4D10M4D92M1D69M16D2M25D5M4D5M10D28M
120	1259	0.251	2.296E-36	52	638	641	3	631	680	26M1I24M2D14M1D25M1D5M4D58M3D74M4D81M1D6M1I9M1D16M2D3M4D3M1I7M2D17M4D13M4D90M1D74M11D14M1I9M1D15M
117	1259	0.261	2.626E-36	59	638	641	8	638	687	12M4D4M1I18M1D16M1D29M1D8M3D58M3D48M3I17M2D6M3D12M4I60M1D11M1I9M1D10M1D9M5D3M1I7M2D16M9D6M6D9M6D89M1D74M11D14M1I9M1D15M
135	1256	0.266	6.434E-36	57	638	641	4	617	666	13M4D5M1I19M4I18M1D22M1D7M1I3M2I53M3D63M1I10M3D12M4I65M1D6M1I9M1D10M1D9M8D8M1I20M4D9M4D22M4D69M1D77M4D11M1I2M7D9M1D15M
107	1256	0.242	5.143E-36	57	636	641	4	629	684	12M4D6M1I21M2I4M2D7M1D29M1D66M3D59M1D15M7D12M4I65M1D25M1I11M5D2M1D7M4D9M3D8M4D11M4D92M1D74M3D2M1D19M8D16M
14	1255	0.244	1.724E-35	52	636	641	6	635	684	23M1I20M1D7M1D7M1D29M1D8M4D58M3D74M8D12M4I59M1D12M1I9M1D16M1I7M6D6M2D22M5D5M3D91M1D76M8D15M2D9M2D2M2D11M
9	1245	0.240	3.343E-37	17	638	641	5	627	676	8M5D7M8I4M1I6M6I21M1I13M18I15M1I12M2I8M4D57M3D68M2D18M4I65M1D6M1I9M1D16M1I7M6D6M2D22M4D6M4D92M1D76M4D10M2D3M4D9M1D15M
121	1229	0.253	5.724E-37	50	634	641	1	663	672	8M4I9M4D4M1I17M1D14M5D38M1D3M1D57M4D63M1I10M3D12M4I64M1D36M6D8M1I9M1D10M4D13M4D88M1D60M28D6M11D12M4D5M10D28M
125	1226	0.241	4.784E-37	61	633	641	9	668	678	9M4D5M1I19M1D31M1D13M4D66M3D60M3I11M3D5M2I75M1D26M1D8M7D8M1I10M1D9M4D11M4D92M1D57M45D23M17D17M3I8M
83	1225	0.232	1.341E-36	17	638	641	5	633	682	8M5D7M8I4M6I6M1I21M1I13M18I20M1I5M2I10M4D57M3D74M8D12M4I63M1D8M1I9M1D16M1I7M6D6M2D21M4D9M4D88M1D77M4D7M4D7M2D9M1D15M
6	1222	0.233	8.567E-37	17	636	641	5	634	682	8M5D7M8I4M6I6M1I21M1I13M18I20M1I7M2I8M4D57M3D74M8D12M4I63M1D8M1I9M1D16M1I7M6D6M2D21M4D9M4D88M1D76M8D15M2D9M2D2M2D11M
99	1216	0.230	4.702E-36	17	636	641	5	634	682	8M5D7M8I4M6I6M1I21M1I13M18I20M1I5M2I10M4D57M3D74M8D12M4I63M1D34M1I7M6D6M2D21M4D9M4D88M1D78M4D6M4D7M2D9M2D2M2D11M
78	1215	0.243	1.121E-36	16	637	641	4	637	683	9M5D6M9I11M6I13M1I21M18I20M1I5M2I11M1D56M3D71M2I4M3I10M3D65M1D6M1I9M1D12M1I11M7D6M4D9M2D9M4D13M4D9M2D8M3D71M1D75M3D2M1D11M6D11M2D2M2D5M1D7M
5	1210	0.217	7.698E-36	18	638	641	7	640	686	7M5D8M14I9M1I22M1I12M18I20M1I6M2I12M10D54M3D74M8D12M4I65M1D27M1D8M5D3M1I7M2D18M4D10M4D92M1D69M7D12M1D8M2D9M1D15M
69	1208	0.231	2.007E-36	16	637	641	4	637	683	9M5D6M9I11M6I13M1I21M18I20M1I5M2I11M1D56M3D71M2I4M3I10M3D65M1D6M1I9M1D11M1D10M2D1M3D8M4D9M2D9M4D11M4D11M2D8M3D71M1D75M8D15M2D9M2D2M2D5M1D7M
79	1208	0.243	1.534E-36	16	637	641	4	637	683	9M5D6M9I11M6I13M1I21M18I20M1I5M2I11M1D56M3D71M2I4M3I10M3D65M1D6M1I9M1D12M1I11M7D6M4D9M2D9M4D13M4D9M2D8M3D71M1D75M3D2M1D11M6D11M2D2M2D5M1D7M
128	1205	0.220	1.803E-35	57	634	641	8	666	675	18M1I24M3D7M2D32M1D66M3D79M2I74M1D27M1D8M4D11M2D9M3D8M4D14M4D87M1D71M16D2M25D5M4D5M10D28M
21	1205	0.229	5.625E-36	16	636	641	4	634	682	9M5D7M8I4M6I6M1I21M1I13M18I20M1I5M2I10M4D57M3D74M8D12M4I63M1D8M1I9M1D16M1I7M6D6M2D21M4D9M4D88M1D76M8D15M2D9M2D2M2D11M
130	1190	0.242	7.360E-36	59	634	641	8	681	690	11M4D5M1I18M1D13M1D32M1D8M3D58M3D63M1I10M3D12M4I60M1D11M1I9M1D10M1D11M3D2M1D7M2D16M4D12M12D3M1D89M1D57M41D4M7D15M4D5M10D28M
81	1186	0.248	1.919E-36	57	634	641	6	673	682	13M4D5M1I27M2D14M1D25M1D7M4D56M3D68M1D22M3D65M1D6M1I9M1D11M1D8M7D8M1I19M4D11M4D92M1D57M30D7M11D12M4D5M10D28M
112	1177	0.229	5.473E-37	51	634	641	1	672	676	24M1I17M3I11M5D2M1D21M1I5M2I13M6D54M3D74M8D12M4I65M1D6M1I9M1D15M1D9M4D6M2D17M4D13M4D90M1D57M30D7M11D12M4D4M17D11M3I15M
119	1175	0.234	3.377E-35	18	638	641	5	642	691	7M5D7M8I8M8I36M18I20M1I5M2I11M4D56M3D66M3D8M9D12M4I60M1D12M1I8M1D16M1D3M7D3M1I7M4D14M2D8M4D7M4D89M1D76M3D2M1D10M2D3M4D9M1D15M
56	1172	0.235	1.083E-34	8	638	641	7	633	682	14M6I5M8I3M1I5M2D19M9I14M18I20M1I5M2I9M4D58M3D68M3D6M5D12M4I63M1D8M1I9M1D16M1I7M6D6M2D22M5D7M3D89M1D76M3D15M7D9M1D15M
32	1158	0.227	4.496E-36	9	638	641	4	628	678	13M2I11M12I7M3I18M2I15M18I19M1I10M2I6M3D57M3D67M2I10M3D11M3D60M1D32M1D8M4D8M1I19M4D10M4D93M1D69M4D11M7D8M1I9M1D15M
 