#Task    Step    numberOfAcceptedPeleSteps    currentEnergy    BindingEnergy    sasaLig    distance_A35SG_L1S1    
1    0    0    -6461.85    -33.1937    0.416379    7.58407    
1    2    1    -6458.97    -5.12902    0.496776    9.70518    
1    3    2    -6475.15    -30.4091    0.4406    7.7133    
1    7    3    -6477.5    -31.659    0.427544    7.46938    
1    11    4    -6478.13    -30.1541    0.432775    7.18324    
1    16    5    -6472.39    -22.6955    0.443043    7.41544    
1    17    6    -6480.66    -31.0693    0.43493    7.62482    
1    21    7    -6482    -33.8384    0.376597    7.78344    
1    22    8    -6480.28    -30.5939    0.37678    8.78669    
1    29    9    -6481.65    -34.8678    0.374607    7.91601    
1    49    10    -6479.9    -34.8627    0.366162    8.34591    
1    65    11    -6484.7    -34.8235    0.355992    8.08222    
1    73    12    -6484.4    -34.6934    0.353391    7.70455    
1    87    13    -6484.39    -33.312    0.359766    7.65941    
