#Task    Step    numberOfAcceptedPeleSteps    currentEnergy    BindingEnergy    sasaLig    distance_A35SG_L1S1    
1    0    0    -6449.72    -19.2788    0.465085    4.83547    
1    1    1    -6463.39    -5.9265    0.504594    3.82002    
1    3    2    -6468.45    -15.4408    0.456896    3.69142    
1    10    3    -6468.16    -13.6584    0.472436    3.47885    
1    11    4    -6468.89    -14.2939    0.468921    3.78762    
1    12    5    -6469.08    -12.817    0.44764    3.80583    
1    14    6    -6467.81    -11.6148    0.484891    5.83371    
1    15    7    -6472.03    -12.9236    0.458264    6.63684    
1    21    8    -6470.88    -13.5359    0.424799    4.38279    
1    22    9    -6474.28    -15.6064    0.426262    4.08872    
1    23    10    -6471.4    -19.499    0.429317    3.88009    
1    25    11    -6468.78    -11.0178    0.636802    8.02874    
1    31    12    -6470.42    -10.2711    0.665688    9.61021    
1    32    13    -6471.03    -10.7887    0.681794    9.66578    
1    33    14    -6469.47    -13.1794    0.63798    10.3681    
1    36    15    -6469.36    -13.265    0.615567    9.48755    
1    38    16    -6472.7    -14.0049    0.610144    9.28719    
1    39    17    -6475.02    -14.6175    0.60718    9.11708    
1    49    18    -6477.03    -17.4259    0.576906    4.0629    
1    51    19    -6480.53    -19.7133    0.583615    3.85739    
1    52    20    -6475.75    -15.1362    0.540948    3.46294    
1    55    21    -6469.72    -4.70961    0.525182    3.62127    
1    56    22    -6475.3    -9.7773    0.500529    3.65787    
1    58    23    -6470.27    -3.79017    0.526776    4.49552    
1    59    24    -6475.63    -8.40815    0.505054    3.61566    
1    60    25    -6474.79    -7.51433    0.495284    3.58251    
1    61    26    -6471.51    -7.91608    0.494175    3.67318    
1    62    27    -6472.64    -6.24646    0.501757    3.66382    
1    63    28    -6473.16    -10.8742    0.538521    6.89423    
1    64    29    -6470.87    -4.5438    0.506185    3.48424    
1    74    30    -6468.53    -1.04942    0.513358    3.70463    
1    75    31    -6468.61    -0.545124    0.526244    4.27632    
1    80    32    -6471.02    -0.893051    0.538539    4.2039    
1    82    33    -6471.13    -0.374707    0.58389    3.66774    
1    83    34    -6474.14    -2.26867    0.523034    3.83057    
1    85    35    -6471.79    -3.29379    0.529183    3.65703    
1    86    36    -6471.32    -2.55615    0.541291    3.62487    
1    90    37    -6474.82    -6.83305    0.501861    3.69816    
1    92    38    -6473.38    -6.08778    0.492857    3.78677    
1    94    39    -6473.76    -5.73945    0.497678    3.71747    
1    95    40    -6466.87    -7.16936    0.509645    3.74077    
