#Task    Step    numberOfAcceptedPeleSteps    currentEnergy    BindingEnergy    sasaLig    distance_A35SG_L1S1    
1    0    0    -6433.89    -11.9811    0.744613    9.76521    
1    1    1    -6449.67    -4.02876    0.725693    11.8797    
1    2    2    -6445.65    0.972669    0.743944    9.87807    
1    3    3    -6451    -10.1009    0.737249    10.9997    
1    4    4    -6456.83    -14.0323    0.715912    10.6002    
1    7    5    -6457.46    -10.8607    0.693604    8.59396    
1    9    6    -6458.19    -12.9337    0.685389    7.44473    
1    13    7    -6455.65    -13.4651    0.680874    6.98629    
1    14    8    -6457.83    -12.9751    0.694581    6.78845    
1    23    9    -6456.22    -11.4033    0.704398    8.42749    
1    24    10    -6451.11    -8.09309    0.696401    8.38535    
1    25    11    -6453.32    -12.1001    0.684926    7.68894    
1    27    12    -6445.33    -6.99622    0.711792    11.6633    
1    28    13    -6451.3    -13.6824    0.693206    12.0209    
1    29    14    -6451.69    -13.254    0.665856    11.5444    
1    32    15    -6453.92    -13.4076    0.66302    11.754    
1    33    16    -6454.67    -13.6928    0.657558    11.056    
1    35    17    -6459.23    -20.6912    0.668555    7.56327    
1    36    18    -6457.75    -21.1634    0.685769    7.5991    
1    39    19    -6457.8    -18.9711    0.684372    8.40614    
1    40    20    -6457.41    -19.5402    0.679773    8.48801    
1    44    21    -6460.8    -20.0708    0.674634    7.85862    
1    45    22    -6453.53    -17.6785    0.680306    8.2553    
1    47    23    -6448.94    -14.0746    0.698532    8.26943    
1    48    24    -6453.68    -17.5286    0.670684    8.17234    
1    49    25    -6455.2    -15.7781    0.680925    7.58872    
1    50    26    -6457.29    -21.1104    0.647019    7.40874    
1    52    27    -6454.74    -18.0718    0.671935    7.7514    
1    53    28    -6459.26    -20.7036    0.646501    7.85358    
1    59    29    -6459.54    -21.8823    0.65008    7.9783    
1    60    30    -6457.97    -20.1033    0.677345    8.0331    
1    61    31    -6457.5    -18.5172    0.6943    8.21653    
1    64    32    -6458.56    -18.8998    0.65054    7.83311    
1    67    33    -6458.27    -19.641    0.635801    8.13346    
1    69    34    -6457.08    -18.6992    0.65484    8.29122    
1    70    35    -6460.69    -19.7574    0.654809    7.95699    
1    76    36    -6458.86    -18.3621    0.66782    8.24967    
1    77    37    -6458.81    -19.7733    0.654922    8.20337    
1    81    38    -6457.22    -20.8845    0.631088    8.09224    
1    82    39    -6450.07    -11.4142    0.682242    9.47486    
1    83    40    -6451.32    -16.5696    0.638429    8.69142    
1    84    41    -6457.66    -20.0151    0.639903    8.84968    
1    87    42    -6458.38    -18.614    0.647497    8.41814    
1    88    43    -6461.47    -20.0965    0.655076    8.73571    
1    89    44    -6458.22    -20.9573    0.650513    9.0267    
1    90    45    -6458.9    -21.7378    0.610786    8.7431    
1    92    46    -6458.9    -21.3517    0.593077    8.54626    
1    99    47    -6454.83    -19.0684    0.647841    9.09917    
1    100    48    -6455.4    -18.2589    0.680885    9.68382    
