#Task    Step    numberOfAcceptedPeleSteps    currentEnergy    BindingEnergy    sasaLig    distance_A35SG_L1S1    
1    0    0    -6446.34    -19.2404    0.530076    5.98859    
1    1    1    -6462.34    -22.0307    0.449979    6.09245    
1    2    2    -6461.4    -23.7834    0.462768    7.14718    
1    3    3    -6462.7    -19.686    0.585604    6.84979    
1    4    4    -6461.64    -16.7197    0.617948    7.75744    
1    5    5    -6465.23    -25.324    0.50046    6.47119    
1    19    6    -6471.15    -23.8288    0.481663    5.84284    
1    22    7    -6471.77    -24.5131    0.480159    5.66223    
1    35    8    -6468.92    -22.8868    0.456932    5.97516    
1    39    9    -6465.69    -19.5205    0.504181    7.43162    
1    41    10    -6468.09    -29.9782    0.455627    7.02032    
1    51    11    -6466.17    -29.4788    0.473448    6.84975    
1    53    12    -6464.77    -27.8177    0.473423    7.54042    
1    55    13    -6464.15    -23.6534    0.484736    6.41918    
1    67    14    -6465.92    -27.4097    0.474335    7.60167    
1    69    15    -6469.03    -29.1833    0.453757    7.3044    
1    93    16    -6458    -26.7865    0.46655    7.47275    
1    95    17    -6463.06    -26.3607    0.455497    7.50348    
1    99    18    -6468.74    -31.7994    0.450851    7.3448    
1    100    19    -6467.12    -29.4851    0.460831    7.23641    
