#Task    Step    numberOfAcceptedPeleSteps    currentEnergy    BindingEnergy    sasaLig    distance_A35SG_L1S1    
1    0    0    -6435.04    -18.0395    0.452274    3.64437    
1    1    1    -6456.82    -21.3021    0.427629    6.19176    
1    2    2    -6452.43    -13.8876    0.471738    5.86377    
1    3    3    -6465.86    -27.2002    0.403583    5.60185    
1    5    4    -6463.33    -30.8276    0.405951    5.8117    
1    9    5    -6465.27    -31.498    0.401521    5.61633    
1    41    6    -6465.39    -30.3324    0.403452    5.5194    
1    44    7    -6461.27    -23.2059    0.456205    5.42665    
1    45    8    -6467.49    -31.7543    0.395876    5.61843    
1    77    9    -6466.48    -30.9183    0.397162    5.37767    
1    78    10    -6464.82    -30.1236    0.395957    4.87725    
1    86    11    -6466.6    -30.3358    0.385093    5.21548    
1    87    12    -6465.57    -29.5874    0.388165    5.30263    
1    88    13    -6463.54    -25.1451    0.423338    6.5465    
1    89    14    -6463.48    -29.0979    0.371636    5.73209    
1    97    15    -6462.76    -27.7505    0.371543    5.69305    
