#Task    Step    numberOfAcceptedPeleSteps    currentEnergy    BindingEnergy    sasaLig    distance_A35SG_L1S1    
1    0    0    -6434.74    -1.51974    0.692447    6.2147    
1    1    1    -6457.49    -3.27596    0.673491    6.72637    
1    4    2    -6458.69    -5.94472    0.675004    7.16698    
1    6    3    -6466.64    -14.4586    0.587837    7.61255    
1    11    4    -6465.33    -13.7033    0.572283    7.94795    
1    20    5    -6466.56    -13.449    0.577303    8.05923    
1    22    6    -6467.07    -15.0087    0.587051    7.22634    
1    28    7    -6468.16    -15.5034    0.584786    7.03471    
1    30    8    -6464.52    -14.5881    0.581367    7.67009    
1    32    9    -6465.36    -13.6196    0.562323    6.95215    
1    41    10    -6464.41    -15.2796    0.559617    7.70872    
1    50    11    -6460.6    -11.7784    0.538412    6.97439    
1    55    12    -6463.11    -13.6492    0.582017    7.02632    
1    58    13    -6456.31    -3.41997    0.621033    7.82224    
1    59    14    -6459.56    -1.9188    0.665481    6.74621    
1    60    15    -6462.27    -1.11869    0.705629    8.09374    
1    63    16    -6462.42    -2.84713    0.625399    8.66863    
1    67    17    -6462.89    -3.54545    0.65882    7.3115    
1    68    18    -6463.17    -3.88591    0.644026    8.51023    
1    69    19    -6450.56    5.44662    0.618633    9.78199    
1    70    20    -6450.74    4.85203    0.726069    10.1468    
1    71    21    -6451.2    3.29284    0.652384    9.3461    
1    72    22    -6452.57    1.70963    0.617778    9.94679    
1    74    23    -6455.3    3.66135    0.630612    4.94666    
1    75    24    -6457.37    0.945628    0.575506    3.88662    
1    77    25    -6458.59    -3.46113    0.557668    3.9696    
1    79    26    -6457.98    -3.05175    0.574858    4.54095    
1    82    27    -6463.73    -8.55556    0.606598    4.299    
1    83    28    -6469.14    -15.4622    0.517252    3.79056    
1    86    29    -6470.4    -18.2302    0.542806    4.32645    
1    90    30    -6473.68    -20.9824    0.543685    4.30787    
1    96    31    -6471.65    -20.2624    0.509657    4.11392    
1    99    32    -6473.99    -21.6155    0.522639    3.89343    
