#Task    Step    numberOfAcceptedPeleSteps    currentEnergy    BindingEnergy    sasaLig    distance_A35SG_L1S1    
1    0    0    -6448.33    -34.2265    0.365697    11.7076    
1    3    1    -6464.79    -24.1134    0.474617    9.91395    
1    5    2    -6471.11    -31.062    0.445614    9.81079    
1    17    3    -6470.02    -29.4459    0.41133    9.41935    
1    18    4    -6473.06    -31.6694    0.421105    9.33593    
1    21    5    -6470.72    -34.5358    0.407788    9.34441    
1    27    6    -6472.64    -37.745    0.422115    9.4148    
1    31    7    -6472.79    -36.4587    0.422361    9.33389    
1    33    8    -6471.98    -35.0875    0.43216    9.16689    
1    39    9    -6467.27    -32.6993    0.440984    9.36411    
1    43    10    -6467.57    -32.0699    0.439857    9.22297    
1    44    11    -6466.34    -29.9707    0.45003    9.51889    
1    47    12    -6464.33    -28.6288    0.464364    11.6839    
1    56    13    -6471.53    -30.0125    0.465688    12.18    
1    67    14    -6462.84    -24.6356    0.428722    12.8173    
1    70    15    -6467.36    -25.5322    0.405531    12.747    
1    74    16    -6469.83    -27.0202    0.418261    12.7747    
1    75    17    -6471.28    -35.622    0.429599    10.004    
1    76    18    -6472.45    -33.4254    0.439082    10.1831    
1    77    19    -6472.78    -34.2129    0.421207    10.596    
1    81    20    -6476.07    -37.8485    0.407933    11.6613    
1    92    21    -6471.55    -34.1774    0.400591    11.7971    
