#Task    Step    numberOfAcceptedPeleSteps    currentEnergy    BindingEnergy    sasaLig    distance_A35SG_L1S1    
1    0    0    -6437.17    -20.7649    0.531277    3.753    
1    1    1    -6452.83    -12.2591    0.537631    4.81397    
1    3    2    -6454.15    -18.4839    0.433354    4.00687    
1    5    3    -6457.69    -22.0765    0.438599    4.28769    
1    6    4    -6446.9    -8.80811    0.546261    7.79272    
1    7    5    -6466.14    -22.1601    0.461954    6.47748    
1    9    6    -6465.88    -23.4206    0.478892    5.27693    
1    10    7    -6467.46    -23.0037    0.503935    5.81513    
1    14    8    -6466.43    -23.8978    0.488563    5.00598    
1    18    9    -6469.63    -23.7674    0.536812    4.07958    
1    19    10    -6469.76    -24.4454    0.502458    5.14621    
1    23    11    -6466.94    -22.737    0.472734    5.85861    
1    27    12    -6460.84    -13.5822    0.464853    4.1393    
1    28    13    -6463.27    -16.8425    0.462258    4.73398    
1    29    14    -6463.85    -19.6284    0.465799    4.1826    
1    32    15    -6465.67    -18.1891    0.502793    4.99493    
1    34    16    -6470.21    -22.1114    0.492664    4.44296    
1    38    17    -6470.27    -21.3072    0.476709    5.07385    
1    40    18    -6466.2    -18.5134    0.504372    4.9923    
1    43    19    -6467.75    -17.1225    0.483396    5.76933    
1    45    20    -6471.8    -22.1384    0.447039    4.0841    
1    46    21    -6470.46    -19.3948    0.484847    5.23704    
1    49    22    -6470.61    -22.846    0.49043    3.92214    
1    53    23    -6471.02    -23.2303    0.445938    4.07899    
1    72    24    -6468    -23.2776    0.448286    3.76102    
1    73    25    -6469.96    -22.5379    0.465188    3.99756    
1    80    26    -6472.37    -22.0633    0.486597    4.37206    
1    85    27    -6466.96    -19.6344    0.476199    4.99788    
1    89    28    -6461.01    -16.7879    0.482971    5.55503    
1    92    29    -6465.3    -19.0337    0.510306    4.79074    
1    99    30    -6467.57    -20.14    0.485703    4.84223    
