#Task    Step    numberOfAcceptedPeleSteps    currentEnergy    BindingEnergy    sasaLig    distance_A35SG_L1S1    
1    0    0    -6437.95    -2.18339    0.569019    8.96525    
1    1    1    -6461.4    -3.64403    0.559246    8.44545    
1    2    2    -6469.47    -10.4749    0.546731    9.39571    
1    4    3    -6466.85    -8.98315    0.533316    9.49754    
1    6    4    -6470.22    -11.6776    0.544469    9.47806    
1    8    5    -6468.05    -12.3807    0.534468    9.36499    
1    10    6    -6467.83    -11.6    0.544329    9.13223    
1    15    7    -6466.81    -11.2197    0.5779    8.92362    
1    20    8    -6463.46    -8.66888    0.623912    9.1049    
1    21    9    -6462.11    -10.2856    0.598347    8.78313    
1    23    10    -6464.83    -10.9507    0.584339    9.22151    
1    28    11    -6466.11    -12.1759    0.565653    9.45923    
1    31    12    -6465.64    -11.3943    0.497101    9.14431    
1    34    13    -6466.88    -11.4726    0.57068    9.39556    
1    35    14    -6465.34    -12.8339    0.508124    9.29299    
1    36    15    -6464.71    -11.5993    0.498867    9.07408    
1    37    16    -6466.12    -12.0513    0.539769    9.70135    
1    40    17    -6466.09    -12.4058    0.554769    10.0205    
1    44    18    -6465.9    -10.9597    0.584632    10.6855    
1    47    19    -6465.89    -9.46693    0.592767    11.5971    
1    50    20    -6465.11    -8.6108    0.60746    12.0788    
1    51    21    -6463.98    -10.5078    0.61248    12.7438    
1    54    22    -6465.67    -9.50396    0.607519    12.9484    
1    59    23    -6466.12    -10.3679    0.61905    14.2573    
1    60    24    -6466.06    -10.2651    0.623696    13.9513    
1    62    25    -6463.05    -8.32729    0.590089    12.0812    
1    64    26    -6463.77    -9.05601    0.57758    12.3568    
1    65    27    -6463.37    -10.654    0.584663    12.6953    
1    70    28    -6458.8    -5.58177    0.624331    13.3235    
1    74    29    -6462.62    -8.20434    0.622992    13.6857    
1    83    30    -6465.66    -10.1025    0.59234    12.5197    
1    88    31    -6465.98    -10.3103    0.609559    13.9281    
1    91    32    -6461.32    -6.55357    0.613339    13.0376    
1    94    33    -6459.18    -7.02599    0.579728    11.2241    
1    97    34    -6460.47    -5.28889    0.760939    15.0293    
