#Task    Step    numberOfAcceptedPeleSteps    currentEnergy    BindingEnergy    sasaLig    distance_A35SG_L1S1    
1    0    0    -6446.41    -27.4801    0.447698    4.68167    
1    1    1    -6448.79    -16.3268    0.492282    7.00045    
1    3    2    -6460.83    -21.979    0.471803    5.54335    
1    7    3    -6458.05    -27.0061    0.484969    6.0864    
1    10    4    -6463.22    -22.5213    0.482645    7.04381    
1    12    5    -6464.08    -22.5898    0.491586    6.65232    
1    13    6    -6463.57    -33.7377    0.448582    4.95957    
1    15    7    -6465.72    -30.9288    0.469251    5.51737    
1    25    8    -6470.11    -30.6614    0.435331    4.61743    
1    43    9    -6469.5    -29.4684    0.487914    5.9089    
1    45    10    -6474.79    -32.4288    0.457034    5.21852    
1    46    11    -6471.51    -28.1127    0.471895    5.02842    
1    50    12    -6462.03    -25.7115    0.470866    4.33267    
1    51    13    -6465.3    -31.9672    0.438663    5.78746    
1    53    14    -6470.62    -34.9309    0.424353    5.65863    
1    62    15    -6473.01    -34.4983    0.414845    5.86754    
1    63    16    -6465.47    -17.1705    0.456333    4.54683    
1    67    17    -6464.46    -19.124    0.459999    5.11    
1    68    18    -6460.95    -10.9643    0.522461    5.47926    
1    69    19    -6465.75    -14.7947    0.635153    5.11026    
1    73    20    -6458.24    -12.4384    0.596967    5.63815    
1    75    21    -6456    -12.1312    0.54956    4.86635    
1    79    22    -6450.09    -2.43999    0.568429    5.62889    
1    80    23    -6459.22    -8.20074    0.545465    6.21782    
1    82    24    -6453.42    -4.2855    0.581036    3.61649    
1    83    25    -6458.99    -7.6696    0.510413    3.65328    
1    84    26    -6467.61    -15.2762    0.589328    5.36566    
1    88    27    -6468.09    -14.3921    0.546498    4.99895    
1    90    28    -6471.38    -15.3509    0.575112    5.64065    
1    91    29    -6462.65    -8.4588    0.576349    3.97297    
1    95    30    -6476.69    -19.97    0.557441    3.76175    
1    96    31    -6477.44    -19.8274    0.587148    4.14306    
1    98    32    -6465.01    -4.73846    0.634235    4.46228    
