#Task    Step    numberOfAcceptedPeleSteps    currentEnergy    BindingEnergy    sasaLig    distance_A35SG_L1S1    
1    0    0    -6465.51    -25.2135    0.442891    5.43377    
1    1    1    -6481.23    -23.1447    0.459856    5.67211    
1    24    2    -6484.23    -24.8374    0.473506    5.36937    
1    36    3    -6479.57    -21.6788    0.467843    6.12679    
1    38    4    -6482.55    -23.6153    0.448506    5.78234    
1    41    5    -6485.97    -25.9661    0.436276    5.50436    
1    43    6    -6483.22    -23.1925    0.457679    6.36787    
1    46    7    -6478.68    -20.9133    0.485489    6.7241    
1    51    8    -6484.99    -23.9475    0.459538    5.93322    
1    55    9    -6487.67    -26.0376    0.445319    5.59757    
1    60    10    -6483.77    -24.1294    0.437745    6.17334    
1    69    11    -6480.21    -21.2502    0.451461    6.2886    
1    73    12    -6481    -23.8716    0.443911    5.88692    
1    83    13    -6479.87    -22.3652    0.422102    5.89211    
1    87    14    -6482.93    -25.0251    0.441442    5.68478    
1    92    15    -6482.87    -23.7862    0.475218    5.25942    
1    99    16    -6478.48    -20.2099    0.48595    6.38086    
