#Task    Step    numberOfAcceptedPeleSteps    currentEnergy    BindingEnergy    sasaLig    distance_A35SG_L1S1    
1    0    0    -6453.27    -26.9944    0.422398    6.83849    
1    1    1    -6462.03    -23.5934    0.441313    4.25763    
1    3    2    -6460.13    -21.7155    0.467186    5.86313    
1    4    3    -6459.4    -18.0512    0.495026    5.90659    
1    5    4    -6456.79    -21.6656    0.451493    3.60547    
1    6    5    -6454.79    -12.311    0.518333    6.25922    
1    7    6    -6458.41    -14.6302    0.568585    6.92732    
1    8    7    -6461.11    -14.7567    0.566192    6.26922    
1    11    8    -6461.24    -20.9868    0.497773    7.31348    
1    27    9    -6461.03    -21.8501    0.514239    6.97888    
1    29    10    -6465.81    -26.9771    0.465785    5.51104    
1    32    11    -6461.33    -23.2814    0.443145    4.85451    
1    35    12    -6456.07    -16.2286    0.491065    3.47261    
1    41    13    -6457.41    -19.8169    0.465686    5.3302    
1    43    14    -6464.13    -24.3529    0.465985    5.00827    
1    44    15    -6462.37    -22.4165    0.523351    4.4334    
1    49    16    -6464.71    -26.1563    0.461016    5.11284    
1    55    17    -6464.29    -30.863    0.414746    3.82049    
1    67    18    -6468.84    -26.0434    0.451564    5.24258    
1    69    19    -6470.4    -25.3978    0.450514    5.88717    
1    76    20    -6465.84    -22.837    0.484276    4.60695    
1    77    21    -6466.84    -27.0987    0.427403    5.05134    
1    83    22    -6466.43    -22.2821    0.468991    6.14264    
1    94    23    -6467.51    -24.1741    0.504167    5.29424    
