#Task    Step    numberOfAcceptedPeleSteps    currentEnergy    BindingEnergy    sasaLig    distance_A35SG_L1S1    
1    0    0    -6440.37    -26.116    0.462468    3.78223    
1    1    1    -6449.99    -8.44857    0.483642    6.6753    
1    3    2    -6447.04    -6.38738    0.509252    6.03297    
1    4    3    -6452.56    -9.00684    0.531326    3.87913    
1    5    4    -6458.04    -27.2887    0.458873    3.81901    
1    7    5    -6463.16    -27.4374    0.416106    4.00513    
1    13    6    -6458.77    -26.7937    0.409402    3.98146    
1    29    7    -6458.55    -27.7786    0.406588    4.05106    
1    36    8    -6457.71    -27.0143    0.401317    4.14227    
1    38    9    -6456.64    -25.1964    0.427963    4.43134    
1    39    10    -6460.56    -19.6049    0.507317    4.27708    
1    46    11    -6457.6    -20.8011    0.512303    3.64826    
1    47    12    -6458.34    -24.3672    0.476376    3.67836    
1    50    13    -6456.1    -18.2681    0.527346    5.12957    
1    57    14    -6454.98    -21.901    0.448019    5.39626    
1    58    15    -6452.24    -19.3093    0.42794    4.99847    
1    62    16    -6453.35    -20.6991    0.472642    4.0536    
1    63    17    -6462.24    -23.2644    0.421664    4.39761    
1    66    18    -6460.23    -19.5097    0.488519    4.98232    
1    68    19    -6463.73    -23.1321    0.455869    4.31836    
1    71    20    -6465.48    -26.5943    0.43528    4.24063    
1    74    21    -6463.97    -24.392    0.425875    4.16609    
1    75    22    -6464.26    -23.5157    0.454649    4.18042    
1    77    23    -6465.83    -26.8643    0.471681    3.92267    
1    83    24    -6468.57    -25.0251    0.492174    3.61509    
1    86    25    -6464.36    -22.6768    0.473597    3.53279    
1    87    26    -6469.16    -22.454    0.445285    3.71771    
1    99    27    -6471.55    -26.8591    0.440436    3.87093    
