#Task    Step    numberOfAcceptedPeleSteps    currentEnergy    BindingEnergy    sasaLig    distance_A35SG_L1S1    
1    0    0    -6443.56    -15.4726    0.477759    8.5462    
1    1    1    -6464.54    -16.2698    0.417657    8.77762    
1    5    2    -6466.29    -19.7092    0.3867    8.31851    
1    6    3    -6465.45    -17.8329    0.378098    7.93314    
1    7    4    -6461.64    -16.6672    0.393626    6.58479    
1    8    5    -6462.47    -19.5264    0.400118    5.90615    
1    11    6    -6457.92    -18.2598    0.382304    5.58261    
1    13    7    -6462.66    -18.7688    0.443848    6.30419    
1    15    8    -6463.08    -18.3319    0.464117    5.72306    
1    16    9    -6463.11    -17.4187    0.442713    6.383    
1    18    10    -6463.04    -17.1352    0.448485    7.11925    
1    21    11    -6462.52    -23.1327    0.419498    8.12363    
1    28    12    -6464.74    -23.3917    0.42138    7.87681    
1    42    13    -6463.11    -22.6683    0.4102    7.77955    
1    48    14    -6462.7    -18.7322    0.444557    8.21453    
1    49    15    -6462.61    -21.7878    0.430874    8.04742    
1    52    16    -6460.19    -18.0019    0.478315    9.97501    
1    55    17    -6456.92    -12.9132    0.606581    4.93391    
1    58    18    -6456.19    -12.2567    0.596521    4.02281    
1    59    19    -6465.75    -21.7517    0.497899    4.01131    
1    64    20    -6468.36    -23.0501    0.535876    5.57896    
1    72    21    -6471.13    -23.7676    0.534674    4.91272    
1    86    22    -6467.52    -22.5938    0.550465    4.37844    
1    87    23    -6467.05    -21.8724    0.511927    3.65549    
