#Task    Step    numberOfAcceptedPeleSteps    currentEnergy    BindingEnergy    sasaLig    distance_A35SG_L1S1    
1    0    0    -6438.35    -18.5195    0.532749    6.43772    
1    1    1    -6447.17    -5.81691    0.551029    3.80904    
1    3    2    -6446.24    -7.03525    0.559548    5.93513    
1    4    3    -6453.97    -11.9772    0.531454    5.05848    
1    5    4    -6461.03    -17.3343    0.498204    4.33268    
1    12    5    -6461.06    -16.6158    0.485517    4.03597    
1    16    6    -6464.13    -17.0557    0.467576    5.47448    
1    18    7    -6464.21    -17.0574    0.486047    4.57969    
1    21    8    -6473.22    -25.8752    0.428797    4.40534    
1    29    9    -6473.46    -27.5767    0.43345    4.27301    
1    33    10    -6469.37    -22.4041    0.448125    3.83534    
1    43    11    -6468.35    -22.2134    0.429465    3.83512    
1    49    12    -6467.95    -22.0623    0.431448    4.89375    
1    53    13    -6467.57    -23.2777    0.4297    4.0366    
1    55    14    -6471.79    -24.3412    0.433466    4.02596    
1    61    15    -6464.5    -23.5144    0.364911    4.96606    
1    69    16    -6465.63    -23.915    0.374794    4.94739    
1    76    17    -6463.81    -20.7528    0.43087    3.97304    
1    78    18    -6465.32    -20.9084    0.44991    3.90196    
1    86    19    -6466.54    -23.0147    0.402699    3.85317    
1    89    20    -6464.59    -23.917    0.376276    3.75097    
1    95    21    -6467.46    -25.0439    0.447217    3.80786    
1    100    22    -6471.77    -27.2872    0.463193    3.86063    
