#Task    Step    numberOfAcceptedPeleSteps    currentEnergy    BindingEnergy    sasaLig    distance_A35SG_L1S1    
1    0    0    -6458.6    -44.7165    0.364417    10.8621    
1    4    1    -6480.66    -43.7019    0.372952    10.8878    
1    32    2    -6472.46    -35.9272    0.402905    11.1194    
1    41    3    -6480.13    -46.2693    0.368353    10.9286    
1    63    4    -6479.14    -44.9991    0.365473    10.8765    
1    67    5    -6473.77    -37.0275    0.378525    9.86687    
1    76    6    -6473.37    -38.6358    0.367678    9.81552    
1    77    7    -6481.59    -42.6987    0.372077    10.0137    
1    85    8    -6479.48    -45.2954    0.372478    10.8386    
1    92    9    -6482.05    -44.9994    0.37179    10.8083    
