#Task    Step    numberOfAcceptedPeleSteps    currentEnergy    BindingEnergy    sasaLig    distance_A35SG_L1S1    
1    0    0    -6442.72    -26.8085    0.502238    9.14688    
1    1    1    -6441.88    -16.548    0.517515    7.42878    
1    3    2    -6442.74    -29.9691    0.479053    7.36665    
1    5    3    -6444.37    -25.3393    0.429735    6.79675    
1    8    4    -6446.82    -19.0388    0.47583    8.45127    
1    15    5    -6448.74    -21.5516    0.47271    7.05575    
1    19    6    -6448.36    -18.9734    0.472966    7.3136    
1    23    7    -6450.99    -20.9623    0.464952    6.83106    
1    24    8    -6453.13    -22.2    0.471129    7.18028    
1    25    9    -6459.94    -30.6507    0.460336    6.73081    
1    27    10    -6461.94    -29.4009    0.462921    7.30149    
1    28    11    -6461.29    -27.1163    0.465569    6.1889    
1    35    12    -6460.9    -27.3641    0.474251    6.26059    
1    45    13    -6465.92    -29.0045    0.47951    6.19788    
1    51    14    -6465.84    -29.0511    0.480085    6.27466    
1    55    15    -6465.63    -28.1299    0.472563    6.01596    
1    62    16    -6452.5    -13.7773    0.591733    5.31798    
1    63    17    -6459.03    -24.0713    0.517059    8.16274    
1    65    18    -6465.8    -26.3703    0.488861    7.21103    
1    66    19    -6447.61    -18.0909    0.56475    6.27243    
1    67    20    -6464.21    -26.2737    0.489797    6.38258    
1    69    21    -6467.46    -25.7668    0.468891    6.05847    
1    78    22    -6464.76    -23.5969    0.4672    5.45837    
1    84    23    -6456.24    -21.0858    0.50789    6.90619    
1    85    24    -6458.85    -14.4284    0.520073    7.13105    
1    88    25    -6461.96    -10.8648    0.519895    7.76247    
1    89    26    -6466.58    -19.6997    0.486116    7.11649    
1    90    27    -6468.47    -18.6399    0.495073    7.08527    
1    92    28    -6468.37    -19.0464    0.477161    7.08668    
