#Task    Step    numberOfAcceptedPeleSteps    currentEnergy    BindingEnergy    sasaLig    distance_A35SG_L1S1    
1    0    0    -6445.36    -13.3968    0.471479    9.31086    
1    1    1    -6467.88    -18.0803    0.478104    9.70511    
1    3    2    -6472.1    -25.7023    0.437862    10.1137    
1    17    3    -6475.13    -28.0206    0.426254    9.95779    
1    18    4    -6458.18    -15.3352    0.473137    9.824    
1    19    5    -6457.18    -9.83362    0.502335    11.2338    
1    27    6    -6465.22    -2.68926    0.533127    7.5916    
1    30    7    -6471.15    -6.04121    0.544937    7.52052    
1    32    8    -6474.25    -5.31228    0.587153    7.74869    
1    42    9    -6471.88    -3.77982    0.711092    10.1919    
1    43    10    -6470.9    -8.94701    0.771678    9.03845    
1    46    11    -6468.81    -3.68208    0.705122    8.03346    
1    47    12    -6472.92    -7.51564    0.610559    7.85654    
1    49    13    -6475    -8.20437    0.635813    6.24267    
1    50    14    -6480.57    -14.2028    0.570396    5.3558    
1    54    15    -6481.7    -15.6509    0.553624    6.2097    
1    66    16    -6480.46    -13.0044    0.583638    6.49762    
1    67    17    -6481.38    -14.2793    0.56232    7.03866    
1    69    18    -6482.83    -23.3955    0.464907    6.84108    
1    84    19    -6482.72    -20.4864    0.471597    6.2975    
1    85    20    -6482.89    -24.0222    0.469608    6.84747    
1    94    21    -6483.96    -23.3153    0.483376    6.34865    
1    95    22    -6483.89    -24.2494    0.463484    6.60531    
1    98    23    -6478.59    -16.1653    0.49906    8.18805    
1    99    24    -6482.03    -23.9726    0.472449    6.79632    
