#Task    Step    numberOfAcceptedPeleSteps    currentEnergy    BindingEnergy    sasaLig    distance_A35SG_L1S1    
1    0    0    -6457.53    -10.3515    0.539471    4.75901    
1    1    1    -6478.84    -11.3912    0.524685    4.85634    
1    8    2    -6475.79    -8.69046    0.533258    4.75694    
1    15    3    -6475.56    -7.23587    0.540635    4.94465    
1    18    4    -6475.17    -6.99445    0.537673    4.60966    
1    19    5    -6477.76    -7.34792    0.54554    4.88748    
1    23    6    -6473.92    -6.77836    0.557764    4.91967    
1    24    7    -6471.96    -5.27572    0.578882    7.07266    
1    25    8    -6475.65    -7.03761    0.588867    8.09638    
1    27    9    -6478.18    -9.16964    0.565973    8.21764    
1    30    10    -6476.66    -7.04901    0.586477    8.9731    
1    31    11    -6479.32    -11.6867    0.524991    8.41717    
1    32    12    -6480.54    -10.7488    0.552731    9.8903    
1    35    13    -6478.49    -8.33161    0.582629    11.0743    
1    36    14    -6479    -8.99433    0.550015    10.6327    
1    38    15    -6474.84    -5.26654    0.559339    11.5743    
1    43    16    -6476.86    -5.60633    0.588337    12.2976    
1    46    17    -6478.91    -8.01233    0.628784    13.5797    
1    54    18    -6476.74    -5.80149    0.586729    12.1559    
1    57    19    -6475.01    -11.1383    0.536562    9.33832    
1    64    20    -6475.29    -10.8491    0.550809    9.96496    
1    66    21    -6479.3    -12.4288    0.547393    9.84936    
1    67    22    -6478.91    -12.3313    0.514929    9.37152    
1    70    23    -6480.85    -10.8566    0.536832    10.3799    
1    71    24    -6480.22    -8.27782    0.574037    11.5098    
1    72    25    -6479.22    -9.46257    0.555886    8.65451    
1    75    26    -6478.72    -11.633    0.535182    6.66615    
1    76    27    -6477.85    -9.58069    0.559519    6.85366    
1    77    28    -6475.24    -9.56384    0.533419    6.8496    
1    79    29    -6475.83    -9.5304    0.576364    6.7823    
1    82    30    -6472.25    -6.47809    0.580569    7.18213    
1    84    31    -6477.79    -12.2595    0.540167    6.73479    
1    86    32    -6478.8    -13.4134    0.521171    6.57161    
1    87    33    -6477.05    -10.8635    0.527016    7.04594    
1    88    34    -6476.86    -10.2671    0.551731    7.78385    
1    89    35    -6476.43    -12.1629    0.547202    6.95222    
1    91    36    -6476.08    -11.1829    0.568543    7.50174    
