#Task    Step    numberOfAcceptedPeleSteps    currentEnergy    BindingEnergy    sasaLig    distance_A35SG_L1S1    
1    0    0    -6457.89    0.223153    0.784563    12.6999    
1    1    1    -6477.72    0.459315    0.764147    14.746    
1    2    2    -6477.77    2.51868    0.754913    14.6724    
1    3    3    -6481.53    -1.04153    0.762574    14.5052    
1    5    4    -6480.14    -1.33369    0.780953    14.6054    
1    6    5    -6481.37    -1.89568    0.766811    14.1133    
1    8    6    -6481.9    -1.38775    0.763341    13.3525    
1    10    7    -6471.88    4.03179    0.834843    14.8785    
1    11    8    -6471.41    6.92048    0.763444    9.46866    
1    12    9    -6473.3    4.55767    0.7715    9.79054    
1    14    10    -6470.25    7.62777    0.758414    9.44115    
1    15    11    -6472.2    3.98088    0.695156    8.95943    
1    16    12    -6475.43    1.81518    0.786091    7.41904    
1    17    13    -6476.96    -0.125792    0.78293    10.2006    
1    18    14    -6479.8    -2.10158    0.807617    9.47774    
1    20    15    -6478.96    -0.927635    0.856731    9.42908    
1    22    16    -6473.81    4.21983    0.775347    13.3549    
1    23    17    -6475.56    -0.702475    0.847114    13.7705    
1    24    18    -6475.97    0.19306    0.886774    12.4794    
1    26    19    -6476.3    0.0324579    0.877285    10.8509    
1    28    20    -6476.74    -0.765358    0.84012    10.1532    
1    29    21    -6471.97    -1.68856    0.833151    12.7671    
1    32    22    -6473.7    -1.01721    0.870192    11.1114    
1    34    23    -6477.15    -2.95986    0.844871    13.2906    
1    37    24    -6478.47    0.65668    0.846763    16.7117    
1    38    25    -6473.8    2.95422    0.816443    15.6004    
1    39    26    -6477.35    -0.942284    0.820631    14.5327    
1    41    27    -6476.16    -0.519602    0.819678    14.465    
1    42    28    -6477.4    1.5221    0.787437    14.7062    
1    43    29    -6479.01    0.767826    0.77661    14.306    
1    45    30    -6479.86    -1.93962    0.786044    14.8857    
1    47    31    -6481.87    0.490071    0.801994    15.1271    
1    49    32    -6482.51    -0.466268    0.821289    15.2872    
1    51    33    -6483.23    -1.37387    0.794179    15.1088    
1    58    34    -6483.59    -1.50305    0.796799    14.8631    
1    67    35    -6481.4    0.344439    0.751327    14.1256    
1    70    36    -6481.57    0.189094    0.796665    12.5622    
1    72    37    -6480.33    0.872637    0.732785    10.6291    
1    74    38    -6480.66    0.392976    0.704368    11.913    
1    75    39    -6480.14    0.215566    0.748588    12.8228    
1    76    40    -6482.53    0.602348    0.791347    14.1072    
1    78    41    -6482.9    0.222561    0.801289    14.2089    
1    80    42    -6482    0.992628    0.850336    11.7232    
1    82    43    -6481    2.18947    0.805495    10.4133    
1    83    44    -6480.85    1.94452    0.832334    13.6096    
1    86    45    -6478.26    3.24067    0.802506    12.913    
1    87    46    -6479.15    1.77182    0.747313    13.4679    
1    88    47    -6482.68    -0.00483008    0.756285    14.6919    
1    89    48    -6472.14    5.41176    0.824323    11.2324    
1    90    49    -6476.96    1.87244    0.840035    11.9656    
1    92    50    -6477.29    3.36908    0.801504    10.7134    
1    93    51    -6474.84    0.980526    0.804499    10.2829    
1    94    52    -6481.19    -2.18154    0.839069    10.8889    
1    97    53    -6479.45    -2.33566    0.808441    10.0333    
1    98    54    -6479.29    -2.32014    0.786827    9.74528    
1    99    55    -6478.06    -1.89755    0.757777    8.95717    
1    100    56    -6476.89    -1.01061    0.726183    6.7364    
