#Task    Step    numberOfAcceptedPeleSteps    currentEnergy    BindingEnergy    sasaLig    distance_A35SG_L1S1    
1    0    0    -6445.1    -7.9392    0.500942    13.0895    
1    1    1    -6459.16    -9.93275    0.49172    14.0618    
1    2    2    -6464.62    -10.9797    0.445827    14.0803    
1    3    3    -6468.88    -17.6514    0.430025    13.6277    
1    4    4    -6463.15    -8.21048    0.485797    13.679    
1    6    5    -6462.43    -6.62175    0.562097    14.7337    
1    7    6    -6460.92    -3.78411    0.517239    14.6683    
1    8    7    -6463.39    -5.74192    0.573817    14.6345    
1    9    8    -6451.35    0.888756    0.64437    13.6523    
1    10    9    -6454.01    0.247706    0.574595    13.6105    
1    11    10    -6458.25    -5.63252    0.532835    13.8184    
1    14    11    -6461.52    -5.70464    0.554524    15.0032    
1    20    12    -6463.86    -5.55536    0.515585    15.1971    
1    21    13    -6465.56    -11.9969    0.448938    14.1103    
1    25    14    -6459.08    -9.20851    0.402283    13.9817    
1    26    15    -6456.02    -4.37145    0.435271    13.2469    
1    29    16    -6457.82    -13.785    0.42509    13.4149    
1    31    17    -6454.85    -13.0297    0.397855    13.9026    
1    32    18    -6460.85    -11.5845    0.43035    13.9042    
1    34    19    -6460.43    -12.0283    0.393058    13.6922    
1    37    20    -6459.49    -13.2675    0.378868    13.8298    
1    39    21    -6457.63    -13.7804    0.349248    13.8175    
1    40    22    -6457.62    -11.8246    0.384781    13.802    
1    42    23    -6459.73    -12.3485    0.392423    13.9205    
1    43    24    -6461.53    -11.9806    0.447136    13.8118    
1    44    25    -6459.63    -11.7069    0.457489    13.8801    
1    46    26    -6461.1    -10.8845    0.452547    14.2716    
1    48    27    -6465    -13.8669    0.520712    13.6189    
1    49    28    -6464.79    -19.0283    0.480708    14.4376    
1    51    29    -6471.97    -17.0745    0.526827    13.6729    
1    54    30    -6475.25    -17.0785    0.55361    14.0747    
1    55    31    -6474.51    -17.3486    0.482118    14.0072    
1    56    32    -6477.37    -19.8542    0.477737    13.9819    
1    57    33    -6476.62    -20.4572    0.502987    14.2575    
1    58    34    -6476.69    -20.6979    0.490173    14.1218    
1    59    35    -6476.47    -19.0587    0.478706    14.3321    
1    70    36    -6474.94    -18.8266    0.483436    14.4971    
1    77    37    -6472.96    -19.126    0.502447    14.2835    
1    79    38    -6463.79    -10.5371    0.448238    14.2654    
1    84    39    -6463.3    -6.99927    0.46705    13.8268    
1    90    40    -6465.51    -8.65021    0.501506    13.8205    
1    91    41    -6468.93    -13.5246    0.468775    14.2072    
1    93    42    -6468.41    -15.7398    0.456616    13.8274    
1    94    43    -6466.26    -12.0447    0.498589    13.6605    
1    95    44    -6464.43    -11.8116    0.487067    12.6682    
