#Task    Step    numberOfAcceptedPeleSteps    currentEnergy    BindingEnergy    sasaLig    distance_A35SG_L1S1    
1    0    0    -6449.35    -35.2124    0.443363    5.26614    
1    1    1    -6468.21    -33.1167    0.438823    6.10997    
1    7    2    -6468.15    -31.6426    0.446038    6.71483    
1    9    3    -6466.96    -34.6389    0.451268    5.56465    
1    14    4    -6466.47    -34.342    0.447968    4.86185    
1    19    5    -6470.4    -35.5735    0.439463    5.40207    
1    20    6    -6461.97    -31.5961    0.45921    5.3547    
1    21    7    -6474.76    -35.225    0.443338    5.65333    
1    27    8    -6471.21    -32.5548    0.451574    6.20592    
1    28    9    -6473.05    -33.4493    0.45766    5.73193    
1    30    10    -6471.62    -30.2116    0.465992    6.38066    
1    35    11    -6468.79    -29.499    0.46698    6.76984    
1    44    12    -6468.48    -31.544    0.456933    6.1758    
1    45    13    -6469.09    -35.1927    0.444969    5.69493    
1    47    14    -6469.97    -34.4667    0.462566    5.20414    
1    58    15    -6463.56    -28.4301    0.482649    5.27362    
1    59    16    -6466.58    -32.5922    0.465792    4.81199    
1    67    17    -6470.05    -32.1878    0.460938    6.03595    
1    70    18    -6468.24    -29.1927    0.463063    6.2902    
1    73    19    -6468.67    -31.9507    0.446767    6.33672    
1    85    20    -6465.14    -26.8099    0.470534    9.33842    
1    87    21    -6460.25    -23.8535    0.538241    6.13055    
1    88    22    -6462.27    -17.1948    0.511744    5.56722    
1    89    23    -6461.94    -21.9348    0.505811    5.07512    
1    91    24    -6465.06    -18.9913    0.494038    8.07694    
1    92    25    -6464.25    -17.1081    0.496766    8.30062    
1    95    26    -6468.55    -17.8046    0.456377    8.20334    
1    96    27    -6466.72    -15.6836    0.475314    7.99978    
1    98    28    -6468.67    -16.2236    0.451624    8.51393    
1    99    29    -6463.91    -11.5438    0.533256    6.83192    
