#Task    Step    numberOfAcceptedPeleSteps    currentEnergy    BindingEnergy    sasaLig    distance_A35SG_L1S1    
1    0    0    -6440.98    -21.2756    0.473116    4.6526    
1    1    1    -6469    -26.3576    0.427257    4.24881    
1    2    2    -6470.06    -25.2092    0.444329    4.042    
1    15    3    -6473.22    -27.2769    0.415525    4.23105    
1    25    4    -6470.87    -17.2944    0.446536    3.75099    
1    29    5    -6467.56    -14.3628    0.456806    4.58144    
1    30    6    -6470.69    -16.2396    0.438027    3.76448    
1    41    7    -6469.1    -19.1472    0.465479    3.81777    
1    47    8    -6466.56    -14.8249    0.420278    3.74384    
1    53    9    -6468.54    -18.5756    0.465513    3.62276    
1    54    10    -6466.6    -15.3959    0.489465    3.91482    
1    55    11    -6470.94    -18.8191    0.497262    4.26626    
1    58    12    -6468.46    -16.2895    0.462824    4.10479    
1    60    13    -6473.12    -19.1    0.489369    4.0779    
1    63    14    -6474.93    -20.0405    0.485829    4.39694    
1    75    15    -6471.67    -19.2188    0.460619    3.65132    
1    79    16    -6471.87    -17.9833    0.47085    4.17625    
1    81    17    -6471.39    -17.1763    0.438071    3.63337    
1    82    18    -6469.32    -15.5701    0.456778    4.11914    
1    84    19    -6472.7    -18.0773    0.499595    4.1707    
1    85    20    -6467.23    -23.4837    0.501179    5.643    
1    89    21    -6465.93    -14.058    0.592267    5.84822    
1    96    22    -6468.37    -16.3993    0.570172    5.5435    
