#Task    Step    numberOfAcceptedPeleSteps    currentEnergy    BindingEnergy    sasaLig    distance_A35SG_L1S1    
1    0    0    -6440.05    -1.87928    0.592147    7.18757    
1    1    1    -6464.14    -9.99578    0.529339    6.25387    
1    2    2    -6467.58    -10.1071    0.543717    6.67978    
1    6    3    -6470.35    -10.4394    0.547451    6.11231    
1    7    4    -6464.75    -4.69652    0.543259    4.66088    
1    10    5    -6467.57    -4.53784    0.545959    4.06015    
1    11    6    -6474.24    -9.03175    0.465814    6.07879    
1    12    7    -6476.28    -8.90172    0.479175    6.17139    
1    17    8    -6475.04    -9.42449    0.48623    7.62406    
1    18    9    -6476.77    -11.0368    0.455473    7.72041    
1    20    10    -6475.13    -8.86948    0.493616    7.59939    
1    22    11    -6474.58    -9.11645    0.59285    4.71861    
1    24    12    -6476.22    -8.90621    0.57631    5.10609    
1    26    13    -6476.93    -7.88538    0.546231    7.01924    
1    28    14    -6478.51    -10.5483    0.503661    6.15534    
1    30    15    -6477.37    -7.87624    0.529544    8.20735    
1    31    16    -6476.51    -7.67051    0.500463    8.26285    
1    34    17    -6475.66    -7.9018    0.513016    8.21855    
1    35    18    -6472.31    -5.43556    0.545933    6.85855    
1    36    19    -6476.06    -8.21693    0.538852    7.02714    
1    38    20    -6479.04    -10.017    0.553438    7.29896    
1    39    21    -6478.95    -12.4262    0.492171    6.85986    
1    40    22    -6479.88    -13.6751    0.487684    6.90562    
1    42    23    -6480.1    -11.9999    0.473318    7.18754    
1    46    24    -6483.44    -14.3593    0.546007    4.68831    
1    48    25    -6481.83    -13.4076    0.549838    4.57924    
1    51    26    -6481.27    -14.7103    0.53837    4.91404    
1    56    27    -6481.85    -14.2429    0.540394    4.38803    
1    65    28    -6487.66    -31.0493    0.457984    6.85526    
1    67    29    -6485.04    -29.7193    0.457991    7.01015    
1    68    30    -6484.84    -28.3626    0.466702    6.90147    
1    78    31    -6487.11    -30.496    0.45981    6.8581    
1    82    32    -6484.25    -26.8521    0.487991    7.40628    
1    87    33    -6476.4    -30.7638    0.436036    6.98325    
1    90    34    -6475.79    -28.1592    0.436378    5.61155    
1    91    35    -6478.06    -31.4469    0.447595    6.53676    
1    95    36    -6477.96    -30.2792    0.462576    7.40033    
1    97    37    -6479.73    -32.3993    0.440959    6.7347    
1    100    38    -6479.61    -30.3666    0.446631    6.38701    
