#Task    Step    numberOfAcceptedPeleSteps    currentEnergy    BindingEnergy    sasaLig    distance_A35SG_L1S1    
1    0    0    -6450.77    -31.0789    0.460948    8.78709    
1    1    1    -6456.33    -18.3812    0.497586    11.1352    
1    3    2    -6450.74    -21.5063    0.504077    8.29295    
1    5    3    -6452.87    -27.4168    0.477031    10.9817    
1    11    4    -6459.28    -25.4504    0.482771    11.6117    
1    13    5    -6460.94    -28.3294    0.462381    10.6558    
1    24    6    -6459.28    -27.9707    0.463145    10.3236    
1    28    7    -6462.06    -26.5168    0.471859    10.1798    
1    35    8    -6462.8    -26.0752    0.473147    9.66024    
1    39    9    -6462.47    -24.5237    0.437035    9.01858    
1    41    10    -6462.64    -32.6894    0.414205    7.92143    
1    47    11    -6459.67    -27.5384    0.409249    8.03341    
1    48    12    -6460.22    -27.5453    0.423702    8.69897    
1    57    13    -6474.02    -29.9046    0.418657    9.01069    
1    65    14    -6468.86    -29.0523    0.421656    10.0569    
1    68    15    -6459.48    -20.3081    0.4486    10.2203    
1    69    16    -6461.06    -27.5314    0.44752    10.4227    
1    72    17    -6463.22    -24.9859    0.458322    10.3572    
1    75    18    -6464.27    -23.9693    0.470898    11.3451    
1    77    19    -6459.32    -26.3199    0.450319    10.9703    
1    79    20    -6462.78    -27.4219    0.453687    10.7573    
1    81    21    -6464.44    -25.311    0.456657    11.2539    
1    83    22    -6470.76    -28.9607    0.446654    10.769    
