#Task    Step    numberOfAcceptedPeleSteps    currentEnergy    BindingEnergy    sasaLig    distance_A35SG_L1S1    
1    0    0    -6443.09    -9.97628    0.553127    10.3676    
1    1    1    -6458.02    -8.84637    0.513894    10.3839    
1    2    2    -6469.33    -6.42659    0.545293    10.317    
1    4    3    -6475.15    -9.14441    0.519686    10.16    
1    6    4    -6476.42    -9.47179    0.539816    9.97396    
1    8    5    -6476.76    -9.29733    0.522143    9.98767    
1    14    6    -6475.07    -6.85716    0.509843    10.4295    
1    19    7    -6471.68    -6.05114    0.515343    10.3401    
1    20    8    -6478.41    -11.0145    0.514055    10.4167    
1    22    9    -6476.37    -9.4173    0.534085    10.4664    
1    23    10    -6472.23    -3.37727    0.525755    10.4246    
1    26    11    -6471.11    -2.24943    0.499429    10.2743    
1    29    12    -6469.07    -5.6314    0.503936    10.8364    
1    30    13    -6468.43    -0.100487    0.542584    10.8895    
1    31    14    -6465.84    2.77943    0.650284    6.42023    
1    32    15    -6472.04    -1.39386    0.618666    6.67371    
1    35    16    -6464.23    4.70617    0.663635    10.4913    
1    36    17    -6472.43    -0.260566    0.667819    8.30909    
1    39    18    -6468.96    -0.290943    0.565793    10.4685    
1    40    19    -6470.65    -2.67688    0.492954    9.74736    
1    41    20    -6465.55    -1.81146    0.478819    9.84664    
1    43    21    -6468.77    -3.38575    0.51073    11.8103    
1    44    22    -6472.64    -6.65338    0.519249    12.498    
1    46    23    -6473.11    -4.06981    0.511027    11.5095    
1    52    24    -6477.92    -9.77869    0.502631    12.3359    
1    56    25    -6478.43    -11.6019    0.48406    11.9385    
1    67    26    -6472.82    -7.70923    0.511007    11.5537    
1    69    27    -6473.81    -13.1647    0.496613    12.4169    
1    70    28    -6473.02    -10.7108    0.493049    11.9722    
1    81    29    -6474.03    -11.4176    0.487872    11.6364    
1    82    30    -6476.05    -8.24117    0.533192    12.3791    
1    83    31    -6473.46    -7.04252    0.516071    12.0106    
1    85    32    -6470.13    -6.08426    0.512997    11.5386    
1    87    33    -6473.23    -6.1757    0.534315    12.6063    
1    90    34    -6472.55    -6.05456    0.52156    11.5668    
1    92    35    -6473.59    -5.06241    0.572451    13.4067    
1    93    36    -6469.15    -0.606454    0.577998    10.532    
1    94    37    -6470.07    -1.64474    0.584087    8.79012    
1    95    38    -6473.64    -7.28245    0.568877    8.14463    
1    99    39    -6474.4    -7.05292    0.573564    8.10541    
1    100    40    -6464.22    -0.466685    0.765149    12.681    
