#Task    Step    numberOfAcceptedPeleSteps    currentEnergy    BindingEnergy    sasaLig    distance_A35SG_L1S1    
1    0    0    -6450.82    -31.5618    0.463476    8.59449    
1    1    1    -6458.9    -1.49133    0.482807    4.96457    
1    3    2    -6464.58    0.19623    0.489398    4.75874    
1    4    3    -6467.21    -0.384526    0.467356    4.04829    
1    10    4    -6460.3    5.7375    0.492715    4.59326    
1    11    5    -6460.57    6.65666    0.473099    8.66837    
1    14    6    -6463.2    4.25905    0.518012    8.7165    
1    19    7    -6463.33    2.10525    0.496795    8.03935    
1    22    8    -6470.59    -2.61246    0.549331    7.84517    
1    26    9    -6470.29    -1.12389    0.557612    8.60622    
1    27    10    -6469.87    -1.50342    0.549121    8.53163    
1    28    11    -6456.68    12.1344    0.581621    10.7204    
1    30    12    -6468.68    0.698519    0.602748    8.63509    
1    31    13    -6468.22    3.86794    0.616056    8.7052    
1    32    14    -6467.8    3.86667    0.60618    9.1073    
1    36    15    -6467    4.80538    0.639318    9.78969    
1    38    16    -6464.65    6.46462    0.581435    8.56193    
1    39    17    -6465.47    -0.387414    0.543733    8.87269    
1    40    18    -6466.78    -0.424113    0.579421    9.87041    
1    42    19    -6470.64    -4.72822    0.536988    10.8101    
1    43    20    -6474.37    -6.58091    0.564085    8.95358    
1    44    21    -6472.89    -4.73188    0.568691    8.10961    
1    50    22    -6470.25    -2.04598    0.598486    8.3636    
1    52    23    -6472.96    -8.34849    0.599011    8.9851    
1    55    24    -6475.23    -9.44147    0.624282    8.40309    
1    56    25    -6477.86    -12.6389    0.565664    7.67257    
1    57    26    -6477.75    -12.4198    0.54526    8.20459    
1    58    27    -6477.01    -6.94824    0.577434    8.65583    
1    62    28    -6477.42    -7.72729    0.592919    8.85179    
1    63    29    -6474.07    -6.91998    0.608557    9.45267    
1    65    30    -6470.02    -5.67737    0.621457    9.86867    
1    72    31    -6470.11    -1.20167    0.664391    13.3989    
1    74    32    -6471.54    -1.7302    0.681403    13.0433    
1    75    33    -6473.33    -2.7852    0.595239    12.212    
1    78    34    -6473.5    -2.37756    0.610416    13.0372    
1    84    35    -6479.1    -6.24739    0.644286    11.8935    
1    85    36    -6476.55    -5.87682    0.618772    12.7931    
1    86    37    -6476.17    -6.3133    0.661395    13.3769    
1    87    38    -6470.66    -2.96596    0.658066    11.9289    
1    88    39    -6469.46    -1.68285    0.648357    11.7211    
1    89    40    -6469.07    -3.61591    0.566358    10.1182    
1    91    41    -6477.63    -6.24931    0.566914    9.47246    
1    92    42    -6479.29    -6.7668    0.563878    8.73092    
1    94    43    -6478.28    -4.32072    0.570239    9.03813    
1    95    44    -6476.59    -4.33085    0.539196    8.35196    
1    98    45    -6478.06    -3.55001    0.603225    7.6265    
1    99    46    -6480.46    -6.90341    0.613024    8.90216    
1    100    47    -6480.01    -9.95141    0.637303    10.155    
