#Task    Step    numberOfAcceptedPeleSteps    currentEnergy    BindingEnergy    sasaLig    distance_A35SG_L1S1    
1    0    0    -6438.19    -16.2826    0.517236    4.92274    
1    1    1    -6456.61    -9.96803    0.52777    7.36779    
1    3    2    -6457.25    -3.59336    0.534082    8.11775    
1    4    3    -6464.1    -4.14925    0.538719    8.696    
1    5    4    -6465.47    -4.61199    0.522317    8.71618    
1    6    5    -6465.44    -3.56936    0.518383    9.07741    
1    7    6    -6467.26    -2.7185    0.5258    8.49263    
1    8    7    -6470.36    -2.83066    0.521834    9.1539    
1    12    8    -6473.84    -5.68333    0.494041    7.8803    
1    15    9    -6474.93    -10.0235    0.462456    7.97206    
1    16    10    -6475.87    -9.41921    0.48238    7.79807    
1    20    11    -6477.98    -10.2247    0.475888    7.81266    
1    21    12    -6478.7    -12.1617    0.475565    7.33973    
1    25    13    -6477.01    -10.9848    0.471428    7.4389    
1    26    14    -6480.66    -10.5952    0.489483    7.31686    
1    27    15    -6481.1    -11.4075    0.480775    7.33386    
1    37    16    -6479.46    -11.7287    0.484005    7.38887    
1    38    17    -6476.88    -9.0736    0.474665    7.6678    
1    50    18    -6476.76    -9.32548    0.476175    7.75031    
1    51    19    -6477.36    -9.31908    0.483025    7.66917    
1    53    20    -6478.68    -16.9761    0.464876    6.65145    
1    54    21    -6483.83    -23.1612    0.412486    6.92738    
1    56    22    -6485.77    -23.5001    0.430858    7.13912    
1    57    23    -6485.45    -25.6973    0.416628    7.04668    
1    65    24    -6474.61    -7.33399    0.484091    7.40329    
1    66    25    -6475.03    -8.35121    0.444072    7.22313    
1    69    26    -6475.31    -10.0159    0.411827    7.38071    
1    70    27    -6475.56    -7.76139    0.455968    7.31422    
1    72    28    -6477.98    -8.884    0.415439    7.20782    
1    73    29    -6477.56    -11.8437    0.417462    7.27907    
1    74    30    -6482.08    -13.8724    0.448133    7.5146    
1    86    31    -6480.87    -12.8354    0.448128    7.92131    
1    88    32    -6482.61    -13.4903    0.441905    7.38953    
1    94    33    -6474.62    -5.71475    0.49191    7.09067    
1    95    34    -6478.2    -10.2147    0.502217    7.57086    
1    96    35    -6486.44    -13.8097    0.488745    7.1709    
