#Task    Step    numberOfAcceptedPeleSteps    currentEnergy    BindingEnergy    sasaLig    distance_A35SG_L1S1    
1    0    0    -6449.81    -9.05505    0.517621    5.78588    
1    1    1    -6466.44    -10.2476    0.478541    4.81978    
1    4    2    -6463.34    -6.76855    0.51419    5.45584    
1    6    3    -6467.16    -8.36554    0.456331    5.32506    
1    11    4    -6461.7    -7.96931    0.530479    4.24117    
1    15    5    -6463.8    -8.74046    0.507498    4.3554    
1    16    6    -6468.01    -8.72938    0.518357    3.92809    
1    20    7    -6467.65    -8.80513    0.50582    3.53948    
1    24    8    -6460.2    -2.48726    0.544722    6.36    
1    26    9    -6453.58    8.24555    0.680592    7.92276    
1    27    10    -6456.38    5.89993    0.510848    7.08995    
1    28    11    -6466.68    -3.18204    0.572265    11.2237    
1    36    12    -6468.74    -5.55182    0.516118    10.9504    
1    40    13    -6470.52    -6.60193    0.51076    11.0457    
1    45    14    -6469.39    -11.3705    0.468714    10.5802    
1    46    15    -6469.12    -9.51245    0.46609    10.6388    
1    50    16    -6458.97    -2.66386    0.607252    8.35077    
1    51    17    -6460.1    2.43546    0.595592    8.57396    
1    53    18    -6458.53    1.41579    0.566804    8.63822    
1    54    19    -6459.3    0.89812    0.507234    9.09347    
1    55    20    -6462.07    -5.74104    0.596434    9.21999    
1    57    21    -6465.19    -5.30338    0.572724    9.98458    
1    63    22    -6463.28    -7.05605    0.500242    8.56423    
1    69    23    -6464.56    -8.15395    0.510881    9.08233    
1    71    24    -6466.64    -9.63209    0.511998    8.40005    
1    80    25    -6456.04    6.04304    0.628453    10.3557    
1    81    26    -6454.55    3.18052    0.574945    9.88007    
1    82    27    -6461.24    -2.66681    0.635781    7.822    
1    84    28    -6465.08    -2.63287    0.630371    10.7505    
1    86    29    -6466.28    -4.86449    0.588798    8.84562    
1    88    30    -6470.69    -8.05008    0.571842    8.54813    
1    92    31    -6469.44    -7.85085    0.545798    8.39674    
1    97    32    -6469.64    -10.2841    0.542859    8.67546    
1    98    33    -6467.95    -6.50491    0.518568    8.42308    
1    99    34    -6471.57    -9.85506    0.487573    8.90534    
