168	5361	1.00	0.000E+00	0	577	578	0	577	578	578M
167	4530	0.773	0.000E+00	0	577	578	0	578	579	254M1D324M
94	4474	0.765	0.000E+00	0	577	578	0	578	579	254M1D324M
116	4202	0.722	0.000E+00	0	577	578	0	572	573	72M1I181M1D151M6I12M1D155M
117	4143	0.736	0.000E+00	0	577	578	0	580	581	71M1D181M1D2M1D324M
79	2244	0.344	1.695E-64	5	575	578	3	580	582	10M1I57M1D145M1I14M3D21M1D13M1D74M8D20M1I11M6D3M1D19M13I6M4I69M5D8M1D81M
6	1837	0.272	1.487E-56	1	574	578	10	610	613	12M5D114M1I20M4I23M1I11M2D19M1D25M3D19M2D5M1D60M1I10M1D16M5D19M1I8M14D27M2I6M5I5M3I67M4D7M8D35M1I47M
160	1783	0.288	3.236E-54	13	576	578	0	536	539	43M1I9M1D58M1I21M9I6M1I10M2I3M2D14M1I7M1I18M1I14M2D17M1I13M2I71M6D4M1D18M1I9M10I16M4I15M2I105M2I54M
10	1779	0.284	6.039E-55	13	574	578	11	592	595	46M2D7M1D5M6D78M1D8M2D10M1D6M2I2M2D16M2I24M1D12M2D33M2I78M5D17M1I13M3D8M5D12M13I7M4D4M4D67M1D89M
118	1759	0.241	7.806E-53	16	574	578	1	528	531	40M1I70M1I19M10I36M2I23M1I12M5D2M3I14M1I11M2I70M1I6M7D20M1I6M1I5M2I4M7I12M5D7M13I103M2I51M
97	1755	0.255	1.457E-53	7	575	578	9	587	589	9M1I42M2D15M7D77M1D5M2D12M1D25M2I23M1D13M3D34M2I70M1D1M5D23M1I17M5D13M3I3M9I11M1I67M1D90M
165	1745	0.267	8.764E-53	19	577	578	1	531	532	37M1I16M1D50M1I22M6I4M3I34M2I24M1I16M2D13M1I85M3D6M4D20M1I7M10I16M12I2M1I7M3D104M2I55M
71	1744	0.263	2.185E-53	3	574	578	1	574	577	4M12I37M2D18M7D73M4D2M3I4M2D9M4D28M2I24M1D14M3D31M2I71M5D4M1D20M1I17M5D16M13I78M1D89M
2	1741	0.243	1.156E-53	13	574	578	12	593	595	4M1D23M1I18M2D12M7D87M3D15M2I2M2D16M2I23M1D12M3D34M2I71M3D4M2D9M1D11M1I18M7D19M7D7M13I67M1D84M1D5M
127	1731	0.280	1.030E-53	17	574	578	10	580	583	40M2D12M7D80M4I4M7D10M1D6M2I2M2D16M2I24M1D11M4D4M2I13M1I17M2I68M1D2M2D7M2D15M1I17M2D4M2D15M8I13M3D57M2I8M1D89M
90	1730	0.266	1.314E-52	19	575	578	1	529	543	37M1I16M1D53M1I20M10I6M1D28M1I3M1I22M1I14M2D16M1I85M3D6M4D20M1I12M10I11M12I11M2D103M2I53M
39	1727	0.263	4.695E-52	14	574	578	0	536	552	41M1D19M1D73M10I20M1D16M2I39M2D15M1I14M2D4M1I67M1D2M5D23M1I15M10I8M13I7M2D3M1D103M2I52M
59	1715	0.263	8.875E-52	14	574	578	0	536	552	46M1D13M1D74M10I20M1D16M2I39M2D15M1I14M2D4M1I67M1D2M5D23M1I15M10I8M13I9M1D2M2D102M2I52M
75	1715	0.266	5.141E-54	0	574	578	0	588	590	16M1I38M1D12M2D63M1D19M2D24M2I9M2D4M1D3M3I24M1D14M2D18M2D5M1D79M2I2M4D4M11I7M1I2M2D7M4D3M16D10M15D12M21I108M1I50M
135	1712	0.263	1.056E-51	14	574	578	0	536	553	46M1D13M1D74M10I19M1D17M2I39M2D15M1I18M1D68M1D2M5D23M1I15M10I8M13I9M1D2M2D102M2I52M
105	1710	0.256	5.586E-52	17	574	578	0	532	557	38M1D18M1D74M10I21M1D10M2I43M2D17M1I85M1D2M4D2M1D21M1I8M4I5M7I1M1D8M13I9M1D2M2D103M2I51M
144	1710	0.293	1.860E-52	14	574	578	0	537	559	41M2D5M4D13M1D54M1I19M10I33M1I4M1I21M1I15M2D16M1I15M2I69M1D1M3D5M2D19M1I8M4I5M7I1M1D8M11I5M2I7M3D155M
48	1709	0.259	1.119E-51	14	574	578	0	536	552	46M1D14M1D73M10I20M1D14M1I7M1I34M2D15M1I14M2D4M1I67M1D2M5D23M1I15M10I8M13I7M2D3M1D103M2I52M
60	1708	0.263	1.410E-51	14	574	578	0	536	552	46M1D14M1D73M10I20M1D16M2I39M2D15M1I14M2D4M1I67M1D2M4D2M1D21M1I15M10I8M13I9M1D2M2D102M2I52M
8	1707	0.279	2.484E-52	7	577	578	2	620	621	7M1I59M1D72M2D12M2D36M1I26M2D15M2D13M3D6M1D10M2I66M2D4M3D4M3D17M1I2M1I8M4D5M12D8M20D12M7I2M3I2M11D86M2D26M6I51M
151	1702	0.255	1.056E-51	18	574	578	3	534	556	42M1D14M1D73M3I4M7I16M1D11M2I44M2D15M1I86M1D2M4D2M1D21M1I12M10I11M13I9M1D2M2D103M2I51M
17	1697	0.262	5.272E-52	18	574	578	3	534	565	42M1D14M1D73M10I20M1D11M2I44M2D15M1I86M1D2M5D23M1I15M10I8M13I11M3D103M2I51M
139	1694	0.297	1.657E-52	14	574	578	0	537	559	41M2D5M4D6M1D61M1I19M10I36M2I8M4I1M4D9M1I16M2D15M1I15M2I69M1D1M3D5M2D19M1I8M4I5M7I1M1D8M11I3M2I9M3D155M
40	1691	0.261	2.516E-51	14	574	578	0	536	552	46M1D14M1D73M10I20M1D14M1I7M1I34M2D15M1I14M2D4M1I67M1D1M4D3M1D21M1I15M10I8M13I11M3D103M2I51M
140	1690	0.275	1.056E-51	18	574	578	3	531	560	38M1I17M1D53M1I18M8I3M2I16M2D16M2I25M1I15M2D15M1I12M2I72M1D2M2D3M3D20M1I8M4I5M7I1M1D8M14I9M4D157M
38	1688	0.252	2.665E-51	18	574	578	3	534	556	42M1D14M1D73M3I4M7I16M1D11M2I44M2D15M1I86M1D1M4D3M1D21M1I15M10I8M13I7M2D3M1D104M2I51M
123	1688	0.253	3.772E-51	18	574	578	3	534	556	42M1D14M1D73M3I4M7I16M1D11M2I44M2D15M1I86M1D2M4D2M1D21M1I12M10I11M13I7M2D3M1D104M2I51M
13	1688	0.251	7.905E-52	8	574	578	12	591	594	7M1I43M2D15M7D77M1D5M2D11M1D26M2I24M1D11M4D4M1I30M2I70M1D1M5D23M1I13M3D4M5D13M3I3M10I78M1D89M
113	1684	0.259	2.241E-51	18	574	578	3	534	556	42M1D14M1D73M10I20M1D11M2I44M2D15M1I86M1D2M4D2M1D21M1I8M10I15M13I11M3D103M2I51M
146	1682	0.275	1.996E-51	18	574	578	3	531	560	38M1I17M1D53M1I18M8I3M2I16M2D16M2I25M1I15M2D15M1I12M2I72M1D2M2D3M3D20M1I8M4I5M7I1M1D8M14I9M4D157M
34	1681	0.262	3.360E-51	14	574	578	0	533	559	46M1D13M1D74M10I21M1D10M2I43M2D16M1I14M2I70M1D2M5D23M1I15M10I8M13I9M1D2M2D103M2I51M
53	1680	0.256	4.755E-51	17	574	578	0	532	555	43M1D14M1D73M10I20M1D11M2I44M2D15M1I86M1D2M4D2M1D21M1I15M10I8M13I12M3D101M2I52M
56	1677	0.254	2.993E-51	17	573	578	0	532	558	38M1D19M1D73M10I21M1D10M2I44M2D15M1I86M1D2M4D2M1D21M1I8M4I5M7I1M1D8M13I7M2D3M1D104M2I46M1D4M
154	1675	0.256	2.241E-51	17	573	578	0	532	557	38M1D19M1D73M10I21M1D10M2I43M2D16M1I86M1D2M4D2M1D21M1I8M4I5M7I1M1D8M13I9M1D2M2D102M2I47M1D4M
89	1671	0.282	1.133E-50	16	573	578	1	526	528	43M1I66M1I20M6I40M2I6M1I16M1I15M2D16M1I14M2I67M4I7M5D17M1I10M3I4M7I8M6I13M4I39M2D33M1I4M2D26M2I51M
128	1671	0.271	7.367E-53	6	574	578	4	586	588	10M1I38M1D12M2D63M1D19M2D24M2I9M2D8M2I24M1D14M2D18M2D5M1D79M2I2M2D3M9I10M1I2M2D8M20D13M15D11M21I108M1I50M
0	1671	0.267	7.461E-52	13	574	578	11	591	594	46M2D9M1D5M6D76M1D8M2D8M1D8M2I2M2D16M2I24M1D12M1D5M1D13M1I14M2I72M4D6M1D17M1I13M3D8M5D12M13I7M4D4M4D67M1D89M
162	1670	0.261	5.994E-51	13	574	578	0	534	558	47M1D13M1D74M10I20M1D14M2I41M2D15M1I12M2I72M1D1M4D3M1D21M1I15M10I8M12I2M2I7M4D104M2I51M
74	1670	0.251	3.997E-51	8	574	578	14	593	596	7M1I40M2D13M7D78M1D9M2D12M1D25M2I24M1D11M4D4M1I30M2I70M1D1M5D23M1I13M3D4M5D16M13I78M1D89M
99	1668	0.253	7.555E-51	14	574	578	0	533	559	46M1D14M1D73M10I16M1D15M2I44M2D15M1I14M2I70M1D2M5D23M1I15M10I8M13I9M1D2M2D103M2I51M
64	1667	0.253	5.038E-51	17	573	578	0	532	556	43M1D13M1D74M10I16M1D15M2I44M2D15M1I86M1D2M4D2M1D21M1I8M4I5M7I1M1D8M13I9M1D2M2D103M2I46M1D4M
81	1667	0.254	1.200E-50	17	574	578	0	532	556	43M1D14M1D73M10I21M1D10M2I43M2D16M1I86M1D2M5D23M1I8M4I5M7I1M1D8M13I7M2D3M1D103M2I52M
9	1667	0.253	6.351E-51	14	574	578	0	533	559	46M1D14M1D73M10I16M1D15M2I44M2D15M1I14M2I70M1D1M4D3M1D21M1I15M10I8M13I11M3D103M2I51M
41	1665	0.256	5.038E-51	17	574	578	0	532	556	43M1D13M1D74M10I16M1D15M2I41M2D18M1I13M1D4M1I68M1D2M4D2M1D21M1I8M10I5M1I1M1D8M13I9M1D2M2D102M2I52M
104	1665	0.243	3.997E-51	13	573	578	0	536	560	47M1D13M1D74M10I19M1D12M2I44M2D15M1I12M2I69M4I2M10D22M1I15M10I10M13I5M1D4M2D151M1D4M
110	1665	0.266	4.755E-51	18	574	578	4	533	565	42M1D14M1D73M10I21M1D10M2I43M2D16M1I14M2I70M1D2M5D23M1I15M10I8M13I9M3D105M2I51M
147	1664	0.251	1.069E-50	17	574	578	0	532	556	43M1D14M1D73M10I21M1D10M2I41M2D18M1I86M1D2M4D2M1D21M1I8M10I5M1I1M1D8M13I7M2D3M1D103M2I52M
50	1664	0.263	5.338E-51	17	574	578	0	532	562	43M1D13M1D74M3I4M7I15M1D12M2I44M2D15M1I86M1D2M5D23M1I8M4I5M7I1M1D8M13I9M1D2M2D103M2I51M
31	1663	0.258	1.133E-50	17	574	578	0	532	555	43M1D14M1D73M3I4M7I16M1D11M2I43M2D16M1I86M1D2M5D23M1I8M4I5M7I1M1D8M13I9M1D2M2D103M2I51M
45	1663	0.256	1.348E-50	17	574	578	0	532	556	43M1D13M1D74M10I21M1D10M2I44M2D15M1I86M1D2M4D2M1D21M1I8M10I5M1I1M1D8M13I9M1D2M2D102M2I52M
65	1663	0.256	8.482E-51	17	574	578	0	532	556	43M1D6M1D81M10I21M1D10M2I43M2D16M1I86M1D2M5D23M1I8M10I5M1I1M1D8M13I7M2D3M1D103M2I52M
58	1662	0.259	8.482E-51	17	574	578	0	532	556	38M1D18M1D74M10I21M1D10M2I42M2D17M1I13M1D4M1I68M1D2M4D2M1D21M1I8M10I5M1I1M1D8M13I9M1D2M2D102M2I52M
30	1661	0.261	1.272E-50	17	574	578	0	532	558	38M1D19M1D73M10I17M1D14M2I44M2D15M1I13M1D4M1I68M1D1M4D3M1D21M1I8M10I15M13I7M2D3M1D104M2I51M
43	1661	0.251	1.200E-50	14	574	578	0	533	559	46M1D14M1D73M10I21M1D10M2I44M2D15M1I14M2I70M1D2M5D23M1I8M4I5M7I1M1D8M13I11M3D103M2I51M
52	1661	0.253	7.555E-51	14	574	578	0	533	559	46M1D14M1D73M10I16M1D15M2I41M2D18M1I14M2I70M1D2M5D23M1I15M10I8M13I12M3D102M2I51M
86	1660	0.284	1.513E-50	16	573	578	1	526	528	43M1I66M1I19M7I5M1D35M2I6M1I16M1I15M2D16M1I14M2I67M4I7M5D17M1I10M3I4M7I8M6I13M4I39M2D33M1I4M2D26M2I51M
23	1659	0.287	5.994E-51	17	574	578	0	526	549	38M2I3M1D14M1D54M1I18M5I2M5I34M2I22M1I16M2D8M1I11M1I7M2I72M5D10M1D15M1I8M4I6M6I9M13I10M1D8M1D1M1D148M
92	1659	0.250	8.482E-51	14	574	578	0	533	559	46M1D14M1D73M3I4M7I17M1D10M2I44M2D15M1I14M2I70M1D2M5D23M1I8M4I5M7I1M1D8M13I9M1D2M2D103M2I51M
24	1659	0.257	1.133E-50	17	574	578	0	532	562	43M1D14M1D73M10I19M1D12M2I44M2D15M1I86M1D2M5D23M1I8M4I2M1D4M7I8M11I12M1D104M2I51M
35	1657	0.287	3.997E-51	17	574	578	0	526	549	38M2I3M1D14M1D54M1I18M5I2M5I34M2I8M1I2M1D11M1I16M2D7M1I12M1I7M2I72M1D1M4D9M1D15M1I8M4I6M6I9M12I2M2I5M1I3M3D6M1D1M1D148M
142	1656	0.261	5.994E-51	13	574	578	0	536	567	47M1D14M1D73M3I4M7I16M1D11M2I44M2D15M1I86M1D2M5D23M1I15M10I8M11I5M3I5M4D103M2I51M
19	1655	0.258	3.030E-50	17	574	578	0	532	554	43M1D13M1D74M3I4M7I15M1D12M2I44M2D15M1I86M1D2M4D2M1D21M1I11M3I4M7I8M13I9M1D2M2D102M2I52M
25	1655	0.260	1.069E-50	17	574	578	0	532	559	43M1D6M1D81M10I19M1D12M2I43M2D16M1I86M1D1M4D3M1D21M1I8M4I5M7I1M1D8M13I10M3D104M2I51M
101	1655	0.259	1.428E-50	17	574	578	0	532	562	43M1D14M1D73M10I19M1D12M2I44M2D15M1I86M1D2M5D23M1I8M4I2M1D4M7I7M11I13M1D104M2I51M
148	1654	0.291	5.038E-51	17	574	578	0	526	549	38M2I3M1D14M1D54M1I18M5I2M5I34M2I8M1I2M1D11M1I16M2D7M1I12M1I7M2I72M5D10M1D15M1I8M4I6M6I9M13I10M1D8M1D1M1D148M
42	1654	0.260	1.069E-50	17	574	578	0	532	562	43M1D14M1D73M3I4M7I15M1D12M2I44M2D15M1I86M1D2M5D23M1I8M4I5M7I1M1D8M13I9M1D2M2D103M2I51M
100	1654	0.261	1.069E-50	17	574	578	0	532	564	43M1D14M1D73M3I4M7I15M1D12M2I44M2D15M1I86M1D2M5D23M1I8M4I5M7I1M1D8M13I9M1D2M2D103M2I51M
62	1653	0.256	1.907E-50	17	574	578	0	532	556	43M1D14M1D73M10I21M1D10M2I41M2D18M1I86M1D2M4D2M1D21M1I8M4I5M7I1M1D8M13I11M3D102M2I52M
7	1652	0.268	6.351E-51	14	577	578	0	549	550	4M1D54M1I77M1I15M1I6M1I6M1D18M2I19M1D11M2D19M1I12M2I13M1I56M2D3M4D11M2D13M1I18M3I2M7D10M4I3M7I6M2I4M1I99M6I51M
29	1652	0.258	1.907E-50	17	574	578	0	532	556	38M1D18M1D74M10I21M1D10M2I41M2D18M1I86M1D2M4D2M1D21M1I8M10I5M1I1M1D8M13I9M1D2M2D102M2I52M
37	1652	0.260	7.555E-51	18	574	578	3	534	565	42M1D14M1D73M10I20M1D11M2I43M2D16M1I86M1D1M4D3M1D21M1I8M10I15M13I11M3D103M2I51M
36	1651	0.287	5.656E-51	17	574	578	0	526	549	38M2I3M1D14M1D54M1I18M5I2M5I34M2I8M1I2M1D11M1I16M2D7M1I12M1I7M2I72M5D10M1D15M1I8M4I6M6I9M12I2M2I5M1I3M3D6M1D1M1D148M
69	1650	0.264	9.101E-50	17	574	578	0	526	549	38M2I3M1D13M1D54M1I19M5I2M5I34M2I23M1I15M2D7M1I9M1I10M2I72M1D1M4D2M1D22M1I8M4I6M6I9M13I10M3D157M
155	1650	0.285	5.656E-51	17	574	578	0	526	549	38M2I3M1D14M1D54M1I18M5I2M5I34M2I8M1I2M1D11M1I16M2D7M1I12M1I7M2I72M1D1M4D9M1D15M1I8M4I6M6I9M12I2M2I5M1I3M3D6M1D1M1D148M
61	1649	0.257	2.404E-50	17	574	578	0	532	556	43M1D13M1D74M10I21M1D10M2I42M2D17M1I13M1D4M1I68M1D2M4D2M1D21M1I8M10I5M1I1M1D8M13I9M1D2M2D102M2I52M
96	1649	0.257	1.907E-50	17	574	578	0	532	556	43M1D6M1D81M10I21M1D10M2I43M2D16M1I13M1D4M1I68M1D2M4D2M1D21M1I8M4I5M7I1M1D8M13I9M1D2M2D103M2I51M
152	1649	0.257	1.800E-50	18	573	578	3	534	556	37M1D19M1D73M3I4M7I16M1D11M2I44M2D15M1I86M1D2M4D2M1D21M1I8M10I15M13I7M2D3M1D104M2I46M1D4M
11	1648	0.253	1.428E-50	14	574	578	0	533	564	46M1D14M1D73M10I21M1D10M2I43M2D16M1I14M2I70M1D2M5D23M1I8M4I5M7I1M1D8M13I9M1D2M2D103M2I51M
98	1647	0.258	3.402E-50	18	574	578	4	533	559	42M1D14M1D73M10I21M1D10M2I44M2D15M1I14M2I70M1D1M4D3M1D21M1I8M4I5M7I1M1D8M13I7M2D3M1D104M2I51M
149	1647	0.300	1.410E-51	14	574	578	0	537	559	40M2I4M8D13M1D54M1I19M3I4M7I32M2I22M1I13M5D2M3I13M1I12M2I72M1D1M3D5M2D19M1I8M4I1M1D5M7I8M11I3M2I9M1D6M1D1M1D148M
133	1647	0.265	8.005E-51	17	574	578	0	532	562	43M1D14M1D73M3I4M7I12M2I15M1D44M2D15M1I86M1D2M5D23M1I8M4I5M7I1M1D8M13I9M1D2M2D103M2I51M
26	1647	0.272	5.038E-51	18	574	578	3	531	568	38M1I17M1D53M1I19M9I5M1I14M2D15M2I25M1I15M2D15M1I12M2I72M5D10M1D15M1I8M4I6M6I9M14I9M4D157M
102	1646	0.259	1.348E-50	18	574	578	3	534	565	42M1D14M1D73M10I20M1D11M2I43M2D16M1I86M1D1M4D3M1D21M1I10M3I5M7I8M13I11M3D103M2I51M
115	1646	0.262	1.348E-50	18	574	578	3	534	565	42M1D14M1D73M3I4M7I16M1D11M2I44M2D15M1I86M1D2M5D23M1I15M10I8M13I11M3D103M2I51M
95	1645	0.256	2.547E-50	17	574	578	0	532	556	43M1D13M1D74M10I16M1D15M2I43M2D16M1I13M1D4M1I69M5D3M1D21M1I8M10I5M1I1M1D8M13I11M3D102M2I52M
68	1645	0.259	1.069E-50	18	574	578	3	534	565	42M1D14M1D73M3I4M7I16M1D11M2I44M2D15M1I86M1D2M5D23M1I8M10I15M13I11M3D103M2I51M
112	1644	0.257	2.021E-50	14	574	578	0	533	560	41M1D19M1D73M3I4M7I12M1D15M2I43M2D16M1I14M2I70M1D2M5D23M1I15M10I8M13I11M3D103M2I51M
114	1644	0.266	2.021E-50	18	574	578	4	533	565	42M1D14M1D73M10I21M1D10M2I43M2D16M1I14M2I70M1D2M5D23M1I15M10I8M13I9M1D2M2D103M2I51M
88	1642	0.280	2.021E-50	16	573	578	1	526	528	43M1I66M1I19M5I10M1I31M2I6M3I4M2D10M1I15M2D16M1I14M2I67M4I7M5D17M1I10M3I4M7I8M6I13M4I39M2D33M1I4M2D26M2I51M
46	1642	0.251	2.547E-50	14	574	578	0	533	560	46M1D14M1D73M3I4M7I17M1D10M2I44M2D15M1I14M2I70M1D2M5D23M1I8M4I5M7I1M1D8M13I12M3D102M2I51M
121	1642	0.262	1.513E-50	18	574	578	3	534	565	42M1D14M1D73M10I20M1D11M2I44M2D15M1I86M1D1M4D3M1D21M1I8M10I15M13I11M3D103M2I51M
28	1641	0.261	2.547E-50	17	574	578	0	532	556	43M1D6M1D81M10I21M1D10M2I43M2D16M1I86M1D1M4D3M1D21M1I8M10I5M1I1M1D8M13I12M3D101M2I52M
161	1641	0.255	4.815E-50	18	574	578	3	534	561	42M1D14M1D73M10I20M1D11M2I44M2D15M1I86M1D1M4D3M1D21M1I12M10I11M13I11M3D103M2I51M
156	1641	0.261	2.860E-50	17	574	578	0	532	562	43M1D14M1D73M3I4M7I16M1D11M2I44M2D15M1I86M1D2M5D23M1I8M4I5M7I1M1D8M13I9M1D2M2D103M2I51M
14	1640	0.251	3.030E-50	18	574	578	3	534	565	42M1D14M1D73M10I20M1D11M2I44M2D15M1I86M1D2M4D2M1D21M1I8M10I14M11I13M1D104M2I51M
16	1638	0.285	8.987E-51	17	574	578	0	526	549	38M2I3M1D14M1D54M1I18M5I2M5I32M1I7M1I3M1I2M1D11M1I16M2D7M1I12M1I7M2I72M5D10M1D15M1I8M4I6M6I9M12I2M2I5M1I3M3D6M1D1M1D148M
12	1638	0.260	3.030E-50	17	574	578	0	532	563	43M1D14M1D73M3I4M7I15M1D12M2I44M2D15M1I86M1D2M5D23M1I8M4I5M7I1M1D8M13I9M1D2M2D103M2I51M
153	1635	0.267	1.907E-50	17	574	578	0	526	549	38M3I3M2D12M1D54M1I19M5I2M5I34M2I22M1I13M5D2M3I5M1I9M1I10M2I72M3I3M9D19M1I10M3I5M7I8M13I10M3D9M1D2M1I145M
44	1635	0.249	3.605E-50	17	574	578	0	532	558	43M1D13M1D74M10I21M1D10M2I41M2D18M1I83M4I2M10D22M1I8M4I5M7I1M1D8M13I9M1D2M2D103M2I51M
143	1635	0.262	2.547E-50	18	574	578	3	534	565	42M1D14M1D73M10I20M1D11M2I43M2D16M1I86M1D1M4D3M1D21M1I8M10I15M13I11M3D103M2I51M
67	1633	0.262	3.402E-50	17	574	578	0	526	549	38M2I3M1D13M1D54M1I19M5I2M5I34M2I23M1I15M2D7M1I9M1I10M2I73M5D9M1D15M1I8M4I6M6I9M12I2M2I5M1D2M1D8M1D4M1D145M
70	1633	0.256	7.650E-50	17	574	578	0	530	559	43M1D14M1D73M10I20M1D11M2I44M2D15M1I14M2I70M1D2M5D23M1I8M4I5M7I1M1D8M13I9M1D2M2D103M2I51M
108	1630	0.277	1.513E-50	17	574	578	0	526	549	38M3I3M2D12M1D54M1I19M5I2M5I34M2I8M1I2M1D12M1I15M2D10M1I6M1I10M2I72M3I3M9D19M1I10M3I5M7I8M13I10M1D8M1D4M1D145M
138	1627	0.257	3.772E-51	16	573	578	1	531	566	40M1I17M1D53M1I19M10I19M2D15M2I25M1I12M5D2M3I18M1I9M2I70M5D10M1D15M1I8M4I5M7I1M1D8M14I7M3D4M1I5M1D1M1D143M1D4M
51	1626	0.270	1.022E-49	17	574	578	0	526	549	38M3I3M2D12M1D54M1I19M5I2M5I34M2I8M1I2M1D12M1I15M2D10M1I6M1I10M2I72M3I3M9D19M1I10M3I5M7I8M12I2M2I5M4D159M
49	1625	0.256	6.431E-50	14	574	578	0	533	559	41M1D19M1D73M10I16M1D15M2I44M2D15M1I12M2I72M1D1M3D3M2D21M1I15M10I8M11I5M3I5M4D103M2I51M
57	1623	0.279	6.069E-50	17	574	578	0	526	549	38M3I3M2D12M1D54M1I19M5I2M5I34M2I23M1I15M2D7M1I9M1I10M2I72M1D1M4D2M1D22M1I10M3I5M7I8M13I10M1D8M1D4M1D145M
119	1621	0.263	3.605E-50	14	574	578	0	535	567	46M1D14M1D73M3I4M7I16M1D11M2I44M2D15M1I86M1D2M5D23M1I8M10I14M11I6M3I6M4D102M2I51M
124	1621	0.265	5.102E-50	14	574	578	0	535	567	46M1D14M1D73M10I20M1D11M2I44M2D15M1I86M1D2M5D23M1I8M10I14M11I6M3I5M4D103M2I51M
63	1620	0.254	8.106E-50	17	573	578	0	532	558	43M1D14M1D73M10I21M1D10M2I43M2D17M1I12M1D4M1I68M1D2M4D2M1D21M1I8M10I5M1I1M1D8M13I11M3D103M2I46M1D4M
131	1619	0.262	1.532E-49	14	574	578	0	533	565	46M1D14M1D73M10I21M1D10M2I43M2D16M1I14M2I71M5D3M1D21M1I15M10I8M13I7M2D3M1D104M2I51M
55	1618	0.256	3.252E-49	17	574	578	0	532	554	43M1D13M1D74M3I4M7I15M1D12M2I44M2D15M1I86M1D2M4D2M1D21M1I8M8I3M3I3M1D8M13I9M1D2M2D102M2I52M
106	1618	0.275	4.815E-50	14	574	578	0	535	565	41M2I2M3D15M1D73M10I4M2D30M1I4M1I20M1I16M2D15M1I14M2I10M1I59M1D1M4D3M1D21M1I15M10I7M11I6M3I2M4D116M1D43M
132	1618	0.255	9.643E-50	14	574	578	0	533	565	46M1D14M1D73M10I16M1D15M2I43M2D16M1I14M2I70M1D2M4D2M1D21M1I15M10I8M11I5M3I5M4D103M2I51M
5	1618	0.250	3.820E-50	15	576	578	0	570	576	5M2D39M1D15M4D75M4I4M7D33M1I8M1I19M1D13M3D32M2I71M3D4M2D18M2I2M1D20M6D9M3I2M8I9M1I6M1I60M1D4M1D91M
54	1617	0.256	9.101E-50	18	574	578	4	535	559	37M1D11M1D81M3I4M7I17M1D10M2I44M2D15M1I14M2I67M4I2M10D22M1I8M10I15M11I4M4D5M3I157M
134	1616	0.256	3.651E-49	17	574	578	0	530	559	43M1D13M1D74M10I20M1D11M2I44M2D15M1I14M2I70M1D2M5D23M1I12M3I3M7I8M13I9M1D2M2D103M2I51M
103	1615	0.277	1.624E-49	17	574	578	0	526	549	38M3I3M2D12M1D54M1I19M5I2M5I34M2I8M1I2M1D12M1I15M2D8M1I8M1I10M2I72M3I3M9D19M1I8M4I6M6I9M13I10M3D9M1D2M1I145M
136	1615	0.279	4.544E-50	14	574	578	0	535	565	40M2I3M3D15M1D73M10I4M2D32M2I22M1I13M2D18M1I14M2I10M1I59M1D1M4D3M1D21M1I15M10I7M11I6M3I2M4D116M1D43M
22	1613	0.257	2.733E-49	18	574	578	3	534	561	42M1D14M1D73M3I4M7I16M1D11M2I44M2D15M1I86M1D1M4D3M1D21M1I12M10I11M13I11M3D103M2I51M
21	1612	0.260	1.288E-49	17	574	578	0	526	549	38M2I3M1D13M1D54M1I19M5I2M5I34M2I8M1I2M1D12M1I15M2D7M1I9M1I10M2I72M3I3M9D19M1I8M4I6M6I9M12I2M2I5M1D2M1D8M1D4M1D145M
47	1611	0.263	1.823E-49	18	574	578	4	535	559	42M1D6M1D81M3I4M7I16M1D11M2I44M2D15M1I14M2I70M1D2M5D23M1I6M7I2M1I3M1I2M2I1M1D8M11I4M4D5M3I157M
83	1610	0.269	2.896E-49	17	574	578	0	526	549	38M2I3M1D13M1D54M1I19M5I2M5I34M2I8M1I2M1D12M1I15M2D7M1I9M1I10M2I72M1D2M5D23M1I8M4I6M6I9M13I10M1D8M1D4M1D145M
27	1610	0.276	3.211E-50	14	574	578	0	535	565	40M2I3M3D15M1D73M10I4M2D11M2I6M2D11M1I4M1I20M1I16M2D15M1I14M2I10M1I59M1D1M4D3M1D21M1I15M10I7M11I6M3I2M4D116M1D43M
84	1610	0.276	3.402E-50	14	574	578	0	535	565	40M2I3M3D15M1D73M10I4M2D11M2I6M2D11M1I4M1I20M1I16M2D15M1I14M2I10M1I59M1D1M4D3M1D21M1I15M10I7M11I6M3I2M4D116M1D43M
18	1608	0.274	4.815E-50	14	574	578	0	535	565	41M2I2M3D15M1D73M10I4M2D11M2I6M2D11M1I4M1I20M1I16M2D15M1I14M2I10M1I59M1D1M4D3M1D21M1I15M10I7M11I6M3I2M4D116M1D43M
137	1607	0.277	9.643E-50	14	574	578	0	535	565	40M2I3M3D15M1D73M10I4M2D30M1I4M1I20M1I16M2D15M1I14M2I10M1I59M1D1M4D3M1D21M1I15M10I7M11I6M3I2M4D116M1D43M
32	1604	0.259	1.133E-50	13	574	578	5	563	568	42M1I16M1I1M2D48M4I21M4I3M5I2M1I28M1I4M1I9M2D13M1I13M3D3M1I14M2D5M1D17M2D62M1I1M5D2M9D4M1I18M1I11M3I4M7I7M11I3M1D9M14D4M1I110M1D43M
15	1602	0.276	6.069E-50	14	574	578	0	535	565	40M2I3M3D15M1D73M10I4M2D11M2I6M2D11M1I4M1I20M1I16M2D15M1I14M2I10M1I59M1D1M4D3M1D21M1I15M10I7M11I6M3I2M4D116M1D43M
129	1601	0.276	5.728E-50	18	574	578	4	535	565	37M2I2M3D15M1D73M10I4M2D11M2I6M2D11M1I7M1I17M1I16M2D15M1I14M2I10M1I59M1D1M4D3M1D21M1I15M10I7M11I6M3I2M4D116M1D43M
20	1600	0.274	9.101E-50	14	574	578	0	535	565	41M2I2M3D15M1D73M10I4M2D11M2I6M2D11M1I4M1I20M1I16M2D15M1I14M2I10M1I59M1D1M4D3M1D21M1I15M10I7M11I6M3I2M4D116M1D43M
66	1598	0.257	5.474E-49	18	574	578	3	534	561	42M1D14M1D73M10I20M1D11M2I41M1D5M1D13M1I86M1D1M4D3M1D21M1I12M10I11M13I11M3D103M2I51M
73	1598	0.282	2.955E-52	13	576	578	33	586	591	41M2I25M4D6M1D2M1I36M1I23M3I3M3I3M3D11M1I8M1D11M2I23M1I17M1D15M1I13M2I48M1I14M2D4M2D3M1I22M3I1M1D11M9I13M10I4M10D3M8D68M4D38M6I51M
107	1596	0.274	1.083E-49	14	574	578	0	535	565	41M2I2M3D15M1D73M10I4M2D11M2I6M2D11M1I4M1I20M1I16M2D15M1I14M2I10M1I59M1D1M4D3M1D21M1I15M10I7M11I6M3I2M4D116M1D43M
4	1596	0.261	1.428E-50	0	577	578	0	612	615	4M1I69M7D54M1D20M3D5M1D5M2I33M2I16M2D7M1D12M3D21M2D13M2I67M2D6M6D22M2I7M4D6M12D4M1D2M12D10M3I2M9I14M1D56M1I3M2I9M2D35M1I51M
159	1595	0.273	1.624E-49	17	574	578	1	527	550	38M2I3M1D14M1D53M1I18M5I3M5I34M2I23M1I15M2D7M1I12M1I7M2I72M3I7M9D15M1I8M4I6M6I9M14I9M2D8M1D1M1D148M
111	1594	0.277	9.101E-50	14	574	578	0	535	565	40M2I3M3D15M1D73M10I4M2D11M2I6M2D11M1I4M1I6M1I2M1D11M1I16M2D15M1I14M2I10M1I59M1D1M4D3M1D21M1I15M10I7M11I6M3I2M4D116M1D43M
33	1594	0.275	6.814E-50	14	574	578	0	536	566	5M1D36M2I2M3D15M1D73M10I4M2D11M2I6M2D11M1I4M1I6M1I3M1D10M1I16M2D15M1I14M2I10M1I59M1D1M4D3M1D21M1I15M10I7M11I6M3I2M4D116M1D43M
166	1592	0.285	1.216E-49	16	574	578	1	534	560	38M2I3M3D15M1D73M5I6M3I11M2I6M2D11M1I4M1I20M1I16M2D15M1I14M2I9M1I60M1D1M4D3M1D21M1I15M10I7M11I6M3I2M4D117M1D42M
150	1591	0.278	5.102E-50	14	574	578	0	535	565	40M2I3M3D15M1D73M10I4M2D11M4I12M2D29M1I13M2D18M1I14M2I10M1I59M1D1M4D3M1D21M1I15M10I8M11I5M3I2M4D116M1D43M
3	1584	0.267	2.860E-50	15	574	578	8	566	576	41M1I65M1I4M3I17M4I3M5I14M1D18M1I7M1I5M2D13M1I14M2D18M2D4M1D10M1D7M2D62M13D7M1I19M1I8M4I6M7I8M12I5M2D4M13D43M2D116M
85	1578	0.276	2.733E-49	14	574	578	0	535	565	40M2I3M3D15M1D73M10I4M2D11M2I6M2D11M1I7M1I17M1I16M2D15M1I14M2I10M1I59M1D1M4D3M1D21M1I15M10I7M11I6M3I2M4D116M1D43M
122	1578	0.268	2.733E-49	13	574	578	0	535	566	47M1D14M1D13M1I59M10I4M2D11M2I6M2D11M1I7M1I3M1I2M1D11M1I16M2D15M1I14M2I10M1I59M1D1M4D3M1D21M1I15M10I7M11I6M3I2M4D116M1D43M
91	1573	0.257	2.933E-48	18	574	578	3	534	561	42M1D14M1D73M10I20M1D11M2I41M1D5M1D13M1I86M1D1M4D3M1D21M1I11M3I4M7I8M13I9M3D105M2I51M
141	1572	0.247	9.643E-50	16	576	578	6	525	542	70M1D3M2I56M4I6M3I1M1I10M4I4M4D13M2I4M2I4M1I2M4D26M2D99M4I5M11I6M3I11M10I13M1D3M7I4M4I7M1D6M2D26M1D6M1D118M
130	1555	0.274	2.733E-49	13	574	578	0	539	568	6M1D35M2I3M3D15M1D13M1I59M10I4M2D11M2I6M2D11M1I4M1I6M1I2M1D11M1I13M5D5M3I14M2D11M2I9M1I60M1D1M4D3M1D21M1I15M10I7M11I6M3I2M4D116M1D43M
145	1545	0.271	3.868E-49	13	574	578	0	539	567	6M1D36M2I2M3D15M1D13M1I59M10I4M2D11M4I12M2D29M1I13M5D5M3I12M2D13M2I9M1I60M1D1M4D3M1D21M1I15M10I7M11I6M3I2M4D116M1D43M
93	1525	0.263	2.072E-48	17	574	578	19	570	572	42M2D7M1D4M6D4M1D21M9I3M1I41M3I6M1D9M1D18M1I13M1I6M1I1M1D10M1D12M4D4M2I28M2I71M5D4M1D21M1I10M1I9M6D12M5I5M7I7M1D56M2I3M1I94M
120	1520	0.280	3.917E-48	18	574	578	3	534	560	36M2I3M3D15M1D73M4I6M4I11M4I12M2D15M1I3M1D10M1I16M2D15M1I14M2I9M1I60M1D1M4D3M1D21M1I15M10I7M11I6M3I2M1D3M3D114M1D42M
158	1511	0.266	2.269E-50	2	576	578	33	586	590	5M12I35M2I25M4D45M1I31M3I32M2I23M1I15M1D15M1I12M2I51M1I17M3D25M4I10M3I5M4I8M3I3M7I9M19D69M3D3M1I5M2D29M6I50M
126	1498	0.250	2.327E-48	17	576	578	13	594	600	51M3I8M1D46M1I33M2D32M1I5M1I20M1D14M2D17M1I81M3D7M2I23M9D7M7D2M5D6M1I2M25D4M1D6M2I2M17I4M5I60M2D2M2I24M1D17M1I50M
1	1451	0.258	3.377E-46	18	574	578	3	519	521	22M1I16M1I85M11I2M12I5M1D2M1I17M2I23M1I14M3I13M1D14M3I2M2I45M1I18M12I6M6D8M1D16M9D16M3I4M1I15M3I73M5D28M1D2M7I47M
87	1328	0.236	2.782E-43	8	576	578	10	578	583	8M1I37M1D30M2I77M1D15M3D12M1I4M1I35M2D19M2D5M1D10M1I49M1I17M21I3M2I2M2I1M3D7M1I5M10D6M11D2M18D7M3I3M19I28M1D49M3D30M1I52M
157	1287	0.239	4.742E-42	8	576	578	18	586	591	8M1I37M1D30M2I77M1D10M1I4M4D12M1I4M1I35M2D19M2D5M1D13M1I46M1I17M21I3M2I2M2I1M3D7M1I5M26D3M2D3M11D9M3I3M18I3M1I24M1D50M3D30M1I52M
80	1268	0.256	1.673E-42	8	576	578	10	579	584	8M1I37M1D33M1I70M1D36M2D5M1I31M2D19M2D5M1D10M1I49M1I18M4D1M1D2M9D16M5D7M8I8M11D3M6I7M3I3M4I3M15I25M1D49M3D30M1I52M
72	1264	0.242	1.694E-41	14	575	578	0	529	531	41M1D3M2D5M3D7M1I6M1D3M3D47M1I19M1I4M7I2M1I11M2I3M4D15M2I23M1I14M3D16M1I14M2I9M1I58M8I13M2I3M3I7M6I5M4I3M1D7M16I6M3I63M1D1M12D2M3I4M2D83M
164	1151	0.222	1.378E-39	5	575	578	32	604	612	5M2I6M4D37M2I17M1D9M5D39M4I16M12I7M13I6M5D12M2I3M1D15M1D6M1I13M4D21M1D11M2I49M1I19M9D14M1D11M3I1M1D4M2I10M3I2M2I4M3D3M6I2M6I6M14D4M2D63M2D2M1D3M3I4M6D33M5D50M
76	931	0.221	7.863E-34	5	576	578	17	521	536	4M1I31M2I23M1D7M4D3M2I8M5I24M4I10M3I2M1D7M19I3M2I2M1I2M1I3M1I16M1I5M3D4M4I21M2I8M2D14M1D6M2D7M1I13M2D57M2D3M23I7M3I3M15I6M1I3M2I10M1I4M1I5M1D6M3D16M1D40M10D3M1D33M5I2M1I50M
78	902	0.213	3.384E-32	5	576	578	18	522	530	4M1I31M2I23M1D7M4D3M2I8M5I29M7I7M1D8M7I2M14I2M1I2M1I3M1I16M1I5M3D4M4I21M2I8M2D14M2D5M1D8M1I10M2D60M2D3M23I7M3I3M15I6M1I3M2I10M6D5M4I23M1D40M11D1M1D6M1I29M5I2M1I50M
82	895	0.202	3.154E-33	0	576	578	19	539	553	13M5D4M5D24M2I23M1D7M4D3M2I8M5I30M4I4M2I11M7I2M14I2M2I5M1I16M1I5M3D4M4I21M2I8M2D14M2D5M1D8M1I10M2D60M2D3M23I7M3I3M15I6M1I3M8D7M2D4M10I24M1D40M7D4M4D32M5I2M1I50M
77	876	0.213	3.752E-33	0	576	578	22	542	571	13M5D5M5D23M2I23M1D7M4D3M2I8M5I30M4I4M2I10M10I1M9I2M2I2M2I5M1I16M1I5M3D4M4I21M2I8M2D14M2D5M1D8M1I13M2D57M2D3M23I7M3I3M15I6M1I3M8D7M2D3M10I25M1D39M11D1M1D3M1I32M5I2M1I50M
163	863	0.186	6.317E-33	7	576	578	20	557	565	10M1D24M2I26M4D7M2I8M5I24M4I8M5I2M1D8M7I2M3I4M13I4M1I15M1I5M3D4M4I46M2D4M1D8M1I10M5D2M1I59M3I2M19I3M1D8M17I7M1I10M7D3M4D6M19D6M1I58M3D10M13D29M5I2M1I50M
125	504	0.146	3.044E-22	6	577	578	24	538	539	31M1I14M10I3D3M4I6M3D10M3I8M3D23M1I5M2D8M4D5M1I4M11I5M4D10M5I19M14I13M21D12M2D43M1I20M2I9M6I3M2D15M5I13M1I7M5I5M4I12M4I9M7I8M3I1M4I9M3D3M2D6M1D4M1D2M3I30M2I3M2I4M19I6M6D10M1I47M5D8M
109	461	0.142	1.559E-20	13	575	578	29	536	546	3M2D22M1I13M10I3D2M9I4M8D8M3I8M3D23M1I6M2D7M4D9M12I5M6D5M2D5M3I21M14I13M21D12M2D43M1I19M2I10M6I3M2D15M5I9M8I10M1D4M4I10M4I11M14I17M1D2M4D11M2D3M3I30M2I3M2I4M19I5M6D8M1I56M
 