79	2838	1.00	5.326E-70	0	320	321	0	320	321	321M
114	1906	0.578	1.649E-49	0	320	321	0	329	332	245M4D5M2D8M1D42M2D21M
48	1823	0.576	5.790E-48	0	320	321	0	327	329	239M3D11M1D9M1D41M2D21M
113	1821	0.564	1.229E-48	0	319	321	0	327	328	240M3D18M1D41M4D21M
180	1817	0.576	3.454E-48	0	320	321	0	332	335	70M3D4M3D168M1D8M2D7M1D43M2D21M
43	1805	0.564	4.103E-48	0	319	321	0	327	328	240M3D19M1D40M4D21M
129	1795	0.564	6.132E-48	0	319	321	0	327	328	240M3D18M1D41M4D21M
143	1794	0.573	1.933E-47	0	320	321	0	332	336	71M3D3M3D168M1D8M2D7M1D43M2D21M
88	1791	0.561	4.317E-47	0	320	321	0	332	336	71M6D171M1D8M2D9M1D41M2D21M
46	1780	0.567	1.293E-47	0	317	321	0	325	328	240M3D19M1D40M4D19M
63	1729	0.513	1.014E-45	0	319	321	0	339	343	240M4D3M2D3M12D2M1I10M1D42M2D19M
42	1715	0.488	1.907E-45	0	319	321	0	339	343	240M4D2M2I5M15D10M1D42M2D19M
69	1711	0.494	2.266E-45	0	319	321	0	339	343	240M4D2M2I5M15D10M1D42M2D19M
36	1709	0.519	3.798E-45	0	319	321	0	339	343	240M4D3M2D3M12D2M1I8M1D44M2D19M
0	1708	0.488	3.019E-45	0	319	321	0	339	343	240M4D2M2I5M15D10M1D42M2D19M
111	1696	0.468	1.700E-45	0	319	321	0	332	333	237M4D7M1D1M5D16M1D40M2D19M
105	1693	0.504	1.008E-44	0	319	321	0	339	343	240M4D3M2D3M12D2M1I10M1D42M2D19M
30	1692	0.504	6.743E-45	0	319	321	0	339	343	240M4D3M2D3M12D2M1I13M1D39M2D19M
109	1691	0.504	1.008E-44	0	319	321	0	339	343	240M4D3M2D3M12D2M1I10M1D42M2D19M
173	1688	0.477	3.798E-45	0	320	321	0	335	338	240M6D5M7D3M1I8M1D44M2D20M
72	1682	0.504	1.789E-44	0	319	321	0	339	343	240M4D3M2D2M12D3M1I10M1D42M2D19M
166	1680	0.476	9.515E-45	0	320	321	0	335	338	240M3D9M9D8M1D44M2D20M
32	1675	0.485	4.747E-44	0	319	321	0	339	343	240M4D7M13D12M1D42M2D19M
112	1672	0.507	1.285E-46	0	319	321	0	339	343	240M16D6M1I2M2D7M1D45M2D19M
44	1667	0.504	1.920E-46	0	319	321	0	339	343	240M16D6M1I2M2D11M1D41M2D19M
45	1665	0.504	1.813E-46	0	319	321	0	339	343	240M16D6M1I2M2D11M1D41M2D19M
16	1662	0.491	6.788E-46	0	319	321	0	339	343	240M5D5M7D4M5D10M1D41M1D5M1D15M
54	1662	0.478	4.747E-44	0	319	321	0	342	346	240M4D4M16D13M1D44M2D19M
170	1661	0.504	2.033E-46	0	319	321	0	339	343	240M16D6M1I2M2D13M1D39M2D19M
51	1660	0.500	4.747E-44	0	319	321	0	339	343	240M4D4M1D2M9D4M3D12M1D39M2D19M
77	1658	0.488	7.957E-44	0	319	321	0	339	343	240M4D7M10D3M3D9M1D42M2D19M
165	1655	0.491	3.996E-44	0	319	321	0	345	349	12M1D228M6D6M16D12M1D45M2D17M
53	1649	0.488	1.352E-45	0	319	321	0	339	343	240M5D5M7D4M5D8M1D43M1D5M1D15M
138	1645	0.446	3.176E-44	0	319	321	0	334	337	235M5D11M8D2M1I8M1D46M2D17M
123	1645	0.480	6.698E-44	0	320	321	0	335	338	235M1D5M5D5M7D3M1I8M1D44M2D20M
11	1640	0.488	1.907E-45	0	319	321	0	339	343	240M5D5M7D4M5D8M1D43M1D5M1D15M
115	1637	0.494	1.205E-45	0	319	321	0	339	343	240M6D4M8D6M3D6M1D47M2D17M
65	1636	0.488	2.541E-45	0	319	321	0	339	343	240M5D5M7D4M5D7M1D44M1D5M1D15M
29	1632	0.486	2.832E-44	0	320	321	0	340	344	240M4D1M1D4M7D5M5D8M1D39M1D6M1D18M
108	1630	0.449	1.777E-43	0	319	321	0	334	337	235M5D11M8D2M1I8M1D44M2D19M
156	1628	0.451	2.979E-43	0	320	321	0	335	338	235M4D5M1I8M9D10M1D44M2D18M
59	1628	0.488	3.586E-45	0	319	321	0	339	343	240M6D5M8D5M3D8M1D43M2D19M
120	1626	0.465	7.563E-45	0	319	321	0	333	338	235M4D7M2I6M10D7M1D44M1D2M1D7M1I9M
33	1626	0.488	3.798E-45	0	319	321	0	339	343	240M5D5M7D4M5D10M1D41M1D5M1D15M
98	1619	0.504	7.957E-44	0	320	321	0	333	338	240M6D4M5D4M1I10M1D45M2D17M
140	1617	0.455	1.123E-43	0	319	321	0	334	337	236M7D3M2I5M8D2M1I8M1D46M2D17M
125	1617	0.465	1.343E-44	0	319	321	0	333	338	235M4D7M2I6M10D7M1D44M1D2M1D7M1I9M
60	1616	0.494	8.427E-44	0	320	321	0	333	335	235M4D10M8D12M1D64M
137	1616	0.462	1.343E-44	0	319	321	0	333	338	235M4D7M2I6M10D7M1D44M1D2M1D7M1I9M
76	1616	0.491	1.130E-44	0	319	321	0	339	343	240M5D5M7D4M5D10M1D41M1D5M1D15M
179	1615	0.498	3.996E-44	0	319	321	0	334	338	240M4D4M8D15M1D41M2D20M
161	1613	0.502	5.972E-44	0	319	321	0	332	335	235M4D5M3I4M11D10M1D63M
107	1613	0.465	1.595E-44	0	319	321	0	333	338	235M4D7M2I6M10D7M1D44M1D2M1D7M1I9M
141	1612	0.465	1.689E-44	0	319	321	0	333	338	235M4D7M2I6M10D7M1D44M1D2M1D7M1I9M
126	1611	0.449	5.289E-43	0	319	321	0	334	337	235M5D10M8D3M1I8M1D44M2D19M
34	1608	0.492	8.063E-46	0	319	321	0	339	343	240M16D6M1I10M3D43M1D5M1D15M
172	1605	0.502	4.022E-45	0	319	321	0	339	343	240M6D5M6D3M3D9M3D43M2D20M
90	1603	0.502	4.022E-45	0	319	321	0	339	343	240M6D5M6D3M3D9M3D43M2D20M
169	1602	0.502	4.778E-45	0	319	321	0	339	343	240M6D5M6D3M3D9M3D43M2D20M
97	1599	0.502	6.743E-45	0	319	321	0	339	343	240M5D5M7D3M3D9M3D43M2D20M
15	1596	0.492	2.020E-45	0	319	321	0	339	343	240M16D6M1I10M3D43M1D5M1D15M
91	1595	0.491	3.155E-43	0	320	321	0	333	335	235M4D10M8D12M1D64M
66	1589	0.489	2.850E-45	0	319	321	0	339	343	240M16D6M1I10M3D43M1D5M1D15M
176	1588	0.525	2.236E-43	0	320	321	0	326	329	16M2I219M4D6M3D17M1D61M
58	1586	0.462	1.189E-43	0	320	321	0	347	352	235M4D12M16D6M4D10M1D35M1D6M1D17M
35	1585	0.481	2.491E-42	0	319	321	0	342	346	240M4D1M2I6M18D8M1D43M2D20M
38	1585	0.463	6.698E-44	0	318	321	0	340	350	240M16D11M3D6M1D46M2D16M
160	1584	0.495	4.452E-43	0	320	321	0	333	335	235M4D5M3I4M11D12M1D62M
61	1583	0.497	1.123E-43	0	317	321	0	337	346	240M6D5M8D5M3D8M1D42M1D5M1D13M
85	1579	0.495	5.601E-43	0	320	321	0	333	335	235M4D5M3I4M11D12M1D62M
39	1577	0.457	1.765E-42	1	318	321	2	323	327	11M1I2M2I223M5D1I16M1D44M2D18M
71	1577	0.498	5.932E-43	0	320	321	0	333	335	235M4D5M3I4M11D12M1D62M
148	1577	0.494	1.251E-42	0	320	321	0	334	335	111M1D121M2D2M2D11M9D3M1I11M1D61M
135	1576	0.479	6.324E-44	0	320	321	0	347	354	235M4D12M16D10M5D43M1D4M1D17M
83	1573	0.491	1.325E-42	0	320	321	0	334	335	111M1D124M4D10M9D3M1I8M1D64M
147	1573	0.480	8.371E-43	0	319	321	0	332	335	240M1I1M5D3M9D3M1I13M1D58M
146	1572	0.489	6.011E-45	0	319	321	0	339	343	240M16D6M1I10M3D43M1D5M1D15M
132	1571	0.464	4.482E-44	0	317	321	0	337	344	240M16D2M1D14M1D44M2D18M
81	1565	0.488	2.959E-42	0	320	321	0	334	335	111M1D124M4D10M9D3M1I11M1D61M
56	1565	0.464	2.368E-43	0	317	321	0	339	350	240M16D11M3D6M1D44M2D17M
122	1563	0.501	4.452E-43	1	319	321	6	346	351	12M2D227M7D3M7D7M3D8M1D42M2D20M
31	1559	0.464	3.539E-43	0	317	321	0	339	350	240M16D11M3D6M1D44M2D17M
134	1559	0.482	4.482E-44	0	320	321	0	347	350	238M4D9M16D3M4D6M1D44M1D4M1D17M
183	1558	0.444	5.564E-42	1	318	321	2	323	327	11M1I2M2I223M5D1I16M1D44M2D18M
87	1557	0.494	4.176E-42	0	320	321	0	334	335	111M1D124M4D10M9D3M1I11M1D61M
133	1556	0.482	1.067E-44	0	320	321	0	347	352	240M4D7M16D10M5D43M1D4M1D17M
95	1553	0.467	2.979E-43	0	317	321	0	339	350	240M16D11M3D6M1D46M2D15M
24	1550	0.495	1.980E-42	0	320	321	0	334	335	110M1D125M1D15M11D10M1D61M
47	1544	0.453	7.852E-42	1	318	321	2	323	327	11M1I2M2I223M5D7M1I9M1D44M2D18M
178	1541	0.495	3.723E-42	0	320	321	0	334	335	110M1D125M1D15M11D10M1D61M
3	1538	0.457	1.046E-41	1	318	321	2	323	327	11M1I2M2I223M5D9M1I7M1D44M2D18M
181	1536	0.471	7.000E-42	0	319	321	0	331	334	101M1I138M1I1M5D3M9D3M1I9M1D62M
151	1534	0.463	4.961E-42	0	320	321	0	334	335	111M1D124M4D5M4I6M12D10M1D61M
49	1523	0.460	1.046E-41	0	320	321	0	334	335	111M1D124M4D5M4I6M12D7M1D64M
75	1523	0.476	2.940E-41	0	320	321	0	334	335	111M1D124M4D10M9D3M1I11M1D61M
131	1519	0.448	2.337E-41	0	318	321	0	328	335	11M1I3M2I228M9D3M1D14M1D39M2D18M
168	1517	0.467	3.515E-42	0	317	321	0	333	338	11M1D229M6D5M3D5M1D7M1D44M4D17M
171	1516	0.464	4.684E-42	0	317	321	0	333	338	13M1D227M6D4M4D13M1D44M4D17M
96	1514	0.464	4.684E-42	0	317	321	0	333	338	13M1D227M6D4M4D13M1D44M4D17M
70	1509	0.467	5.564E-42	0	319	321	0	336	337	14M1I225M6D4M8D5M1D8M1D43M1D14M1D6M
145	1507	0.441	3.943E-42	0	319	321	0	339	351	240M6D5M6D4M5D13M1D36M2D22M
26	1505	0.456	1.754E-41	1	319	321	6	344	350	107M2I2M1D128M15D1I5M2D5M2D6M1D44M2D19M
89	1504	0.461	9.878E-42	0	317	321	0	333	338	13M1D227M6D4M4D13M1D44M4D17M
162	1501	0.427	2.940E-41	0	317	321	0	328	335	14M3I223M7D5M4D13M1D43M2D17M
116	1498	0.468	2.621E-41	0	320	321	0	336	338	10M1D230M6D5M4D14M1D41M4D21M
99	1496	0.450	3.515E-42	0	319	321	0	337	342	235M4D5M2I8M13D7M1D46M2D17M
121	1496	0.501	2.337E-41	1	319	321	6	342	351	15M2I222M7D5M7D5M3D8M1D42M2D20M
157	1463	0.468	2.458E-40	0	320	321	0	333	338	240M6D6M4D11M1D46M2D7M1I4M1D6M
103	1448	0.432	2.206E-41	0	320	321	0	337	341	11M2I3M2I218M3D10M9D4M2D7M1D42M1D15M1D4M4D3M
128	1448	0.407	2.757E-40	0	320	321	0	340	341	237M4D8M12D13M1D38M2D11M1D14M
64	1446	0.398	4.121E-40	0	320	321	0	340	341	237M4D8M12D13M1D45M2D4M1D14M
100	1446	0.435	3.297E-41	0	317	321	0	330	341	11M2I3M2I218M3D10M9D4M2D7M1D42M1D15M1D4M
175	1445	0.407	2.321E-40	0	320	321	0	340	341	237M4D8M12D13M1D38M2D11M1D14M
57	1436	0.404	9.204E-40	0	320	321	0	340	341	237M4D8M12D13M1D45M2D4M1D14M
153	1428	0.437	2.177E-39	0	317	321	0	335	341	235M4D6M9D8M1D7M1D42M2D5M1D15M
118	1426	0.407	8.691E-40	0	320	321	0	340	341	237M4D5M2D3M10D13M1D45M2D4M1D14M
144	1421	0.423	2.192E-40	1	320	321	3	342	345	239M2I7M17D8M3D44M2D20M
84	1404	0.415	3.446E-39	0	320	321	0	338	341	235M4D9M8D7M2D7M1D40M2D7M1D16M
67	1403	0.418	1.376E-39	0	320	321	0	341	344	240M4D10M13D6M1D17M1D28M2D20M
152	1372	0.396	7.219E-38	0	317	321	0	315	318	11M2I3M2I232M1D11M1D57M
117	1350	0.402	4.592E-39	1	319	321	5	339	347	239M9D10M4D12M1D36M1D17M1D5M
40	1343	0.433	3.211E-37	0	320	321	0	318	321	9M1I4M3I210M1I12M1I2D9M1D8M1D63M
174	1336	0.439	2.703E-37	0	319	321	0	319	320	9M1I1M1I4M2I214M1I7M1I7D6M2I10M1D61M
27	1325	0.420	2.426E-38	1	302	321	6	326	328	235M4D5M10D10M3D1M1D8M1D43M
101	1320	0.435	1.719E-38	1	312	321	6	329	334	239M6D5M8D56M2I10M
74	1271	0.437	3.423E-38	1	319	321	6	348	349	239M5D4M7D6M3D11M3D39M1D14M5D6M
82	1260	0.438	8.098E-38	1	318	321	6	345	349	239M15D20M3D40M1D14M3D5M
25	1258	0.437	3.232E-38	1	320	321	6	345	347	10M2I2M1I224M5D5M8D5M1D8M1D3M2D37M1D16M5D7M
149	1254	0.418	2.275E-37	1	317	321	6	342	349	239M15D17M2D5M1D33M1D20M1D3M
86	1250	0.421	1.708E-37	1	315	321	8	346	351	239M15D17M2D5M1D35M1D17M5D2M
80	1235	0.418	4.531E-37	1	315	321	6	344	349	239M15D22M3D35M1D17M5D2M
93	1162	0.324	1.178E-33	1	320	321	7	336	339	8M2I7M2I50M2I4M3D33M2D131M5D2M1D9M2D5M1D43M1D6M1D16M
142	1158	0.314	4.166E-33	1	320	321	7	336	339	8M2I7M2I48M1D41M2D131M6D10M2D9M1D41M2D21M
55	1138	0.314	6.594E-33	1	320	321	6	335	338	8M2I7M2I51M4D6M2I1M1I28M2D133M6D8M2D6M1D47M2D18M
94	867	0.320	3.617E-29	1	312	321	6	336	338	10M2D1M8D4M9D67M1D157M21D7M12I5M1I8M5I2M3D15M7I11M
102	825	0.326	1.519E-28	0	307	321	0	310	331	11M1I2M3I58M5I160M5I3M2I4M9D19M3D5M6D2M5D8M4I16M
7	820	0.333	1.804E-28	1	307	321	4	313	334	12M4I57M5I161M5I3M2I4M9D19M3D5M6D2M5D10M4I14M
19	807	0.270	8.025E-28	0	318	321	0	293	311	14M4I50M4I115M1I41M7I3M8I25M4I12M2I5M1I18M6D5M
23	804	0.327	9.533E-28	1	307	321	4	313	334	12M4I57M5I161M16D1M11D17M16I6M5D10M4I14M
22	803	0.321	8.025E-28	1	307	321	4	313	334	12M4I57M5I161M16D1M7D10M4D7M16I6M5D10M4I14M
155	796	0.297	9.001E-28	1	318	321	2	323	334	12M4I59M5I159M1I3M10I7M2I8M10D5M11D2M5D2M3D8M3I10M3I7M3D8M
127	796	0.327	1.598E-27	1	307	321	6	315	336	12M4I58M5I160M1I3M6I4M9D19M3D5M6D2M5D8M3I3M1I13M
5	788	0.248	6.023E-28	0	299	321	0	344	345	11M2I4M3I56M5I154M1D5M6I7M26D1M6D9M5I8M1D6M8D6M21D6M3D6M
167	774	0.301	3.569E-27	1	307	321	2	314	336	8M2I4M2I59M5I159M1I3M10I3M1D5M2I7M11D9M6D1M3D9M3D1M4D17M
92	768	0.284	1.509E-27	1	299	321	2	324	327	10M2I4M3I55M5I144M1I6M1D4M1D5M6I7M24D1M8D5M2I8M3I4M1D8M9D13M2D3M
163	766	0.240	2.529E-27	0	298	321	0	343	344	9M2I7M3I53M5I156M1D5M4D4M1I6M17D3M6D7M1D5M6I4M1D6M8D6M21D6M3D5M
130	764	0.310	1.499E-26	1	320	321	2	325	334	12M4I56M3I2M2I160M3D7M18I6M12D9M6D8M4D1M1D1M1D1M4D30M
18	745	0.262	2.800E-25	0	318	321	0	276	295	13M4I50M2I4M7I107M2I42M15I9M1I11M2I3M3I2M2I7M5I15M1D13M
1	744	0.267	5.612E-26	0	301	321	3	321	327	14M4I57M5I160M5D4M3I7M4D10M6I6M1D6M10D10M15D10M
119	740	0.264	9.963E-26	0	301	321	3	321	327	14M4I57M5I160M5D4M3I7M4D10M6I6M1D6M10D10M15D10M
136	736	0.270	9.963E-26	0	301	321	3	321	327	14M4I57M5I160M5D4M3I7M4D10M6I6M1D6M8D6M5D3M11D1M1D10M
150	736	0.282	1.577E-25	1	308	321	2	308	328	12M4I56M3I3M2I28M3D4M1D120M1D14M1D7M5D10M7I3M4D6M3D10M2I9M1I7M
124	734	0.267	1.184E-25	0	301	321	3	321	327	14M4I57M5I160M5D4M3I7M4D10M6I6M1D6M10D10M15D10M
139	731	0.267	1.489E-25	0	301	321	3	321	327	14M4I57M5I160M5D4M3I7M4D10M6I6M1D6M10D10M15D10M
37	728	0.285	9.345E-25	1	317	321	5	283	302	13M4I50M4I117M1I39M8I2M7I13M1I11M6I4M1D4M7I8M2I11M1D5M
50	727	0.270	1.319E-24	1	319	321	4	286	301	12M4I51M4I117M1I39M8I2M7I12M1I12M6I9M4I7M4I13M3D6M
106	723	0.275	2.496E-25	0	304	321	3	305	327	14M4I57M5I160M5D4M3I7M4D10M6I6M1D6M8D8M2I13M
62	721	0.279	2.643E-25	1	313	321	5	300	302	13M4I50M4I117M1I39M8I2M7I13M1I13M1I6M7I5M14D10M2D12M
78	720	0.255	4.184E-25	0	312	321	5	300	302	13M4I51M4I117M1I39M8I2M7I15M1I9M6I7M2I6M16D21M
154	719	0.274	2.800E-25	1	299	321	2	342	345	12M4I56M3I3M2I28M3D4M1D127M5I3M6I11M5D4M12D8M11D5M8D6M5D3M14D5M3D4M
164	718	0.273	6.253E-25	1	319	321	6	294	309	13M4I50M4I117M1I39M8I2M7I15M1I11M1I3M4I4M6I23M6D6M
68	717	0.269	4.184E-25	1	313	321	5	300	302	13M4I50M4I117M1I39M8I2M7I13M1I10M1I1M5I4M1D4M3I4M14D10M2D12M
159	716	0.286	1.319E-24	1	320	321	6	287	303	13M4I50M4I117M1I39M8I3M3D1M9I11M2I3M1I5M5I9M6I9M3I9M2D8M
17	708	0.277	4.937E-24	1	320	321	5	286	302	13M4I53M4I114M1I39M8I2M7I16M1I3M1I4M5I10M6I9M2I10M1D8M
52	708	0.292	1.757E-24	1	320	321	6	287	303	10M2I2M2I51M4I117M1I39M8I2M7I10M1D5M3I16M4I1M6I20M2I8M
12	707	0.280	9.963E-26	1	318	321	6	292	314	10M2I2M2I54M1I5M3I95M4I11M3D38M8I4M9I8M3D19M5I14M3I21M
73	704	0.270	1.048E-24	1	313	321	5	300	302	13M4I50M4I117M1I39M8I2M7I13M1I13M1I6M7I5M14D10M2D12M
10	703	0.279	3.499E-24	1	320	321	7	288	304	13M4I50M4I117M1I39M8I2M7I16M2I7M5I5M1D4M5I7M4I12M1D8M
41	698	0.274	2.945E-24	1	312	321	5	299	301	13M4I50M4I117M1I39M8I2M7I10M1I13M1I1M5I7M2I6M16D21M
6	697	0.278	4.662E-24	1	320	321	6	287	303	10M2I2M2I51M4I117M1I39M8I2M7I10M5I12M3D7M4I1M6I20M2I8M
110	694	0.270	2.341E-24	1	313	321	5	300	302	13M4I50M4I117M1I39M8I2M7I13M1I13M1I6M7I5M14D10M2D12M
9	694	0.256	2.087E-24	1	319	321	6	302	303	13M4I50M4I117M1I39M8I2M7I16M1I10M1I6M7I6M16D19M5I3M
104	693	0.272	2.479E-24	1	313	321	5	300	302	13M4I50M4I117M1I39M8I2M7I11M1D4M2I10M1I6M7I5M14D10M2D12M
177	689	0.310	7.867E-25	1	317	321	2	329	339	8M3I4M1I56M5I31M3D4M1D127M5I3M2I11M2D4M5D4M8D6M7D9M3I1M2D3M6D10M2I3M5I3M3D4M
158	687	0.281	5.229E-24	1	312	321	7	301	303	13M4I50M4I117M1I39M8I2M7I10M5I12M1D3I6M3I10M15D7M2D11M
14	677	0.272	1.168E-23	1	313	321	6	301	303	13M4I50M4I115M1I41M8I2M7I10M5I12M5D4M2I1M7I6M16D21M
4	674	0.271	1.556E-23	1	312	321	6	300	302	12M4I51M4I117M1I39M8I2M7I16M1I7M6I8M2I8M14D8M2D11M
182	669	0.259	1.745E-23	1	313	321	7	301	303	13M4I50M2I7M3I109M1I39M8I2M7I10M5I11M1D1M3I5M1D4M3I7M14D7M2D12M
13	643	0.267	2.744E-22	1	320	321	6	287	303	10M2I5M2I48M4I117M1I39M8I5M7I13M2I7M5I5M1D4M7I5M2I13M1D9M
28	643	0.264	2.073E-23	1	317	321	6	284	305	8M2I4M2I54M4I106M1I51M16I6M1I21M7I5M3I15M2I9M
2	621	0.204	5.465E-22	0	319	321	0	282	296	13M4I51M3I3M4I98M4I11M3D37M8I4M9I5M1I8M3I7M3I10M5I21M4D8M
8	563	0.226	1.021E-20	1	312	321	3	296	302	11M2I4M2I47M3I6M3I34M4I72M1I38M1I1M6I3M10I1M1D8M1D13M1I9M8I6M21D18M
21	548	0.247	3.407E-20	1	320	321	6	289	290	6M2I59M1I8M3I29M1D6M5I69M1I38M6I4M9I8M1I2M15D13M17I11M2I11M5I4M
20	539	0.247	9.574E-20	1	320	321	6	289	290	6M2I59M1I8M3I29M1D6M5I69M1I39M6I3M9I8M1I2M15D13M17I11M2I11M5I4M
 