11	8259	1.00	0.000E+00	0	859	860	0	859	860	860M
21	4959	0.484	0.000E+00	0	859	860	0	870	873	46M1D37M1I62M1I152M1I105M1D5M2D92M5D6M2I199M1D72M7D29M1I28M1D6M1I14M
10	4859	0.481	0.000E+00	0	859	860	0	870	873	46M1D37M1I62M1I152M1I105M1D5M2D92M5D6M2I199M1D71M4D6M3D24M1I27M1D7M1I14M
28	3800	0.357	7.847E-97	1	859	860	2	865	869	4M2D60M2I16M1I12M1I106M1I34M5I23M6D33M1I99M1I79M1I28M2I43M1I52M1D64M1D4M1I20M1D6M1D8M4D2M3I59M2D13M2D9M2D15M1I31M4D18M
27	2021	0.202	1.698E-61	6	858	860	0	940	944	5M1I5M1D19M2D7M2D22M2I13M1D1M1D3M1D40M3I33M16D9M3D40M2I30M2D4M3D19M1D31M1D5M1I18M1D18M1D33M2D29M3I46M3I4M1I5M23D13M6I2M3D22M1D3M4I8M1I16M8I4M1D1M2I5M4D10M13D5M1I33M2I62M1I2M1D24M1D14M1I6M3D10M1D16M16I2M2I8M2D9M2D6M1D11M46D12M3D29M2D3M2D14M1D4M
26	1935	0.190	4.885E-60	12	859	860	2	949	950	3M1D21M3D29M2I13M1D1M1D3M1D40M3I19M1D14M16D6M4D2M2I5M1D35M2I26M4D7M1D19M1D55M1D18M1D33M2D24M3I56M10D2M9D6M7D13M6I2M3D22M1D4M4I7M1I14M12D4M5D12M2I5M1I3M6I4M1I33M2I62M1I2M1D22M1D16M1I5M3D13M1D15M18I10M2D6M2D8M1D10M50D13M6D31M2D20M
31	1328	0.170	4.340E-47	9	853	860	0	859	863	8M3D9M1I2M14I22M2I6M5I6M3D14M1D3M1D23M3I14M1I12M19D3M16D8M5I33M1I5M1I18M2I10M1D7M2I8M1I10M3D14M2D10M1I4M2I13M2D7M3D20M1D4M1D27M2D23M1D2M3I7M9I29M11D9M6D10M3D2M1D8M1I7M5D9M4D18M7I4M1D3M1D19M15I4M3D7M5D15M6D26M3D3M1D50M2D10M1I14M1D9M1D11M2D9M5D14M1I5M1I7M20I23M1I9M2I9M5I3M2I15M1I6M1I8M6D7M
18	1313	0.153	4.638E-45	8	850	860	0	839	844	3M1D6M1D8M1I3M7I1M4I5M1D21M2I7M2I19M1D27M3I15M1D12M1I4M5D3M2D11M1I5M19D12M1I17M2I13M1D10M2I4M1I5M3I9M1I41M1I11M2D7M1D20M1D4M1D27M2D23M1D3M12I35M1D2M7D4M14D13M2D3M2D7M1I3M3I6M3D2M2I5M7D6M2I6M4I9M1I14M2I13M6I4M3D4M1I87M5D7M10D9M1I14M1D6M1I4M3D12M1D21M1I13M17I7M6I22M2I9M8I38M
5	1308	0.152	5.682E-46	8	851	860	0	842	844	3M1D6M1D12M12I5M1D21M2I4M5I5M3D15M1D26M3I17M1D10M1I1M6I2M13D9M1I5M19D9M1I20M2I20M1I8M1I5M3I9M1I40M3I1M2D9M2D7M1D19M2D32M2D23M1D2M3I2M9I34M11D2M3D4M8D15M4D9M4D9M7I5M7D6M2I6M4I9M1I11M1D4M13I2M1D15M4D10M1D77M11D6M4D9M1I15M1D4M1D5M1D11M1D4M1D19M1I13M17I7M6I22M2I9M8I27M1D12M
17	1302	0.166	5.391E-46	9	853	860	0	859	863	8M3D9M1I2M14I22M2I6M5I6M3D14M1D3M1D23M3I14M1I12M19D3M16D8M5I33M1I5M1I18M2I10M1D6M2I9M1I10M3D14M2D10M1I4M2I13M2D7M3D20M1D4M1D27M2D23M1D2M3I7M9I29M11D9M6D10M3D2M1D12M8D2M4D5M6I5M3D6M8I10M1D3M1D24M3I3M2I13M2I13M6D26M1D3M3D50M2D10M1I14M1D9M1D20M7D14M1I5M1I7M20I23M1I9M2I9M5I3M2I15M1I4M1I10M6D7M
0	1300	0.151	2.344E-45	8	851	860	0	843	845	3M1D6M1D7M1I5M11I5M1D19M2I6M1D3M3I18M1D27M3I17M1D10M1I7M7D11M1I5M19D12M1I17M2I18M2I9M1I6M1I14M2I35M1D1M2I10M2D7M1D20M1D3M1D28M2D23M1D13M12I25M1D2M7D4M14D13M2D2M2D8M1I4M5D5M7I5M7D6M2I6M4I9M1I11M1D4M13I2M1D15M4D10M1D77M11D6M4D9M1I14M1D5M1D6M1D11M2D22M1I10M1I2M16I8M6I22M2I9M8I26M2D13M
20	1298	0.166	3.760E-45	8	852	860	0	859	864	9M1D8M2I3M13I22M2I6M5I6M3D14M1D3M1D23M3I14M1I12M19D3M10D10M3D10M2I24M2I30M2I5M1D4M2I6M1I15M3D12M2D10M1I4M2I13M2D7M3D18M1D6M1D27M2D21M14I4M3D35M11D8M6D10M4D14M8D5M3D7M1I3M1I7M8I4M3D9M1I15M4I3M11I4M9D8M1I10M3D16M3D14M4D52M2D9M1I15M1D9M1D15M1I4M8D14M1I5M1I7M20I23M1I20M5I3M2I10M1I11M1I8M6D6M
22	1278	0.147	6.356E-45	8	851	860	0	843	845	3M1D6M1D12M12I5M1D19M2I9M2I19M1D27M3I15M1D12M1I1M6I3M13D8M1I5M19D12M1I17M2I27M3I5M3I45M4I4M3D10M2D7M1D19M2D32M2D23M1D3M10I1M2I35M9D5M13D13M2D3M2D7M1I3M3I6M3D2M2I5M7D6M2I6M4I9M1I11M1D4M13I2M2I5M6D2M3D4M1I87M5D7M10D9M1I15M1D4M1D6M1D10M1D4M1D19M1I13M17I7M6I22M2I9M8I26M2D13M
30	1273	0.137	3.048E-45	10	853	860	1	876	881	7M3D13M15I19M2I11M2I18M1D27M3I27M22D3M10D11M3D9M2I26M4I15M2I9M2I5M1D21M2D7M3D21M2I4M4I11M2D5M4D2M2D18M1D6M2D28M2D22M1D3M10I3M2I32M13D9M7D20M1I4M3D12M4D6M2I2M2D4M2D5M2I2M2I7M1I17M2I2M10I15M5D8M5D6M15D26M5D43M2D9M2D8M1I3M1D13M2D16M1D5M3D11M1I19M16I2M4I3M5I5M3D6M1D16M2I8M2I4M3I4M1I13M1I8M6D4M3I7M
9	1271	0.150	5.152E-45	8	850	860	0	839	844	3M1D6M1D7M1I4M7I1M4I5M1D21M2I4M5I5M3D14M1D27M3I15M1D12M3I2M7D3M2D11M1I5M19D12M1I17M2I13M1D10M2I4M1I5M3I9M1I41M1I11M2D7M1D19M2D32M2D23M1D3M12I35M1D2M7D4M14D13M2D2M2D8M1I3M3I6M3D2M2I5M7D6M2I6M4I9M1I11M1D4M13I2M1D15M4D10M1D74M7D4M4D5M4D9M1I14M1D6M1I4M3D12M1D21M1I13M17I7M6I22M2I9M8I38M
15	1270	0.158	8.263E-45	8	851	860	0	841	843	3M1D6M1D7M1I6M11I6M2D1M1I15M2I6M5I5M3D14M1D27M3I15M1D12M1I1M6I3M6D1M4D8M2D5M19D12M1I13M4I2M2D17M3I9M1I5M3I9M1I40M1I12M2D7M1D19M2D32M2D25M12I5M1D31M1D2M7D4M14D13M2D2M2D9M4D9M7I5M7D6M2I6M4I9M1I14M2I2M10I2M1D15M4D10M1D76M11D7M4D9M1I15M1D4M1D5M1D11M2D23M1I10M1I2M16I8M6I22M2I9M8I26M2D13M
24	1260	0.158	8.321E-44	7	850	860	0	838	843	10M1D7M1I4M7I3M4I5M2D1M1I15M2I9M2I19M1D27M3I17M1D10M21D5M2D7M4D2M4I7M1D12M1I6M2I33M1I6M1I5M3I9M1I39M1I13M2D7M1D19M2D32M2D23M1D3M12I36M9D4M16D3M1D21M1I3M3I6M3D2M2I5M7D6M2I6M4I9M1I11M1D4M13I2M2I5M6D2M3D4M1I85M7D8M4D1M4D9M1I15M1D4M1I5M3D10M4D6M4I13M1I13M17I8M4I4M2I17M2I9M8I38M
29	1251	0.165	7.896E-44	9	852	860	2	858	863	8M1D9M1I2M14I22M2I6M5I6M3D14M1D3M1D23M3I14M1I12M19D3M16D9M6I7M1D24M2I34M1I6M2I8M1I11M3D14M2D10M1I4M2I13M2D7M3D18M1D6M1D27M2D24M4I4M7I34M11D9M10D28M4D9M6D4M1I6M8I3M2D1M1D9M1I15M4I1M11I6M9D8M1I10M3D16M3D13M3D3M1D50M2D9M1I15M1D9M1D20M7D14M1I5M1D6M22I23M1I8M2I10M5I3M2I15M1I6M1I8M6D6M
13	1250	0.165	7.492E-44	8	847	860	0	857	863	3M1D6M1D9M1I2M14I22M2I6M5I6M3D14M1D3M1D23M3I14M1I12M17D8M12D5M3D10M2I9M1I3M1D11M1I8M1I21M2I6M1D4M2I10M1I11M3D12M2D10M1I4M2I13M2D7M3D18M1D6M1D27M2D22M2D1M1D1M12I3M2I33M3I4M10D3M10D8M4D14M8D5M3D5M3I19M4I9M1I15M4I6M1D4M3I13M1I10M3D15M3D14M2D3M2D50M2D10M1I14M1D9M1D20M7D14M1I5M1D8M9I5M13I16M1I8M2I10M5I3M2I15M1I8M2D1M7D7M
2	1243	0.153	2.488E-44	10	851	860	1	843	845	7M3D12M12I5M1D21M2I4M5I5M3D14M1D27M3I15M1D12M1I7M7D11M1I5M19D12M1I17M2I24M2I3M1I5M3I50M1I12M2D7M1D19M2D32M2D23M1D3M5I3M6I8M1I25M9D5M13D13M2D2M2D8M1I4M5D5M7I5M7D6M2I6M4I9M1I11M1D4M13I2M1D15M4D10M1D74M7D8M4D1M4D9M1I15M1D4M1D6M1D11M2D22M1I13M17I7M6I22M2I9M8I26M2D13M
7	1240	0.152	8.321E-44	10	851	860	1	843	845	7M3D8M1I4M11I5M1D21M2I4M5I5M3D14M1D27M3I15M1D12M1I7M7D14M4D3M14D12M1I17M2I18M2I9M1I5M3I50M1I12M2D7M1D19M2D32M2D25M12I5M1D32M9D5M13D13M2D2M2D9M4D9M7I5M7D6M2I6M4I9M1I11M1D4M13I2M1D15M5D84M7D8M4D1M4D9M1I15M1D4M1D6M1D11M2D22M1I10M1I2M16I8M6I22M2I9M8I26M2D13M
12	1163	0.178	1.090E-42	8	849	860	0	850	855	3M1I5M3D14M2I4M10I18M2I13M2I15M1D27M3I29M1I4M11D9M14D22M1I5M2I22M3I10M2I3M1I5M3I6M3D8M2I34M1I12M2D2M1D8M2D16M2D33M2D20M14I3M3D35M1D2M7D4M14D13M2D2M2D8M1I3M7I6M5D5M7D6M2I6M4I9M1I12M2D3M1I13M8I8M2D3M4D5M1I34M2D40M8D10M10D9M1I15M1D11M2D11M4D3M4I4M5D21M1I2M8I6M14I5M1I9M1D7M4I14M7I22M1D11M
25	1113	0.147	5.546E-42	8	852	860	0	902	910	8M2D9M15I25M2I6M5I3M3D9M1D34M3I14M3D20M7D15M9D3M9D13M3D11M2I7M6D30M1D4M3I4M5D4M3I8M2D29M1I13M4D5M3D3M5D20M1D4M1D29M2D23M4I3M7I39M5D3M2D3M2D4M8D6M4D15M2D10M11D2M1I5M4D11M4I9M1I16M3I7M3D18M5D10M3D18M3D56M2D10M2D6M1I22M5D24M1D4M4D22M16I13M1I16M3I8M1I10M6I27M1I4M10D1M2I5M
16	1100	0.141	2.823E-41	4	852	860	0	906	914	2M2I8M2D9M15I25M2I6M5I5M3D18M1D23M3I17M2D10M15D4M12D8M4D2M4I7M1D13M3D11M2I7M8D12M1D4M3I10M1D5M3I19M4D29M1I13M4D3M1I4M9D20M1D3M1D30M2D22M11I39M11D8M10D25M6D12M7D2M1I5M4D11M4I9M1I14M5D8M5I6M1D2M1D9M5D12M3D16M3D56M2D10M2D6M1I22M5D20M1I4M2D3M4D22M16I13M1I17M3I7M1I10M6I1M2I4M2D16M2I3M1D4M8D1M2I5M
1	1091	0.148	5.299E-41	8	852	860	0	905	913	8M2D9M15I22M1D7M7I7M4D6M2I33M3I14M3D15M8D12M2D8M9D3M9D7M1D26M8D17M2I10M1D5M3I6M2D14M2D42M4D8M8D20M1D4M1D29M2D25M9I1M2I38M11D5M10D24M2D13M11D2M1I5M4D11M4I9M1I16M5D6M5I6M5D11M2D10M3D18M3D56M2D10M2D6M1I22M5D24M1D4M4D22M16I14M1I16M3I7M1I10M6I27M1I6M6D6M
4	1079	0.156	3.482E-41	6	839	860	1	889	915	10M2D9M15I27M3I3M5I6M3D6M1D37M3I12M2D12M28D3M1I8M4D2M4I7M1D9M1I4M4D10M2I8M6D28M1D5M3I6M2D13M2D43M4D5M3D3M5D20M1D3M1D30M2D22M11I42M6D4M1D3M2D4M8D6M4D12M2D13M11D2M1I5M4D11M4I9M1I14M5D8M5I6M1D4M1D7M5D10M3D17M3D57M2D10M2D10M1I18M5D17M2D6M1I4M4D22M16I13M1I12M1I5M2I7M1I10M6I27M
6	1054	0.154	2.697E-40	11	852	860	6	900	908	14M15I29M7I6M6I3M1D5M4D31M3I12M4D4M2I6M28D3M1I8M4D2M4I7M1D33M6D28M1D6M3I6M2D15M2D44M3D3M4D2M5D20M1D4M1D29M2D22M11I43M5D3M2D3M2D4M8D6M4D12M2D13M11D2M1I5M4D11M4I9M1I16M5D6M5I6M3D12M4D9M3D18M3D56M2D10M2D6M1I22M5D16M2D7M1I4M4D22M16I14M1I15M3I6M1I12M6I27M1I6M6D6M
3	1040	0.157	3.157E-40	8	852	860	0	903	911	9M2D8M15I28M1D10M9I3M1D6M3D31M3I11M3D6M1I6M28D3M1I8M4D2M4I7M1D33M6D28M1D6M3I6M2D15M2D41M4D6M3D2M5D20M1D4M1D29M2D22M11I43M5D3M2D3M2D4M8D6M4D12M2D13M11D2M1I5M4D11M4I9M1I16M3D5M4I20M8D9M3D18M3D56M2D10M2D6M1I22M5D16M2D7M1I4M4D22M16I11M3I15M2D1M3I6M1I12M6I22M2I4M1D6M6D6M
23	1013	0.157	4.134E-39	11	852	860	6	900	908	14M15I23M3D7M14I5M1I6M3D5M1D26M3I12M4D4M2I6M28D3M1I8M4D2M4I7M1D33M6D28M1D6M3I6M2D15M2D41M4D6M3D2M5D20M1D4M1D29M2D22M11I38M5I1M7D5M7D4M8D6M4D12M2D13M11D2M1I5M4D11M4I9M1I16M3D8M3I6M3D12M4D9M3D18M3D56M2D10M2D6M1I22M5D16M2D7M1I4M4D22M16I14M1I15M3I6M1I12M6I27M1I6M6D6M
8	935	0.148	5.451E-37	8	852	860	0	888	896	8M2D9M15I25M2I6M5I3M3D8M2I3M4D5M18I8M3I15M3D6M1D8M11D6M3I10M9D3M9D8M1D26M6D29M1D4M3I6M2D13M2D46M3D3M4D2M5D20M1D4M1D29M2D22M11I40M11D7M2I4M8D6M4D15M2D10M11D2M1I4M2D7M2D5M4I9M1I14M5D8M5I6M3D12M4D10M3D17M3D60M2D6M2D6M1I22M5D17M2D6M1I4M4D22M16I14M1I16M3I7M1I10M6I27M1I4M8D1M2I5M
32	915	0.143	3.248E-36	7	852	860	0	905	913	9M2D9M15I27M3I3M5I6M3D5M2I8M4D1M1I17M2D7M3I4M1D2M1D8M2D12M24D3M1I8M4D2M4I7M1D11M3D13M2I8M6D28M1D5M3I6M2D13M2D13M1I25M5D9M3D3M5D20M1D2M1D31M2D22M11I39M2I5M9D3M2D4M8D6M4D12M2D13M11D2M1I5M4D11M4I9M1I23M1I21M8D9M3D18M3D56M2D10M2D10M1I18M5D17M2D6M1I4M4D22M16I11M3I17M1I9M1I10M6I27M1I4M8D1M2I5M
19	913	0.148	1.145E-35	8	852	860	0	888	896	8M2D9M15I25M2I6M5I3M3D8M2I3M4D5M18I8M3I11M3D10M1D8M11D6M3I10M9D3M9D6M3D18M2I7M6D31M4D5M1I8M3I8M2D47M3D4M9D20M1D4M1D29M2D22M11I40M11D7M10D27M2D10M11D2M1I4M2D7M2D5M4I9M1I14M5D8M5I6M3D12M4D10M3D17M3D56M2D10M2D6M1I22M5D17M2D6M1I4M4D22M16I14M1I16M3I7M1I10M6I27M1I4M8D1M2I5M
14	846	0.152	2.281E-34	7	852	860	0	909	916	9M2D9M15I25M2I6M5I5M3D18M1D23M3I14M3D8M1I4M15D4M12D8M4D2M1I3M2I14M1I3M4D11M2I8M6D29M1D4M1I5M3D5M3I8M2D46M3D5M9D20M1D3M1D30M2D22M11I38M13D1M2I6M10D27M2D10M11D2M1I5M4D11M4I7M1I13M1D7M5D4M5I6M1I7M1I12M10D14M1I10M8D9M2D5M6I9M4I3M7D13M2D10M2D6M1I21M6D26M1D3M4D22M16I11M3I16M1D9M3I8M8I7M2D20M1I4M8D1M2I5M
 