#Task    Step    numberOfAcceptedPeleSteps    currentEnergy    BindingEnergy    sasaLig    distance_A35SG_L1S1    
1    0    0    -7164.69    -8.53054    0.324107    5.81108    
1    1    1    -7197.09    -7.59314    0.295811    5.40573    
1    3    2    -7206.25    -13.2825    0.391107    7.59185    
1    4    3    -7204.46    -8.82143    0.40926    8.11087    
1    5    4    -7210.91    -15.7027    0.402383    7.56677    
1    15    5    -7211.82    -14.6319    0.422858    7.52152    
1    18    6    -7213.54    -15.5684    0.397877    7.08208    
1    19    7    -7217.44    -17.9998    0.385557    7.38999    
1    22    8    -7217.81    -17.2399    0.385045    7.51622    
1    31    9    -7216.05    -16.5818    0.38943    7.54506    
1    46    10    -7216.77    -16.1684    0.395407    7.40473    
1    50    11    -7214.52    -14.8496    0.411106    7.78825    
1    51    12    -7214.18    -16.1585    0.400092    7.08195    
1    58    13    -7208.62    -11.3676    0.373517    7.11149    
1    61    14    -7215.37    -19.5713    0.372376    6.3267    
1    73    15    -7212.24    -15.7751    0.402746    6.61555    
1    74    16    -7213.3    -13.8981    0.426019    6.38261    
1    75    17    -7212.08    -15.4793    0.37929    7.64812    
1    81    18    -7208.11    -15.8205    0.354109    7.34197    
1    83    19    -7205.44    -11.9706    0.411064    7.26503    
1    85    20    -7215.64    -17.2009    0.401477    7.23919    
1    86    21    -7214.57    -16.6076    0.410793    7.29303    
1    88    22    -7216.13    -16.9393    0.391721    7.20092    
1    91    23    -7215.45    -16.9381    0.383866    7.2098    
1    99    24    -7210.43    -12.0156    0.385017    7.44751    
