#Task    Step    numberOfAcceptedPeleSteps    currentEnergy    BindingEnergy    sasaLig    distance_A35SG_L1S1    
1    0    0    -7160.58    -13.5909    0.289478    6.16533    
1    1    1    -7191.9    -12.1483    0.276617    6.17227    
1    2    2    -7195.86    -15.7841    0.325261    6.05444    
1    3    3    -7195.35    -16.6868    0.294396    6.28912    
1    5    4    -7194.15    -13.552    0.282318    6.70557    
1    7    5    -7195.91    -15.0441    0.334036    7.35831    
1    9    6    -7201.4    -15.7284    0.379233    7.08813    
1    12    7    -7202.78    -16.9518    0.336891    8.31145    
1    17    8    -7204.71    -18.2146    0.358898    7.46403    
1    23    9    -7204.87    -15.4342    0.404423    7.73226    
1    24    10    -7199.89    -9.99153    0.42468    7.18613    
1    25    11    -7201.45    -19.4341    0.344117    7.8722    
1    30    12    -7205.08    -18.4863    0.341775    7.63087    
1    31    13    -7202.58    -16.6244    0.360116    8.78099    
1    32    14    -7206.08    -18.3658    0.372836    8.6873    
1    43    15    -7195.37    -7.05104    0.420932    10.6388    
1    45    16    -7195.54    -9.45664    0.398178    10.6384    
1    47    17    -7195.29    -12.8999    0.355815    11.0884    
1    51    18    -7196.56    -12.2174    0.37784    11.2069    
1    53    19    -7197    -14.041    0.378984    11.2941    
1    54    20    -7189.03    -7.50595    0.447944    11.589    
1    55    21    -7196.9    -12.1686    0.425952    11.4102    
1    58    22    -7198.62    -13.0817    0.422849    11.3833    
1    61    23    -7199.42    -16.6075    0.443548    11.2451    
1    66    24    -7198.99    -17.7992    0.415334    11.2364    
1    70    25    -7202.64    -20.1368    0.43695    11.0184    
1    73    26    -7200.02    -22.6729    0.428537    11.2244    
1    75    27    -7202.82    -20.5805    0.434766    11.2131    
1    76    28    -7200.96    -17.01    0.467538    11.0465    
1    78    29    -7203    -20.3736    0.433531    11.2824    
1    84    30    -7201.79    -19.153    0.441497    11.099    
1    87    31    -7200.89    -21.6778    0.408947    11.158    
1    88    32    -7203.96    -20.6092    0.446496    11.076    
1    89    33    -7201.35    -19.6261    0.465244    11.5318    
1    94    34    -7201.35    -18.3087    0.478783    11.2704    
1    97    35    -7201.9    -19.7691    0.46642    11.3775    
