#Task    Step    numberOfAcceptedPeleSteps    currentEnergy    BindingEnergy    sasaLig    distance_A35SG_L1S1    
1    0    0    -7151.84    -12.0893    0.286955    5.55276    
1    1    1    -7193.91    -9.28396    0.339979    5.45821    
1    3    2    -7199.39    -13.0921    0.320929    5.77302    
1    5    3    -7200.18    -12.4638    0.333954    5.55108    
1    6    4    -7193.79    -8.7037    0.331418    6.16393    
1    7    5    -7193.21    -11.4496    0.324296    5.75093    
1    9    6    -7192.85    -11.1997    0.349124    6.72884    
1    10    7    -7198.45    -13.0892    0.402937    6.81103    
1    13    8    -7201.81    -12.0843    0.300277    6.78607    
1    15    9    -7203.51    -13.0341    0.341221    6.70451    
1    17    10    -7200.85    -10.6187    0.343185    6.49541    
1    24    11    -7199.31    -8.1559    0.384448    6.55919    
1    26    12    -7200.68    -7.50558    0.421449    6.67641    
1    29    13    -7202.03    -19.2639    0.393624    5.69037    
1    31    14    -7198.46    -15.3207    0.407771    6.1647    
1    32    15    -7202.45    -19.9478    0.378317    6.46298    
1    35    16    -7203.56    -21.2489    0.331485    5.35353    
1    36    17    -7200.11    -14.6798    0.360205    5.16866    
1    38    18    -7202.89    -17.9224    0.346664    5.1102    
1    39    19    -7209.22    -22.2056    0.361674    6.30503    
1    47    20    -7209.34    -21.1016    0.291424    6.53479    
1    48    21    -7207.28    -18.7531    0.314121    6.79489    
1    52    22    -7206.72    -19.3098    0.318345    7.06554    
1    54    23    -7208.77    -23.5882    0.321764    7.04424    
1    56    24    -7206.84    -20.214    0.283633    6.69812    
1    66    25    -7208.07    -20.8807    0.322364    6.61981    
1    72    26    -7207.48    -20.881    0.314994    6.84793    
1    78    27    -7206.79    -22.8241    0.315355    7.20937    
1    79    28    -7209.37    -21.7075    0.293277    6.79119    
1    81    29    -7207.34    -24.7326    0.280168    6.70852    
1    85    30    -7206.59    -25.2708    0.274694    6.67601    
1    94    31    -7201.87    -20.2533    0.320479    6.83794    
1    96    32    -7205.9    -22.7478    0.265485    6.56568    
