#Task    Step    numberOfAcceptedPeleSteps    currentEnergy    BindingEnergy    sasaLig    distance_A35SG_L1S1    
1    0    0    -7163.59    -14.2036    0.297695    5.06972    
1    1    1    -7179.93    -3.71098    0.310292    5.38747    
1    2    2    -7181.5    -2.15477    0.364027    6.38543    
1    3    3    -7188.92    -3.37953    0.436978    5.54137    
1    4    4    -7199.12    -9.46614    0.376093    6.0609    
1    11    5    -7200.37    -10.7056    0.366106    5.81509    
1    22    6    -7193.88    -2.27608    0.343966    5.86121    
1    23    7    -7196.19    -8.41321    0.34797    6.43539    
1    24    8    -7196.61    -5.94085    0.402716    7.20613    
1    25    9    -7193.54    -6.69111    0.434834    6.50801    
1    26    10    -7198.67    -11.1414    0.452719    7.22597    
1    29    11    -7201.67    -14.4281    0.412357    7.57829    
1    44    12    -7193.82    -7.83235    0.457365    7.3704    
1    49    13    -7199.87    -16.1884    0.414958    8.17186    
1    52    14    -7199.92    -12.4886    0.413187    7.26739    
1    55    15    -7200.41    -15.7877    0.429501    7.94415    
1    56    16    -7196.88    -10.7926    0.454776    7.94317    
1    57    17    -7198.48    -18.5597    0.413927    9.22018    
1    59    18    -7200.81    -20.6649    0.39062    9.54684    
1    66    19    -7204.83    -21.3347    0.381435    9.7002    
1    69    20    -7201.34    -22.4105    0.371772    9.85861    
1    72    21    -7199.27    -14.9415    0.405231    10.0556    
1    74    22    -7198.32    -17.0669    0.401379    9.93663    
1    78    23    -7201.78    -17.2765    0.392799    9.88117    
1    79    24    -7204.17    -20.0774    0.359059    10.0892    
1    80    25    -7201.64    -17.063    0.368665    10.0378    
1    82    26    -7204.48    -18.1645    0.366047    9.94911    
