#Task    Step    numberOfAcceptedPeleSteps    currentEnergy    BindingEnergy    sasaLig    distance_A35SG_L1S1    
1    0    0    -7156.31    -11.3999    0.321149    6.22021    
1    1    1    -7191.63    -12.8824    0.330198    6.82129    
1    3    2    -7191.33    -10.5299    0.354745    6.63629    
1    6    3    -7198.92    -10.75    0.354365    6.94027    
1    7    4    -7199.05    -9.97223    0.30132    6.14315    
1    15    5    -7197.36    -11.8644    0.350263    8.61311    
1    16    6    -7195.81    -12.2387    0.390909    8.44651    
1    21    7    -7204.97    -19.3391    0.418867    7.93439    
1    28    8    -7203.26    -16.2577    0.387412    8.60075    
1    31    9    -7205.17    -20.8314    0.401323    8.51027    
1    33    10    -7205.41    -17.875    0.412584    7.78975    
1    35    11    -7205.31    -17.791    0.397714    8.31118    
1    42    12    -7206.09    -17.8756    0.392965    7.78985    
1    44    13    -7208.01    -20.0234    0.405909    7.38694    
1    46    14    -7208.01    -24.0488    0.431749    8.37568    
1    50    15    -7209.87    -24.5757    0.426362    8.67913    
1    52    16    -7207.47    -19.0011    0.455444    8.91508    
1    63    17    -7214.21    -24.2806    0.427567    7.81752    
1    73    18    -7214.4    -27.4692    0.403966    7.9986    
1    76    19    -7211.11    -24.8917    0.405595    8.38505    
1    80    20    -7212.81    -19.6285    0.428113    8.95603    
1    82    21    -7213.3    -21.8176    0.412924    9.53409    
1    83    22    -7215.19    -23.2869    0.368689    9.7384    
1    91    23    -7213.76    -23.0234    0.367265    9.50398    
