#Task    Step    numberOfAcceptedPeleSteps    currentEnergy    BindingEnergy    sasaLig    distance_A35SG_L1S1    
1    0    0    -7159.9    -12.5511    0.309834    5.54875    
1    1    1    -7185.7    -9.22978    0.329048    5.93551    
1    2    2    -7186.96    -11.263    0.38276    6.06327    
1    8    3    -7194.43    -13.387    0.384199    6.94365    
1    11    4    -7199.22    -14.0523    0.38596    5.75781    
1    12    5    -7202.51    -15.016    0.3694    6.30801    
1    16    6    -7199.34    -12.9127    0.397141    5.93053    
1    17    7    -7196.57    -13.3211    0.379582    6.15566    
1    18    8    -7196.31    -8.63175    0.472949    6.53937    
1    19    9    -7193.75    -9.0001    0.508014    7.03815    
1    24    10    -7182.34    2.08507    0.542687    8.45377    
1    25    11    -7189.26    -10.3591    0.478363    6.60828    
1    27    12    -7196.39    -12.9448    0.445372    6.57426    
1    28    13    -7198.68    -11.588    0.462923    6.58182    
1    29    14    -7197.25    -10.9673    0.433271    6.3335    
1    33    15    -7196.49    -17.1592    0.355932    6.34127    
1    36    16    -7188.82    -5.36805    0.399094    6.0537    
1    37    17    -7191.45    -7.70252    0.411999    5.94615    
1    39    18    -7194.61    -11.3839    0.412757    6.6363    
1    41    19    -7200.58    -14.2588    0.41992    7.65067    
1    42    20    -7200.54    -12.4577    0.431326    7.85306    
1    46    21    -7204.45    -16.9364    0.406051    7.44474    
1    48    22    -7201.66    -12.8865    0.385491    7.83632    
1    49    23    -7201.81    -12.1826    0.384613    8.12134    
1    52    24    -7203.57    -12.6079    0.397545    8.35804    
1    55    25    -7201.35    -13.3258    0.382015    8.14001    
1    59    26    -7202.59    -15.8544    0.394052    7.7365    
1    65    27    -7204.22    -17.5128    0.428866    6.67234    
1    70    28    -7206.94    -16.0477    0.460129    6.80865    
1    73    29    -7206.41    -19.7632    0.444107    6.64463    
1    74    30    -7199.81    -15.8662    0.434643    7.23636    
1    79    31    -7194.81    -10.2102    0.433821    8.82512    
1    83    32    -7195.69    -8.60739    0.416    9.30135    
1    84    33    -7191.81    -3.05428    0.409668    8.83496    
1    85    34    -7196.35    -7.12784    0.415574    9.04988    
1    91    35    -7195.33    -4.7816    0.495766    9.42082    
1    92    36    -7192.7    -0.883738    0.57435    8.70177    
1    94    37    -7192.76    0.347392    0.626866    10.1947    
1    97    38    -7189.19    -2.62777    0.655403    10.3065    
1    98    39    -7190.69    -2.36555    0.629663    10.2144    
1    99    40    -7193.33    -1.11871    0.666791    11.1603    
1    100    41    -7192.73    1.02442    0.602379    10.5254    
