#Task    Step    numberOfAcceptedPeleSteps    currentEnergy    BindingEnergy    sasaLig    distance_A35SG_L1S1    
1    0    0    -7142.07    -12.6972    0.332626    6.10284    
1    1    1    -7176.1    -9.72167    0.365806    7.77888    
1    2    2    -7177.12    -8.11816    0.327325    7.06418    
1    3    3    -7189.57    -19.5836    0.335541    6.94468    
1    6    4    -7191.61    -20.0036    0.357127    6.90861    
1    31    5    -7193.14    -17.7937    0.351995    8.38665    
1    33    6    -7195.55    -20.4351    0.336033    8.4062    
1    36    7    -7194.04    -18.1919    0.362187    8.7686    
1    44    8    -7192.27    -18.6206    0.356072    8.49009    
1    45    9    -7192.89    -20.5622    0.358048    8.39936    
1    48    10    -7189.62    -18.3993    0.365786    8.46017    
1    49    11    -7193.65    -19.8041    0.355184    8.48654    
1    63    12    -7192.95    -21.2379    0.33604    8.32399    
1    72    13    -7190.92    -19.1215    0.359865    8.41202    
1    75    14    -7191.75    -19.8121    0.356098    8.28441    
1    80    15    -7191.23    -18.8213    0.373391    8.47658    
1    86    16    -7186.25    -12.6565    0.391248    8.66975    
1    89    17    -7192.3    -19.4451    0.341693    8.27312    
1    91    18    -7192.26    -19.9055    0.364053    8.34439    
