#Task    Step    numberOfAcceptedPeleSteps    currentEnergy    BindingEnergy    sasaLig    distance_A35SG_L1S1    
1    0    0    -7155.32    -11.865    0.287202    5.72103    
1    1    1    -7202.86    -22.7896    0.33224    7.45227    
1    7    2    -7202.89    -17.9918    0.378191    7.02256    
1    13    3    -7204.95    -17.9704    0.390955    7.1651    
1    17    4    -7199.7    -19.8896    0.323007    7.1364    
1    26    5    -7199.12    -17.8869    0.317742    7.06466    
1    31    6    -7200.96    -18.1912    0.326081    7.09588    
1    35    7    -7202.52    -17.9487    0.327956    6.83655    
1    40    8    -7195.57    -11.2508    0.368159    7.49266    
1    44    9    -7196.98    -14.6053    0.355587    7.19934    
1    46    10    -7200.31    -17.5252    0.344253    7.05163    
1    53    11    -7197.28    -18.6384    0.319283    6.85931    
1    59    12    -7196.83    -16.2703    0.344329    7.29855    
1    62    13    -7200.01    -18.7434    0.328424    6.93168    
1    65    14    -7199.1    -17.3722    0.344382    6.96511    
1    67    15    -7200.95    -18.8943    0.334495    6.88171    
1    69    16    -7194.73    -15.1463    0.302194    5.68871    
1    70    17    -7195.69    -15.3489    0.322651    5.61598    
1    71    18    -7200.98    -9.27762    0.356233    6.98736    
1    82    19    -7203.62    -11.3156    0.360053    6.20624    
1    86    20    -7203.54    -12.7366    0.338622    6.74276    
1    88    21    -7203.11    -12.3914    0.362472    7.84852    
1    92    22    -7200.7    -10.5236    0.341383    8.22896    
1    95    23    -7203.16    -13.8781    0.315583    6.19823    
