#Task    Step    numberOfAcceptedPeleSteps    currentEnergy    BindingEnergy    sasaLig    distance_A35SG_L1S1    
1    0    0    -7150.36    -13.7115    0.280607    5.17213    
1    1    1    -7186.8    -13.0843    0.359791    5.20034    
1    6    2    -7186.17    -8.6458    0.320657    4.89981    
1    7    3    -7189.29    -14.2367    0.389967    5.47641    
1    8    4    -7190.58    -9.7635    0.418435    5.87892    
1    9    5    -7191.48    -14.471    0.397659    5.4152    
1    11    6    -7190.15    -6.43545    0.469518    6.81498    
1    14    7    -7186.01    0.59553    0.539092    4.62546    
1    15    8    -7200.17    -6.34148    0.597916    5.95756    
1    16    9    -7201.33    -6.75362    0.56505    4.21336    
1    17    10    -7199.61    -7.09876    0.590439    3.9095    
1    18    11    -7193.77    -0.0596113    0.62634    7.18323    
1    19    12    -7199.29    -7.4788    0.553079    5.35182    
1    20    13    -7201.73    -7.33301    0.549445    3.5862    
1    22    14    -7200.12    -6.09065    0.579627    3.71059    
1    23    15    -7198.8    -8.90877    0.483914    3.502    
1    30    16    -7197.84    -8.90159    0.488818    3.59684    
1    33    17    -7202.03    -11.0754    0.488384    3.5998    
1    38    18    -7199.08    -8.69328    0.475161    3.62983    
1    39    19    -7192.35    -4.01053    0.445482    4.68756    
1    40    20    -7192.48    -3.18394    0.486455    4.43739    
1    43    21    -7198.68    -3.89796    0.496132    4.14405    
1    45    22    -7200.07    -7.63502    0.439866    3.63512    
1    54    23    -7197.56    -5.62576    0.448384    3.8679    
1    55    24    -7197.79    -7.03497    0.453798    3.69143    
1    57    25    -7200.88    -8.17733    0.422311    3.64085    
1    59    26    -7200.49    -9.09184    0.42588    3.64109    
1    60    27    -7203.18    -10.5554    0.438379    3.59519    
1    66    28    -7202.81    -10.1528    0.461009    3.64946    
1    67    29    -7193.47    -1.98141    0.515547    5.42775    
1    68    30    -7203.12    -7.19994    0.482719    5.07059    
1    69    31    -7203.62    -8.51581    0.464157    5.69648    
1    70    32    -7202.36    -6.46812    0.473069    3.74405    
1    71    33    -7204.67    -10.3186    0.45541    4.34419    
1    72    34    -7211.79    -14.9096    0.39453    3.77451    
1    74    35    -7211.7    -13.5156    0.431353    3.89421    
1    75    36    -7214.37    -15.444    0.426685    4.03712    
1    78    37    -7214.73    -14.8706    0.399321    3.84645    
1    81    38    -7212.62    -17.6548    0.396989    3.90721    
1    83    39    -7212.09    -16.6726    0.400535    3.96371    
1    84    40    -7211.65    -15.464    0.387478    4.36679    
1    89    41    -7209.64    -18.7379    0.360765    3.9769    
1    90    42    -7210.48    -17.2358    0.415715    4.51161    
1    97    43    -7212.67    -18.1143    0.392154    4.39728    
1    99    44    -7211.81    -16.0152    0.38256    4.32355    
1    100    45    -7212.23    -16.669    0.402143    4.0995    
