#Task    Step    numberOfAcceptedPeleSteps    currentEnergy    BindingEnergy    sasaLig    distance_A35SG_L1S1    
1    0    0    -7148.5    -9.48621    0.339922    5.48654    
1    1    1    -7166.91    -0.496693    0.36777    5.58785    
1    2    2    -7182.63    -11.1617    0.343108    4.97243    
1    5    3    -7181.9    -8.15319    0.345672    5.21159    
1    10    4    -7189.95    -9.86767    0.348051    4.4735    
1    15    5    -7182.48    -2.72222    0.359716    5.9269    
1    17    6    -7173.78    -14.5136    0.314188    8.48052    
1    19    7    -7175.18    -12.5763    0.312921    8.32286    
1    21    8    -7181.14    -16.1911    0.267816    8.64075    
1    22    9    -7179.3    -14.3887    0.261794    8.84172    
1    39    10    -7172.27    -6.919    0.293623    8.16428    
1    45    11    -7179.47    -16.828    0.274166    8.14289    
1    49    12    -7169.62    -8.88237    0.308263    7.571    
1    50    13    -7180.26    -11.0001    0.40027    7.85713    
1    60    14    -7177.38    -6.18371    0.498773    8.36391    
1    61    15    -7174.76    -5.02679    0.417514    8.77722    
1    62    16    -7175.92    -7.37433    0.445178    8.10563    
1    65    17    -7180.28    -9.00518    0.521193    8.8259    
1    66    18    -7171.56    2.87407    0.494972    9.87383    
1    67    19    -7168.45    6.81633    0.543391    9.25651    
1    68    20    -7161.7    13.0507    0.572881    9.90997    
1    69    21    -7166.84    0.627675    0.483678    8.59156    
1    70    22    -7167.53    -0.755027    0.479872    7.58987    
1    71    23    -7169.36    -4.74955    0.520934    9.01961    
1    73    24    -7167.71    -13.2197    0.447414    8.82275    
1    74    25    -7170.57    -13.7204    0.469643    8.90715    
1    75    26    -7164.92    -3.40959    0.50291    8.88008    
1    77    27    -7165.81    -11.2048    0.53453    9.53044    
1    79    28    -7170.58    -10.2814    0.518094    9.88663    
1    80    29    -7171.56    -11.3747    0.519551    9.24402    
1    83    30    -7172.31    -13.2013    0.438332    8.52521    
1    85    31    -7168.92    -16.3464    0.455821    8.84596    
1    91    32    -7166.72    -15.5938    0.442715    9.88615    
1    95    33    -7155.16    -7.11387    0.337404    8.16362    
1    96    34    -7150.67    -1.76258    0.407447    9.36194    
1    97    35    -7167.09    -6.89309    0.356655    8.77781    
1    99    36    -7173.37    -20.8305    0.352176    7.63434    
1    100    37    -7164.98    -5.99354    0.412411    7.84421    
