#Task    Step    numberOfAcceptedPeleSteps    currentEnergy    BindingEnergy    sasaLig    distance_A35SG_L1S1    
1    0    0    -7162.26    -12.4771    0.325709    4.90983    
1    1    1    -7180.2    -10.6209    0.286551    5.061    
1    2    2    -7181.06    -6.45247    0.358706    5.40653    
1    3    3    -7184.16    -7.36184    0.312633    4.70515    
1    5    4    -7183.97    -13.3537    0.343784    4.75676    
1    14    5    -7182.74    -7.07162    0.414599    4.3315    
1    16    6    -7187.98    -15.6206    0.434699    5.46655    
1    17    7    -7188.16    -13.7991    0.423364    6.50078    
1    18    8    -7190.29    -11.379    0.398358    6.22291    
1    20    9    -7186.46    -7.74547    0.4516    5.5886    
1    21    10    -7186.43    -8.37521    0.414232    6.4142    
1    23    11    -7189.03    -12.2275    0.412176    6.30746    
1    27    12    -7185.64    -10.8665    0.370307    6.27429    
1    29    13    -7188.29    -14.0381    0.384415    6.63936    
1    31    14    -7186.26    -12.2432    0.430954    5.93432    
1    33    15    -7186.84    -8.31177    0.437916    6.55612    
1    35    16    -7188.03    -9.18503    0.439361    6.96891    
1    37    17    -7191.75    -12.7743    0.410255    6.76484    
1    43    18    -7192.84    -12.4194    0.378207    6.5829    
1    47    19    -7192.22    -4.90417    0.449281    6.23186    
1    50    20    -7194.94    -7.55944    0.423457    5.43728    
1    55    21    -7192.71    -13.8273    0.330609    6.64675    
1    57    22    -7193.34    -10.1634    0.388633    7.25946    
1    61    23    -7194.14    -9.82409    0.346683    6.95284    
1    64    24    -7194.52    -8.7153    0.361944    7.12531    
1    68    25    -7193.64    -6.6746    0.403722    7.58476    
1    70    26    -7188.23    -2.55114    0.452397    8.11278    
1    71    27    -7187.76    0.502447    0.590128    10.2155    
1    74    28    -7187.81    0.108039    0.547229    10.8263    
1    78    29    -7191.92    -4.89083    0.531351    10.0473    
1    80    30    -7183.44    -3.20105    0.557769    4.19062    
1    82    31    -7187.47    -3.80818    0.537296    4.27742    
1    85    32    -7196.2    -5.78359    0.545031    5.84142    
1    86    33    -7194.95    -4.13845    0.490125    5.81515    
1    88    34    -7192.44    -2.38501    0.495925    6.45076    
1    91    35    -7192.49    -6.62076    0.530872    6.2182    
1    92    36    -7192.75    -5.74016    0.514843    5.71212    
1    95    37    -7193.12    -5.69927    0.513676    5.997    
1    96    38    -7191.79    -5.26621    0.559723    5.96253    
1    98    39    -7191.11    -4.27316    0.582626    6.22225    
1    99    40    -7192.15    -1.19852    0.507874    6.26228    
