#Task    Step    numberOfAcceptedPeleSteps    currentEnergy    BindingEnergy    sasaLig    distance_A35SG_L1S1    
1    0    0    -7154.16    -14.8464    0.3046    5.28504    
1    1    1    -7182.76    -15.358    0.286908    5.28621    
1    2    2    -7182.57    -5.50604    0.520151    5.19107    
1    5    3    -7184.4    -7.84925    0.350113    5.25404    
1    6    4    -7188.08    -8.49286    0.392404    5.60618    
1    9    5    -7188.29    -6.40074    0.372278    5.79723    
1    10    6    -7196.23    -12.4757    0.374547    6.11306    
1    13    7    -7197.03    -19.5837    0.326938    6.58232    
1    29    8    -7201.53    -21.3761    0.358203    6.30349    
1    41    9    -7196.49    -20.6673    0.358804    6.11486    
1    45    10    -7196.43    -22.459    0.339629    6.17483    
1    61    11    -7189.5    -19.7359    0.360813    6.07574    
1    63    12    -7191.02    -20.2196    0.343625    6.19091    
1    65    13    -7192.5    -18.1289    0.358218    5.62041    
1    75    14    -7190.62    -15.2909    0.354462    5.42414    
1    77    15    -7183.89    -14.0657    0.295397    5.3534    
1    78    16    -7179.62    -11.5448    0.305311    5.16988    
1    83    17    -7183.41    -15.2932    0.331171    5.1328    
1    85    18    -7190.33    -17.2453    0.341625    5.64688    
1    86    19    -7184.97    -11.6302    0.351067    5.32944    
1    87    20    -7185.6    -14.2041    0.364631    5.50377    
1    89    21    -7185.68    -11.5352    0.35281    5.68902    
1    91    22    -7186.42    -8.28632    0.369543    5.7621    
1    94    23    -7191.57    -13.1822    0.340027    5.76159    
1    95    24    -7192.09    -7.75385    0.313178    5.80666    
1    97    25    -7193.37    -10.2053    0.463102    4.6978    
1    98    26    -7192.66    -9.48448    0.504566    3.22834    
1    100    27    -7196.32    -13.5076    0.517557    3.48738    
