#Task    Step    numberOfAcceptedPeleSteps    currentEnergy    BindingEnergy    sasaLig    distance_A35SG_L1S1    
1    0    0    -7152.34    -10.8604    0.287447    5.67163    
1    1    1    -7177.27    0.764335    0.282317    7.45864    
1    2    2    -7179.11    2.24582    0.296696    7.93338    
1    3    3    -7181.6    -1.25521    0.360979    10.7827    
1    5    4    -7199.28    -9.44476    0.452029    9.7771    
1    6    5    -7199.15    -9.06384    0.438768    9.71806    
1    15    6    -7204.45    -13.9197    0.466706    9.33358    
1    17    7    -7206.7    -17.5957    0.460787    8.57672    
1    18    8    -7205.5    -14.6931    0.47623    9.35524    
1    20    9    -7209.25    -18.9087    0.466121    8.44919    
1    22    10    -7209.15    -17.4435    0.437563    8.10244    
1    35    11    -7208.89    -17.1573    0.452797    8.45034    
1    36    12    -7209.93    -16.5293    0.481782    8.34177    
1    38    13    -7210.23    -15.1528    0.494375    7.94558    
1    41    14    -7207.85    -15.2704    0.49488    7.99882    
1    43    15    -7213.52    -19.204    0.446429    7.37197    
1    44    16    -7209.68    -15.7803    0.45987    7.77525    
1    50    17    -7213.15    -21.0609    0.424112    7.31608    
1    66    18    -7215.62    -21.1022    0.426671    7.362    
1    68    19    -7211.4    -18.4998    0.445526    7.54737    
1    71    20    -7207.4    -16.6046    0.448813    7.99964    
1    72    21    -7208.31    -16.8973    0.44217    7.72817    
1    73    22    -7210.1    -18.3802    0.410676    10.2883    
1    77    23    -7209.81    -17.7561    0.423766    10.727    
1    80    24    -7212.65    -20.329    0.379458    10.1669    
1    81    25    -7216.67    -28.7269    0.35834    9.73069    
1    85    26    -7218.71    -32.8833    0.350575    9.89408    
1    88    27    -7218.47    -28.1197    0.367276    9.83623    
1    90    28    -7218.94    -30.237    0.367285    9.50021    
1    93    29    -7217.12    -29.9941    0.363901    9.64718    
1    97    30    -7216.28    -30.9128    0.361944    9.56383    
1    100    31    -7214.07    -31.2856    0.374862    9.62067    
