#Task    Step    numberOfAcceptedPeleSteps    currentEnergy    BindingEnergy    sasaLig    distance_A35SG_L1S1    
1    0    0    -7161.23    -13.3714    0.325824    5.15993    
1    1    1    -7194.81    -11.2734    0.374709    6.92442    
1    4    2    -7200.97    -14.3865    0.377063    7.1409    
1    14    3    -7207.02    -18.6999    0.382068    7.0717    
1    17    4    -7208.63    -19.562    0.363241    6.86944    
1    18    5    -7204.52    -18.2021    0.339266    7.06452    
1    22    6    -7207.13    -20.0952    0.374345    7.05142    
1    24    7    -7201.72    -11.5581    0.367098    7.10955    
1    25    8    -7202.95    -15.2652    0.39578    7.69454    
1    28    9    -7196.77    -11.6779    0.479736    6.17622    
1    29    10    -7192.22    -10.1673    0.467076    5.71072    
1    30    11    -7191.57    -4.2607    0.462765    4.94488    
1    33    12    -7195.45    -3.15755    0.400392    4.99199    
1    35    13    -7195.68    -4.37094    0.432106    6.57303    
1    36    14    -7194.62    -4.98127    0.460321    6.73808    
1    38    15    -7191.2    -3.6654    0.533914    7.54648    
1    39    16    -7196.95    -2.82915    0.625447    7.69761    
1    41    17    -7196.89    -7.87669    0.627872    10.782    
1    44    18    -7197.39    -8.1178    0.640452    11.2068    
1    47    19    -7201.27    -8.51725    0.653704    11.0909    
1    48    20    -7201.2    -7.90248    0.586235    10.832    
1    50    21    -7201.81    -8.6189    0.614826    10.3576    
1    52    22    -7202.81    -9.3431    0.59969    10.0597    
1    53    23    -7197.83    -9.60439    0.474865    9.13761    
1    54    24    -7197.22    -3.59207    0.526949    8.91475    
1    58    25    -7197.89    -5.97938    0.427268    8.46082    
1    61    26    -7202.24    -12.5612    0.393678    7.56488    
1    67    27    -7200.31    -8.10987    0.445555    6.96377    
1    68    28    -7198.93    -6.99341    0.476391    6.5962    
1    70    29    -7202.67    -9.90804    0.457465    6.85696    
1    75    30    -7203.16    -11.8068    0.471776    6.34674    
1    76    31    -7202.7    -10.9519    0.489954    6.46172    
1    79    32    -7196.86    -5.99534    0.498751    6.73268    
1    81    33    -7204.46    -15.4466    0.429274    7.33792    
1    89    34    -7203.8    -13.9212    0.454437    7.37129    
1    90    35    -7210.12    -22.6871    0.383511    7.12593    
1    91    36    -7205.75    -18.8512    0.373624    7.00588    
