#Task    Step    numberOfAcceptedPeleSteps    currentEnergy    BindingEnergy    sasaLig    distance_A35SG_L1S1    
1    0    0    -7168.39    -15.8545    0.290954    6.19623    
1    1    1    -7188.83    -6.20919    0.337417    7.6534    
1    2    2    -7193.49    -8.85818    0.346022    7.43035    
1    3    3    -7193.61    -10.2388    0.345297    7.13238    
1    5    4    -7196.29    -12.7444    0.352977    7.18665    
1    22    5    -7196.03    -11.0999    0.38402    7.75013    
1    25    6    -7187.28    -7.71404    0.394648    10.6724    
1    31    7    -7186.96    -10.9882    0.378954    10.0413    
1    33    8    -7181.34    -12.222    0.363383    9.5109    
1    34    9    -7176.57    -5.53221    0.449937    10.6168    
1    36    10    -7181.57    -11.7024    0.396533    10.1217    
1    39    11    -7191.26    -9.53497    0.435654    10.6522    
1    40    12    -7189.73    -8.76756    0.442889    10.7216    
1    41    13    -7193.52    -14.7059    0.471216    9.42278    
1    43    14    -7191.47    -12.6123    0.419252    9.8733    
1    46    15    -7193.26    -10.7864    0.470398    9.90364    
1    48    16    -7184.91    -0.426938    0.509806    10.5785    
1    49    17    -7187.83    -5.5567    0.502963    10.8535    
1    51    18    -7190.85    -10.9323    0.447485    10.668    
1    52    19    -7193.6    -11.1137    0.460666    11.0648    
1    54    20    -7199.3    -13.806    0.430233    10.8243    
1    63    21    -7207.03    -27.683    0.374346    10.0167    
1    65    22    -7217.54    -36.7645    0.348644    9.90114    
1    76    23    -7217.92    -36.1204    0.354465    10.0666    
1    97    24    -7218.3    -38.0135    0.331433    10.0912    
