#Task    Step    numberOfAcceptedPeleSteps    currentEnergy    BindingEnergy    sasaLig    distance_A35SG_L1S1    
1    0    0    -7163.82    -13.4744    0.338447    5.31221    
1    1    1    -7188.06    -9.55448    0.391521    4.44045    
1    3    2    -7191.86    -13.0392    0.330883    4.90996    
1    6    3    -7195.65    -11.6875    0.358536    4.96913    
1    8    4    -7194.42    -10.2271    0.37354    4.87933    
1    9    5    -7193.53    -11.1852    0.32688    4.70893    
1    12    6    -7187.75    -10.6086    0.330093    4.9876    
1    13    7    -7189.55    -6.6768    0.37159    5.40976    
1    18    8    -7191.06    -6.34494    0.376029    5.47875    
1    27    9    -7191.04    -6.19929    0.372752    5.12151    
1    29    10    -7189.9    -6.76438    0.350469    4.35186    
1    33    11    -7195.76    -9.91139    0.398138    4.25126    
1    35    12    -7192.8    -7.29435    0.493988    4.13893    
1    36    13    -7191    -6.69735    0.454561    4.72229    
1    37    14    -7190.19    -9.94324    0.467953    4.57072    
1    38    15    -7194.92    -10.7738    0.47518    5.36458    
1    39    16    -7196.79    -12.0553    0.463095    4.80581    
1    40    17    -7195.91    -9.79936    0.540174    5.79111    
1    41    18    -7195.57    -5.17301    0.476847    6.71919    
1    43    19    -7195.08    -5.51258    0.45445    5.12548    
1    44    20    -7199.38    -6.56954    0.472557    5.51741    
1    46    21    -7198.79    -6.46672    0.456472    5.73093    
1    50    22    -7198.79    -5.32436    0.477967    5.52082    
1    54    23    -7199.18    -5.32119    0.4619    6.58012    
1    57    24    -7199.37    -6.8529    0.451842    5.53607    
1    58    25    -7198.44    -5.09241    0.425355    4.53564    
1    68    26    -7203.18    -7.40833    0.450113    5.22002    
1    72    27    -7203.64    -5.71134    0.499162    6.50895    
1    74    28    -7204.03    -5.35275    0.477027    7.04093    
1    76    29    -7202.17    -4.18276    0.452146    5.41015    
1    81    30    -7200.9    -4.47746    0.556897    6.11846    
1    88    31    -7196.95    -0.0907829    0.539393    5.25258    
1    90    32    -7198.92    -2.56571    0.52329    7.86906    
1    91    33    -7187.69    -0.322168    0.46323    7.59974    
1    92    34    -7190.35    0.958054    0.410482    6.32724    
1    93    35    -7197.32    -7.46221    0.384958    7.01068    
1    94    36    -7200.56    -10.3302    0.340918    7.41538    
1    97    37    -7194.39    -14.4699    0.313264    7.1122    
