#Task    Step    numberOfAcceptedPeleSteps    currentEnergy    BindingEnergy    sasaLig    distance_A35SG_L1S1    
1    0    0    -7151.98    -14.3059    0.322333    5.36599    
1    1    1    -7178.68    -11.2798    0.337233    7.37032    
1    2    2    -7180.01    -10.9766    0.342929    7.72149    
1    8    3    -7180.41    -11.1559    0.348773    7.46994    
1    10    4    -7187.88    -16.8825    0.345034    7.21855    
1    26    5    -7186.74    -11.9347    0.41441    8.2716    
1    27    6    -7195.11    -13.6927    0.3676    7.30023    
1    28    7    -7196    -10.4651    0.406755    6.86269    
1    30    8    -7199.85    -11.1844    0.398886    6.00717    
1    32    9    -7197.86    -10.8032    0.389031    5.98481    
1    35    10    -7199.84    -14.7111    0.409293    8.31493    
1    39    11    -7198.74    -17.7299    0.364214    8.44453    
1    40    12    -7201.8    -16.2167    0.391421    8.40874    
1    46    13    -7200.74    -13.6555    0.396856    7.63186    
1    49    14    -7204.52    -15.5298    0.355592    7.57615    
1    52    15    -7205.99    -16.2525    0.367141    8.05224    
1    53    16    -7203.14    -13.2079    0.407846    8.5794    
1    54    17    -7204.41    -15.7692    0.359164    8.45437    
1    55    18    -7204.7    -14.4155    0.36552    8.24409    
1    57    19    -7206.79    -15.4886    0.387403    6.8442    
1    72    20    -7206.83    -15.2509    0.372965    6.87303    
1    73    21    -7209.61    -15.2509    0.370385    7.2823    
1    74    22    -7211.63    -17.3152    0.375845    7.18385    
1    78    23    -7209.35    -16.5728    0.360375    7.10635    
1    84    24    -7211.53    -16.6808    0.375359    7.60212    
1    88    25    -7207.59    -13.9897    0.35302    7.26828    
1    90    26    -7204.57    -11.0228    0.347816    7.1468    
1    92    27    -7206.55    -12.8593    0.36767    7.79196    
1    93    28    -7208.82    -13.9702    0.36981    7.42367    
1    97    29    -7208.27    -16.479    0.380259    7.53907    
