#Task    Step    numberOfAcceptedPeleSteps    currentEnergy    BindingEnergy    sasaLig    distance_A35SG_L1S1    
1    0    0    -7156.54    -9.68467    0.320133    5.85074    
1    1    1    -7169.69    -5.18333    0.32444    5.89184    
1    3    2    -7186.92    -10.0629    0.418063    7.54295    
1    8    3    -7194.4    -12.7362    0.425193    6.39312    
1    11    4    -7197.53    -14.1976    0.342828    6.20789    
1    17    5    -7204    -14.3808    0.368705    7.27249    
1    21    6    -7208.32    -18.2881    0.39506    5.78504    
1    32    7    -7209.14    -17.1526    0.399269    5.72553    
1    35    8    -7213.04    -18.1816    0.378984    7.25382    
1    47    9    -7215.31    -16.1299    0.393682    6.72178    
1    51    10    -7211.93    -13.3927    0.400709    7.12299    
1    58    11    -7211.42    -11.4428    0.395049    6.98203    
1    59    12    -7212.67    -12.1297    0.405136    7.21193    
1    60    13    -7214.22    -12.5776    0.397906    7.17449    
1    62    14    -7214.24    -11.8443    0.392051    7.42099    
1    66    15    -7212.64    -11.2474    0.403249    7.71342    
1    70    16    -7212.75    -10.7718    0.410785    7.68307    
1    76    17    -7212.26    -9.15921    0.430742    7.32307    
1    80    18    -7211.66    -10.4135    0.401069    7.30477    
1    92    19    -7210.69    -9.57785    0.426189    7.90912    
1    94    20    -7212.65    -11.8009    0.407046    7.34841    
1    99    21    -7207.32    -11.1768    0.390617    8.29025    
1    100    22    -7207.26    -12.1372    0.385129    8.37555    
