#Task    Step    numberOfAcceptedPeleSteps    currentEnergy    BindingEnergy    sasaLig    distance_A35SG_L1S1    
1    0    0    -7139.82    -12.5044    0.319785    5.61495    
1    1    1    -7177.2    -14.1493    0.301274    5.16264    
1    6    2    -7183.19    -13.4797    0.350015    5.62512    
1    10    3    -7188.09    -15.5946    0.34664    6.07919    
1    13    4    -7187.57    -17.8481    0.374249    6.56646    
1    19    5    -7185.61    -17.8291    0.363461    6.43208    
1    22    6    -7188.28    -17.5349    0.38843    6.81126    
1    24    7    -7190.76    -18.5411    0.366871    6.92179    
1    25    8    -7191.25    -20.2368    0.36118    6.90364    
1    40    9    -7192.24    -19.5681    0.381542    7.00909    
1    42    10    -7190.21    -19.3681    0.382731    7.50711    
1    46    11    -7191.33    -18.8034    0.351348    6.96773    
1    47    12    -7191.37    -18.3127    0.378811    6.68822    
1    49    13    -7193.41    -20.0203    0.356419    6.9248    
1    50    14    -7193.52    -18.8847    0.355354    6.16264    
1    51    15    -7193.94    -17.5112    0.370456    7.12665    
1    73    16    -7194    -17.8027    0.380494    7.04423    
1    77    17    -7194.61    -20.4796    0.373744    6.76129    
1    78    18    -7191.53    -18.7285    0.36925    6.91569    
1    83    19    -7194.18    -18.3186    0.363114    6.79997    
1    88    20    -7192.7    -16.1744    0.360653    6.88039    
1    89    21    -7192.58    -18.1678    0.363535    7.06309    
1    90    22    -7193.68    -18.3478    0.356184    6.26565    
1    91    23    -7193.94    -19.684    0.349872    7.98037    
