#Task    Step    numberOfAcceptedPeleSteps    currentEnergy    BindingEnergy    sasaLig    distance_A35SG_L1S1    
1    0    0    -7152.65    -14.4038    0.316552    6.27638    
1    1    1    -7186.33    -10.888    0.326374    6.53769    
1    9    2    -7186.59    -16.7615    0.442813    8.28917    
1    10    3    -7190.16    -16.9804    0.473694    8.37801    
1    11    4    -7189.77    -16.9184    0.432899    9.0509    
1    16    5    -7189.65    -15.6085    0.460502    9.09515    
1    19    6    -7192.56    -19.0214    0.394915    8.90709    
1    24    7    -7195.17    -21.4197    0.382742    9.4048    
1    30    8    -7195.45    -21.9346    0.409402    9.17711    
1    31    9    -7192.58    -18.9918    0.389934    8.74908    
1    33    10    -7196.3    -20.9091    0.357172    8.90138    
1    37    11    -7194.82    -17.4296    0.345648    8.81406    
1    39    12    -7196.43    -22.6671    0.337591    9.16817    
1    49    13    -7191.59    -19.4371    0.32189    9.19808    
1    51    14    -7191.81    -18.6115    0.32152    9.30864    
1    52    15    -7189.98    -17.1706    0.317993    9.31621    
1    55    16    -7192.2    -19.0734    0.336652    9.30917    
1    56    17    -7191.23    -19.6167    0.324555    9.44179    
1    59    18    -7189.6    -17.8105    0.330551    9.82493    
1    60    19    -7196.33    -20.3834    0.307587    9.81861    
1    65    20    -7201.5    -25.0538    0.272107    8.87764    
1    76    21    -7195.39    -21.1226    0.28602    8.50337    
1    78    22    -7196.42    -22.9217    0.28127    8.09967    
1    80    23    -7193.79    -18.7142    0.258779    8.20107    
1    84    24    -7195.17    -20.103    0.303782    8.62696    
1    86    25    -7195.14    -19.8542    0.295579    8.21624    
1    91    26    -7192.17    -21.4241    0.300139    8.9488    
1    93    27    -7193.44    -22.9185    0.26128    8.4346    
1    95    28    -7195.57    -21.5034    0.265041    8.558    
1    97    29    -7197.69    -25.3464    0.278655    9.59113    
1    99    30    -7196.74    -24.3914    0.304105    9.47661    
