#Task    Step    numberOfAcceptedPeleSteps    currentEnergy    BindingEnergy    sasaLig    distance_A35SG_L1S1    
1    0    0    -7151.39    -8.86082    0.309225    5.13852    
1    1    1    -7188.83    -12.1945    0.375819    5.9723    
1    2    2    -7193.38    -16.2131    0.416151    6.06012    
1    5    3    -7194.31    -10.1134    0.408666    7.39276    
1    7    4    -7201.85    -12.8904    0.374893    8.22947    
1    11    5    -7201.7    -12.8573    0.38634    8.63373    
1    13    6    -7199.34    -7.38318    0.466397    7.33332    
1    15    7    -7200.23    -10.8174    0.422675    9.06043    
1    16    8    -7202.4    -12.4294    0.396123    8.56847    
1    19    9    -7205.09    -15.2678    0.375921    8.66204    
1    20    10    -7206.75    -15.3251    0.356751    8.54446    
1    22    11    -7206.62    -14.1357    0.359927    8.60476    
1    23    12    -7208.07    -17.4251    0.346375    8.47205    
1    37    13    -7206.61    -15.2401    0.348463    8.75828    
1    38    14    -7208.12    -15.4321    0.341975    8.67151    
1    40    15    -7207.13    -12.5479    0.355405    8.62962    
1    60    16    -7206.31    -11.5127    0.353102    8.66061    
1    89    17    -7205.95    -17.4413    0.331108    8.84029    
1    98    18    -7205.65    -19.7409    0.297955    8.72156    
