#Task    Step    numberOfAcceptedPeleSteps    currentEnergy    BindingEnergy    sasaLig    distance_A35SG_L1S1    
1    0    0    -7148.69    -5.97708    0.345095    5.14091    
1    1    1    -7185.04    -8.05604    0.357002    6.35768    
1    2    2    -7183.86    -1.3348    0.38793    5.77531    
1    4    3    -7178.02    0.617412    0.467485    7.73751    
1    5    4    -7181.04    -2.69102    0.467757    7.53459    
1    7    5    -7176.25    0.477717    0.461122    8.45685    
1    9    6    -7184.5    -15.9061    0.44615    5.94751    
1    10    7    -7186.75    -13.6836    0.427645    5.30553    
1    11    8    -7187.58    -14.3101    0.401005    7.79215    
1    17    9    -7195.4    -19.9988    0.354523    7.56518    
1    21    10    -7196.6    -21.1894    0.370175    7.54255    
1    23    11    -7194.44    -22.1815    0.316298    7.58127    
1    24    12    -7191.26    -13.0815    0.378181    7.02554    
1    25    13    -7195.26    -19.6673    0.338246    6.07995    
1    26    14    -7195.89    -14.4172    0.410765    5.5127    
1    30    15    -7200.37    -15.6394    0.422229    6.11078    
1    35    16    -7198.8    -14.3332    0.429905    7.2591    
1    36    17    -7196.99    -11.9912    0.47236    7.43034    
1    37    18    -7200.58    -17.7951    0.444227    7.07088    
1    40    19    -7204.17    -16.2224    0.447978    7.25945    
1    50    20    -7202.12    -10.8347    0.488596    8.13529    
1    51    21    -7204.78    -12.4807    0.489381    7.00088    
1    53    22    -7204.71    -14.304    0.448554    7.92327    
1    56    23    -7199.66    -8.84123    0.45175    8.91484    
1    58    24    -7202.92    -10.7323    0.459648    8.23359    
1    61    25    -7201.41    -14.3171    0.435234    6.0002    
1    62    26    -7203.13    -15.4238    0.424692    5.17607    
1    64    27    -7201.66    -13.6294    0.415341    4.77165    
1    65    28    -7201.92    -12.7143    0.389365    5.30086    
1    66    29    -7203.77    -12.5438    0.421893    4.60191    
1    67    30    -7208.33    -16.8601    0.36974    4.82991    
1    68    31    -7208.3    -15.4096    0.430544    5.13222    
1    71    32    -7207.97    -15.0356    0.40214    4.61789    
1    72    33    -7202.17    -13.2033    0.428747    5.02164    
1    74    34    -7204.11    -10.2992    0.482763    4.2481    
1    76    35    -7210.92    -15.5812    0.414239    4.73795    
1    80    36    -7211.74    -18.329    0.43918    5.27361    
1    84    37    -7210.57    -16.0772    0.380543    4.97976    
1    86    38    -7211.42    -18.5451    0.382917    5.58422    
1    87    39    -7212.55    -18.4308    0.346908    6.04297    
1    89    40    -7214.71    -19.2506    0.372101    6.39196    
1    94    41    -7212.24    -16.918    0.378857    6.18824    
1    95    42    -7213.51    -19.3177    0.352715    5.72372    
1    97    43    -7206.08    -18.8921    0.374758    5.89125    
1    98    44    -7207.23    -12.7777    0.372861    6.30503    
1    99    45    -7204    -10.5627    0.435305    5.81722    
