#Task    Step    numberOfAcceptedPeleSteps    currentEnergy    BindingEnergy    sasaLig    distance_A35SG_L1S1    
1    0    0    -7158.33    -11.3827    0.351262    5.64172    
1    1    1    -7181.25    -7.35178    0.402665    5.65143    
1    3    2    -7182.86    -4.05909    0.47708    5.55319    
1    5    3    -7202.16    -18.8711    0.377782    6.08921    
1    7    4    -7200.77    -19.4018    0.348624    5.31229    
1    15    5    -7206.99    -21.648    0.350828    5.85591    
1    17    6    -7206.22    -21.8493    0.359177    6.2588    
1    35    7    -7203.51    -20.9653    0.38025    6.70677    
1    37    8    -7207.41    -28.126    0.362691    6.9113    
1    66    9    -7198.67    -23.0556    0.361034    7.00991    
1    70    10    -7205.91    -26.2787    0.362388    6.85442    
1    79    11    -7206    -27.7133    0.333982    6.11831    
1    83    12    -7203.07    -25.3059    0.350049    6.09314    
1    84    13    -7202.95    -22.2692    0.386443    6.9075    
1    87    14    -7200.98    -23.0421    0.42224    6.46518    
1    88    15    -7203.35    -24.2798    0.422026    6.5508    
1    89    16    -7203.92    -29.6562    0.351371    6.58238    
1    92    17    -7204.65    -28.0605    0.352724    6.3058    
1    95    18    -7205.41    -27.48    0.339152    6.17901    
