95	3809	1.00	9.626E-84	0	446	447	0	446	447	447M
115	3283	0.910	1.393E-75	0	446	447	0	445	446	195M1I251M
5	3106	0.984	4.574E-78	0	446	447	0	445	446	196M1I250M
105	3063	0.919	5.254E-75	0	446	447	0	447	448	197M1D250M
90	3041	0.919	1.136E-75	0	446	447	0	446	447	447M
10	737	0.176	3.312E-22	74	441	447	60	409	410	16M8D8M1I3M2D22M1I57M37I3M4I84M1I4M1I15M23D26M1I4M1D32M1D8M5I14M2I19M
21	732	0.172	4.062E-22	71	441	447	62	410	411	25M4D6M2D13M2I8M1D61M40I81M1I7M1I16M21D25M1I4M1D32M1D7M5I18M2I16M
24	730	0.171	4.735E-22	71	441	447	60	408	409	20M2D7M4D17M2I8M1D61M40I85M3I2M1D16M21D25M1I4M1D32M1D7M5I18M2I16M
25	728	0.174	5.808E-22	71	441	447	62	410	411	24M3D3M1D4M2D13M2I8M1D61M40I85M3I2M1D16M21D25M1I4M1D32M1D7M5I18M2I16M
19	725	0.174	5.519E-22	71	441	447	62	410	411	24M3D3M1D4M2D13M2I8M1D58M20I5M20I83M3I2M1D16M21D25M1I4M1D32M1D7M5I18M2I16M
77	721	0.174	9.196E-22	71	441	447	62	410	411	19M4D12M2D13M2I8M1D61M40I85M3I2M1D16M21D25M1I4M1D32M1D7M5I18M2I16M
61	713	0.202	1.597E-19	100	439	447	156	447	452	24M1I19M1D38M38I2M4I83M1I5M1I17M1D19M1I10M1D13M1D17M1D8M5I15M1I3M1I14M
16	709	0.172	7.497E-22	17	441	447	48	410	411	10M4I15M1D13M33I13M2D10M2I8M1D58M6I2M34I86M3I2M1D16M21D20M1I9M1D32M1D7M5I18M2I16M
17	707	0.174	1.456E-21	71	441	447	62	410	411	21M4D10M2D13M2I8M1D58M20I5M20I79M1I7M1I16M21D25M1I4M1D32M1D7M5I18M2I16M
22	707	0.172	2.553E-21	71	441	447	62	410	411	25M4D6M2D13M2I8M1D61M40I81M1I7M1I16M21D25M1I4M1D32M1D7M5I18M2I16M
8	705	0.176	1.018E-21	71	441	447	60	408	409	17M2D10M2D4M2D13M2I8M1D58M37I2M4I85M3I2M1D13M22D28M1I4M1D32M1D7M5I18M2I16M
0	700	0.153	1.384E-21	2	438	447	0	399	403	34M11D16M19I19M4D28M1I63M37I3M4I59M4I2M4D17M1I6M1I13M1I5M19D17M1I9M1D32M1D7M2I3M2I9M3I5M1I13M
20	700	0.165	1.384E-21	0	441	447	0	410	411	23M2I9M1D5M10D14M18I25M4D6M2D13M2I8M1D58M20I5M20I83M3I2M1D16M21D25M1I4M1D32M1D7M5I18M2I16M
108	699	0.185	1.018E-21	71	441	447	62	409	410	25M4D6M2D13M2I8M1D58M37I2M4I59M2I5M2D19M3I2M1D14M21D26M1I5M1D32M1D7M5I18M2I16M
100	691	0.167	1.880E-21	0	441	447	0	410	411	23M2I9M1D5M10D14M18I20M2D7M2D4M2D13M2I3M1I4M2D58M20I5M20I79M1I7M1I16M21D25M1I4M1D32M1D7M5I18M2I16M
26	688	0.165	2.082E-21	0	441	447	0	410	411	23M2I9M1D5M10D14M18I20M2D7M4D17M2I3M1I4M2D58M20I5M20I79M1I7M1I16M21D25M1I4M1D32M1D7M5I18M2I16M
57	683	0.167	8.263E-21	71	441	447	62	410	411	23M2D4M2D4M2D13M2I8M1D59M34I5M6I81M1I4M1I16M21D24M1I5M1D32M1D7M5I18M2I16M
27	680	0.193	4.712E-21	71	441	447	62	409	410	19M4D12M2D13M2I3M1I4M2D58M37I2M4I59M2I5M2D15M1I7M1I17M21D23M1I5M1D32M1D7M5I18M2I16M
23	678	0.165	5.219E-21	0	441	447	0	410	411	23M2I9M1D5M10D14M18I27M6D17M2I8M1D58M20I5M20I79M1I7M1I16M21D25M1I4M1D32M1D7M5I18M2I16M
56	678	0.169	9.631E-21	72	439	447	61	414	417	26M2D4M2D13M2I2M1I5M2D58M37I2M4I83M1I5M1I19M31D22M1I4M1D32M1D8M4I18M2I14M
107	678	0.156	1.613E-21	17	441	447	44	418	419	10M4I15M1D14M31I14M2D10M2I8M1D58M37I2M4I59M3I4M3D17M1I5M1I19M31D22M1I4M1D32M1D8M4I18M2I16M
44	677	0.167	4.477E-21	0	439	447	36	414	417	22M4I28M5I19M17I3M1I3M2D13M2I2M3D4M2I58M35I3M6I83M1I4M1I19M14D17M1I9M1D32M1D7M5I18M2I14M
41	676	0.178	9.631E-21	72	441	447	57	405	406	20M7D6M1D4M2D13M2I3M1I4M2D58M37I2M4I85M3I2M1D16M16D3M3D19M1I7M1D30M1D9M5I18M2I16M
97	673	0.190	4.712E-21	71	441	447	62	409	410	19M4D12M2D13M2I3M1I4M2D58M37I2M4I59M2I5M2D19M3I2M1D14M21D26M1I5M1D32M1D7M5I18M2I16M
96	673	0.159	3.132E-21	38	443	447	22	398	416	20M5D23M9D8M2I91M37I3M4I83M1I5M1I16M1D10M1I8M1I11M1D3M1D8M1I19M1D16M3D12M2I20M
69	672	0.187	4.255E-21	71	441	447	62	409	410	19M4D12M2D13M2I3M1I4M2D58M37I2M4I59M2I5M2D19M3I2M1D13M21D27M1I5M1D32M1D7M5I18M2I16M
70	669	0.185	5.219E-21	71	441	447	62	409	410	20M3D7M1D4M2D13M2I3M1I4M2D58M37I2M4I59M2I5M2D19M3I2M1D13M21D27M1I5M1D32M1D7M5I18M2I16M
112	668	0.172	1.377E-20	71	441	447	60	403	404	19M3D9M1D3M2D13M2I8M1D58M6I2M34I60M2D5M2I17M1I5M1I13M1I5M17D19M1I8M1D31M1D7M5I18M2I16M
67	667	0.187	6.401E-21	71	441	447	62	409	410	19M4D12M2D13M2I3M1I4M2D58M37I2M4I59M2I5M2D19M3I2M1D13M21D27M1I5M1D32M1D7M5I18M2I16M
68	667	0.185	6.082E-21	71	441	447	62	409	410	19M3D8M1D4M2D13M2I3M1I4M2D58M37I2M4I59M2I5M2D19M3I2M1D13M21D27M1I5M1D32M1D7M5I18M2I16M
111	667	0.178	8.263E-21	71	441	447	62	409	410	19M2D8M2D4M2D13M2I8M1D58M37I2M4I59M2I5M2D19M3I2M1D13M21D27M1I5M1D32M1D7M5I18M2I16M
76	665	0.171	2.962E-20	71	441	447	60	408	409	20M4D11M2D13M2I8M1D59M40I61M1I6M1D15M1I7M1I16M21D24M1I5M1D31M1D8M5I18M2I16M
104	665	0.182	9.631E-21	71	441	447	62	409	410	25M4D6M2D13M2I3M1I4M2D58M37I2M4I59M2I5M2D19M3I2M1D14M21D26M1I5M1D32M1D7M5I18M2I16M
103	662	0.196	8.263E-21	73	441	447	64	409	410	17M4D12M2D13M2I3M1I4M2D58M37I2M4I59M2I5M2D19M3I2M1D14M18D6M3D20M1I5M1D32M1D7M5I18M2I16M
113	662	0.187	9.631E-21	71	441	447	62	409	410	25M4D6M2D13M2I3M1I4M2D58M35I3M6I58M2I5M2D19M3I2M1D13M21D27M1I5M1D32M1D7M5I18M2I16M
84	661	0.190	1.243E-20	71	441	447	62	409	410	19M4D12M2D13M2I3M1I4M2D58M37I2M4I59M2I5M2D19M3I2M1D16M18D4M3D20M1I5M1D32M1D7M5I18M2I16M
83	660	0.165	1.532E-21	0	439	447	0	442	443	23M1I16M13D13M18I27M6D7M1D19M1I57M36I4M4I59M4I2M4D16M1I7M1I17M26D23M1I5M1D31M1D8M5I12M11D7M10D1M1D10M1D4M
64	659	0.171	7.852E-21	71	438	447	62	429	433	29M1I4M4D19M1I57M36I4M4I83M1I5M1I17M26D23M1I5M1D32M1D7M5I12M17D5M2D11M1I4M
92	658	0.185	1.122E-20	71	441	447	62	409	410	19M4D12M2D13M2I3M1I4M2D58M37I2M4I59M2I5M2D19M3I2M1D13M21D27M1I5M1D32M1D7M5I18M2I16M
63	658	0.174	7.461E-21	71	438	447	62	429	433	29M1I4M4D19M1I57M36I4M4I83M1I5M1I17M26D23M1I5M1D32M1D7M5I12M17D7M1D1M1D8M1I4M
35	657	0.167	1.384E-21	71	439	447	67	454	455	21M5D13M3D19M1I35M2D22M36I4M4I90M1D16M13D2M9D16M2I10M1D32M2D7M5I12M14D8M16D10M1D4M
11	655	0.185	1.525E-20	71	441	447	62	409	410	19M3D8M1D4M2D13M2I3M1I4M2D58M37I2M4I59M2I5M2D19M3I2M1D13M21D27M1I5M1D32M1D7M5I18M2I16M
28	654	0.192	1.525E-20	71	441	447	62	409	410	19M4D12M2D13M2I3M1I4M2D58M35I3M6I58M2I5M2D19M3I2M1D13M21D27M1I5M1D32M1D7M5I18M2I16M
106	649	0.185	2.180E-20	71	441	447	62	409	410	19M3D8M1D4M2D13M2I3M1I4M2D58M37I2M4I59M2I5M2D19M3I2M1D13M21D27M1I5M1D32M1D7M5I18M2I16M
52	649	0.170	6.082E-21	71	437	447	67	453	456	22M2D5M7D20M1I39M2D24M35I4M5I90M1D16M19D2M3D17M2I9M1D32M2D8M4I12M4D5M25D13M1D2M
88	646	0.187	2.541E-20	71	441	447	62	409	410	19M4D12M2D13M2I3M1I4M2D58M37I2M4I59M2I5M2D19M3I2M1D13M21D27M1I5M1D32M1D7M5I18M2I16M
38	646	0.164	2.191E-21	17	437	447	49	453	456	38M15I5M16I7M4D20M1I39M2D24M35I4M5I60M3I3M3D24M1D16M22D19M2I9M1D32M2D8M4I12M4D5M25D13M1D2M
33	643	0.182	4.935E-20	8	441	447	19	410	411	17M6D8M5I15M19I30M2D13M2I3M1I4M2D58M35I3M6I84M3I2M1D16M9D3M15D21M1I5M1D32M1D7M5I18M2I16M
18	640	0.153	1.689E-20	17	441	447	47	408	409	10M4I29M32I10M2D13M2I3M1I4M2D58M37I2M4I59M4I3M4D17M1I5M1I13M1I5M22D19M1I7M1D32M3I8M1I18M2I16M
9	639	0.200	9.631E-21	71	439	447	60	433	434	7M2D18M2D2M4D16M2I4M1D62M36I4M4I83M1I5M1I15M19D2M2D23M1I5M1D32M1D7M5I12M9D6M12D2M1D10M1D4M
94	636	0.174	4.023E-20	0	443	447	17	401	418	23M12I13M4I7M8I31M7D84M37I3M4I83M1I5M1I16M1D10M1I8M1I10M1D4M1D8M1I18M1D16M3D12M1I3M1I14M1I3M
36	632	0.176	6.082E-21	1	439	447	0	437	438	18M8I21M13I15M14D14M2D8M3D26M1I57M6I3M2I8M29I77M1I7M1I16M13D1M7D23M1I5M1D32M1D7M5I12M10D8M14D10M1D4M
75	630	0.169	7.461E-21	10	443	447	3	422	437	20M4D7M4D16M2D18M10D16M2D11M5D83M36I5M5I16M2I4M2D60M1I5M1I19M1D5M1D2M2I10M1I7M1D4M1D8M1I18M1D7M1D9M2D10M1I5M1I18M
80	624	0.163	1.014E-20	17	439	447	53	454	455	10M4I16M25I11M2I15M1I23M1I35M2D22M36I4M4I90M1D16M13D2M9D16M2I10M1D32M2D7M5I12M14D8M16D10M1D4M
99	622	0.169	1.597E-19	7	439	447	4	396	416	13M4D40M5I16M4D15M2I84M37I5M4I81M1I5M1I16M1D10M1I8M1I13M2D9M1I19M1D16M3D8M2I20M
93	621	0.154	9.631E-21	0	439	447	42	436	437	9M2D5M5I4M4I20M25I11M6I9M1I6M3D3M1I15M1I38M1I3M23D15M36I4M4I59M1I24M1I4M1I14M1D5M13D17M2I8M1D32M2D7M5I13M3I2M1I1M8D14M
101	621	0.158	7.852E-21	17	437	447	53	450	453	10M4I25M33I9M4D20M1I41M2D22M35I4M5I21M1D60M3I7M3D15M13D2M8D16M2I10M1D32M2D8M4I12M8D8M21D10M1D2M
32	619	0.165	7.089E-21	10	437	447	46	456	459	17M4I16M25I15M2I29M1I39M2D23M7I2M29I3M4I90M1D14M23D20M2I10M1D32M2D8M4I12M27D8M4D10M1D2M
60	618	0.164	9.151E-21	0	439	447	39	448	449	7M3I17M4I15M25I16M2I35M1I33M2D24M37I4M3I19M2D62M1I7M1I16M19D2M3D17M2I9M1D32M2D8M4I12M14D5M9D13M1D4M
54	615	0.166	9.631E-21	6	437	447	45	457	460	6M3D23M2I19M33I9M4D20M3I4M2D35M2D22M7I1M28I3M5I21M1D61M3I6M3D15M18D2M3D16M2I10M1D32M2D8M4I12M10D8M18D10M1D2M
89	612	0.164	1.597E-19	35	441	447	69	445	446	26M11I5M11D19M12D2M2I24M1I43M8D14M38I3M1D1M4I81M1I5M1I17M1D23M1I4M1D12M1D19M1D9M5I15M1I3M1I16M
1	611	0.170	3.633E-20	74	439	447	46	431	432	25M1D3M1D22M1I33M2D9M2D14M31I5M9I82M2I6M1D13M16D5M6D19M2I7M1D32M2D8M4I12M32D3M4D15M1D4M
34	608	0.174	6.053E-20	71	437	447	64	456	459	18M7D7M3D6M2D16M1I42M1I5M3D14M7I2M30I3M3I90M1D14M23D20M2I10M1D32M2D8M4I13M26D7M5D10M1D2M
110	605	0.167	2.800E-19	35	441	447	109	485	486	26M11I5M11D15M1D5M10D1M1I25M1I43M8D14M38I3M1D1M4I81M1I5M1I17M1D23M1I4M1D12M1D19M1D9M5I15M1I3M1I16M
74	604	0.160	5.752E-20	1	439	447	39	461	462	45M22I10M16I4M4D26M1I35M2D22M36I4M4I19M1D3M7D59M1I7M1I14M19D3M3D17M1I3M1I7M1D32M2D8M4I12M10D5M21D13M1D4M
82	598	0.153	1.117E-19	71	439	447	67	459	460	27M7D20M3I4M2D35M2D22M37I4M3I21M4D3M4D61M1I4M1D16M19D1M3D18M2I9M1D32M2D10M4I10M5D5M23D13M1D4M
43	597	0.156	1.769E-19	71	438	447	66	443	446	22M4D5M2D4M2D22M1I38M2D19M36I4M4I21M1D62M1I5M1I15M19D3M3D17M2I9M1D32M2D8M4I12M11D8M13D8M1I4M
66	597	0.176	2.283E-19	36	439	447	74	461	462	7M3D29M12D12M7D14M1D17M2I2M1D29M1D18M1D18M33I4M4I84M1I5M1I16M1D23M2D2M1I3M1D9M2D22M1D9M5I18M2I14M
62	596	0.164	4.666E-19	35	441	447	109	485	486	26M11I5M11D19M12D2M2I24M1I43M8D14M38I3M1D1M4I81M1I5M1I17M1D23M1I4M1D11M1D20M1D9M5I18M2I16M
42	594	0.155	3.102E-19	17	437	447	21	433	436	38M13I8M14I10M1I23M1I35M2D22M36I4M4I21M8D63M1I5M1D16M18D2M3D16M2I10M1D32M2D10M4I10M13D8M19D10M1D2M
81	594	0.164	6.024E-19	35	441	447	109	485	486	26M11I5M11D19M12D2M2I24M1I43M8D14M38I3M1D1M4I81M1I5M1I17M1D23M1I4M1D12M1D19M1D9M5I15M1I3M1I16M
53	592	0.155	1.681E-19	71	439	447	53	447	448	10M2D17M9D26M1I35M2D22M37I3M3I19M8D66M1I5M1D16M19D1M3D17M1I3M1I7M1D32M2D8M4I12M21D5M5D13M1D4M
73	587	0.157	1.370E-19	17	438	447	52	443	446	10M4I25M27I13M3D2M3I23M1I38M2D19M36I4M4I23M1D60M1I5M1I16M19D2M3D17M2I9M1D32M2D7M2I2M2I11M18D8M5D9M1I3M
58	578	0.163	1.237E-19	17	437	447	49	458	461	38M15I8M12I25M2I7M1D38M1D2M1D18M7I1M28I3M5I18M2D4M6D60M3I6M3D10M2D3M17D4M3D16M2I10M1D32M2D8M4I13M4D4M23D13M1D2M
59	578	0.165	4.911E-19	71	437	447	67	458	461	27M9D17M2I7M1D36M2D22M7I1M28I3M5I18M2D3M6D63M1I5M1D16M20D2M2D16M2I10M1D32M2D8M4I13M4D4M23D13M1D2M
13	578	0.176	1.370E-19	71	437	447	67	460	463	18M4D11M1I4M4D13M3I4M2D35M2D22M36I4M4I21M4D3M2D61M3I3M3D15M21D18M2I10M1D32M2D6M4I14M19D5M15D13M1D2M
29	576	0.163	2.800E-19	71	437	447	67	453	459	27M6D4M1D13M2I5M1D38M2D21M36I5M4I60M4I1M4D19M1I6M1D15M19D18M1I5M1I5M1D32M2D7M2I3M2I10M21D5M14D13M1D2M
31	572	0.152	7.389E-19	63	438	447	68	449	452	36M7D2M2D23M1I37M2D20M36I4M4I23M1D60M1I5M1I14M19D4M3D16M2I10M1D32M2D8M4I12M4D8M15D9M1I3M
78	572	0.160	2.947E-19	14	437	447	46	450	453	33M25I15M3I28M3I4M2D33M2D24M36I4M4I21M3D3M1D58M3I5M3D16M19D2M3D17M2I9M1D31M2D9M4I12M12D8M12D10M1D2M
30	572	0.161	1.681E-19	0	437	447	37	455	458	3M1D5M3I16M4I24M15I6M15I7M3D20M3I4M2D35M2D22M36I4M4I19M2D3M6D61M1I5M1I16M19D2M3D16M3I3M1D6M1D32M2D7M5I12M8D5M20D13M1D2M
47	572	0.164	2.403E-19	17	437	447	49	458	461	38M15I8M12I25M2I7M1D36M2D22M36I4M4I18M2D4M6D62M1I5M1D11M2D2M17D5M3D16M2I10M1D32M2D8M4I13M4D4M23D13M1D2M
6	570	0.164	4.434E-19	71	437	447	67	458	461	21M6D9M3D17M1I44M2D19M36I4M4I22M8D60M3I6M3D13M19D4M3D17M2I9M1D32M2D7M6I1M2D10M9D8M18D10M1D2M
79	568	0.171	7.776E-19	71	437	447	58	451	454	19M5D8M3D26M1I33M2D24M36I4M4I21M6D61M3I6M3D15M21D18M2I10M1D32M2D7M4I13M20D5M13D13M1D2M
14	557	0.161	3.435E-19	71	441	447	67	463	464	27M9D20M3I4M2D35M2D22M36I4M4I21M7D38M4I2M4D19M1I5M1D13M19D5M3D17M2I9M1D32M2D7M2I3M2I10M14D8M14D7M2D9M
109	555	0.172	2.380E-17	95	438	447	93	421	429	4M2I7M1I15M1I19M23D39M6I5M32I8M1I36M1I5M4D30M1I7M1I4M1D4M1D9M1D23M1I4M7D5M1I19M1D9M1D7M4I18M2I13M
71	550	0.152	1.673E-18	1	438	447	39	441	444	7M3I16M4I14M29I19M2D3M3I3M2D22M1I35M2D22M36I4M4I19M1D33M1D31M1I5M1I16M19D2M3D17M2I9M1D32M2D8M4I13M4D4M14D3M3D8M1I4M
114	549	0.196	3.598E-18	34	438	447	51	436	439	15M3D26M12D11M5D9M1D29M1I40M8D3M1D14M35I4M3I1M3I15M2I2M2D62M1I5M1I16M1D25M1I3M1D9M3D4M1I17M1D9M5I10M4I19M
40	546	0.156	2.272E-18	71	439	447	66	477	478	27M9D20M1I41M2D22M36I4M4I19M2D1M6D63M1I5M1I11M2D2M14D5M6D17M2I9M1D32M2D8M4I12M39D5M8D13M1D4M
15	540	0.167	8.183E-19	71	439	447	66	460	461	20M5D14M4D13M3I4M2D35M2D22M36I4M4I22M8D37M4I2M4D16M1I7M1I14M19D4M3D16M1I3M1I7M1D33M2I21M4D5M26D13M1D4M
102	540	0.153	3.786E-18	17	441	447	53	477	478	10M4I24M15I8M12I34M1I35M2D22M36I4M4I19M1D3M7D38M4I1M4D25M1D16M19D2M3D19M2I7M1D32M2D8M4I12M16D8M24D7M2D9M
87	538	0.160	9.989E-18	71	438	447	45	420	428	24M23D4M2I7M1I15M1I19M23D39M6I5M32I8M1I36M1I5M4D30M1I7M1I4M1D4M1D7M1D25M1I4M7D5M1I19M1D6M1D10M4I18M2I13M
91	530	0.158	2.261E-17	71	438	447	44	419	427	24M23D4M2I7M1I15M1I19M23D39M6I5M32I8M1I42M3D30M1I7M1I4M1D4M1D9M1D23M1I4M7D5M1I19M1D8M1D8M4I18M2I13M
39	526	0.156	1.051E-17	71	439	447	66	477	478	27M9D20M1I41M2D22M36I4M4I21M8D62M1I5M1I11M2D2M17D5M3D17M2I9M1D32M2D7M4I13M12D8M35D10M1D4M
4	525	0.155	3.984E-18	0	437	447	38	441	443	11M3I13M4I15M25I14M7I6M2D7M1D19M1I37M2D20M36I4M4I19M1D40M3I4M3D17M1I5M1I16M19D2M3D16M1I6M1I4M1D32M2D7M5I12M12D8M11D10M1D2M
2	525	0.158	3.248E-18	17	437	447	52	464	467	10M4I26M27I34M3I4M2D35M2D22M36I4M4I21M8D38M4I2M4D17M3I6M1D10M2D3M17D4M3D17M2I9M1D32M2D8M4I12M15D8M21D10M1D2M
3	522	0.165	1.106E-17	66	437	447	41	438	441	32M1D4M2D22M1I35M2D22M37I3M3I22M3D3M5D59M1I5M1I11M2D3M17D3M3D17M1I3M1I7M1D32M2D8M4I12M15D8M21D10M1D2M
55	522	0.154	1.503E-17	17	441	447	54	479	480	10M4I29M30I10M1I4M4D19M1I35M2D22M36I4M4I20M1D2M7D38M4I1M4D25M1D16M19D2M3D19M2I7M1D32M2D8M4I12M17D5M24D10M2D9M
12	520	0.160	5.995E-18	17	437	447	52	464	467	10M4I24M16I6M14I7M1D4M2D16M3I4M2D37M1D3M1D17M36I4M4I21M3D3M5D59M1I5M1I11M2D3M17D4M3D16M1I3M1I7M1D32M2D8M4I12M13D8M23D10M1D2M
48	520	0.164	1.164E-17	71	439	447	66	472	473	27M9D26M1I35M2D22M36I4M4I23M8D59M1I6M1I11M2D2M14D5M6D17M2I9M1D32M2D7M2I5M3I7M35D5M8D13M1D4M
51	519	0.158	5.143E-18	4	437	447	42	468	471	4M3I16M4I24M13I8M14I28M3I4M2D35M2D22M36I4M4I19M2D1M6D61M1I7M1I11M2D2M17D5M3D17M2I9M1D32M2D8M4I12M18D8M22D10M1D2M
98	514	0.153	3.418E-18	7	438	447	44	489	492	34M8D21M12D12M15I11M1I1M35D7M1D15M1I5M1D34M1I17M7I11M20I2M4I17M2I31M22D9M1I1M1I21M1I5M1I16M1I21M1I19M2I16M1D5M1I5M3I5M1D11M4I13M
7	512	0.167	9.989E-18	17	414	447	52	404	413	10M4I19M21I10M9I9M2I4M5D19M1I35M2D22M36I4M4I22M8D37M4I2M4D16M1I7M1I15M19D3M3D17M2I9M1D32M2D7M4I10M
85	511	0.164	3.965E-17	71	437	447	66	464	467	27M7D3M2D17M3I4M2D37M1D2M1D18M36I4M4I21M3D3M5D59M1I5M1I16M20D2M2D16M2I10M1D32M2D8M4I12M15D8M21D10M1D2M
72	508	0.161	4.391E-17	71	438	447	45	420	428	21M4D8M17D8M1I15M1I14M11D4M11D2M1D38M6I5M32I8M1I42M3D30M1I7M1I4M1D4M1D7M1D25M1I4M7D5M1I19M1D6M1D10M4I18M2I13M
65	493	0.143	1.574E-16	7	438	447	28	428	433	45M4D12M1D17M14I6M3I11M2I2M1D20M20D5M2D3M1I18M1D16M35I4M6I7M1I73M2D8M1D16M1D25M1I3M1D32M1D8M7I10M3I5M1D4M6D9M
49	489	0.169	6.278E-17	71	439	447	66	472	473	27M7D3M2D17M3I4M2D37M1D3M1D17M36I4M4I20M3D4M5D59M1I5M1I11M2D2M14D5M6D17M2I9M1D32M2D7M2I5M3I7M34D4M1D4M8D10M1D4M
45	488	0.143	1.931E-16	2	439	447	46	490	495	10M5D10M4I32M32I11M2D10M1D13M1I19M1D8M1D14M7D1M4D15M10I8M28I20M1D62M1I4M1I16M30D18M8D5M7D7M1D32M7D7M6I11M6D5M9D17M
50	463	0.151	1.101E-16	0	439	447	47	486	487	7M3I12M4I32M37I3M2D4M2D6M1I6M2I8M1D16M2D3M1D23M1D14M27I5M15I17M1I2M2D36M2D8M1D17M1I5M1I16M36D18M5D7M12D5M1D34M1I1M3D20M7D8M15D14M
86	447	0.147	8.932E-16	0	439	447	46	483	484	22M4I32M32I5M3D2M4I7M1I6M2I8M1D20M3D22M1D14M27I5M15I18M1D39M2D7M1D18M1I4M1I15M22D3M14D16M5D7M12D5M1D33M7D6M5I13M2D7M15D14M
37	446	0.147	9.400E-16	0	439	447	46	486	487	22M11I13M29I23M3D10M1I6M2I8M1D20M3D22M1D14M27I5M15I18M1D38M2D8M1D15M3I6M1D16M35D2M1D16M5D7M12D5M1D32M5D2M2D5M5I12M6D6M14D16M
46	427	0.149	4.577E-15	0	439	447	46	483	484	22M4I29M35I11M2D7M1I6M2I8M1D19M3D23M1D14M27I5M15I18M1D39M2D7M1D15M2I3M1D3M1I15M22D3M14D16M5D7M12D5M1D32M5D3M2D4M5I12M5D5M12D17M
 