130	1297	1.00	2.330E-35	0	152	153	0	152	153	153M
44	1280	1.00	6.473E-35	0	152	153	0	152	153	153M
131	1263	0.973	1.917E-34	0	152	153	0	152	153	153M
122	1259	0.973	2.474E-34	0	152	153	0	152	153	153M
43	1198	0.934	4.975E-33	0	152	153	0	152	153	153M
45	1196	0.945	9.422E-33	6	152	153	4	150	151	147M
41	1194	0.934	6.847E-33	0	152	153	0	152	153	153M
88	996	0.616	1.989E-27	7	152	153	1	146	147	146M
63	993	0.650	2.568E-27	7	152	153	1	146	147	146M
84	993	0.650	2.568E-27	7	152	153	1	146	147	146M
54	990	0.616	3.110E-27	7	152	153	1	146	147	146M
7	989	0.616	3.110E-27	7	152	153	1	146	147	146M
40	989	0.616	3.110E-27	7	152	153	1	146	147	146M
60	989	0.650	3.315E-27	7	152	153	1	146	147	146M
61	989	0.650	3.315E-27	7	152	153	1	146	147	146M
51	988	0.643	3.533E-27	7	152	153	1	146	147	146M
25	986	0.650	4.015E-27	7	152	153	1	146	147	146M
22	984	0.643	4.562E-27	7	152	153	1	146	147	146M
2	983	0.616	4.863E-27	7	152	153	1	146	147	146M
98	983	0.643	4.863E-27	7	152	153	1	146	147	146M
148	980	0.630	6.278E-27	7	152	153	1	146	147	146M
121	967	0.636	1.267E-26	7	152	153	1	146	147	146M
105	964	0.643	1.267E-26	7	152	153	1	146	147	146M
53	961	0.643	1.535E-26	7	152	153	1	146	147	146M
78	960	0.643	1.636E-26	7	152	153	1	146	147	146M
30	959	0.627	1.859E-26	7	151	153	1	145	148	145M
52	952	0.643	2.727E-26	7	152	153	1	146	147	146M
17	951	0.650	2.400E-26	7	152	153	2	147	148	146M
75	947	0.609	4.544E-26	7	152	153	1	146	147	146M
62	945	0.650	3.752E-26	7	152	153	1	146	147	146M
16	943	0.643	3.999E-26	7	152	153	2	147	148	146M
92	941	0.636	3.999E-26	7	152	153	1	146	147	146M
144	938	0.620	5.867E-26	7	151	153	1	145	148	145M
36	937	0.636	6.254E-26	7	152	153	1	146	147	146M
37	934	0.650	7.105E-26	7	152	153	1	146	147	146M
27	930	0.620	9.778E-26	7	151	153	1	145	148	145M
29	930	0.606	1.042E-25	7	151	153	1	145	148	145M
11	928	0.636	1.262E-25	7	152	153	1	146	147	146M
113	927	0.609	1.630E-25	7	152	153	1	146	147	146M
141	922	0.576	5.867E-26	2	152	153	1	151	152	151M
139	918	0.613	2.548E-25	7	151	153	1	145	148	145M
31	917	0.620	2.104E-25	7	151	153	1	145	148	145M
127	913	0.613	2.716E-25	7	151	153	1	145	148	145M
28	912	0.606	2.895E-25	7	151	153	1	145	148	145M
146	908	0.643	3.984E-25	7	152	153	1	146	147	146M
120	905	0.600	4.527E-25	7	151	153	1	145	148	145M
134	903	0.582	5.144E-25	7	151	153	1	146	149	27M1D118M
133	779	0.493	1.511E-22	2	151	153	1	149	152	22M1I127M
126	748	0.473	3.939E-22	0	151	153	0	148	152	8M3I141M
10	735	0.465	8.443E-21	9	152	153	4	147	148	144M
116	735	0.436	4.458E-21	7	151	153	2	150	157	91M4D54M
135	726	0.418	7.430E-21	8	151	153	3	150	156	90M4D54M
118	725	0.503	1.090E-20	9	151	153	5	147	152	143M
89	722	0.393	1.500E-20	7	152	153	2	151	156	91M4D55M
79	718	0.395	1.704E-20	7	151	153	2	150	156	91M4D54M
140	716	0.467	4.458E-21	0	151	153	0	148	152	8M3I141M
142	714	0.402	1.936E-20	7	151	153	2	150	156	91M4D54M
137	712	0.458	2.500E-20	9	152	153	5	148	152	144M
47	711	0.486	2.200E-20	9	152	153	5	148	153	144M
97	706	0.465	3.909E-20	9	152	153	5	148	152	144M
24	698	0.459	3.909E-20	4	151	153	0	147	151	148M
107	698	0.450	1.817E-20	2	152	153	1	148	152	6M3I142M
55	697	0.450	1.817E-20	2	152	153	1	148	152	6M3I142M
80	696	0.450	2.064E-20	2	152	153	1	148	152	6M3I142M
56	695	0.450	2.200E-20	2	152	153	1	148	152	6M3I142M
125	685	0.469	3.028E-20	7	152	153	2	147	148	78M1D10M1I57M
129	685	0.467	3.440E-20	0	151	153	0	148	151	8M3I141M
145	683	0.409	6.944E-20	0	152	153	0	153	155	98M1D55M
42	670	0.360	3.653E-19	4	150	153	1	147	154	147M
21	659	0.398	2.655E-19	4	150	153	0	147	152	5M1D142M
34	654	0.376	9.520E-19	5	150	153	2	147	150	146M
19	654	0.378	2.830E-19	4	150	153	0	147	151	7M1D140M
65	651	0.378	3.894E-19	4	150	153	0	147	152	7M1D140M
20	648	0.398	5.027E-19	4	150	153	0	147	152	5M1D142M
33	648	0.391	5.027E-19	4	150	153	0	147	152	5M1D142M
67	647	0.378	5.358E-19	4	150	153	0	147	152	7M1D140M
96	646	0.369	1.153E-18	4	148	153	0	145	154	2M1D143M
26	645	0.398	6.088E-19	4	150	153	0	147	152	5M1D142M
90	642	0.378	7.374E-19	4	150	153	0	147	152	7M1D140M
66	641	0.378	7.860E-19	4	150	153	0	147	152	7M1D140M
100	640	0.369	6.088E-19	4	148	153	0	145	151	7M1D138M
48	639	0.369	6.490E-19	4	148	153	0	145	151	7M1D138M
132	638	0.369	6.918E-19	4	148	153	0	145	151	7M1D138M
76	635	0.369	8.378E-19	4	148	153	0	145	151	7M1D138M
64	635	0.378	1.153E-18	4	150	153	0	147	152	7M1D140M
104	634	0.374	9.520E-19	4	149	153	0	146	151	7M1D139M
102	634	0.405	6.490E-19	8	150	153	7	148	153	125M1I17M
150	633	0.371	9.520E-19	4	150	153	0	147	152	7M1D140M
38	632	0.371	9.520E-19	4	150	153	0	147	152	7M1D140M
111	630	0.363	1.082E-18	4	148	153	0	145	155	7M1D138M
15	629	0.390	1.396E-18	4	148	153	0	145	153	7M1D138M
114	627	0.356	1.229E-18	4	148	153	0	145	158	7M1D138M
18	626	0.363	3.414E-18	4	148	153	0	145	151	2M1D143M
14	626	0.390	1.691E-18	4	148	153	0	145	154	7M1D138M
103	625	0.364	1.229E-18	4	150	153	0	147	151	7M1D140M
13	622	0.356	1.691E-18	4	148	153	0	145	158	7M1D138M
110	621	0.335	5.338E-18	4	148	153	0	145	151	2M1D143M
109	617	0.363	3.005E-18	4	148	153	0	145	154	7M1D138M
12	607	0.356	6.065E-18	4	148	153	0	145	154	7M1D138M
124	592	0.398	8.346E-18	8	152	153	7	164	169	22M7D5M2D63M4D55M
58	585	0.325	1.078E-17	3	150	153	1	163	170	31M1D61M11D3M2D39M1D14M
59	582	0.325	1.391E-17	3	150	153	1	163	170	31M1D61M11D3M2D39M1D14M
115	581	0.337	2.993E-17	6	151	153	1	147	154	21M1D16M1I52M1D56M
57	577	0.325	2.040E-17	3	150	153	1	163	170	31M1D61M11D3M2D39M1D14M
117	574	0.344	4.680E-17	8	152	153	1	148	149	26M1D51M1D54M1D14M
23	573	0.341	1.914E-17	4	150	153	0	160	164	30M1D61M11D3M2D53M
5	572	0.354	1.796E-17	9	152	153	13	156	160	144M
81	568	0.342	2.318E-17	9	151	153	10	152	157	143M
83	568	0.342	2.471E-17	9	151	153	10	152	157	143M
73	567	0.353	3.864E-17	7	151	153	2	147	154	20M1D16M1I52M1D56M
123	566	0.342	3.190E-17	9	151	153	10	152	157	143M
91	565	0.353	4.390E-17	7	151	153	2	147	154	20M1D16M1I52M1D56M
1	565	0.342	3.401E-17	9	151	153	10	152	157	143M
8	565	0.299	2.808E-17	7	149	153	5	161	166	25M1D63M5D3M8D52M
4	564	0.342	3.625E-17	9	151	153	10	152	157	143M
50	562	0.314	1.144E-16	6	150	153	3	161	165	28M1D62M13D55M
0	560	0.346	6.865E-17	7	151	153	2	147	154	20M1D16M1I52M1D56M
49	560	0.316	1.073E-16	6	149	153	3	160	165	28M1D62M13D54M
108	560	0.316	1.220E-16	6	149	153	3	160	165	28M1D62M13D54M
74	556	0.353	8.863E-17	7	151	153	2	147	154	20M1D16M1I52M1D56M
82	556	0.306	2.310E-16	4	149	153	1	160	165	30M1D62M13D54M
93	554	0.310	8.314E-17	4	150	153	1	161	166	30M1D61M5D3M8D53M
106	553	0.353	1.007E-16	7	151	153	2	147	154	20M1D16M1I52M1D56M
99	553	0.333	4.989E-17	7	150	153	5	163	170	27M1D61M11D3M2D39M1D14M
94	549	0.304	1.220E-16	4	150	153	1	161	166	30M1D61M5D3M8D53M
149	546	0.314	9.447E-17	3	150	153	1	162	167	31M1D61M6D5M7D51M
138	545	0.331	1.386E-16	8	152	153	11	155	161	145M
35	545	0.310	8.314E-17	7	150	153	5	162	167	27M1D61M5D3M8D53M
119	535	0.333	7.770E-16	4	152	153	0	152	157	17M2D64M1D54M1D14M
77	534	0.354	2.462E-16	6	149	153	3	160	165	28M1D61M5D3M8D52M
136	532	0.333	1.907E-16	7	152	153	4	156	157	27M5D63M2D56M
6	529	0.317	3.388E-16	8	152	153	13	157	163	145M
71	527	0.343	2.033E-16	4	152	153	0	156	158	5M1D25M5D63M2D56M
3	527	0.303	9.447E-17	1	152	153	0	157	162	8M6D144M
39	526	0.320	1.789E-16	4	152	153	1	156	157	27M2D3M3D63M2D56M
147	523	0.331	4.374E-16	4	152	153	0	156	158	2M1D28M5D63M2D56M
85	522	0.312	1.069E-15	7	151	153	2	147	153	21M1D16M1I51M1D56M
68	520	0.343	3.388E-16	4	152	153	0	156	158	5M1D25M5D63M2D56M
70	520	0.343	3.388E-16	4	152	153	0	156	158	5M1D25M5D63M2D56M
86	520	0.343	3.388E-16	4	152	153	0	156	158	5M1D25M5D63M2D56M
72	516	0.343	4.374E-16	4	152	153	0	156	158	5M1D25M5D63M2D56M
87	514	0.344	4.970E-16	9	152	153	6	156	158	25M5D63M2D56M
101	513	0.326	1.069E-15	9	152	153	10	153	158	144M
69	512	0.343	6.019E-16	4	152	153	0	156	158	5M1D25M5D63M2D56M
112	508	0.317	8.283E-16	9	152	153	6	156	158	25M5D63M2D56M
32	507	0.314	9.411E-16	4	152	153	1	156	157	27M2D3M3D63M2D56M
9	507	0.317	8.283E-16	9	152	153	6	156	158	25M5D63M2D56M
46	506	0.272	4.088E-15	7	151	153	2	147	153	20M1D16M1I52M1D56M
95	502	0.326	6.416E-16	7	152	153	5	157	160	25M1D2M4D64M2D55M
128	494	0.302	1.672E-15	7	151	153	4	155	166	24M2D3M3D64M2D54M
143	482	0.346	2.017E-14	4	152	153	0	152	158	23M1D7M1D51M1D50M1D18M
 