#Task    Step    numberOfAcceptedPeleSteps    currentEnergy    BindingEnergy    sasaLig    distance_A43SG_L1S1    
1    0    0    -6212.22    -2.42195    0.519686    7.37367    
1    1    1    -6402.56    -21.4287    0.52683    7.14826    
1    2    2    -6408.22    -21.9618    0.521324    7.11045    
1    4    3    -6407.65    -21.4738    0.521174    7.13882    
1    5    4    -6407.72    -16.6907    0.523644    7.02145    
1    6    5    -6409.23    -16.8331    0.522159    7.02314    
1    7    6    -6412.45    -17.375    0.525373    6.93111    
1    8    7    -6411.87    -16.4886    0.524295    7.05465    
1    9    8    -6415.2    -15.0807    0.547445    6.94019    
1    10    9    -6426.83    -15.2525    0.546541    6.8281    
1    11    10    -6426.3    -13.3646    0.544726    6.85254    
1    14    11    -6426.69    -14.2119    0.543946    6.8819    
1    15    12    -6426.97    -14.9245    0.545168    6.98613    
1    16    13    -6426.37    -14.7516    0.547505    6.96621    
1    17    14    -6428.35    -15.3616    0.54547    7.06272    
1    18    15    -6428.2    -14.4758    0.546049    7.04075    
1    19    16    -6422.04    -13.2198    0.545006    6.98737    
1    20    17    -6426.05    -14.0023    0.546903    6.99112    
1    22    18    -6428.06    -14.1582    0.548272    6.93049    
1    25    19    -6427.97    -15.6585    0.546499    7.08983    
1    26    20    -6427.53    -16.064    0.547112    7.08477    
1    27    21    -6429.09    -15.0343    0.547542    7.09229    
1    28    22    -6429.57    -14.66    0.548134    7.0887    
1    29    23    -6426.92    -14.7916    0.546242    7.02187    
1    31    24    -6428.96    -14.5554    0.548322    7.04195    
1    34    25    -6424.22    -14.0742    0.544095    6.97292    
1    35    26    -6428.47    -14.4136    0.548312    7.01433    
1    36    27    -6428.95    -14.0977    0.549847    6.99858    
1    37    28    -6429.32    -14.8162    0.547145    7.04342    
1    45    29    -6428.18    -14.5849    0.546835    7.03551    
1    47    30    -6427.93    -14.6103    0.54716    7.02327    
1    48    31    -6422    -14.311    0.543721    7.00388    
1    49    32    -6426.06    -15.5237    0.548885    7.02113    
1    50    33    -6427.21    -15.1975    0.547879    7.01309    
1    51    34    -6426.93    -14.1774    0.545566    6.9964    
1    52    35    -6425.4    -14.7684    0.543704    6.98465    
1    53    36    -6426.92    -15.0242    0.547019    7.04013    
1    54    37    -6427.1    -16.2513    0.544193    7.02769    
1    55    38    -6425.05    -8.38808    0.547173    6.95938    
1    56    39    -6424.87    -8.79021    0.550857    6.99159    
1    57    40    -6423.93    -8.20076    0.551886    7.02948    
1    58    41    -6426.62    -7.80914    0.554928    7.02139    
1    59    42    -6427.34    -7.54682    0.552813    7.0887    
1    60    43    -6426.46    -7.54228    0.554008    7.01969    
1    63    44    -6425.23    -7.69634    0.552813    7.01044    
1    64    45    -6427.53    -8.00804    0.555351    7.00638    
1    66    46    -6428.13    -8.93557    0.553546    7.02268    
1    67    47    -6426.72    -7.68383    0.554915    6.99548    
1    68    48    -6421.83    -6.81746    0.564352    7.38312    
1    69    49    -6424.33    -7.27529    0.563829    7.46688    
1    70    50    -6417.83    -6.12735    0.55886    7.54909    
1    71    51    -6425.98    -8.30989    0.553229    7.08867    
1    75    52    -6426.04    -8.24777    0.558695    7.09424    
1    76    53    -6427.46    -8.4379    0.557125    7.09604    
1    77    54    -6425.31    -8.22696    0.554891    7.1157    
1    79    55    -6426.9    -8.35676    0.5548    7.1182    
1    82    56    -6425.98    -8.87169    0.552208    7.00985    
1    83    57    -6426.84    -9.27074    0.555799    7.04978    
1    84    58    -6421.23    -7.41203    0.562661    7.39462    
1    85    59    -6422.76    -6.90078    0.561593    7.53529    
1    86    60    -6419.7    -6.08572    0.558797    7.57335    
1    87    61    -6423.47    -6.35366    0.561341    7.61432    
1    88    62    -6424.04    -6.1645    0.561873    7.62022    
1    89    63    -6421.4    -5.81828    0.560136    7.58465    
1    90    64    -6424.13    -5.99974    0.559182    7.61171    
1    91    65    -6421.32    -6.83766    0.560761    7.61367    
1    92    66    -6422.92    -6.78934    0.561129    7.59057    
1    93    67    -6424.65    -8.97454    0.552692    7.29655    
1    94    68    -6424.69    -8.07355    0.553932    7.14543    
1    95    69    -6425.86    -8.4893    0.55625    7.03118    
1    97    70    -6428.3    -8.46896    0.554924    7.08593    
1    98    71    -6427.75    -7.84763    0.554796    7.06444    
