#Task    Step    numberOfAcceptedPeleSteps    currentEnergy    BindingEnergy    sasaLig    distance_A43SG_L1S1    
1    0    0    -6212.22    -2.42195    0.519686    7.37367    
1    1    1    -6383.45    -20.7176    0.506027    7.22506    
1    2    2    -6405.94    -21.5517    0.515865    7.23929    
1    3    3    -6409.09    -17.0485    0.540966    7.24668    
1    4    4    -6412.31    -18.3971    0.536949    7.26071    
1    5    5    -6414.04    -20.9231    0.524076    7.28605    
1    7    6    -6416.48    -21.5447    0.525244    7.25668    
1    8    7    -6416.85    -21.1995    0.524861    7.25526    
1    10    8    -6420.05    -21.0148    0.525642    7.261    
1    11    9    -6421.99    -21.1626    0.523902    7.2704    
1    12    10    -6420.89    -19.1292    0.528194    7.20438    
1    13    11    -6423.59    -21.8328    0.526419    7.2622    
1    14    12    -6423.33    -21.6572    0.526717    7.25838    
1    15    13    -6424    -21.7887    0.526071    7.24503    
1    17    14    -6422.17    -21.4435    0.526346    7.26866    
1    20    15    -6417.74    -21.2522    0.524808    7.23068    
1    22    16    -6423.01    -21.3849    0.528441    7.12815    
1    23    17    -6424.09    -21.4238    0.524043    7.25794    
1    24    18    -6425.36    -22.0143    0.525166    7.25267    
1    26    19    -6423.98    -20.7823    0.528012    7.172    
1    27    20    -6421.39    -22.1481    0.533756    7.24294    
1    28    21    -6420    -21.259    0.532596    7.22278    
1    30    22    -6425.12    -21.6189    0.533175    7.26402    
1    33    23    -6425.09    -21.9333    0.529895    7.26757    
1    35    24    -6423.5    -21.6525    0.52928    7.23132    
1    36    25    -6424.46    -21.2935    0.529522    7.24674    
1    37    26    -6422.45    -21.246    0.52715    7.22481    
1    38    27    -6423.74    -21.1678    0.52881    7.22565    
1    39    28    -6424.93    -21.5922    0.526606    7.24117    
1    40    29    -6423.62    -21.175    0.52979    7.16792    
1    41    30    -6423.39    -21.5406    0.525636    7.25908    
1    44    31    -6421.16    -21.5511    0.52375    6.93465    
1    45    32    -6421.3    -21.6732    0.522839    7.20635    
1    47    33    -6422.31    -21.9512    0.523273    7.26056    
1    48    34    -6418.57    -21.3088    0.52376    7.20993    
1    49    35    -6423.08    -21.902    0.520095    7.18383    
1    50    36    -6422.12    -22.8604    0.519404    7.12362    
1    51    37    -6423.23    -21.8852    0.521948    7.18336    
1    53    38    -6422.42    -21.7437    0.526659    7.21203    
1    55    39    -6424.48    -21.712    0.526361    7.24151    
1    57    40    -6421.29    -21.8665    0.524662    7.25047    
1    58    41    -6421.22    -21.2753    0.526714    7.20337    
1    59    42    -6421.81    -21.3547    0.524453    7.23431    
1    61    43    -6421.14    -21.7137    0.526029    7.19692    
1    62    44    -6422.47    -21.1679    0.524614    7.21958    
1    63    45    -6423.11    -22.5639    0.52323    7.14446    
1    69    46    -6418.41    -21.0786    0.525877    7.19306    
1    71    47    -6420.19    -20.8761    0.528884    7.22164    
1    72    48    -6421.06    -20.9468    0.528399    7.22581    
1    74    49    -6422.88    -21.1492    0.528882    7.21678    
1    75    50    -6422.65    -21.3227    0.528341    7.1925    
1    76    51    -6421.37    -21.706    0.526818    7.21085    
1    77    52    -6421.35    -21.4232    0.525474    7.15964    
1    78    53    -6420.35    -21.24    0.524799    7.18913    
1    79    54    -6422.56    -21.3126    0.523086    7.1852    
1    81    55    -6420.04    -21.8028    0.525677    7.18049    
1    82    56    -6420.11    -22.2429    0.521424    7.23247    
1    83    57    -6418.18    -21.2409    0.524335    7.28447    
1    85    58    -6418.13    -21.515    0.526922    7.21598    
1    88    59    -6411.03    -18.7635    0.531656    7.18896    
1    89    60    -6417.94    -28.8763    0.494324    7.17975    
1    90    61    -6413.36    -28.1188    0.50152    7.02112    
1    91    62    -6417.53    -27.1491    0.492253    7.17739    
1    93    63    -6420.4    -29.0974    0.494738    7.18532    
