#Task    Step    numberOfAcceptedPeleSteps    currentEnergy    BindingEnergy    sasaLig    distance_A43SG_L1S1    
1    0    0    -6212.22    -2.42195    0.519686    7.37367    
1    1    1    -6418.55    -28.5153    0.499604    7.24812    
1    3    2    -6418.51    -28.4212    0.49332    7.24511    
1    4    3    -6418.87    -27.179    0.501795    7.20646    
1    6    4    -6421.02    -28.3886    0.501889    7.21136    
1    7    5    -6423.9    -29.056    0.501159    7.20351    
1    14    6    -6422.83    -28.4844    0.504387    7.24919    
1    15    7    -6427.93    -28.5399    0.503705    7.24909    
1    18    8    -6420.59    -28.3883    0.491445    7.08335    
1    19    9    -6425.19    -21.436    0.513635    7.19766    
1    21    10    -6428.86    -28.8919    0.501939    7.21459    
1    22    11    -6428.73    -27.7487    0.508601    7.23393    
1    25    12    -6428.68    -27.3099    0.5096    7.21023    
1    27    13    -6427.67    -28.0793    0.506846    7.25829    
1    31    14    -6426.98    -27.6666    0.504745    7.24229    
1    32    15    -6425.44    -27.1504    0.505639    7.01788    
1    33    16    -6425.9    -26.8398    0.510676    7.16791    
1    36    17    -6425.51    -27.6845    0.509285    7.17115    
1    39    18    -6424.72    -25.7628    0.508073    7.30437    
1    40    19    -6426.01    -26.2471    0.508356    7.17914    
1    41    20    -6425.26    -24.4423    0.510162    7.20295    
1    43    21    -6426.03    -26.56    0.504188    7.17879    
1    44    22    -6424.51    -26.2814    0.509705    7.28996    
1    46    23    -6425.05    -26.7304    0.508411    7.25456    
1    47    24    -6428.27    -26.8142    0.511007    7.21897    
1    51    25    -6429.92    -26.9127    0.507571    7.26178    
1    52    26    -6427.82    -27.1338    0.508614    7.16902    
1    53    27    -6429.91    -27.332    0.506079    7.24138    
1    56    28    -6429.77    -26.9039    0.505602    7.2604    
1    58    29    -6429.95    -27.1424    0.502286    7.19562    
1    64    30    -6429.24    -27.1078    0.508004    7.25916    
1    65    31    -6429.69    -26.7653    0.508761    7.24931    
1    69    32    -6429.5    -27.7527    0.505984    7.21931    
1    70    33    -6427.67    -26.6596    0.505972    7.09423    
1    72    34    -6429.97    -26.9268    0.505684    7.21607    
1    73    35    -6428.37    -27.6727    0.510997    7.25652    
1    75    36    -6427.57    -27.2152    0.508441    7.25953    
1    77    37    -6429.18    -27.376    0.50729    7.26007    
1    84    38    -6425.6    -28.0413    0.504901    7.18332    
1    85    39    -6427.33    -27.185    0.506664    7.26848    
1    87    40    -6425.04    -26.5717    0.507973    7.27566    
1    91    41    -6429.91    -27.1411    0.508189    7.28462    
1    92    42    -6429.22    -27.4138    0.50637    7.27661    
1    99    43    -6429.35    -26.861    0.509576    7.24553    
