#Task    Step    numberOfAcceptedPeleSteps    currentEnergy    BindingEnergy    sasaLig    distance_A43SG_L1S1    
1    0    0    -6212.22    -2.42195    0.519686    7.37367    
1    1    1    -6399.65    -19.2623    0.519025    7.21629    
1    2    2    -6408.55    -20.7749    0.514142    6.97559    
1    3    3    -6416.08    -17.5142    0.538651    7.45216    
1    4    4    -6418.97    -20.1227    0.530247    7.34115    
1    5    5    -6419.23    -21.3512    0.525722    7.26612    
1    7    6    -6421.15    -21.365    0.524601    7.24131    
1    10    7    -6422.48    -21.1542    0.526754    7.28344    
1    12    8    -6423.11    -21.2908    0.523486    7.28125    
1    16    9    -6422.41    -19.9496    0.52611    7.29317    
1    17    10    -6420.19    -21.1516    0.525859    7.29526    
1    18    11    -6421.65    -21.2622    0.524848    7.27922    
1    19    12    -6420.73    -21.0995    0.521733    7.28031    
1    20    13    -6422.41    -21.3818    0.519769    7.27768    
1    21    14    -6424.26    -20.9983    0.52391    7.26377    
1    22    15    -6425.17    -21.4026    0.524042    7.2434    
1    23    16    -6424.97    -21.4054    0.52508    7.27055    
1    24    17    -6423.24    -21.2018    0.52375    7.2823    
1    27    18    -6422.06    -17.2707    0.52989    7.23725    
1    28    19    -6422.36    -16.4894    0.528413    7.11973    
1    29    20    -6420.38    -16.3656    0.530103    7.20668    
1    30    21    -6420.25    -16.3429    0.528798    7.19744    
1    31    22    -6421.28    -15.9834    0.530693    7.2167    
1    32    23    -6422.66    -16.1286    0.532566    7.16864    
1    35    24    -6420.97    -15.725    0.527543    7.20697    
1    36    25    -6422.47    -16.3816    0.528607    7.18987    
1    38    26    -6423.19    -15.952    0.530134    7.22844    
1    39    27    -6420.24    -15.6982    0.526575    7.23585    
1    40    28    -6421.67    -16.35    0.528631    7.22642    
1    44    29    -6421.97    -16.785    0.528814    7.14754    
1    46    30    -6421.53    -16.4443    0.526638    7.10292    
1    47    31    -6422.4    -16.5084    0.525617    7.19868    
1    49    32    -6422.48    -16.2384    0.529595    7.25425    
1    50    33    -6423.21    -15.8313    0.527654    7.12818    
1    51    34    -6420.89    -16.1926    0.525635    7.23007    
1    52    35    -6423.58    -16.2906    0.526896    7.2016    
1    54    36    -6423.86    -16.339    0.526648    7.21244    
1    55    37    -6423.84    -16.4886    0.523446    7.23208    
1    57    38    -6422.97    -16.6963    0.522399    7.20253    
1    58    39    -6423.47    -16.0258    0.523522    7.20859    
1    59    40    -6423.35    -16.1588    0.523023    7.18678    
1    61    41    -6423.24    -16.2677    0.520609    7.2183    
1    62    42    -6423.91    -16.2594    0.522211    7.22298    
1    63    43    -6422.77    -16.1973    0.522075    7.20364    
1    68    44    -6421.43    -16.0996    0.518042    7.10947    
1    69    45    -6421.05    -16.8231    0.519671    7.18027    
1    70    46    -6419.64    -16.4842    0.521154    7.17381    
1    71    47    -6422    -16.4983    0.521991    7.2017    
1    72    48    -6420.18    -16.4858    0.519899    7.21213    
1    73    49    -6419.95    -16.6582    0.520596    7.21404    
1    75    50    -6419.25    -16.5523    0.52138    7.20726    
1    76    51    -6419.66    -17.2649    0.519956    7.09889    
1    79    52    -6420.89    -16.6542    0.520076    7.19091    
1    81    53    -6418.7    -16.4694    0.520273    7.12516    
1    82    54    -6419.73    -16.7262    0.520162    7.15324    
1    84    55    -6421.15    -16.9092    0.522338    7.15229    
1    87    56    -6416.73    -16.9938    0.521467    7.16557    
1    88    57    -6420.29    -16.4091    0.52259    7.13652    
1    90    58    -6420.07    -16.4918    0.521373    7.14466    
1    92    59    -6420.48    -16.3672    0.521374    7.13068    
1    95    60    -6419.09    -16.6638    0.519675    7.169    
1    96    61    -6418.72    -15.6485    0.523953    7.05037    
1    97    62    -6419.04    -16.3902    0.521107    7.13002    
1    99    63    -6418.91    -16.9615    0.521584    7.13403    
1    100    64    -6422.93    -16.8498    0.523407    7.15882    
