#Task    Step    numberOfAcceptedPeleSteps    currentEnergy    BindingEnergy    sasaLig    distance_A43SG_L1S1    
1    0    0    -6212.22    -2.42195    0.519686    7.37367    
1    1    1    -6394.5    -19.6392    0.517627    7.22024    
1    2    2    -6406.33    -20.1143    0.516842    7.13773    
1    4    3    -6409.79    -22.8307    0.516604    7.19033    
1    5    4    -6417.74    -20.5689    0.522356    7.18771    
1    7    5    -6418.3    -21.2973    0.522099    7.19553    
1    8    6    -6422.73    -21.2073    0.523993    7.20371    
1    9    7    -6420.28    -21.2393    0.52495    7.20889    
1    10    8    -6422.16    -21.6432    0.52481    7.16541    
1    11    9    -6423.88    -21.6123    0.524644    7.21693    
1    13    10    -6423.93    -20.9005    0.524542    7.19273    
1    14    11    -6423.52    -20.75    0.527857    7.1955    
1    15    12    -6423.56    -21.031    0.527645    7.22659    
1    16    13    -6426.95    -21.1705    0.527102    7.22096    
1    18    14    -6425.17    -21.279    0.526931    7.19767    
1    25    15    -6426.06    -21.6909    0.526975    7.2011    
1    26    16    -6425.58    -21.5095    0.525874    7.18278    
1    30    17    -6425.98    -21.5499    0.526688    7.19822    
1    31    18    -6422.66    -18.9575    0.526015    7.19227    
1    33    19    -6424.66    -20.8632    0.525604    7.18423    
1    34    20    -6426.1    -20.8798    0.525346    7.19677    
1    36    21    -6420.26    -20.961    0.524864    7.19081    
1    39    22    -6427.92    -21.2866    0.527597    7.22081    
1    40    23    -6428    -21.1587    0.526723    7.19858    
1    42    24    -6426.98    -21.2204    0.530141    7.14866    
1    44    25    -6420.15    -20.9227    0.532008    7.26504    
1    45    26    -6423.37    -20.6398    0.531235    7.23269    
1    46    27    -6426.51    -21.1137    0.532093    7.2339    
1    48    28    -6426.14    -22.0419    0.528139    7.17083    
1    49    29    -6424.49    -21.6891    0.526966    7.20553    
1    52    30    -6428.27    -21.2309    0.528236    7.21847    
1    53    31    -6426.77    -21.6811    0.527309    7.18738    
1    54    32    -6428.59    -21.5379    0.527016    7.20222    
1    56    33    -6428.55    -21.7537    0.527328    7.19851    
1    61    34    -6426.96    -21.1351    0.526205    7.16919    
1    62    35    -6427.36    -21.5574    0.526291    7.18874    
1    64    36    -6427.56    -21.4027    0.526852    7.16736    
1    67    37    -6427.77    -21.6913    0.52406    7.16736    
1    68    38    -6429.27    -21.3533    0.525459    7.18814    
1    69    39    -6426.95    -21.4901    0.525755    7.17116    
1    71    40    -6423.96    -20.9691    0.532215    7.27859    
1    73    41    -6426.79    -21.4272    0.531156    7.23502    
1    74    42    -6426.38    -21.0243    0.53153    7.23416    
1    75    43    -6426.56    -21.4118    0.528873    7.22909    
1    77    44    -6425.66    -21.871    0.527051    7.20252    
1    78    45    -6426.51    -21.6016    0.529033    7.18213    
1    81    46    -6427.07    -21.2666    0.527583    7.20381    
1    82    47    -6427.75    -21.5978    0.527486    7.21155    
1    83    48    -6425.54    -21.2597    0.528203    7.30625    
1    84    49    -6427.08    -21.308    0.531049    7.22205    
1    90    50    -6427.58    -21.4624    0.529352    7.22651    
1    91    51    -6427.93    -21.5838    0.529648    7.23376    
1    92    52    -6427.99    -20.9863    0.530323    7.24232    
1    93    53    -6426.51    -21.0599    0.526352    7.20661    
1    95    54    -6425.87    -20.298    0.523116    7.1773    
1    98    55    -6426.49    -21.4136    0.528166    7.21854    
