#Task    Step    numberOfAcceptedPeleSteps    currentEnergy    BindingEnergy    sasaLig    distance_A43SG_L1S1    
1    0    0    -6212.22    -2.42195    0.519686    7.37367    
1    1    1    -6402.39    -20.6935    0.525929    7.16562    
1    3    2    -6410.35    -21.6516    0.524991    7.2076    
1    4    3    -6413.74    -21.4014    0.530309    7.22499    
1    5    4    -6413.9    -22.3539    0.521014    7.20475    
1    6    5    -6417.43    -20.7343    0.526154    7.08889    
1    7    6    -6422    -21.9951    0.525729    7.14799    
1    10    7    -6422.79    -21.6691    0.52611    7.12502    
1    11    8    -6423.29    -19.7411    0.525857    7.25247    
1    12    9    -6424.89    -19.5953    0.525638    7.21871    
1    13    10    -6420.74    -19.7193    0.52686    7.15844    
1    14    11    -6421.36    -19.8964    0.522891    7.00689    
1    15    12    -6420.96    -19.2873    0.521704    7.28541    
1    18    13    -6420.95    -19.6901    0.52302    7.07444    
1    19    14    -6421.43    -19.9221    0.523806    7.19281    
1    21    15    -6422.49    -20.2376    0.525307    7.15262    
1    24    16    -6422.78    -21.6934    0.527125    7.19977    
1    27    17    -6421.3    -14.7802    0.526367    7.17591    
1    28    18    -6420.29    -15.3935    0.521828    7.17282    
1    31    19    -6420.48    -18.3428    0.524688    7.20347    
1    33    20    -6423.55    -21.1911    0.52491    7.21392    
1    37    21    -6418.67    -21.1148    0.522731    7.25004    
1    38    22    -6418.96    -20.9595    0.524922    7.25332    
1    39    23    -6421.02    -20.2795    0.523203    7.24054    
1    40    24    -6421.73    -20.5087    0.524131    7.17293    
1    42    25    -6417.41    -20.462    0.52365    7.25621    
1    43    26    -6420.82    -20.327    0.528392    7.19186    
1    44    27    -6412.4    -13.5738    0.535845    7.26037    
1    45    28    -6417.52    -15.949    0.530264    7.27322    
1    47    29    -6417.43    -16.3996    0.53213    7.24974    
1    49    30    -6417.41    -15.9445    0.529733    7.22318    
1    52    31    -6416.18    -16.6178    0.525994    7.17019    
1    53    32    -6413.17    -16.2553    0.526687    7.15085    
1    54    33    -6417.77    -16.2834    0.528258    7.17296    
1    59    34    -6416.43    -15.938    0.529224    7.22547    
1    62    35    -6419.34    -15.4415    0.531754    7.24217    
1    63    36    -6419.83    -15.0647    0.534219    7.25681    
1    64    37    -6420.54    -14.9836    0.53498    7.26601    
1    65    38    -6419.33    -15.5471    0.535486    7.22488    
1    66    39    -6419.4    -15.3912    0.534503    7.23913    
1    67    40    -6419.52    -15.3006    0.535118    7.22921    
1    71    41    -6419.2    -15.6606    0.534611    7.20195    
1    72    42    -6419.53    -15.5347    0.533216    7.22198    
1    73    43    -6414.73    -14.6275    0.532876    7.24937    
1    74    44    -6414.02    -14.7925    0.532027    7.22841    
1    76    45    -6418.34    -14.9897    0.533134    7.27471    
1    77    46    -6419.14    -15.7024    0.533037    7.24724    
1    78    47    -6417.73    -14.8749    0.534244    7.30458    
1    79    48    -6419.25    -15.2583    0.535789    7.25039    
1    83    49    -6418.13    -15.6869    0.533768    7.22355    
1    87    50    -6418.59    -14.889    0.534663    7.21159    
1    88    51    -6418.43    -15.5519    0.53509    7.21927    
1    91    52    -6419.13    -15.4402    0.532233    7.27987    
1    92    53    -6420.57    -14.5774    0.535979    7.28838    
1    96    54    -6419.96    -14.7197    0.533979    7.25993    
1    97    55    -6420.6    -15.038    0.534152    7.23188    
