#Task    Step    numberOfAcceptedPeleSteps    currentEnergy    BindingEnergy    sasaLig    distance_A43SG_L1S1    
1    0    0    -6212.22    -2.42195    0.519686    7.37367    
1    1    1    -6378.18    -21.12    0.509014    7.14903    
1    2    2    -6398.34    -14.5455    0.51208    6.9837    
1    3    3    -6402.82    -10.9075    0.51831    7.04947    
1    4    4    -6403.27    -3.37735    0.535927    7.06409    
1    5    5    -6408.83    -12.2432    0.529241    7.08004    
1    6    6    -6408.66    -14.972    0.526157    6.80755    
1    7    7    -6412.35    -13.7532    0.525401    6.90419    
1    9    8    -6412.4    -13.7285    0.526347    6.99698    
1    10    9    -6413.34    -14.3247    0.524904    7.00859    
1    11    10    -6412.81    -13.581    0.528876    7.0006    
1    12    11    -6415.41    -13.8229    0.52981    7.03549    
1    13    12    -6410.9    -14.5066    0.526933    7.06686    
1    14    13    -6412.41    -14.3689    0.528425    7.08074    
1    15    14    -6413.83    -14.4027    0.529728    7.07393    
1    16    15    -6413.34    -13.0135    0.530343    7.04598    
1    17    16    -6413.79    -14.4796    0.529938    7.06095    
1    18    17    -6413.4    -15.8424    0.527842    7.02656    
1    19    18    -6414.23    -14.3531    0.531148    7.08009    
1    20    19    -6413.46    -12.6565    0.532577    7.08869    
1    21    20    -6415.07    -14.5965    0.529581    7.08483    
1    22    21    -6415.4    -13.9817    0.530983    7.05868    
1    23    22    -6416.07    -13.9484    0.529861    7.07585    
1    26    23    -6415.44    -14.4277    0.531031    7.03538    
1    27    24    -6415.94    -14.6215    0.528168    7.07581    
1    28    25    -6416.38    -13.7518    0.529526    7.10003    
1    30    26    -6416.78    -13.389    0.530706    7.10865    
1    31    27    -6416.26    -13.0723    0.529741    7.09152    
1    32    28    -6416.32    -12.8355    0.530541    7.09246    
1    33    29    -6416    -12.9412    0.52805    7.07295    
1    34    30    -6416.81    -12.6023    0.52745    7.07764    
1    36    31    -6416.55    -13.4099    0.526121    7.06131    
1    37    32    -6416.71    -13.6104    0.526072    7.09978    
1    39    33    -6417.26    -13.0161    0.524941    7.09317    
1    40    34    -6417.91    -12.6962    0.527057    7.1082    
1    41    35    -6415.94    -13.605    0.525773    7.11734    
1    42    36    -6413.7    -13.9674    0.523761    7.08151    
1    44    37    -6415.09    -13.2795    0.52509    7.10349    
1    46    38    -6415.16    -13.7129    0.523987    7.04446    
1    50    39    -6415.43    -13.6116    0.523432    7.05984    
1    51    40    -6416.08    -13.8819    0.524726    7.07639    
1    52    41    -6414.09    -12.9696    0.520746    6.99304    
1    55    42    -6412.84    -15.001    0.523041    7.06261    
1    56    43    -6415.67    -15.4215    0.525608    7.04781    
1    57    44    -6406.01    -13.4915    0.519077    7.05147    
1    58    45    -6408.49    -13.0972    0.517959    6.92843    
1    59    46    -6412.87    -14.5127    0.521627    6.99812    
1    60    47    -6413.72    -14.1124    0.52145    6.80693    
1    62    48    -6414.65    -14.4925    0.522847    6.95225    
1    63    49    -6415.51    -14.5378    0.522222    7.01388    
1    64    50    -6416.41    -14.5938    0.52306    7.02199    
1    69    51    -6416.37    -15.1998    0.52423    7.03099    
1    72    52    -6415.07    -14.6769    0.524721    7.00404    
1    77    53    -6410.6    -15.3044    0.521379    6.96342    
1    79    54    -6411.43    -14.2164    0.523815    7.02129    
1    80    55    -6414.37    -14.717    0.522804    7.00146    
1    81    56    -6414.4    -14.781    0.523515    6.99259    
1    84    57    -6413.58    -14.706    0.525271    7.01492    
1    88    58    -6414.6    -14.7899    0.524045    6.97613    
1    90    59    -6415.55    -14.3769    0.524283    6.97915    
1    91    60    -6414.8    -14.7825    0.524495    7.01189    
1    93    61    -6416.04    -14.6632    0.525478    7.01597    
1    95    62    -6417.06    -14.2173    0.525947    7.03818    
1    98    63    -6417.14    -14.4007    0.52685    7.01282    
1    100    64    -6416.26    -13.807    0.526292    7.01865    
