#Task    Step    numberOfAcceptedPeleSteps    currentEnergy    BindingEnergy    sasaLig    distance_A43SG_L1S1    
1    0    0    -6212.22    -2.42195    0.519686    7.37367    
1    1    1    -6393.75    -20.7174    0.516921    7.18056    
1    3    2    -6413.52    -21.1488    0.525448    7.19258    
1    4    3    -6417.9    -20.5348    0.528096    7.22493    
1    5    4    -6415.44    -19.4518    0.525891    7.15717    
1    6    5    -6417.4    -20.5496    0.526564    7.16344    
1    7    6    -6416.79    -19.8223    0.521968    7.22955    
1    8    7    -6421.52    -19.5681    0.528604    7.26657    
1    9    8    -6421.48    -19.8291    0.531394    7.21529    
1    10    9    -6423.65    -19.2314    0.532089    7.23832    
1    11    10    -6421.61    -19.3873    0.528583    7.22211    
1    12    11    -6423.05    -19.9168    0.528582    7.13958    
1    13    12    -6423.86    -20.0752    0.525984    7.14431    
1    14    13    -6424.88    -19.9447    0.531559    7.17613    
1    17    14    -6426.73    -19.8207    0.531005    7.17044    
1    22    15    -6425.01    -19.7539    0.530205    7.18736    
1    23    16    -6427.89    -18.2348    0.532914    7.21168    
1    24    17    -6430.14    -20.0375    0.535918    7.2181    
1    26    18    -6423.97    -18.9851    0.535028    7.23366    
1    27    19    -6428.64    -18.7816    0.539061    7.31624    
1    28    20    -6427.81    -19.4283    0.537596    7.22085    
1    29    21    -6427.63    -18.7466    0.535693    7.21875    
1    30    22    -6423.39    -19.082    0.534353    7.22938    
1    31    23    -6428.37    -19.7161    0.535574    7.208    
1    34    24    -6428.73    -19.3364    0.536256    7.23053    
1    35    25    -6428.05    -18.9499    0.529707    7.23325    
1    36    26    -6428.3    -19.8076    0.536465    7.23085    
1    41    27    -6426.71    -20.1631    0.527345    7.12284    
1    42    28    -6424.39    -19.4921    0.534291    7.21459    
1    43    29    -6425.12    -18.7691    0.536764    7.27002    
1    45    30    -6420.47    -19.4924    0.536731    7.18697    
1    47    31    -6422.36    -20.0153    0.533462    7.19717    
1    50    32    -6423.59    -20.7121    0.538097    7.20392    
1    51    33    -6421.1    -18.1391    0.532804    7.20536    
1    52    34    -6422.08    -19.9577    0.534698    7.20075    
1    53    35    -6422.51    -20.5726    0.537595    7.16399    
1    54    36    -6423.37    -20.2653    0.538943    7.18987    
1    55    37    -6424.23    -19.6239    0.535542    7.206    
1    56    38    -6423.37    -20.7374    0.540296    7.13177    
1    57    39    -6422.68    -20.3571    0.54092    7.13992    
1    59    40    -6422.27    -20.2353    0.53491    7.05384    
1    60    41    -6413.45    -12.9757    0.523508    6.83155    
1    61    42    -6413.26    -14.3939    0.532937    6.80274    
1    62    43    -6411.88    -17.7692    0.53645    6.74067    
1    63    44    -6413.59    -15.3718    0.528364    6.70616    
1    64    45    -6413.56    -13.9181    0.527135    6.54638    
1    65    46    -6414.31    -13.6043    0.526653    6.39149    
1    66    47    -6415.59    -13.209    0.526794    6.60882    
1    67    48    -6418.14    -14.4527    0.534664    6.88493    
1    69    49    -6419.21    -14.8443    0.534759    6.95231    
1    71    50    -6420.93    -14.4811    0.534118    6.96837    
1    72    51    -6420.91    -14.9958    0.533921    6.92143    
1    73    52    -6417.7    -15.2443    0.537071    6.9392    
1    74    53    -6417.95    -14.8254    0.534162    6.91479    
1    75    54    -6417.33    -13.7997    0.534844    6.88499    
1    79    55    -6418.2    -15.103    0.53698    6.90298    
1    80    56    -6420.48    -15.5956    0.537083    6.89805    
1    83    57    -6419.98    -15.5933    0.534794    6.92479    
1    84    58    -6415.62    -16.0298    0.536133    6.85498    
1    85    59    -6419.56    -16.0376    0.535023    6.88512    
1    90    60    -6419.44    -15.4783    0.535513    6.8995    
1    91    61    -6419.72    -15.9131    0.53341    6.92695    
1    94    62    -6419.49    -15.7836    0.534046    6.92645    
1    95    63    -6418.45    -15.2432    0.538527    6.83641    
1    96    64    -6418.4    -15.5904    0.536889    6.85528    
1    99    65    -6419.03    -15.785    0.534427    6.9214    
1    100    66    -6418.53    -15.5232    0.532906    6.9513    
