#Task    Step    numberOfAcceptedPeleSteps    currentEnergy    BindingEnergy    sasaLig    distance_A43SG_L1S1    
1    0    0    -6212.22    -2.42195    0.519686    7.37367    
1    1    1    -6377.1    -19.7832    0.514082    7.20863    
1    2    2    -6401.77    -21.2175    0.522284    7.11779    
1    3    3    -6409.4    -20.5293    0.520234    7.20125    
1    4    4    -6412.54    -19.7705    0.524267    7.26696    
1    5    5    -6414.98    -19.9433    0.522221    7.26277    
1    7    6    -6418.28    -19.9467    0.524966    7.29666    
1    8    7    -6421.18    -20.4591    0.522746    7.28844    
1    13    8    -6420.38    -20.7806    0.523918    7.28043    
1    15    9    -6421.32    -19.6969    0.526439    7.26226    
1    16    10    -6421.98    -18.6321    0.528665    7.22453    
1    17    11    -6418.94    -20.6857    0.524116    7.24818    
1    18    12    -6419.42    -21.7929    0.521711    7.16701    
1    21    13    -6418.06    -20.8653    0.521488    7.23746    
1    24    14    -6417.23    -20.9402    0.522713    7.2461    
1    25    15    -6417.11    -21.0198    0.520161    7.21662    
1    28    16    -6419.83    -21.3535    0.522162    7.21076    
1    31    17    -6419.1    -21.0124    0.522295    7.22723    
1    32    18    -6421.18    -20.7373    0.522541    7.24992    
1    33    19    -6419.02    -20.8828    0.522238    7.22544    
1    34    20    -6416.71    -20.994    0.518923    7.20392    
1    35    21    -6420.01    -20.879    0.522209    7.22109    
1    37    22    -6419.08    -20.6149    0.519114    7.19812    
1    38    23    -6419.95    -21.2497    0.522976    7.22965    
1    41    24    -6419.15    -20.7523    0.520933    7.17716    
1    42    25    -6418.19    -21.039    0.516479    7.00407    
1    43    26    -6419.76    -20.1106    0.525068    7.17441    
1    44    27    -6421.29    -20.859    0.524877    7.20232    
1    47    28    -6421.03    -21.0755    0.52313    7.20212    
1    52    29    -6421.74    -21.1843    0.524216    7.20681    
1    55    30    -6422.1    -21.3375    0.523311    7.20681    
1    57    31    -6420.9    -20.9893    0.520945    7.17528    
1    58    32    -6418.7    -21.3171    0.522284    7.20727    
1    59    33    -6421.49    -20.8537    0.523131    7.21573    
1    61    34    -6420.36    -21.215    0.523293    7.20986    
1    63    35    -6420.61    -21.1275    0.525868    7.22244    
1    64    36    -6419.73    -20.9961    0.527776    7.20738    
1    69    37    -6420.2    -21.3904    0.52255    7.23584    
1    72    38    -6420.11    -21.8334    0.51804    7.22152    
1    73    39    -6419.94    -20.9931    0.520745    7.23837    
1    75    40    -6419.01    -16.6219    0.539177    7.4683    
1    76    41    -6418.99    -16.9954    0.537653    7.40765    
1    77    42    -6420.26    -20.9421    0.524964    7.26124    
1    81    43    -6419.08    -20.9732    0.526744    7.23235    
1    82    44    -6422.12    -21.0579    0.526525    7.26605    
1    83    45    -6421.78    -20.9559    0.521973    7.23833    
1    87    46    -6421.27    -20.8816    0.526149    7.27881    
1    88    47    -6423.78    -20.8405    0.527718    7.25632    
1    90    48    -6421.3    -21.2978    0.52211    7.20912    
1    92    49    -6421.49    -21.1115    0.524753    7.26529    
1    93    50    -6419.83    -21.0484    0.527895    7.23775    
1    94    51    -6421.69    -21.4225    0.527222    7.23931    
1    96    52    -6420.58    -21.634    0.5252    7.12275    
1    99    53    -6421.79    -21.1059    0.525119    7.32917    
1    100    54    -6422.04    -21.2891    0.525259    7.27636    
