#Task    Step    numberOfAcceptedPeleSteps    currentEnergy    BindingEnergy    sasaLig    distance_A43SG_L1S1    
1    0    0    -6212.22    -2.42195    0.519686    7.37367    
1    1    1    -6392.43    -23.3387    0.499668    7.20218    
1    2    2    -6393.82    -20.4931    0.489676    6.92899    
1    3    3    -6413.14    -28.124    0.486017    7.199    
1    4    4    -6422.65    -29.3345    0.499799    7.28846    
1    6    5    -6423.3    -29.1839    0.49792    7.17466    
1    8    6    -6423.17    -29.375    0.495474    7.14293    
1    9    7    -6425.22    -29.6044    0.497711    7.19431    
1    12    8    -6426.29    -29.8306    0.499832    7.24437    
1    14    9    -6425.69    -29.3967    0.501216    7.22349    
1    17    10    -6423.14    -28.1741    0.501577    7.17891    
1    18    11    -6425.22    -29.8707    0.497885    7.1455    
1    19    12    -6424.48    -24.8797    0.500452    7.20688    
1    20    13    -6423.61    -23.1764    0.504276    7.19671    
1    21    14    -6423.71    -23.7953    0.50326    7.18204    
1    28    15    -6422.67    -23.7403    0.503729    7.19223    
1    29    16    -6426.03    -22.828    0.508608    7.22144    
1    30    17    -6429.26    -23.3161    0.508195    7.21862    
1    33    18    -6428.47    -22.7194    0.505282    7.22809    
1    34    19    -6426.84    -23.5925    0.504902    7.23801    
1    37    20    -6427.83    -23.4027    0.504043    7.22772    
1    38    21    -6429.18    -23.6988    0.500357    7.20515    
1    39    22    -6429.19    -23.0941    0.504793    7.1998    
1    42    23    -6430.57    -23.4043    0.503235    7.21547    
1    51    24    -6429.77    -23.2673    0.504867    7.22828    
1    53    25    -6428.68    -23.2398    0.50578    7.20578    
1    54    26    -6414.77    -13.8569    0.495289    6.94726    
1    57    27    -6426.89    -23.8428    0.503289    7.19187    
1    58    28    -6431.3    -23.8139    0.505695    7.18838    
1    59    29    -6430.37    -23.9151    0.504758    7.20636    
1    60    30    -6430.82    -23.3308    0.507483    7.23934    
1    61    31    -6420.49    -23.9626    0.504975    7.17999    
1    64    32    -6430.82    -23.6734    0.506991    7.21307    
1    67    33    -6430.99    -23.2731    0.506563    7.1882    
1    70    34    -6430.25    -23.3447    0.506161    7.12485    
1    76    35    -6430.86    -23.5596    0.504983    7.15894    
1    78    36    -6431.05    -23.9095    0.506404    7.16231    
1    80    37    -6430.23    -24.3139    0.504411    7.10794    
1    81    38    -6426.09    -19.1614    0.510787    7.12622    
1    85    39    -6426.47    -23.889    0.504529    7.19774    
1    89    40    -6427.87    -23.5481    0.50476    7.19991    
1    94    41    -6428.38    -23.5272    0.505705    7.13922    
1    95    42    -6428.53    -23.4394    0.506882    7.25845    
1    98    43    -6428.56    -23.8622    0.506323    7.19633    
1    100    44    -6427.93    -24.1405    0.502698    7.06691    
