#Task    Step    numberOfAcceptedPeleSteps    currentEnergy    BindingEnergy    sasaLig    distance_A43SG_L1S1    
1    0    0    -6212.22    -2.42195    0.519686    7.37367    
1    1    1    -6395.92    -20.5235    0.519101    7.19591    
1    3    2    -6404.33    -16.4497    0.517653    7.04699    
1    4    3    -6413.24    -17.6026    0.523155    7.06161    
1    9    4    -6412.58    -16.0996    0.524402    7.03044    
1    11    5    -6413.69    -15.5346    0.524711    7.01247    
1    13    6    -6419.01    -17.3024    0.526283    6.85244    
1    14    7    -6420.92    -17.0954    0.527282    6.86834    
1    20    8    -6421.11    -16.4555    0.529273    6.85919    
1    25    9    -6424.5    -20.6602    0.528364    7.21134    
1    26    10    -6424.2    -21.0856    0.530556    7.18753    
1    27    11    -6424.39    -19.9619    0.528179    7.21084    
1    30    12    -6424.11    -20.8945    0.530737    7.22481    
1    31    13    -6426.26    -20.1544    0.530463    7.24234    
1    35    14    -6425.79    -19.7358    0.528747    7.29172    
1    36    15    -6427.21    -19.9742    0.533069    7.222    
1    37    16    -6423.68    -20.4824    0.530942    7.28828    
1    38    17    -6423.59    -19.9342    0.531967    7.27046    
1    39    18    -6424.87    -19.8195    0.534372    7.25424    
1    41    19    -6424.73    -20.6097    0.533472    7.2731    
1    44    20    -6425.63    -20.7316    0.529777    7.18068    
1    46    21    -6425.37    -20.3873    0.532289    7.27042    
1    47    22    -6426.62    -19.9543    0.532183    7.29152    
1    48    23    -6425.4    -20.1002    0.531956    7.19931    
1    51    24    -6425.9    -20.4243    0.531168    7.24787    
1    52    25    -6418.28    -20.5341    0.532573    7.25081    
1    53    26    -6415.81    -20.0807    0.530461    7.24285    
1    55    27    -6417.02    -19.9145    0.532607    7.26641    
1    57    28    -6424.58    -20.6406    0.533302    7.27013    
1    58    29    -6423.73    -20.9634    0.533193    7.21964    
1    63    30    -6424.74    -20.0237    0.536445    7.28843    
1    66    31    -6425.38    -20.189    0.534512    7.27874    
1    67    32    -6424.81    -20.3868    0.534809    7.37134    
1    68    33    -6426.66    -19.9762    0.534653    7.3375    
1    69    34    -6424.72    -20.1087    0.531006    7.31315    
1    70    35    -6424.36    -19.4698    0.532489    7.26465    
1    71    36    -6427.77    -20.1591    0.528564    7.30358    
1    72    37    -6427.81    -20.5371    0.53376    7.25777    
1    79    38    -6424.57    -19.7569    0.532184    7.29473    
1    80    39    -6425.63    -19.7168    0.534351    7.20511    
1    81    40    -6424.39    -19.3036    0.538663    7.28708    
1    82    41    -6424.05    -19.7451    0.537595    7.21364    
1    85    42    -6423.98    -20.2318    0.535572    7.23754    
1    86    43    -6423.69    -19.4388    0.536799    7.22619    
1    87    44    -6423.64    -19.6317    0.532836    7.25362    
1    88    45    -6416.27    -20.1987    0.533683    7.24468    
1    89    46    -6424.75    -20.4036    0.534098    7.25213    
1    94    47    -6424.88    -20.1259    0.534687    7.26832    
1    95    48    -6424.85    -20.2634    0.532619    7.2579    
1    99    49    -6424.58    -19.7489    0.534777    7.22651    
1    100    50    -6425.17    -20.4602    0.537404    7.22948    
