#Task    Step    numberOfAcceptedPeleSteps    currentEnergy    BindingEnergy    sasaLig    distance_A43SG_L1S1    
1    0    0    -6212.22    -2.42195    0.519686    7.37367    
1    1    1    -6388.81    -20.3821    0.512892    7.20224    
1    2    2    -6384.48    -11.841    0.505231    7.08471    
1    3    3    -6410.77    -20.9017    0.526155    7.28406    
1    5    4    -6413.69    -21.0484    0.523413    7.30605    
1    6    5    -6413.2    -20.1705    0.525366    7.30806    
1    10    6    -6415.58    -20.0579    0.52536    7.31338    
1    11    7    -6417.89    -19.7133    0.526915    7.34398    
1    12    8    -6418.96    -19.0994    0.5285    7.28347    
1    13    9    -6419.6    -19.3929    0.530245    7.32036    
1    14    10    -6419.93    -19.4961    0.530976    7.32727    
1    15    11    -6421.86    -19.7487    0.532301    7.31956    
1    18    12    -6421.23    -19.9662    0.532148    7.28855    
1    19    13    -6424.01    -19.5795    0.533062    7.28983    
1    21    14    -6425.02    -20.2466    0.530911    7.25701    
1    22    15    -6424.61    -20.5122    0.533155    7.18529    
1    23    16    -6424.68    -20.4394    0.532917    7.23044    
1    26    17    -6424.51    -20.5215    0.533721    7.20477    
1    29    18    -6422.32    -20.2069    0.536524    7.19396    
1    31    19    -6422.74    -20.3622    0.536653    7.21612    
1    33    20    -6426.01    -20.1337    0.53424    7.19443    
1    34    21    -6425.44    -20.1646    0.53412    7.20555    
1    35    22    -6425.47    -20.4157    0.535895    7.19543    
1    36    23    -6426.07    -20.4486    0.531125    7.19153    
1    39    24    -6425.59    -20.153    0.533078    7.20496    
1    40    25    -6425.91    -19.7669    0.532649    7.17719    
1    42    26    -6426.05    -20.3172    0.534929    7.19996    
1    44    27    -6428.97    -19.8138    0.537443    7.20017    
1    47    28    -6425.55    -19.9948    0.537708    7.14457    
1    48    29    -6427.58    -20.5176    0.534032    7.17126    
1    52    30    -6428.28    -19.9839    0.536348    7.16936    
1    53    31    -6426.52    -20.6118    0.53562    7.18606    
1    54    32    -6426.49    -21.4078    0.531968    7.09295    
1    56    33    -6426.44    -20.3904    0.532882    7.1194    
1    57    34    -6423.38    -19.9755    0.527108    7.22566    
1    62    35    -6419.6    -20.5413    0.532175    7.22585    
1    63    36    -6423.83    -20.5964    0.532475    7.2043    
1    64    37    -6422.9    -21.3816    0.533907    7.24259    
1    66    38    -6424.81    -21.0072    0.535462    7.23227    
1    69    39    -6422.11    -20.3052    0.535378    7.22716    
1    70    40    -6422.66    -19.7557    0.53333    7.18753    
1    74    41    -6422.96    -20.2353    0.53157    7.24322    
1    75    42    -6424.71    -20.5946    0.535991    7.23153    
1    77    43    -6416.16    -20.509    0.533256    7.21212    
1    78    44    -6414.34    -20.4183    0.53142    7.22803    
1    80    45    -6424.95    -20.4972    0.53503    7.20689    
1    82    46    -6422.56    -20.5228    0.528858    7.23346    
1    84    47    -6424.15    -20.4225    0.532926    7.22713    
1    85    48    -6422    -20.6985    0.529972    7.18752    
1    86    49    -6421.8    -20.3431    0.53414    7.21184    
1    90    50    -6423.42    -20.4415    0.535284    7.20346    
1    94    51    -6424.13    -20.0659    0.534159    7.21117    
1    95    52    -6424.53    -20.529    0.530873    7.22892    
1    96    53    -6423.45    -20.9229    0.533427    7.2182    
1    97    54    -6422.31    -21.4498    0.532842    7.2135    
1    98    55    -6413.57    -17.2634    0.530605    7.17761    
1    99    56    -6414.9    -16.109    0.531686    7.02189    
1    100    57    -6415.6    -15.3873    0.533713    7.03282    
