#Task    Step    numberOfAcceptedPeleSteps    currentEnergy    BindingEnergy    sasaLig    distance_A43SG_L1S1    
1    0    0    -6212.22    -2.42195    0.519686    7.37367    
1    1    1    -6374.12    -21.0714    0.506013    7.20168    
1    2    2    -6402.38    -20.8629    0.527863    7.26237    
1    5    3    -6415.19    -21.8665    0.532724    7.25346    
1    6    4    -6414.36    -20.7029    0.532109    7.24323    
1    8    5    -6415.58    -21.8895    0.52901    7.21473    
1    12    6    -6416.66    -22.2163    0.52868    7.22822    
1    13    7    -6410.88    -21.7843    0.527119    7.22119    
1    14    8    -6413.11    -20.7619    0.523093    7.08995    
1    15    9    -6417.05    -18.2328    0.530533    7.23713    
1    16    10    -6421.04    -18.5787    0.531835    7.25346    
1    20    11    -6420.62    -19.2504    0.531915    7.26199    
1    22    12    -6423.21    -20.1497    0.530997    7.21716    
1    23    13    -6422.99    -19.546    0.5331    7.25152    
1    25    14    -6423.83    -19.8836    0.528469    7.23833    
1    29    15    -6420.89    -20.1758    0.532584    7.23138    
1    30    16    -6421.09    -19.9326    0.530001    7.2096    
1    31    17    -6425.18    -20.0918    0.532893    7.25052    
1    32    18    -6427.98    -20.022    0.534658    7.26395    
1    35    19    -6427.7    -19.0756    0.53813    7.28359    
1    36    20    -6428.73    -20.2319    0.535781    7.25423    
1    39    21    -6425.11    -19.6812    0.538706    7.29238    
1    40    22    -6426.82    -19.9468    0.538657    7.19174    
1    41    23    -6427.46    -20.2677    0.534486    7.23805    
1    42    24    -6426.04    -20.7764    0.53604    7.24061    
1    43    25    -6427.48    -20.4337    0.533122    7.22364    
1    45    26    -6424.13    -20.3057    0.535857    7.23293    
1    46    27    -6423.92    -20.8425    0.532281    6.79511    
1    48    28    -6426.65    -20.2637    0.537056    7.25866    
1    49    29    -6427.41    -21.3058    0.53435    7.21821    
1    51    30    -6427.31    -20.6855    0.533677    7.21479    
1    52    31    -6427.35    -19.9739    0.535148    7.22652    
1    53    32    -6425.93    -20.0614    0.532119    7.22844    
1    54    33    -6425.29    -20.3421    0.529416    7.09033    
1    56    34    -6426.85    -20.4778    0.531763    7.20332    
1    60    35    -6425.04    -20.8991    0.525975    7.17296    
1    61    36    -6424.86    -20.8454    0.531019    7.21373    
1    62    37    -6425.87    -20.3565    0.531562    7.25431    
1    63    38    -6425.78    -19.8246    0.530627    7.26065    
1    64    39    -6425.39    -20.5282    0.531655    7.2452    
1    66    40    -6427.45    -19.715    0.535251    7.27708    
1    67    41    -6427.52    -19.7648    0.533221    7.37402    
1    68    42    -6428.01    -20.0994    0.536307    7.33198    
1    69    43    -6424.31    -20.3463    0.531913    7.26877    
1    70    44    -6426.42    -21.9667    0.529195    7.12672    
1    72    45    -6426.68    -21.2892    0.532209    7.19077    
1    73    46    -6424.23    -20.2232    0.532283    7.24793    
1    74    47    -6427.21    -20.2347    0.534062    7.20698    
1    75    48    -6427.24    -20.2849    0.533676    7.28069    
1    76    49    -6429.15    -20.736    0.534589    7.24042    
1    78    50    -6428.71    -20.0196    0.536214    7.2241    
1    79    51    -6429.65    -20.6682    0.53475    7.23437    
1    81    52    -6419.42    -20.4814    0.532392    7.23892    
1    82    53    -6427.45    -20.5162    0.531577    7.25251    
1    83    54    -6425.44    -20.1847    0.534912    7.26392    
1    84    55    -6426.8    -20.2352    0.53553    7.25047    
1    85    56    -6425.89    -20.6229    0.534233    7.22047    
1    86    57    -6428.15    -20.6029    0.53633    7.24577    
1    87    58    -6427.49    -20.447    0.533864    7.24474    
1    89    59    -6424.1    -20.2154    0.532826    7.22761    
1    90    60    -6423.94    -20.636    0.531919    7.23047    
1    92    61    -6424.89    -20.7927    0.534981    7.22893    
1    93    62    -6424.41    -20.2379    0.529115    7.22641    
1    94    63    -6423.01    -20.4905    0.533498    7.23609    
1    96    64    -6423.33    -20.7254    0.530527    7.17115    
1    97    65    -6423.55    -20.5335    0.530075    7.20816    
1    98    66    -6425.09    -20.4549    0.532955    7.18502    
1    100    67    -6425.46    -19.8627    0.533449    7.17586    
