#Task    Step    numberOfAcceptedPeleSteps    currentEnergy    BindingEnergy    sasaLig    distance_A43SG_L1S1    
1    0    0    -6212.22    -2.42195    0.519686    7.37367    
1    1    1    -6390.91    -19.2428    0.511289    7.22809    
1    2    2    -6411.61    -21.366    0.522999    7.19371    
1    3    3    -6416.64    -21.5102    0.523918    7.18977    
1    4    4    -6415.52    -22.0119    0.524968    7.22272    
1    5    5    -6417.09    -21.6178    0.525654    7.27217    
1    8    6    -6415    -19.3121    0.52745    7.02956    
1    9    7    -6421.07    -21.4555    0.527144    7.2102    
1    10    8    -6420.21    -21.7903    0.527019    7.22041    
1    11    9    -6422.21    -21.3637    0.525439    7.27513    
1    14    10    -6422.97    -21.5191    0.526829    7.28526    
1    16    11    -6422.11    -20.9337    0.528761    7.28245    
1    17    12    -6420.99    -21.7468    0.528712    7.21764    
1    18    13    -6418.33    -21.1811    0.523572    7.1907    
1    19    14    -6419.75    -21.6413    0.52524    7.22415    
1    20    15    -6416.52    -19.5948    0.51499    7.18707    
1    21    16    -6421.27    -20.9293    0.526805    7.23245    
1    22    17    -6421.31    -20.966    0.528317    7.22731    
1    23    18    -6421.46    -21.319    0.52859    7.1665    
1    25    19    -6423.15    -21.9088    0.528459    7.23576    
1    26    20    -6422.67    -20.9732    0.529533    7.28411    
1    28    21    -6421.51    -21.6639    0.529269    7.22484    
1    29    22    -6422.51    -21.8292    0.527087    7.24317    
1    30    23    -6423.52    -21.6182    0.52863    7.21328    
1    31    24    -6424.79    -20.9845    0.526016    7.25655    
1    33    25    -6423.82    -21.3412    0.524651    7.26847    
1    34    26    -6423.63    -21.448    0.52782    7.22507    
1    35    27    -6422.37    -20.6558    0.53015    7.25775    
1    36    28    -6421.86    -21.7178    0.530121    7.22266    
1    38    29    -6424.09    -21.5522    0.530838    7.22837    
1    43    30    -6423.49    -21.7574    0.525946    7.21647    
1    44    31    -6415.22    -20.7856    0.529455    7.25276    
1    45    32    -6422.76    -21.1675    0.529489    7.26369    
1    49    33    -6421.5    -21.3271    0.527451    7.24029    
1    51    34    -6422.86    -20.7382    0.532065    7.30281    
1    55    35    -6422.39    -20.7614    0.531737    7.26785    
1    59    36    -6423.8    -21.1937    0.53261    7.24673    
1    60    37    -6423.52    -21.6145    0.533176    7.23056    
1    61    38    -6421.25    -21.4077    0.529729    7.26957    
1    64    39    -6422.73    -21.7381    0.528666    7.24686    
1    68    40    -6421.81    -21.7112    0.529092    7.25423    
1    69    41    -6419.27    -21.7628    0.529234    7.20711    
1    70    42    -6414.89    -16.9272    0.544318    7.45206    
1    71    43    -6421.68    -21.9209    0.531386    7.27792    
1    72    44    -6423.88    -21.4926    0.531171    7.29493    
1    74    45    -6424.13    -21.6423    0.533556    7.27707    
1    80    46    -6423.1    -20.6927    0.53176    7.24731    
1    81    47    -6423.19    -21.8032    0.532808    7.24258    
1    83    48    -6423.44    -21.4907    0.533084    7.23586    
1    87    49    -6424.55    -21.2046    0.530277    7.21885    
1    88    50    -6424.87    -21.3509    0.530192    7.2231    
1    89    51    -6423.69    -22.11    0.530819    7.1786    
1    91    52    -6422.77    -21.4995    0.530985    7.18251    
1    95    53    -6424.34    -21.954    0.529175    7.20988    
1    96    54    -6423.37    -21.5293    0.52854    7.12942    
1    97    55    -6422.25    -22.2331    0.529355    7.17452    
1    98    56    -6419.31    -21.1448    0.530591    7.19639    
1    99    57    -6421.32    -21.3023    0.526896    7.22145    
1    100    58    -6423    -21.4771    0.529622    7.21524    
