#Task    Step    numberOfAcceptedPeleSteps    currentEnergy    BindingEnergy    sasaLig    distance_A43SG_L1S1    
1    0    0    -6212.22    -2.42195    0.519686    7.37367    
1    1    1    -6375.24    -18.5372    0.500886    7.08447    
1    2    2    -6405.98    -20.2972    0.52164    7.33885    
1    3    3    -6416.6    -21.5868    0.52151    7.27843    
1    4    4    -6419.39    -21.3598    0.526352    7.25358    
1    7    5    -6420.28    -22.2639    0.52211    7.27962    
1    10    6    -6417.03    -21.492    0.520116    7.1142    
1    11    7    -6418.24    -21.1837    0.524877    7.17652    
1    12    8    -6419.72    -21.0687    0.527239    7.19997    
1    13    9    -6419.96    -21.2732    0.527925    7.2258    
1    14    10    -6421.25    -21.5265    0.52602    7.22533    
1    17    11    -6417.47    -20.2476    0.52516    7.22585    
1    18    12    -6410.67    -11.9934    0.540615    7.24473    
1    19    13    -6419.7    -21.4369    0.52636    7.24576    
1    20    14    -6413.71    -21.617    0.525411    7.22368    
1    21    15    -6420.64    -21.4129    0.526388    7.26209    
1    22    16    -6421.24    -21.3955    0.525775    7.22533    
1    24    17    -6421.13    -21.117    0.527379    7.2434    
1    25    18    -6420.84    -21.6541    0.522997    7.21409    
1    26    19    -6415.54    -21.4388    0.525281    7.21138    
1    28    20    -6417.38    -19.0333    0.525396    7.2386    
1    29    21    -6421.32    -21.4861    0.527157    7.23991    
1    30    22    -6421.5    -21.2237    0.527896    7.23794    
1    31    23    -6420.84    -21.5352    0.525414    7.22781    
1    33    24    -6421.98    -21.7354    0.526975    7.19001    
1    34    25    -6421.17    -21.5246    0.524289    7.12654    
1    35    26    -6421.89    -21.4669    0.525611    7.18851    
1    37    27    -6421.35    -21.3329    0.526431    7.21023    
1    40    28    -6421.07    -21.3048    0.524579    7.20061    
1    43    29    -6421.52    -21.3161    0.528675    7.21712    
1    47    30    -6423.14    -21.5613    0.528854    7.22031    
1    49    31    -6422.65    -21.9848    0.527267    7.20976    
1    50    32    -6421.7    -21.2699    0.53225    7.18134    
1    51    33    -6422.88    -21.9041    0.528776    7.21286    
1    52    34    -6422.72    -21.5479    0.527195    7.19871    
1    53    35    -6422.38    -22.2806    0.525638    7.22862    
1    54    36    -6422.86    -21.5086    0.528275    7.2307    
1    56    37    -6422.35    -22.0713    0.525417    7.22675    
1    59    38    -6422.86    -21.6919    0.523243    7.24332    
1    62    39    -6422.48    -21.9513    0.523412    7.22192    
1    64    40    -6422.78    -21.4905    0.52545    7.22643    
1    66    41    -6422.86    -21.9678    0.527582    7.22713    
1    71    42    -6421.38    -21.8229    0.52372    7.23432    
1    72    43    -6422.46    -21.6118    0.524425    7.21788    
1    74    44    -6422.69    -21.7976    0.525257    7.22044    
1    75    45    -6422.2    -21.8065    0.524687    7.21226    
1    76    46    -6422.11    -22.1033    0.525138    7.23469    
1    78    47    -6419.35    -21.9174    0.52657    7.19369    
1    82    48    -6417.91    -20.9718    0.526412    7.25489    
1    84    49    -6421.38    -21.2142    0.527639    7.25941    
1    85    50    -6418.3    -21.0263    0.523272    7.26794    
1    86    51    -6417.2    -20.7551    0.527664    7.21298    
1    87    52    -6422.23    -21.8361    0.525378    7.21974    
1    90    53    -6421.47    -20.6503    0.527107    7.26956    
1    91    54    -6420.2    -20.6675    0.526265    7.26585    
1    92    55    -6420.86    -21.0368    0.528076    7.2461    
1    95    56    -6417.7    -21.4425    0.524907    7.21184    
1    96    57    -6419.15    -21.0602    0.529975    7.12299    
1    97    58    -6420.44    -22.092    0.524119    7.1759    
1    99    59    -6420.84    -21.8304    0.526473    7.21838    
