#Task    Step    numberOfAcceptedPeleSteps    currentEnergy    BindingEnergy    sasaLig    distance_A43SG_L1S1    
1    0    0    -6212.22    -2.42195    0.519686    7.37367    
1    1    1    -6389.83    -22.9959    0.496779    7.24039    
1    2    2    -6406.21    -28.2542    0.493077    7.25293    
1    3    3    -6412.59    -26.5846    0.493328    7.25678    
1    4    4    -6411.74    -26.1954    0.496063    7.12267    
1    5    5    -6418.51    -27.6161    0.49468    7.17634    
1    6    6    -6419.03    -26.8755    0.496277    7.17701    
1    9    7    -6418.97    -27.0407    0.496926    7.24818    
1    12    8    -6421.28    -27.5362    0.500763    7.2511    
1    13    9    -6420.12    -27.1036    0.50109    7.2558    
1    14    10    -6420.61    -27.2265    0.500815    7.25304    
1    15    11    -6423.18    -26.4338    0.501976    7.2841    
1    16    12    -6423.21    -26.6546    0.499259    7.24496    
1    17    13    -6422.15    -27.2178    0.499367    7.25029    
1    18    14    -6423.39    -26.4951    0.497616    7.13775    
1    19    15    -6424.21    -22.0637    0.505536    7.22433    
1    21    16    -6424.67    -15.5659    0.523754    7.19628    
1    22    17    -6424.51    -14.4581    0.52954    7.22065    
1    23    18    -6426.69    -15.2735    0.536219    7.22106    
1    27    19    -6427.81    -15.5419    0.536449    7.22847    
1    28    20    -6425.69    -15.1281    0.537225    7.21371    
1    29    21    -6423.73    -15.6647    0.53851    7.20657    
1    30    22    -6424.01    -15.9729    0.540284    7.15505    
1    31    23    -6424.21    -14.9233    0.540299    7.21862    
1    34    24    -6424.29    -15.757    0.541243    7.22342    
1    35    25    -6424.06    -15.7854    0.541779    7.27797    
1    37    26    -6424.61    -15.4711    0.540843    7.22164    
1    38    27    -6425.61    -15.6903    0.541762    7.22503    
1    40    28    -6426.56    -15.641    0.544137    7.23818    
1    42    29    -6424.87    -15.6742    0.541721    7.32628    
1    44    30    -6420.93    -15.8236    0.540961    6.93661    
1    45    31    -6425.45    -15.758    0.540029    7.14077    
1    47    32    -6426.39    -15.341    0.540618    7.2054    
1    48    33    -6425.86    -16.3189    0.541435    7.07418    
1    49    34    -6425.65    -15.2391    0.53972    7.19732    
1    53    35    -6425.7    -15.8111    0.538658    7.22451    
1    60    36    -6425.72    -16.0386    0.539693    7.15723    
1    61    37    -6423.71    -15.9319    0.539696    7.19669    
1    62    38    -6423.75    -16.6029    0.53989    7.16427    
1    63    39    -6423.98    -14.6807    0.541447    7.23947    
1    64    40    -6425.88    -15.5608    0.54108    7.16467    
1    66    41    -6425.24    -15.3493    0.540713    7.21203    
1    68    42    -6425.67    -15.6998    0.542824    7.17606    
1    71    43    -6424.37    -15.6459    0.538515    7.19931    
1    72    44    -6425.22    -15.6743    0.54063    7.17635    
1    73    45    -6422.53    -14.9659    0.537519    7.19627    
1    74    46    -6423.39    -15.4765    0.538445    7.19326    
1    77    47    -6421.8    -14.4837    0.538207    7.21099    
1    78    48    -6423.88    -14.9845    0.535495    7.18398    
1    79    49    -6423.61    -15.9414    0.53832    7.21785    
1    82    50    -6424.03    -16.3195    0.537629    7.19601    
1    87    51    -6423.77    -15.6741    0.538232    7.20643    
1    88    52    -6420.49    -14.9245    0.54022    7.07955    
1    89    53    -6423.17    -15.304    0.541522    7.20043    
1    90    54    -6415.42    -15.226    0.537231    7.15854    
1    91    55    -6422.55    -15.3208    0.53864    7.24405    
1    92    56    -6419.51    -15.5747    0.53907    7.1653    
1    93    57    -6421.45    -15.3713    0.537653    7.21844    
1    100    58    -6420.35    -15.7053    0.538576    7.1812    
