#Task    Step    numberOfAcceptedPeleSteps    currentEnergy    BindingEnergy    sasaLig    distance_A43SG_L1S1    
1    0    0    -6212.22    -2.42195    0.519686    7.37367    
1    1    1    -6412.32    -23.7964    0.497896    7.23487    
1    2    2    -6416.83    -26.4405    0.491129    7.17228    
1    4    3    -6415.9    -28.954    0.486348    7.1401    
1    5    4    -6418.39    -21.1042    0.517798    7.19684    
1    6    5    -6418.93    -20.7627    0.514394    7.18021    
1    7    6    -6420.21    -20.8674    0.516305    7.17965    
1    9    7    -6419.77    -20.6743    0.516472    7.20219    
1    11    8    -6420.33    -20.8381    0.518781    7.17058    
1    17    9    -6419.89    -21.3731    0.514948    7.18764    
1    18    10    -6419.2    -20.8343    0.517394    7.21965    
1    25    11    -6418.17    -20.5692    0.519381    7.21342    
1    26    12    -6417.09    -20.8876    0.514963    7.20609    
1    27    13    -6422.36    -20.9044    0.518447    7.20969    
1    28    14    -6420.14    -20.7576    0.51892    7.22159    
1    29    15    -6419.32    -20.3961    0.515193    7.18569    
1    30    16    -6422.32    -20.812    0.513412    7.20326    
1    31    17    -6422.92    -20.022    0.513976    7.22025    
1    34    18    -6422.2    -20.4665    0.515517    7.23346    
1    35    19    -6417.32    -19.3153    0.50243    7.09852    
1    37    20    -6417.2    -19.4784    0.507942    7.03299    
1    39    21    -6417.28    -18.8114    0.508306    6.94359    
1    40    22    -6416.68    -19.6488    0.509117    6.9904    
1    41    23    -6419.07    -19.3304    0.509336    7.01298    
1    42    24    -6416.1    -20.4244    0.506826    6.88997    
1    43    25    -6417.22    -19.3737    0.508501    6.9266    
1    45    26    -6418.48    -21.2518    0.504426    6.95434    
1    46    27    -6419.8    -21.2003    0.505418    6.93127    
1    47    28    -6416.52    -20.944    0.501317    6.94675    
1    48    29    -6420.96    -21.2481    0.503743    6.93215    
1    52    30    -6421.43    -20.7614    0.502741    6.93816    
1    55    31    -6420.26    -20.1468    0.503733    6.93416    
1    56    32    -6421.48    -20.5198    0.504408    6.92765    
1    61    33    -6414.83    -20.7017    0.504266    6.9364    
1    63    34    -6416.83    -21.2373    0.500563    6.97633    
1    64    35    -6420.22    -21.1067    0.497431    6.94317    
1    67    36    -6421.38    -20.9408    0.49956    6.92243    
1    73    37    -6420.08    -21.0592    0.499575    7.04543    
1    74    38    -6421.09    -21.1559    0.497561    7.09288    
1    76    39    -6420.91    -22.5423    0.499034    7.16203    
1    77    40    -6417.08    -22.0891    0.495053    7.23357    
1    79    41    -6419.68    -22.5772    0.493265    7.30989    
1    80    42    -6421.87    -23.0989    0.494619    7.31306    
1    81    43    -6419.84    -22.3188    0.496995    7.36243    
1    83    44    -6420.51    -22.787    0.494542    7.39101    
1    84    45    -6422.25    -23.4796    0.49312    7.33554    
1    85    46    -6418.64    -22.9688    0.496232    7.35781    
1    86    47    -6418.46    -22.7364    0.496249    7.33656    
1    87    48    -6420.74    -23.5328    0.493934    7.28617    
1    88    49    -6421.34    -23.561    0.493647    7.34317    
1    96    50    -6420.67    -22.589    0.495429    7.40038    
1    99    51    -6419.92    -21.7055    0.496616    7.33289    
