#Task    Step    numberOfAcceptedPeleSteps    currentEnergy    BindingEnergy    sasaLig    distance_A43SG_L1S1    
1    0    0    -6212.22    -2.42195    0.519686    7.37367    
1    1    1    -6389.62    -20.5141    0.523057    7.23794    
1    2    2    -6408.6    -15.8141    0.526312    7.19389    
1    3    3    -6417.19    -21.9769    0.51881    7.24179    
1    4    4    -6420.69    -21.5086    0.518302    7.21593    
1    5    5    -6420.62    -22.1699    0.516274    7.24466    
1    6    6    -6423.24    -21.8082    0.519827    7.20266    
1    7    7    -6422.78    -21.7698    0.519396    7.22024    
1    8    8    -6423.61    -21.5641    0.517389    7.19173    
1    9    9    -6422.46    -21.4459    0.520754    7.19147    
1    11    10    -6422.09    -17.5381    0.524516    7.18149    
1    13    11    -6421.36    -17.2243    0.525094    7.19845    
1    14    12    -6422.64    -18.4331    0.52475    7.17807    
1    16    13    -6422.88    -17.678    0.524733    7.22321    
1    17    14    -6421.93    -17.6943    0.525537    7.18849    
1    20    15    -6422.34    -17.5553    0.524304    7.20928    
1    23    16    -6416.39    -14.1239    0.536323    7.32878    
1    25    17    -6422.9    -16.9982    0.529499    7.30218    
1    28    18    -6422.89    -17.6494    0.529701    7.17893    
1    29    19    -6423.34    -17.4933    0.528162    7.21087    
1    30    20    -6422.7    -17.8579    0.526187    7.18185    
1    31    21    -6422.9    -17.7985    0.528058    7.19469    
1    33    22    -6420.86    -17.6581    0.525499    7.149    
1    34    23    -6420.49    -17.8542    0.526785    7.18206    
1    35    24    -6422.3    -17.8849    0.526711    7.19176    
1    39    25    -6417.94    -15.6873    0.525701    7.18139    
1    40    26    -6422.17    -17.7523    0.523715    7.16843    
1    41    27    -6423.47    -17.7107    0.525106    7.16674    
1    44    28    -6418.11    -17.8175    0.521303    7.13397    
1    45    29    -6424.02    -18.1108    0.524371    7.15982    
1    47    30    -6422.61    -17.5622    0.521985    7.13348    
1    51    31    -6424.64    -17.399    0.524883    7.17145    
1    52    32    -6425.22    -18.1009    0.525838    7.17111    
1    53    33    -6420.52    -18.4292    0.524886    7.17818    
1    55    34    -6421.7    -17.5229    0.529318    7.18345    
1    57    35    -6416.48    -17.0865    0.521906    7.2296    
1    58    36    -6416.33    -17.5711    0.517583    7.11432    
1    59    37    -6419.95    -18.2284    0.524424    7.19992    
1    62    38    -6422.12    -17.7476    0.526701    7.21861    
1    64    39    -6422.81    -18.0754    0.522812    7.1961    
1    67    40    -6421.57    -17.7899    0.522734    7.16038    
1    68    41    -6419.52    -18.4226    0.522883    7.15662    
1    69    42    -6422.02    -18.2325    0.527    7.17958    
1    71    43    -6422.04    -18.4951    0.524249    7.18677    
1    75    44    -6418.96    -15.0386    0.524128    7.2295    
1    76    45    -6418.44    -17.3353    0.518001    7.27223    
1    77    46    -6419.09    -17.9076    0.52785    7.24864    
1    79    47    -6419.53    -18.0856    0.53027    7.22771    
1    81    48    -6421.49    -18.2788    0.526031    7.22947    
1    83    49    -6421.79    -17.4215    0.5249    7.25527    
1    84    50    -6415.33    -18.3344    0.522487    7.16721    
1    85    51    -6420.78    -18.3134    0.519262    7.15284    
1    86    52    -6425.04    -18.2605    0.523051    7.13943    
1    87    53    -6424.83    -17.5698    0.521305    7.18416    
1    88    54    -6425.24    -18.4188    0.522336    7.15735    
1    91    55    -6425.99    -18.0341    0.52198    7.17626    
1    92    56    -6426.69    -17.9959    0.523112    7.18918    
