#Task    Step    numberOfAcceptedPeleSteps    currentEnergy    BindingEnergy    sasaLig    distance_A43SG_L1S1    
1    0    0    -6212.22    -2.42195    0.519686    7.37367    
1    1    1    -6401.7    -20.2634    0.51916    7.2073    
1    2    2    -6412.77    -20.9177    0.525132    7.20161    
1    3    3    -6414.72    -21.7058    0.524792    7.17491    
1    5    4    -6414.65    -21.4797    0.527851    7.19494    
1    7    5    -6420.66    -20.6812    0.52527    7.19171    
1    8    6    -6422.71    -21.0261    0.527762    7.22603    
1    12    7    -6419.34    -19.364    0.532036    7.27519    
1    13    8    -6420.83    -20.9711    0.529321    7.21093    
1    14    9    -6420.58    -21.1471    0.529914    7.23933    
1    17    10    -6420.81    -21.91    0.529419    7.24124    
1    19    11    -6420.5    -21.3868    0.527324    7.23118    
1    21    12    -6419.97    -21.7179    0.526502    7.22758    
1    22    13    -6418.77    -20.9284    0.52745    7.22266    
1    23    14    -6420.23    -20.9522    0.529945    7.26551    
1    25    15    -6421.13    -21.6573    0.527394    7.25187    
1    26    16    -6419.89    -21.5061    0.526966    7.22491    
1    27    17    -6421.08    -21.2019    0.524993    7.24498    
1    28    18    -6420.8    -21.4535    0.526526    7.18521    
1    29    19    -6418.54    -21.3808    0.523195    7.20524    
1    31    20    -6420.08    -21.0251    0.527005    7.25552    
1    32    21    -6421.2    -21.141    0.527661    7.26516    
1    36    22    -6421.11    -21.233    0.52652    7.25057    
1    37    23    -6420.82    -21.9047    0.527136    7.23796    
1    40    24    -6422.39    -21.376    0.527712    7.23019    
1    43    25    -6421.17    -21.6608    0.524577    7.22302    
1    44    26    -6415.61    -21.3105    0.528291    7.18696    
1    48    27    -6420.96    -21.5991    0.527605    7.21688    
1    49    28    -6421.74    -21.624    0.520863    7.24991    
1    50    29    -6422.21    -21.5347    0.526836    7.20887    
1    51    30    -6422.4    -21.563    0.524197    7.2191    
1    53    31    -6419.83    -22.4397    0.527387    7.23686    
1    55    32    -6422.05    -21.621    0.526205    7.24684    
1    56    33    -6419.71    -21.2615    0.525123    7.22781    
1    57    34    -6421.68    -21.6141    0.525035    7.23159    
1    58    35    -6422.74    -21.6499    0.525362    7.23938    
1    60    36    -6423.48    -21.5375    0.525785    7.22375    
1    61    37    -6421.43    -21.6732    0.525057    7.24794    
1    65    38    -6422.51    -21.3071    0.524889    7.22099    
1    67    39    -6421.73    -21.4967    0.524453    7.24444    
1    68    40    -6420.84    -21.3522    0.527297    7.16139    
1    69    41    -6421.71    -21.8689    0.523819    7.19381    
1    70    42    -6422    -21.3127    0.525939    7.21068    
1    71    43    -6422.47    -21.3147    0.526292    7.18558    
1    72    44    -6422.54    -21.2496    0.52722    7.18396    
1    73    45    -6420.36    -21.6502    0.526007    7.20535    
1    74    46    -6420.84    -21.2603    0.525146    7.21797    
1    75    47    -6422.07    -21.0905    0.525424    7.24731    
1    76    48    -6421.8    -21.5316    0.525285    7.20133    
1    78    49    -6421.21    -22.173    0.523986    7.14559    
1    79    50    -6420.81    -21.0104    0.526835    7.22941    
1    81    51    -6419.62    -21.4908    0.525669    7.22941    
1    83    52    -6420.5    -21.9955    0.529184    7.20474    
1    84    53    -6422.84    -21.8412    0.528607    7.24421    
1    87    54    -6421.22    -20.7515    0.529949    7.19958    
1    90    55    -6420.99    -21.9942    0.529885    7.12124    
1    91    56    -6416.76    -21.3595    0.528042    7.20147    
1    92    57    -6416.67    -22.6434    0.52931    7.25458    
1    93    58    -6417.68    -21.8645    0.527017    7.25741    
1    95    59    -6418.55    -22.2997    0.525775    7.26608    
1    97    60    -6418.34    -22.3524    0.527954    7.23739    
1    98    61    -6420.18    -22.3125    0.528857    7.2471    
1    99    62    -6418.62    -22.8207    0.530339    7.23862    
