#Task    Step    numberOfAcceptedPeleSteps    currentEnergy    BindingEnergy    sasaLig    distance_A43SG_L1S1    
1    0    0    -6212.22    -2.42195    0.519686    7.37367    
1    1    1    -6385.9    -23.5718    0.49525    7.24166    
1    2    2    -6416.46    -27.3393    0.493918    7.2507    
1    3    3    -6419.18    -27.183    0.500641    7.32005    
1    7    4    -6417.93    -26.8375    0.496973    7.27591    
1    9    5    -6418.74    -26.8028    0.498067    7.27041    
1    10    6    -6419.02    -28.5707    0.493364    7.1808    
1    11    7    -6421.18    -27.4031    0.496126    7.197    
1    12    8    -6421.2    -27.9485    0.500043    7.2352    
1    13    9    -6421.82    -27.9359    0.497098    7.24655    
1    14    10    -6419.32    -27.4517    0.490388    7.23129    
1    15    11    -6425.69    -28.242    0.49684    7.19878    
1    21    12    -6421.8    -27.9254    0.50428    7.21985    
1    22    13    -6423.55    -28.0067    0.510043    7.26003    
1    25    14    -6422.62    -27.3622    0.506781    7.25294    
1    26    15    -6423.69    -28.0675    0.509208    7.26375    
1    29    16    -6417.78    -27.8548    0.509618    8.03125    
1    31    17    -6419.44    -26.8534    0.513235    8.03095    
1    33    18    -6417.86    -27.961    0.510622    8.0784    
1    35    19    -6418.91    -27.5092    0.513168    8.05095    
1    37    20    -6417.42    -27.7039    0.514964    8.04911    
1    39    21    -6419.59    -27.2605    0.51746    8.05517    
1    40    22    -6411.17    -21.0671    0.546648    8.0011    
1    41    23    -6411.72    -22.8835    0.515438    8.03187    
1    42    24    -6412.51    -23.1083    0.513451    7.9951    
1    43    25    -6413.75    -23.1084    0.513876    7.98131    
1    46    26    -6416.03    -23.2513    0.503203    7.98572    
1    47    27    -6414.93    -19.7184    0.496809    6.78407    
1    48    28    -6414.81    -19.7337    0.498006    6.7769    
1    49    29    -6416.71    -23.1852    0.502952    7.02195    
1    50    30    -6411.68    -22.2642    0.510138    6.85999    
1    51    31    -6414.1    -21.9765    0.507664    6.93772    
1    52    32    -6416.06    -22.4344    0.509151    6.95266    
1    53    33    -6416.93    -22.7241    0.507941    6.99476    
1    54    34    -6416.41    -24.6097    0.49423    6.91788    
1    57    35    -6416.77    -23.6926    0.507821    6.98811    
1    58    36    -6416.82    -24.1905    0.49957    7.02502    
1    64    37    -6417.78    -23.9244    0.502887    7.01246    
1    66    38    -6416.07    -24.3388    0.506223    6.88195    
1    67    39    -6412.25    -23.944    0.492991    7.34539    
1    68    40    -6411.96    -22.1235    0.494847    6.83863    
1    69    41    -6413.62    -21.8082    0.498864    6.89027    
1    71    42    -6419.08    -18.4648    0.507704    6.88895    
1    73    43    -6416.11    -18.4827    0.513429    6.88991    
1    74    44    -6415.62    -17.1739    0.510261    6.63029    
1    75    45    -6420.76    -16.2648    0.512332    6.77756    
1    78    46    -6420.07    -16.5856    0.513601    6.78067    
1    79    47    -6419.1    -17.4226    0.510245    6.88829    
1    80    48    -6420.15    -17.8684    0.511762    6.67978    
1    81    49    -6417.43    -18.1118    0.50944    6.92584    
1    83    50    -6421.59    -18.5906    0.509795    6.92085    
1    84    51    -6418.81    -19.3595    0.508334    6.94677    
1    85    52    -6419.93    -18.926    0.50866    6.91056    
1    86    53    -6418.76    -18.5821    0.508068    6.81866    
1    88    54    -6420.47    -18.3564    0.508597    6.87897    
1    91    55    -6420.94    -18.5801    0.510524    6.91479    
1    94    56    -6421.02    -17.6519    0.509965    6.94568    
1    99    57    -6418.97    -18.0912    0.50888    6.8975    
1    100    58    -6418.99    -18.1312    0.511301    6.72078    
