#Task    Step    numberOfAcceptedPeleSteps    currentEnergy    BindingEnergy    sasaLig    distance_A43SG_L1S1    
1    0    0    -6212.22    -2.42195    0.519686    7.37367    
1    1    1    -6392.62    -20.2799    0.515533    7.18989    
1    2    2    -6402.07    -20.7743    0.51774    7.18449    
1    3    3    -6414.6    -20.3929    0.525776    7.23504    
1    4    4    -6416.48    -19.3339    0.526417    7.25231    
1    5    5    -6416.92    -20.1216    0.522877    7.30974    
1    6    6    -6419.02    -20.403    0.522042    7.3098    
1    8    7    -6420.36    -19.7388    0.526025    7.31507    
1    9    8    -6420.84    -20.0577    0.524985    7.27371    
1    10    9    -6419.74    -21.0154    0.521105    7.24053    
1    11    10    -6421.06    -20.493    0.520807    7.28598    
1    12    11    -6422.69    -21.204    0.519911    7.25501    
1    14    12    -6422.31    -21.0153    0.522004    7.23018    
1    15    13    -6421.34    -19.9762    0.526107    7.29775    
1    16    14    -6423.5    -20.4122    0.524393    7.26231    
1    19    15    -6422.54    -20.3135    0.523479    7.23767    
1    20    16    -6423.71    -20.4748    0.52411    7.24702    
1    21    17    -6421.52    -20.0878    0.525137    7.27391    
1    22    18    -6422.46    -19.9883    0.526241    7.27516    
1    27    19    -6421.25    -20.7762    0.522605    7.25922    
1    29    20    -6418.41    -20.5248    0.522076    7.21448    
1    30    21    -6417.35    -21.0941    0.522906    7.22288    
1    31    22    -6419.03    -19.175    0.523624    7.20041    
1    33    23    -6423.79    -21.213    0.523951    7.22048    
1    34    24    -6425.08    -20.2705    0.525065    7.19851    
1    35    25    -6422.57    -20.453    0.522611    7.18139    
1    36    26    -6423.35    -20.2326    0.52244    7.12556    
1    37    27    -6423.25    -20.6455    0.521051    7.21388    
1    39    28    -6422.07    -19.5589    0.518018    7.19022    
1    40    29    -6424.07    -21.1362    0.522515    7.19905    
1    42    30    -6424.55    -21.3241    0.523642    7.21298    
1    44    31    -6421.26    -20.1135    0.520788    7.19065    
1    46    32    -6420.3    -20.2655    0.513486    7.15231    
1    47    33    -6418.37    -19.6904    0.524454    7.23401    
1    48    34    -6419.75    -19.8184    0.528642    7.25036    
1    49    35    -6420.18    -21.5372    0.530911    7.22662    
1    50    36    -6419.4    -21.3569    0.52835    7.22253    
1    51    37    -6419.78    -20.7958    0.521477    7.21961    
1    52    38    -6417.72    -20.2373    0.530179    7.26999    
1    53    39    -6416.83    -20.1901    0.524623    7.37508    
1    54    40    -6419    -21.3804    0.524603    7.22832    
1    57    41    -6419.43    -21.0344    0.523792    7.23211    
1    60    42    -6414.74    -21.195    0.521462    7.20063    
1    61    43    -6412.3    -21.0282    0.520908    7.19735    
1    63    44    -6418.58    -20.8528    0.522047    7.25902    
1    64    45    -6418.78    -21.2192    0.522349    7.21817    
1    66    46    -6418.64    -20.9348    0.52425    7.24589    
1    68    47    -6417.09    -19.954    0.522919    7.23416    
1    69    48    -6416.18    -21.2724    0.520765    7.21888    
1    70    49    -6415.38    -20.8126    0.519067    7.27543    
1    71    50    -6414.06    -20.822    0.522424    7.25133    
1    75    51    -6416.34    -20.4733    0.519627    7.19941    
1    76    52    -6418.36    -20.612    0.520731    7.22317    
1    79    53    -6412.41    -21.0707    0.520064    7.19507    
1    80    54    -6418.1    -20.9258    0.520758    7.18399    
1    81    55    -6418.21    -21.6123    0.518706    7.14908    
1    84    56    -6418.34    -21.1922    0.517474    7.15556    
1    85    57    -6416.94    -20.7696    0.520677    7.1718    
1    86    58    -6416.24    -19.8267    0.525171    7.08257    
1    87    59    -6418    -20.4078    0.526949    7.29155    
1    88    60    -6418.64    -20.6095    0.525103    7.23586    
1    90    61    -6418.59    -21.1072    0.527786    7.30474    
1    93    62    -6417.43    -20.7854    0.525847    7.24687    
1    94    63    -6416.5    -16.3593    0.541106    7.39425    
1    95    64    -6418.34    -19.3236    0.536721    7.33232    
1    96    65    -6418.56    -21.4404    0.533968    7.34792    
1    98    66    -6416.93    -21.3051    0.530985    7.24977    
1    99    67    -6419.96    -20.6161    0.533243    7.27292    
