#Task    Step    numberOfAcceptedPeleSteps    currentEnergy    BindingEnergy    sasaLig    distance_A43SG_L1S1    
1    0    0    -6212.22    -2.42195    0.519686    7.37367    
1    1    1    -6372.46    -20.2654    0.50549    7.15728    
1    2    2    -6399.79    -20.9569    0.512701    7.02821    
1    3    3    -6405.11    -21.0251    0.525699    7.2279    
1    4    4    -6411.9    -20.2032    0.523437    7.16978    
1    5    5    -6414.95    -21.6818    0.517807    7.1821    
1    6    6    -6410.7    -20.1074    0.521962    7.22873    
1    7    7    -6417.62    -13.981    0.524593    7.24593    
1    8    8    -6419.79    -15.9658    0.522406    7.20521    
1    9    9    -6421.13    -20.2234    0.525779    7.21226    
1    10    10    -6421.53    -20.7766    0.527624    7.20826    
1    12    11    -6423.28    -21.6685    0.523755    6.99536    
1    13    12    -6423.53    -21.3006    0.526305    7.17297    
1    15    13    -6424.51    -20.6233    0.526751    7.23012    
1    19    14    -6425.02    -20.842    0.523995    7.2098    
1    21    15    -6422.05    -21.3063    0.525128    7.24871    
1    22    16    -6421.31    -21.1029    0.522415    7.22412    
1    25    17    -6421.23    -21.2336    0.522944    7.21577    
1    27    18    -6423.44    -20.778    0.522458    7.25256    
1    29    19    -6423.14    -20.582    0.519499    7.20912    
1    30    20    -6423.67    -21.2326    0.520354    7.12948    
1    35    21    -6420.59    -20.7422    0.522515    7.21119    
1    37    22    -6420.49    -21.3337    0.517512    7.2554    
1    38    23    -6417.6    -20.4786    0.522034    7.21572    
1    39    24    -6423.11    -21.2148    0.524125    7.25636    
1    42    25    -6422.08    -20.9472    0.52566    7.36621    
1    43    26    -6423.47    -20.2958    0.524688    7.28488    
1    44    27    -6423.33    -20.922    0.526276    7.28199    
1    46    28    -6422.93    -21.3639    0.526281    7.26466    
1    48    29    -6422.33    -21.2438    0.527901    7.37906    
1    50    30    -6422.67    -21.2209    0.526986    7.29626    
1    51    31    -6421.13    -20.8435    0.523639    7.24124    
1    52    32    -6422.33    -20.9801    0.527572    7.26167    
1    54    33    -6419.19    -18.7041    0.530897    7.26379    
1    55    34    -6420.61    -21.7379    0.522837    7.29876    
1    56    35    -6422.85    -21.7748    0.522815    7.2605    
1    59    36    -6422.61    -20.94    0.525631    7.23065    
1    60    37    -6423.69    -21.4264    0.525143    7.24375    
1    62    38    -6423.54    -20.9856    0.528849    7.25322    
1    66    39    -6422.92    -20.5133    0.528381    7.26291    
1    69    40    -6418.87    -20.9306    0.528648    7.23559    
1    70    41    -6416.62    -20.696    0.525669    7.25117    
1    71    42    -6420.16    -20.8817    0.525703    7.24928    
1    72    43    -6419.3    -20.427    0.525312    7.22322    
1    76    44    -6419.98    -20.0949    0.528795    7.24613    
1    79    45    -6418.38    -21.1359    0.523861    7.22038    
1    80    46    -6418.75    -19.5296    0.522656    7.22929    
1    81    47    -6418.01    -20.9881    0.523673    7.20748    
1    82    48    -6419.75    -21.9691    0.520765    7.14526    
1    83    49    -6420.66    -21.6134    0.520608    7.16227    
1    84    50    -6419.72    -21.6538    0.527988    7.26342    
1    88    51    -6420.9    -21.3688    0.524904    7.23162    
1    92    52    -6421.72    -21.1853    0.526306    7.23682    
1    94    53    -6422.23    -21.0141    0.525771    7.24183    
1    95    54    -6421.85    -21.1886    0.524681    7.26854    
1    98    55    -6421.78    -20.6206    0.52573    7.27257    
1    99    56    -6420.58    -20.3697    0.526865    7.24418    
