#Task    Step    numberOfAcceptedPeleSteps    currentEnergy    BindingEnergy    sasaLig    distance_A43SG_L1S1    
1    0    0    -6212.22    -2.42195    0.519686    7.37367    
1    1    1    -6412.13    -22.1212    0.528861    7.23691    
1    3    2    -6415.28    -17.4171    0.517035    7.25467    
1    4    3    -6414.71    -20.7731    0.510882    7.13833    
1    5    4    -6418.81    -20.9788    0.518127    7.12802    
1    8    5    -6419.65    -20.2602    0.518875    7.13665    
1    9    6    -6419.36    -20.2106    0.522763    7.22218    
1    10    7    -6421.33    -20.4368    0.526707    7.20562    
1    11    8    -6422.51    -19.7059    0.524682    7.20864    
1    14    9    -6421.83    -21.447    0.520368    7.16603    
1    15    10    -6424.32    -20.623    0.525533    7.22365    
1    16    11    -6423.66    -21.0993    0.522821    7.14502    
1    18    12    -6425.35    -20.4393    0.524818    7.21719    
1    19    13    -6425.25    -19.6316    0.523486    7.22053    
1    22    14    -6424.76    -20.5393    0.523177    7.20486    
1    23    15    -6425.15    -20.2674    0.523189    7.21371    
1    26    16    -6425.95    -19.8992    0.52413    7.22553    
1    27    17    -6424.89    -20.4229    0.522318    7.20435    
1    28    18    -6423.52    -20.8721    0.522449    7.30879    
1    29    19    -6420.34    -19.9743    0.522548    7.23919    
1    30    20    -6424.04    -18.9133    0.525211    7.15257    
1    32    21    -6420.32    -14.7187    0.533611    7.17125    
1    33    22    -6420.03    -15.0122    0.533551    7.24717    
1    38    23    -6420.31    -14.5319    0.532931    7.23851    
1    42    24    -6421.1    -14.2382    0.534021    7.20128    
1    43    25    -6422.45    -15.2424    0.532504    7.29306    
1    48    26    -6422.99    -14.6939    0.534475    7.2879    
1    50    27    -6423.35    -15.2025    0.533172    7.20929    
1    53    28    -6423.05    -14.5654    0.532651    7.22322    
1    54    29    -6423.03    -14.1671    0.534434    7.2364    
1    56    30    -6422.46    -14.2835    0.53272    7.21523    
1    57    31    -6424.06    -14.67    0.531906    7.23363    
1    60    32    -6424.09    -15.0626    0.532797    7.18597    
1    62    33    -6421.25    -15.2818    0.53319    7.19491    
1    63    34    -6425.03    -15.7252    0.534437    7.23245    
1    65    35    -6422.76    -15.3452    0.530808    7.22261    
1    66    36    -6422.45    -14.8363    0.527768    7.19728    
1    68    37    -6422.62    -15.4086    0.529375    7.16696    
1    70    38    -6424.19    -15.3872    0.529511    7.2024    
1    71    39    -6422.95    -14.3661    0.530158    7.23863    
1    72    40    -6423.26    -15.1846    0.528947    7.26786    
1    73    41    -6422.76    -15.0513    0.525392    7.22405    
1    74    42    -6423.22    -14.7559    0.530271    7.21079    
1    81    43    -6422.64    -14.6228    0.531275    7.23124    
1    82    44    -6422.68    -13.9106    0.531764    7.17488    
1    85    45    -6421.74    -14.9172    0.532805    7.21775    
1    87    46    -6421.45    -14.7031    0.533706    7.22509    
1    88    47    -6421.45    -15.2451    0.532087    7.18538    
1    90    48    -6423.06    -16.0552    0.531857    7.16465    
1    92    49    -6422.1    -15.3423    0.530561    7.13575    
1    93    50    -6419.71    -15.0249    0.53369    7.12999    
1    95    51    -6419.46    -13.5698    0.531122    7.19804    
1    96    52    -6422.14    -14.502    0.534011    7.17558    
1    97    53    -6420.42    -14.6231    0.532593    7.21309    
1    100    54    -6421.03    -14.7679    0.534057    7.20798    
