#Task    Step    numberOfAcceptedPeleSteps    currentEnergy    BindingEnergy    sasaLig    distance_A43SG_L1S1    
1    0    0    -6212.22    -2.42195    0.519686    7.37367    
1    1    1    -6385.65    -20.272    0.518689    7.20515    
1    2    2    -6397.76    -21.4795    0.516543    7.15716    
1    3    3    -6411.59    -20.4277    0.527764    7.26174    
1    4    4    -6418.16    -19.9538    0.527625    7.19091    
1    7    5    -6416.16    -19.5753    0.526495    7.22866    
1    9    6    -6415.66    -20.112    0.530234    7.25813    
1    11    7    -6416.61    -19.9716    0.528446    7.2526    
1    12    8    -6420.33    -20.5975    0.532176    7.27665    
1    13    9    -6419.64    -19.9191    0.530465    7.25759    
1    17    10    -6420.76    -19.8855    0.532809    7.2833    
1    18    11    -6421.41    -19.8387    0.535716    7.27626    
1    19    12    -6423.93    -20.172    0.536267    7.30588    
1    21    13    -6423.35    -20.5275    0.537388    7.28021    
1    23    14    -6420.52    -19.2634    0.534284    7.24909    
1    24    15    -6422.1    -20.2642    0.533706    7.21225    
1    25    16    -6423.67    -20.3307    0.53443    7.22465    
1    26    17    -6424.32    -20.4843    0.533996    7.25514    
1    27    18    -6422.52    -20.2037    0.539544    7.24375    
1    28    19    -6422.72    -20.1211    0.534039    7.26295    
1    29    20    -6426.92    -20.7778    0.534318    7.26319    
1    30    21    -6422.91    -21.2926    0.532759    7.21246    
1    31    22    -6426.1    -20.5113    0.533039    7.24265    
1    32    23    -6426.5    -20.8242    0.533809    7.24489    
1    33    24    -6426.46    -20.5369    0.531365    7.20743    
1    34    25    -6427.18    -20.7577    0.530576    7.21308    
1    37    26    -6426.18    -20.8453    0.533001    7.23814    
1    39    27    -6425.45    -20.7552    0.534465    7.25281    
1    40    28    -6424.23    -19.4784    0.536134    7.20568    
1    41    29    -6425.54    -20.3007    0.533483    7.20874    
1    42    30    -6423.85    -21.0004    0.527027    7.00208    
1    43    31    -6425.81    -19.9899    0.529921    7.18985    
1    46    32    -6422.12    -20.0415    0.532903    7.2371    
1    47    33    -6426.24    -20.2178    0.531805    7.26409    
1    49    34    -6423.35    -20.8153    0.529734    7.25313    
1    51    35    -6424.19    -20.4347    0.530422    7.2745    
1    53    36    -6421.18    -20.4484    0.533996    7.28902    
1    55    37    -6419.83    -20.1824    0.535659    7.30785    
1    56    38    -6423.21    -20.5866    0.53212    7.22867    
1    59    39    -6424.13    -20.964    0.529329    7.23065    
1    66    40    -6424.36    -20.422    0.53435    7.26588    
1    67    41    -6426.04    -20.6325    0.530473    7.25845    
1    68    42    -6426.34    -20.8109    0.532158    7.25649    
1    70    43    -6425.24    -19.8276    0.532671    7.23954    
1    72    44    -6424.61    -20.4339    0.534469    7.26539    
1    73    45    -6424.44    -20.5898    0.533297    7.17189    
1    74    46    -6426.91    -20.6493    0.535513    7.21288    
1    81    47    -6426.03    -20.6795    0.532946    7.21586    
1    83    48    -6427.12    -20.4972    0.52789    7.28356    
1    85    49    -6424.17    -20.7711    0.53221    7.18302    
1    86    50    -6425.31    -20.8864    0.532261    7.23116    
1    87    51    -6426.8    -20.4764    0.531645    7.24221    
1    89    52    -6425.15    -20.2623    0.528948    7.26346    
1    90    53    -6426.29    -20.0448    0.530927    7.26697    
1    91    54    -6425.63    -20.8624    0.530223    7.23311    
1    92    55    -6427.61    -20.4095    0.530511    7.21634    
1    94    56    -6426.13    -20.1086    0.535754    7.04378    
1    95    57    -6427.83    -20.7897    0.532274    7.23023    
1    96    58    -6428.33    -20.2702    0.532791    7.23675    
1    97    59    -6426.78    -20.6702    0.53149    7.22758    
1    98    60    -6427.22    -20.7941    0.53286    7.20465    
1    99    61    -6428.07    -20.7919    0.528665    7.2412    
1    100    62    -6426.74    -20.2426    0.524286    7.0594    
