#Task    Step    numberOfAcceptedPeleSteps    currentEnergy    BindingEnergy    sasaLig    distance_A43SG_L1S1    
1    0    0    -6212.22    -2.42195    0.519686    7.37367    
1    1    1    -6387.11    -22.8587    0.497814    7.21848    
1    3    2    -6416.69    -27.9714    0.498158    7.24103    
1    5    3    -6422.01    -27.9901    0.499411    7.25312    
1    7    4    -6422.58    -27.8812    0.497187    7.25839    
1    11    5    -6423.88    -29.3465    0.496863    7.22468    
1    14    6    -6421.8    -27.9828    0.498532    7.18332    
1    16    7    -6421.52    -27.6812    0.49778    7.19566    
1    19    8    -6419.55    -26.9479    0.500703    7.28549    
1    20    9    -6422.84    -27.605    0.502496    7.27776    
1    21    10    -6423.18    -27.4295    0.501877    7.25868    
1    23    11    -6423.26    -27.6239    0.500704    7.25797    
1    25    12    -6411.26    -20.784    0.476817    7.09304    
1    26    13    -6414.83    -22.258    0.48382    7.04023    
1    27    14    -6418.03    -23.6067    0.492645    7.04644    
1    28    15    -6414.35    -25.3985    0.507089    6.94906    
1    29    16    -6412.72    -23.183    0.503529    6.90097    
1    30    17    -6411.67    -23.0454    0.505077    6.9079    
1    31    18    -6412.93    -23.4368    0.50492    6.94812    
1    34    19    -6412.87    -21.6316    0.506294    6.95324    
1    36    20    -6409.92    -18.5253    0.513007    6.8331    
1    37    21    -6410.2    -19.2168    0.511156    6.83973    
1    38    22    -6417    -19.7888    0.51199    6.49215    
1    39    23    -6418.77    -19.3461    0.511984    6.92365    
1    41    24    -6416.23    -19.0428    0.511377    6.96005    
1    42    25    -6415.95    -19.2945    0.509432    7.05562    
1    44    26    -6420.62    -19.7414    0.51052    6.95827    
1    45    27    -6416.82    -19.9103    0.508413    6.97764    
1    46    28    -6420.27    -20.5873    0.508341    6.96955    
1    49    29    -6419.87    -18.1039    0.514005    6.89651    
1    51    30    -6427.41    -16.6241    0.520603    6.92413    
1    56    31    -6423.64    -19.8997    0.517841    6.91335    
1    60    32    -6421.72    -9.10458    0.529227    7.4266    
1    61    33    -6418.22    -8.78143    0.529909    7.4358    
1    62    34    -6423.01    -8.18513    0.534282    7.47119    
1    63    35    -6422.91    -8.76671    0.533118    7.46649    
1    65    36    -6420.13    -8.66926    0.533744    7.43909    
1    66    37    -6422.48    -8.90632    0.532817    7.41867    
1    71    38    -6423.34    -9.19909    0.533513    7.40941    
1    78    39    -6421.48    -9.17225    0.531841    7.43106    
1    79    40    -6421.88    -8.38172    0.534429    7.433    
1    80    41    -6421.64    -8.43644    0.534229    7.43086    
1    81    42    -6419.5    -8.59751    0.533637    7.41702    
1    83    43    -6421.05    -8.15964    0.535227    7.40166    
1    85    44    -6418.81    -9.39206    0.534466    7.38561    
1    86    45    -6417.67    -9.06495    0.531244    7.41697    
1    89    46    -6417.96    -9.51323    0.532572    7.37503    
1    91    47    -6418.46    -4.68534    0.551885    7.39529    
1    93    48    -6418.93    -8.09284    0.545383    7.58433    
1    94    49    -6420.4    -7.36441    0.547777    7.62078    
1    97    50    -6419.18    -8.06884    0.544174    7.64784    
1    99    51    -6419.53    -8.30239    0.54399    7.63258    
