#Task    Step    numberOfAcceptedPeleSteps    currentEnergy    BindingEnergy    sasaLig    distance_A43SG_L1S1    
1    0    0    -6212.22    -2.42195    0.519686    7.37367    
1    1    1    -6389.16    -20.8114    0.50171    7.20717    
1    2    2    -6406.37    -21.6785    0.522553    7.14539    
1    3    3    -6405.45    -11.1279    0.539956    7.19203    
1    4    4    -6405.74    -14.1994    0.539991    7.10899    
1    5    5    -6410.46    -16.5934    0.525727    7.01976    
1    7    6    -6415.12    -15.9352    0.530575    7.23034    
1    10    7    -6416.27    -16.8675    0.531303    7.22724    
1    14    8    -6417.94    -15.4603    0.531705    7.23462    
1    19    9    -6419.49    -16.4252    0.529982    7.29614    
1    23    10    -6417.49    -16.903    0.52722    7.29077    
1    24    11    -6418.78    -17.4016    0.526929    7.29274    
1    29    12    -6416.43    -17.0047    0.528048    7.25829    
1    30    13    -6414.8    -16.9541    0.528069    7.22569    
1    31    14    -6416.43    -16.7091    0.526705    7.23963    
1    32    15    -6415.55    -16.6047    0.526001    7.23744    
1    33    16    -6420.76    -16.2683    0.530189    7.22037    
1    35    17    -6421.94    -15.3802    0.530493    7.25855    
1    36    18    -6423.18    -15.2591    0.530941    7.27811    
1    38    19    -6422.85    -16.3649    0.529549    7.26954    
1    39    20    -6423.12    -16.1925    0.529064    7.2418    
1    45    21    -6415.94    -15.8239    0.527642    7.25327    
1    46    22    -6420.19    -15.6754    0.5322    7.27249    
1    47    23    -6420.88    -15.8056    0.532363    7.29193    
1    48    24    -6421.83    -15.633    0.531917    7.28038    
1    49    25    -6420.36    -15.4752    0.529129    7.19079    
1    50    26    -6417.69    -16.4144    0.530789    7.21906    
1    51    27    -6421.13    -15.3733    0.534387    7.24358    
1    52    28    -6422.87    -15.4507    0.532939    7.27564    
1    53    29    -6420.92    -16.3213    0.530464    7.14012    
1    54    30    -6420.97    -15.9661    0.530534    7.18769    
1    55    31    -6420.89    -15.6279    0.530763    7.23127    
1    57    32    -6421.19    -16.7814    0.529383    7.24737    
1    62    33    -6416.95    -15.9951    0.529457    7.25338    
1    63    34    -6420.52    -14.5526    0.534914    7.29815    
1    64    35    -6422.69    -16.214    0.532861    7.29013    
1    68    36    -6422.76    -15.8486    0.533218    7.28126    
1    71    37    -6422.46    -16.1272    0.531528    7.26096    
1    72    38    -6419.66    -16.3973    0.530305    7.25486    
1    73    39    -6419.69    -15.8755    0.531653    7.27435    
1    74    40    -6419.52    -16.363    0.536298    7.22291    
1    75    41    -6420.68    -16.3262    0.530416    7.26111    
1    77    42    -6420.36    -16.2656    0.531275    7.25846    
1    80    43    -6420.77    -17.0439    0.53154    7.1675    
1    82    44    -6422.08    -16.5424    0.529925    7.25009    
1    87    45    -6422.21    -16.1411    0.529435    7.22634    
1    90    46    -6420.86    -16.3097    0.530388    7.25415    
1    92    47    -6421.98    -16.641    0.531255    7.21019    
1    96    48    -6420.66    -16.8142    0.527845    7.10108    
1    97    49    -6416.38    -17.1806    0.528165    7.23398    
1    98    50    -6418.72    -16.7618    0.526972    7.24063    
1    99    51    -6416.48    -16.5619    0.524247    7.21987    
1    100    52    -6420.58    -17.447    0.525997    7.25451    
