#Task    Step    numberOfAcceptedPeleSteps    currentEnergy    BindingEnergy    sasaLig    distance_A43SG_L1S1    
1    0    0    -6212.22    -2.42195    0.519686    7.37367    
1    1    1    -6398.35    -23.5201    0.497441    7.21238    
1    2    2    -6410.65    -24.961    0.488949    7.23159    
1    3    3    -6413.17    -24.7945    0.499264    6.92564    
1    4    4    -6411.02    -23.5962    0.499244    6.81032    
1    5    5    -6409.6    -23.6916    0.49603    6.78644    
1    8    6    -6412.25    -24.476    0.499177    6.83207    
1    11    7    -6412.15    -23.9769    0.495036    6.87729    
1    12    8    -6412.02    -24.1197    0.495987    6.8869    
1    17    9    -6409.84    -24.0975    0.490215    6.87635    
1    19    10    -6412.29    -18.1723    0.519399    6.8178    
1    20    11    -6412.08    -18.8401    0.516932    6.60465    
1    21    12    -6412.85    -18.3925    0.517912    6.72782    
1    22    13    -6415.75    -17.9963    0.517353    6.73829    
1    23    14    -6417.1    -18.0479    0.516634    6.77044    
1    24    15    -6417.49    -18.7408    0.51537    6.76956    
1    26    16    -6413.64    -18.0365    0.519731    6.85994    
1    27    17    -6414.26    -19.9567    0.51481    6.85181    
1    28    18    -6418.61    -19.28    0.51626    6.84647    
1    30    19    -6418.05    -19.1293    0.513567    6.83337    
1    31    20    -6420.21    -20.2268    0.517854    6.85881    
1    32    21    -6421.43    -19.1692    0.515798    6.86656    
1    33    22    -6417.59    -20.2757    0.516008    6.68663    
1    35    23    -6419.1    -19.6873    0.517253    6.80789    
1    36    24    -6418.92    -19.9675    0.516097    6.8481    
1    38    25    -6419.01    -19.88    0.516091    6.8119    
1    40    26    -6418.54    -20.1029    0.515254    6.85415    
1    43    27    -6416.1    -18.5303    0.518047    6.9189    
1    46    28    -6419.04    -19.8069    0.517436    6.90655    
1    47    29    -6418.9    -18.9774    0.512927    6.87745    
1    49    30    -6415.88    -20.2187    0.515464    6.95149    
1    51    31    -6417.75    -21.2023    0.518146    6.8893    
1    56    32    -6418.03    -20.4602    0.518042    6.89465    
1    59    33    -6417.7    -20.7517    0.517237    6.90021    
1    60    34    -6417.38    -20.4004    0.518789    6.88791    
1    63    35    -6417.38    -20.8212    0.518179    6.89441    
1    66    36    -6417.45    -19.834    0.518163    6.92681    
1    67    37    -6417.27    -20.2471    0.517584    6.89354    
1    69    38    -6412.85    -21.1651    0.515788    6.97205    
1    70    39    -6406.7    -11.376    0.506598    7.17709    
1    72    40    -6409.97    -12.8206    0.50382    7.02486    
1    73    41    -6407.51    -14.9161    0.500542    6.96926    
1    74    42    -6409.6    -14.8623    0.501438    6.96691    
1    75    43    -6413.66    -14.9917    0.501711    6.94706    
1    77    44    -6411.46    -15.716    0.503491    6.99896    
1    78    45    -6411.51    -14.11    0.498335    6.93788    
1    79    46    -6413.79    -15.8732    0.503419    6.9094    
1    80    47    -6412.94    -18.7944    0.509963    7.88549    
1    81    48    -6413.24    -17.5595    0.514386    7.91436    
1    82    49    -6412.71    -19.0053    0.519645    7.87187    
1    83    50    -6414.21    -19.7338    0.519273    7.89487    
1    84    51    -6414.76    -18.891    0.518268    7.88227    
1    85    52    -6416.44    -18.7635    0.5148    7.82162    
1    86    53    -6416.36    -18.8361    0.515912    7.78787    
1    89    54    -6414.14    -18.8516    0.520074    7.82541    
1    92    55    -6413.95    -17.518    0.51843    7.84418    
1    93    56    -6411.45    -22.7815    0.520014    7.01717    
1    94    57    -6415.93    -23.1322    0.523114    7.03559    
1    99    58    -6414.8    -23.449    0.522353    7.02281    
1    100    59    -6415.1    -23.4745    0.522683    7.01855    
