#Task    Step    numberOfAcceptedPeleSteps    currentEnergy    BindingEnergy    sasaLig    distance_A43SG_L1S1    
1    0    0    -6212.22    -2.42195    0.519686    7.37367    
1    1    1    -6406.38    -21.3784    0.527229    7.20995    
1    3    2    -6405.77    -17.5327    0.526332    7.45187    
1    4    3    -6416.58    -19.935    0.530368    7.34776    
1    5    4    -6419.17    -19.602    0.527251    7.25485    
1    6    5    -6424.41    -20.1225    0.529675    7.22777    
1    7    6    -6425.76    -20.183    0.530999    7.2503    
1    8    7    -6427.29    -19.9377    0.53367    7.27107    
1    12    8    -6423.27    -19.9361    0.529167    7.29359    
1    13    9    -6427.46    -20.2723    0.530061    7.28764    
1    14    10    -6426.45    -19.9178    0.53234    7.28444    
1    18    11    -6427.36    -20.3293    0.530557    7.26994    
1    21    12    -6426.38    -20.4908    0.532372    7.19923    
1    23    13    -6424.23    -20.511    0.536155    7.24924    
1    25    14    -6418.58    -19.8329    0.537606    7.81549    
1    26    15    -6420.28    -20.4088    0.540808    7.92094    
1    27    16    -6421.9    -20.6352    0.54133    7.92278    
1    28    17    -6422.11    -20.9497    0.540947    7.92581    
1    33    18    -6423.38    -21.5824    0.541708    7.92822    
1    34    19    -6423.36    -20.9082    0.541249    7.91511    
1    37    20    -6422.06    -21.1053    0.538583    7.91428    
1    39    21    -6422.2    -20.5927    0.542062    7.92004    
1    40    22    -6420.12    -21.0671    0.537197    7.85026    
1    41    23    -6419.44    -20.6829    0.541808    7.93645    
1    42    24    -6421.5    -20.6833    0.540478    7.94848    
1    43    25    -6420.45    -14.6649    0.544688    7.9349    
1    45    26    -6418.93    -14.5975    0.546595    7.97191    
1    46    27    -6417.74    -13.4626    0.546283    7.91047    
1    47    28    -6419.02    -14.5731    0.543454    7.9513    
1    48    29    -6418.93    -14.5781    0.546076    7.93444    
1    49    30    -6420.31    -15.947    0.547694    7.93803    
1    50    31    -6419.13    -15.9232    0.546824    7.92134    
1    51    32    -6421.23    -15.5526    0.548502    7.92023    
1    53    33    -6418.05    -15.3192    0.549136    7.93245    
1    55    34    -6417.61    -14.444    0.556178    7.93325    
1    56    35    -6418.24    -16.148    0.548831    7.89309    
1    58    36    -6421.47    -16.0264    0.548915    7.90932    
1    59    37    -6421.09    -15.9811    0.549271    7.89349    
1    60    38    -6421.37    -15.8986    0.549369    7.90357    
1    65    39    -6419.92    -15.9043    0.54913    7.90296    
1    70    40    -6421.78    -16.5512    0.549761    7.89553    
1    76    41    -6421.6    -16.0248    0.549744    7.89212    
1    78    42    -6422.08    -16.1151    0.548315    7.91347    
1    79    43    -6420.3    -16.2578    0.550064    7.90325    
1    80    44    -6418.88    -16.1834    0.548994    7.88492    
1    81    45    -6418.6    -16.0175    0.550358    7.90144    
1    83    46    -6419.61    -16.3742    0.54823    7.91544    
1    84    47    -6419.06    -15.7374    0.550177    7.84863    
1    85    48    -6418.67    -16.0109    0.550066    7.87003    
1    89    49    -6415.54    -13.7498    0.5468    7.75956    
1    92    50    -6418.05    -15.7082    0.549026    7.84111    
1    93    51    -6416.81    -15.3331    0.550075    7.90549    
1    94    52    -6417.97    -15.7374    0.548716    7.83217    
1    95    53    -6419.41    -15.5732    0.551008    7.86451    
1    96    54    -6419.19    -15.7976    0.549619    7.90715    
1    97    55    -6408.19    -10.6091    0.539751    7.7183    
1    98    56    -6409.5    -11.7376    0.54191    7.7518    
1    100    57    -6406.42    -11.599    0.539645    7.728    
