#Task    Step    numberOfAcceptedPeleSteps    currentEnergy    BindingEnergy    sasaLig    distance_A43SG_L1S1    
1    0    0    -6212.22    -2.42195    0.519686    7.37367    
1    1    1    -6402.29    -21.0431    0.525607    7.19666    
1    2    2    -6406.94    -18.7397    0.526745    7.15576    
1    3    3    -6414.29    -21.8526    0.52594    7.19463    
1    4    4    -6413.28    -22.2973    0.524584    7.12236    
1    5    5    -6410.27    -14.5613    0.527042    7.18061    
1    6    6    -6414.95    -15.3708    0.529621    7.20894    
1    7    7    -6416.5    -15.2096    0.530947    7.23871    
1    8    8    -6417.75    -15.7967    0.528597    7.22616    
1    9    9    -6418.59    -15.432    0.530626    7.2519    
1    10    10    -6420.84    -15.7242    0.530103    7.18146    
1    11    11    -6420.43    -16.1799    0.529802    7.25733    
1    12    12    -6421.18    -16.6094    0.526845    7.22617    
1    14    13    -6420.56    -17.3677    0.526132    7.24905    
1    17    14    -6419.34    -18.6387    0.524904    7.16689    
1    18    15    -6419.31    -18.751    0.527553    7.1459    
1    19    16    -6418.96    -19.5417    0.52635    7.16813    
1    20    17    -6416.73    -20.8936    0.5245    7.21316    
1    21    18    -6416.71    -20.3103    0.521838    7.15448    
1    22    19    -6419.09    -21.0368    0.522763    7.15792    
1    24    20    -6420.97    -21.4423    0.523468    7.17827    
1    25    21    -6419.75    -20.6709    0.516051    7.1091    
1    26    22    -6421.07    -20.4925    0.51836    7.13193    
1    27    23    -6421.04    -21.9992    0.529082    7.20135    
1    28    24    -6423.82    -20.9947    0.531301    7.18889    
1    30    25    -6422.15    -21.4423    0.530677    7.19124    
1    35    26    -6422.44    -21.0762    0.533301    7.23416    
1    37    27    -6420.69    -21.5174    0.534229    7.17384    
1    38    28    -6416.64    -20.1878    0.535104    7.1412    
1    39    29    -6419.02    -21.1991    0.531767    7.18038    
1    41    30    -6419.95    -20.7346    0.533572    7.19713    
1    43    31    -6421.37    -21.0091    0.532801    7.22255    
1    44    32    -6421.36    -20.7783    0.533072    7.20713    
1    46    33    -6421.14    -20.8683    0.532291    7.2395    
1    49    34    -6410.81    -16.5209    0.531004    6.66982    
1    50    35    -6411.82    -16.8751    0.53062    6.73984    
1    51    36    -6409.24    -16.6882    0.527986    6.9053    
1    52    37    -6409.92    -16.5755    0.525164    6.95278    
1    53    38    -6414.04    -16.2184    0.52781    6.9572    
1    54    39    -6413.25    -17.1759    0.526456    6.98371    
1    55    40    -6415.41    -17.4164    0.525812    7.02221    
1    57    41    -6412.95    -15.8725    0.527238    6.95821    
1    59    42    -6414.39    -15.7035    0.528425    6.94188    
1    62    43    -6413.91    -16.2984    0.526943    6.9545    
1    64    44    -6408.83    -16.5776    0.520547    6.63685    
1    65    45    -6411.08    -16.6476    0.526182    6.90911    
1    67    46    -6412.64    -15.8832    0.523435    6.90397    
1    71    47    -6409.53    -14.552    0.51648    6.97627    
1    72    48    -6407.1    -14.0147    0.512847    6.98007    
1    73    49    -6408.98    -14.3137    0.519102    6.92584    
1    74    50    -6412.73    -15.1491    0.516331    6.97155    
1    75    51    -6413.33    -14.944    0.517931    6.96743    
1    76    52    -6413.67    -14.3802    0.516816    6.95027    
1    78    53    -6414.41    -14.3834    0.518486    6.94302    
1    81    54    -6412.04    -14.3041    0.516621    6.97607    
1    82    55    -6413.34    -15.1119    0.517906    6.94881    
1    83    56    -6412.66    -13.3457    0.518089    6.88872    
1    86    57    -6413.67    -17.9064    0.512909    7.12981    
1    88    58    -6418.38    -17.9627    0.511628    7.13964    
1    89    59    -6417.49    -18.3431    0.512222    7.16633    
1    91    60    -6417.76    -18.5957    0.514824    7.17606    
1    92    61    -6418.46    -19.2589    0.517463    7.18531    
1    95    62    -6417.67    -19.6855    0.515592    7.16011    
1    97    63    -6417.32    -22.5036    0.50849    7.17764    
