#Task    Step    numberOfAcceptedPeleSteps    currentEnergy    BindingEnergy    sasaLig    distance_A43SG_L1S1    
1    0    0    -6212.22    -2.42195    0.519686    7.37367    
1    1    1    -6403.75    -20.0637    0.51135    7.22783    
1    3    2    -6403.09    -21.534    0.515699    7.1216    
1    4    3    -6411.8    -21.237    0.513887    7.1636    
1    8    4    -6412.59    -21.7719    0.516314    7.16974    
1    10    5    -6411.09    -21.15    0.51603    7.17667    
1    11    6    -6396.81    -22.1092    0.514012    7.37303    
1    13    7    -6411.39    -22.7245    0.513699    7.22791    
1    16    8    -6412.05    -22.5993    0.514123    7.23777    
1    17    9    -6414.24    -23.1805    0.513224    7.18851    
1    18    10    -6415.05    -23.1765    0.51211    7.05122    
1    21    11    -6416.2    -22.3706    0.495595    6.99206    
1    25    12    -6418.5    -23.9499    0.508942    7.16669    
1    26    13    -6418.5    -22.8298    0.509898    7.18413    
1    27    14    -6418.88    -23.9748    0.508219    7.1674    
1    29    15    -6419    -24.0116    0.5035    7.16154    
1    30    16    -6416.48    -23.4399    0.505997    7.10636    
1    31    17    -6415.02    -24.0556    0.510143    7.14349    
1    33    18    -6420.11    -23.5801    0.511162    7.15041    
1    35    19    -6419.7    -23.8581    0.509314    7.15872    
1    37    20    -6418.67    -23.7722    0.51178    7.14273    
1    39    21    -6418.84    -24.4374    0.510745    7.15976    
1    42    22    -6419.74    -23.3059    0.512003    7.13782    
1    43    23    -6418.49    -23.2552    0.511728    7.12978    
1    47    24    -6416.5    -23.8982    0.510558    7.14881    
1    48    25    -6417.84    -22.9115    0.513586    7.16798    
1    50    26    -6416.52    -22.4377    0.51338    7.17998    
1    51    27    -6416.72    -23.5467    0.510267    7.19759    
1    52    28    -6418.52    -23.4995    0.513085    7.17205    
1    53    29    -6417.1    -23.2103    0.507298    7.159    
1    54    30    -6416.62    -23.109    0.507818    7.13591    
1    55    31    -6415.58    -23.4083    0.509446    7.13673    
1    57    32    -6413.9    -22.7837    0.50616    7.1325    
1    58    33    -6416.18    -22.9032    0.51799    7.14854    
1    59    34    -6417.36    -22.8027    0.512616    7.13605    
1    60    35    -6414.05    -23.2149    0.510965    7.09258    
1    62    36    -6417.16    -23.5542    0.507075    7.13583    
1    64    37    -6415.64    -23.4586    0.508074    7.15537    
1    65    38    -6414.28    -23.1366    0.50803    7.1496    
1    66    39    -6414.09    -24.3076    0.506013    7.10379    
1    70    40    -6415.16    -23.4297    0.510185    7.12127    
1    71    41    -6414.75    -23.9684    0.507571    7.13452    
1    74    42    -6419.26    -23.6321    0.509846    7.1725    
1    76    43    -6417.87    -23.4498    0.509934    7.13938    
1    78    44    -6416.87    -23.5017    0.508678    7.0043    
1    79    45    -6417.75    -23.7641    0.509621    7.12874    
1    82    46    -6417.52    -22.9894    0.509344    7.20417    
1    83    47    -6418.01    -23.5753    0.509432    7.15605    
1    84    48    -6411.29    -12.6626    0.523876    7.13808    
1    86    49    -6410.17    -12.6523    0.525396    7.13547    
1    87    50    -6417.83    -23.7987    0.509495    7.14239    
1    93    51    -6414.59    -22.876    0.50925    7.12278    
1    94    52    -6416.49    -23.2703    0.507425    7.11444    
1    97    53    -6417.08    -24.1119    0.509256    7.1534    
1    99    54    -6416.75    -23.8596    0.509389    7.14042    
1    100    55    -6419.01    -23.9606    0.510372    7.13473    
