#Task    Step    numberOfAcceptedPeleSteps    currentEnergy    BindingEnergy    sasaLig    distance_A43SG_L1S1    
1    0    0    -6212.22    -2.42195    0.519686    7.37367    
1    1    1    -6418.92    -22.3187    0.530991    7.22756    
1    3    2    -6416.62    -21.6393    0.527686    7.22758    
1    4    3    -6422.42    -22.6983    0.529585    7.22509    
1    5    4    -6422.89    -22.4677    0.527235    7.23012    
1    11    5    -6423.06    -20.9927    0.525651    7.20537    
1    13    6    -6423.26    -21.079    0.526182    7.19805    
1    14    7    -6424.97    -20.5838    0.527689    7.20091    
1    15    8    -6426.24    -21.1242    0.527941    7.22778    
1    18    9    -6423.67    -22.1744    0.521683    7.12651    
1    19    10    -6425.8    -21.5437    0.524875    7.19303    
1    20    11    -6423.63    -21.2581    0.525248    7.19584    
1    21    12    -6422.17    -21.0077    0.528433    7.20019    
1    22    13    -6424.92    -21.2592    0.528642    7.19907    
1    23    14    -6425.56    -20.8801    0.527787    7.24208    
1    24    15    -6425.88    -21.0268    0.528187    7.19086    
1    26    16    -6424.17    -21.0909    0.53067    7.20928    
1    27    17    -6425.29    -21.2359    0.529098    7.25884    
1    33    18    -6421.99    -21.5489    0.527302    7.16515    
1    34    19    -6422.03    -21.0459    0.524183    7.1388    
1    35    20    -6422.48    -21.6875    0.525988    7.19192    
1    36    21    -6423.89    -22.1686    0.527448    7.20376    
1    37    22    -6422.09    -21.872    0.521881    7.21062    
1    38    23    -6423.14    -20.5469    0.525424    7.18374    
1    39    24    -6424.41    -21.4221    0.523182    7.23873    
1    44    25    -6424.38    -21.5292    0.524217    7.22079    
1    47    26    -6420.32    -21.6271    0.524509    7.20891    
1    48    27    -6427.6    -21.9197    0.527116    7.20693    
1    50    28    -6426.16    -21.3035    0.527484    7.19222    
1    51    29    -6424.89    -21.8619    0.528294    7.22804    
1    54    30    -6424.67    -21.914    0.52514    7.20662    
1    55    31    -6423.77    -21.1768    0.52371    7.19938    
1    56    32    -6422.05    -21.939    0.523926    7.07158    
1    57    33    -6423.78    -21.9834    0.523536    7.20677    
1    59    34    -6423.72    -20.7895    0.522132    7.23405    
1    60    35    -6423.51    -20.7661    0.521178    7.21981    
1    64    36    -6421.42    -20.9588    0.526589    7.18337    
1    65    37    -6420.55    -21.0919    0.5255    7.17545    
1    67    38    -6425.52    -21.3006    0.524626    7.18268    
1    74    39    -6425.75    -20.9137    0.524142    7.17615    
1    78    40    -6425.02    -21.7564    0.523584    6.97236    
1    80    41    -6425.57    -21.9279    0.523052    7.0976    
1    85    42    -6418.98    -21.1445    0.525893    7.17511    
1    87    43    -6421.71    -20.589    0.525273    7.14387    
1    90    44    -6423.72    -21.3834    0.523905    7.17036    
1    91    45    -6420.47    -21.4134    0.523333    7.17988    
1    92    46    -6418.86    -21.2324    0.522447    7.18909    
1    93    47    -6419.64    -21.1744    0.525119    7.1759    
1    94    48    -6422.4    -21.6014    0.524447    7.17011    
1    95    49    -6422.26    -21.2426    0.519505    7.20879    
1    96    50    -6422.76    -21.4325    0.526677    7.20665    
1    98    51    -6423.02    -20.4026    0.522756    7.19337    
1    100    52    -6423.41    -21.028    0.526475    7.15381    
