#Task    Step    numberOfAcceptedPeleSteps    currentEnergy    BindingEnergy    sasaLig    distance_A43SG_L1S1    
1    0    0    -6212.22    -2.42195    0.519686    7.37367    
1    1    1    -6398.97    -20.4242    0.519719    7.23912    
1    2    2    -6407.56    -21.0766    0.522644    7.22819    
1    3    3    -6414.04    -21.2186    0.523976    7.1474    
1    4    4    -6416.81    -20.996    0.51928    7.1304    
1    6    5    -6418.49    -21.0333    0.523711    7.1915    
1    7    6    -6420.44    -20.4002    0.523039    7.23455    
1    9    7    -6419.95    -20.8819    0.523446    7.22381    
1    11    8    -6419.68    -12.459    0.542152    7.1913    
1    14    9    -6412.49    -12.6661    0.54065    7.16795    
1    15    10    -6421.44    -13.4586    0.542108    7.2111    
1    21    11    -6418.91    -12.9721    0.541996    7.17896    
1    22    12    -6419.81    -13.172    0.543083    7.18615    
1    23    13    -6418.63    -13.0547    0.541297    7.20016    
1    24    14    -6414.38    -13.158    0.542362    7.20868    
1    25    15    -6415.11    -12.7693    0.543815    7.18334    
1    26    16    -6417.76    -13.2132    0.543531    7.23399    
1    27    17    -6417.82    -12.1234    0.544279    7.32321    
1    28    18    -6418.57    -12.5791    0.544219    7.26978    
1    29    19    -6416.99    -12.7207    0.543022    7.17734    
1    31    20    -6417.89    -12.6008    0.545423    7.25162    
1    32    21    -6419.84    -13.2055    0.547245    7.21746    
1    33    22    -6415.56    -12.9969    0.543944    7.2083    
1    34    23    -6417.57    -12.9289    0.545938    7.21908    
1    36    24    -6418.74    -12.8392    0.543737    7.24835    
1    39    25    -6418.52    -12.9621    0.545904    7.22462    
1    44    26    -6417.99    -13.0002    0.544817    7.21844    
1    45    27    -6417.8    -13.2718    0.545225    7.20975    
1    46    28    -6415.03    -12.6903    0.537878    7.20417    
1    47    29    -6414.48    -9.89074    0.553235    7.31377    
1    48    30    -6417.69    -11.6575    0.548171    7.22984    
1    50    31    -6418.1    -12.4032    0.547254    7.24264    
1    56    32    -6418.41    -12.5807    0.546381    7.19827    
1    58    33    -6418.13    -13.0178    0.545118    7.23003    
1    60    34    -6418.16    -12.7527    0.546814    7.24117    
1    61    35    -6417.81    -12.8289    0.54662    7.22759    
1    62    36    -6411.85    -13.7188    0.534183    7.11218    
1    63    37    -6417.15    -13.5207    0.544509    7.22357    
1    64    38    -6419.23    -13.5318    0.545034    7.20998    
1    65    39    -6417.24    -21.2039    0.523631    7.11557    
1    66    40    -6422.26    -20.8639    0.526546    7.16234    
1    68    41    -6422.36    -20.9245    0.52658    7.18485    
1    69    42    -6412.31    -20.3998    0.524482    7.2302    
1    72    43    -6412.59    -20.1074    0.520235    7.23101    
1    73    44    -6415.94    -19.4881    0.51887    7.21251    
1    74    45    -6417.69    -19.6788    0.521569    7.16303    
1    75    46    -6418.2    -19.2534    0.521544    7.18002    
1    76    47    -6419.13    -19.9403    0.52203    7.19754    
1    78    48    -6419.96    -20.6033    0.520275    7.08583    
1    79    49    -6419.57    -20.0616    0.518494    7.25654    
1    81    50    -6420.62    -20.3695    0.52015    7.18421    
1    84    51    -6419.74    -19.7394    0.5226    7.2002    
1    87    52    -6418.62    -19.4663    0.52019    7.20327    
1    88    53    -6419.92    -19.3637    0.522546    7.15618    
1    91    54    -6419.56    -19.296    0.52187    7.22012    
1    95    55    -6420    -19.5141    0.521892    7.22092    
1    97    56    -6418.54    -19.0602    0.520481    7.20456    
1    98    57    -6418.51    -20.318    0.519879    7.1559    
1    99    58    -6412.89    -15.5946    0.51607    6.98014    
1    100    59    -6412.04    -15.9203    0.517894    6.98274    
