#Task    Step    numberOfAcceptedPeleSteps    currentEnergy    BindingEnergy    sasaLig    distance_A43SG_L1S1    
1    0    0    -6212.22    -2.42195    0.519686    7.37367    
1    1    1    -6384.37    -19.9098    0.507691    7.20826    
1    3    2    -6383.39    -13.3138    0.525569    6.85157    
1    4    3    -6408.09    -15.4789    0.526789    6.92557    
1    6    4    -6410.54    -16.6248    0.524318    6.92151    
1    8    5    -6411.53    -16.4461    0.525348    6.91969    
1    10    6    -6405.3    -14.5885    0.524174    6.75858    
1    11    7    -6413.74    -15.5791    0.525982    7.10564    
1    13    8    -6413.24    -15.5632    0.525915    7.09617    
1    14    9    -6415.03    -15.5671    0.526439    7.07249    
1    15    10    -6414.08    -15.8237    0.526358    7.14674    
1    16    11    -6414.65    -16.9963    0.52527    7.10897    
1    17    12    -6419.48    -16.7561    0.525592    7.10918    
1    19    13    -6419.27    -16.3632    0.529596    7.06408    
1    20    14    -6419.29    -17.1703    0.529614    6.91826    
1    21    15    -6420.06    -16.4194    0.530484    6.94419    
1    23    16    -6420.37    -16.2651    0.529308    6.97911    
1    26    17    -6419.98    -17.1761    0.528043    6.99988    
1    30    18    -6420.23    -16.4771    0.529132    6.96466    
1    32    19    -6419.13    -15.0755    0.530436    6.97185    
1    34    20    -6419.74    -16.0348    0.530717    6.88743    
1    35    21    -6420.07    -16.2465    0.532183    6.96558    
1    46    22    -6419.75    -16.0031    0.531786    6.98266    
1    52    23    -6419.8    -16.1068    0.532111    6.97776    
1    53    24    -6418.87    -16.1399    0.533423    6.9904    
1    54    25    -6418.16    -16.0827    0.531398    6.906    
1    55    26    -6419.58    -17.1439    0.531995    6.96304    
1    57    27    -6417.59    -16.4663    0.528808    6.95672    
1    58    28    -6416.38    -16.0543    0.533792    6.98478    
1    59    29    -6417.34    -15.8515    0.530311    6.95312    
1    61    30    -6418.35    -15.5932    0.533413    7.00648    
1    62    31    -6418.54    -15.2462    0.532357    6.97541    
1    63    32    -6419.23    -15.6358    0.531726    6.97274    
1    64    33    -6418.83    -16.0939    0.531393    6.97864    
1    67    34    -6417.51    -15.6973    0.531097    6.78744    
1    68    35    -6414.71    -19.6386    0.536296    7.30756    
1    69    36    -6421.46    -19.3718    0.540685    7.3767    
1    70    37    -6419.77    -19.0006    0.53473    7.27658    
1    71    38    -6418.18    -19.5571    0.535067    7.3304    
1    72    39    -6422.22    -19.0245    0.532622    7.34317    
1    74    40    -6425.65    -19.2403    0.531653    7.32452    
1    75    41    -6417.44    -14.9151    0.538957    7.04761    
1    76    42    -6423.26    -14.6739    0.54185    7.05582    
1    77    43    -6425.24    -14.9857    0.542689    7.06604    
1    78    44    -6428.17    -14.7281    0.542219    7.06043    
1    80    45    -6428.18    -14.3486    0.543005    7.04827    
1    81    46    -6425.43    -14.851    0.543178    7.07048    
1    82    47    -6425.71    -15.6011    0.54251    7.08432    
1    83    48    -6426.86    -14.2651    0.543254    7.09672    
1    86    49    -6426.55    -13.9443    0.543753    7.08131    
1    98    50    -6426.96    -14.7169    0.544306    7.06467    
1    99    51    -6426.62    -14.4465    0.541788    7.08717    
