#Task    Step    numberOfAcceptedPeleSteps    currentEnergy    BindingEnergy    sasaLig    distance_A43SG_L1S1    
1    0    0    -6212.22    -2.42195    0.519686    7.37367    
1    1    1    -6413.32    -28.2393    0.485302    7.02121    
1    7    2    -6399.26    -29.6644    0.490069    7.0538    
1    8    3    -6415.38    -29.973    0.48423    6.83584    
1    11    4    -6422.73    -30.2179    0.486777    7.00509    
1    23    5    -6423.01    -29.8568    0.484193    7.00856    
1    35    6    -6419.94    -29.726    0.490527    6.98112    
1    39    7    -6418.73    -29.9334    0.480679    7.06582    
1    40    8    -6422.23    -30.3795    0.479359    6.98412    
1    44    9    -6418.84    -30.1281    0.47785    7.0051    
1    45    10    -6420.18    -31.8021    0.479423    6.99218    
1    46    11    -6419.05    -31.4426    0.474292    6.82854    
1    48    12    -6416.17    -30.1291    0.468082    6.88144    
1    49    13    -6420.78    -32.2274    0.476447    6.97616    
1    53    14    -6415.91    -30.9157    0.478568    7.01192    
1    54    15    -6413.78    -31.3722    0.477772    6.99767    
1    55    16    -6416.21    -31.2898    0.477914    7.01018    
1    56    17    -6421.01    -30.7612    0.483052    7.01672    
1    57    18    -6417.45    -31.4875    0.478906    7.02957    
1    58    19    -6420.46    -31.9354    0.479727    7.0329    
1    59    20    -6421.75    -31.7712    0.478089    6.97287    
1    60    21    -6421.86    -32.0899    0.477131    6.97765    
1    61    22    -6422.93    -32.3723    0.477888    6.96105    
1    62    23    -6422.52    -32.0552    0.477109    6.96879    
1    65    24    -6422.56    -32.6462    0.477669    6.98226    
1    71    25    -6421.68    -31.5392    0.475685    6.97078    
1    72    26    -6422.31    -28.2501    0.488813    7.18422    
1    73    27    -6424.06    -28.9038    0.493563    7.25523    
1    75    28    -6424.53    -29.2182    0.493215    7.23394    
1    76    29    -6425.28    -28.7245    0.49374    7.32166    
1    77    30    -6424.98    -31.473    0.494086    7.28622    
1    79    31    -6426.31    -29.8172    0.493471    7.24999    
1    80    32    -6426.94    -29.6929    0.494884    7.23965    
1    81    33    -6425.44    -29.315    0.495284    7.22548    
1    86    34    -6427.45    -29.7781    0.489034    7.19903    
1    90    35    -6421.66    -29.7281    0.488399    7.22824    
1    91    36    -6422.19    -25.5007    0.497309    7.22718    
1    92    37    -6424.28    -25.8622    0.503959    7.24199    
1    94    38    -6422.64    -28.152    0.489522    7.12641    
