#Task    Step    numberOfAcceptedPeleSteps    currentEnergy    BindingEnergy    sasaLig    distance_A43SG_L1S1    
1    0    0    -6212.22    -2.42195    0.519686    7.37367    
1    1    1    -6398.44    -23.8998    0.498832    7.26421    
1    2    2    -6410.66    -29.1248    0.498005    7.08194    
1    3    3    -6415.65    -25.9972    0.509611    7.4592    
1    5    4    -6422.91    -26.8288    0.504432    7.3913    
1    6    5    -6424.7    -26.7717    0.502164    7.3064    
1    14    6    -6424.58    -27.0746    0.505596    7.20084    
1    16    7    -6426.69    -26.6731    0.505416    7.23848    
1    17    8    -6424.25    -27.2407    0.507437    7.22205    
1    18    9    -6427.29    -26.7579    0.505955    7.25369    
1    19    10    -6427.49    -27.2804    0.507794    7.25886    
1    24    11    -6427.33    -27.5605    0.505422    7.2648    
1    31    12    -6427.76    -26.7837    0.509574    7.2298    
1    33    13    -6427.7    -27.4362    0.507719    7.20931    
1    34    14    -6427.04    -28.3803    0.503654    7.05291    
1    35    15    -6428.72    -27.2414    0.507676    7.20142    
1    36    16    -6428.43    -27.4524    0.502852    7.03539    
1    42    17    -6430.23    -27.2415    0.503633    7.07336    
1    43    18    -6430.89    -27.3854    0.508176    7.2308    
1    47    19    -6430.96    -27.3349    0.507472    7.25479    
1    51    20    -6429.13    -27.1273    0.506665    7.25058    
1    55    21    -6429.38    -27.6251    0.506651    7.20406    
1    58    22    -6430.8    -28.1126    0.504739    7.19279    
1    59    23    -6430.9    -27.4768    0.506613    7.24782    
1    61    24    -6428.41    -27.1968    0.507553    7.19493    
1    62    25    -6426.29    -27.633    0.506442    7.24166    
1    63    26    -6430.31    -28.376    0.50967    7.2527    
1    71    27    -6428.26    -27.7333    0.506262    7.21165    
1    73    28    -6428.26    -27.4325    0.505433    7.204    
1    76    29    -6428.91    -28.1394    0.505608    7.19262    
1    78    30    -6430.16    -28.204    0.50475    7.23901    
1    79    31    -6430.36    -27.443    0.507435    7.22037    
1    80    32    -6430.82    -27.8785    0.507619    7.24422    
1    82    33    -6431.27    -28.0147    0.50781    7.2103    
1    90    34    -6430.25    -28.6363    0.503705    7.11588    
1    91    35    -6431.08    -28.34    0.505015    7.18558    
1    97    36    -6430.67    -28.7817    0.505152    7.18842    
1    99    37    -6430.27    -27.6386    0.508733    7.22578    
1    100    38    -6431.15    -27.7836    0.50931    7.23967    
