#Task    Step    numberOfAcceptedPeleSteps    currentEnergy    BindingEnergy    sasaLig    distance_A43SG_L1S1    
1    0    0    -6212.22    -2.42195    0.519686    7.37367    
1    1    1    -6382.09    -19.4318    0.504273    7.172    
1    2    2    -6409.11    -20.3114    0.518344    7.2316    
1    3    3    -6418.8    -20.6471    0.52769    7.28612    
1    6    4    -6418.31    -19.2136    0.529307    7.23066    
1    8    5    -6418.72    -20.7073    0.526964    7.24524    
1    10    6    -6418.52    -21.6364    0.530081    7.19576    
1    11    7    -6417.68    -21.0325    0.52847    7.22944    
1    12    8    -6417.73    -22.3439    0.520388    7.1179    
1    13    9    -6417.87    -21.0427    0.526004    7.16536    
1    14    10    -6419.67    -21.8012    0.527875    7.179    
1    15    11    -6423.64    -21.416    0.532907    7.23022    
1    16    12    -6419.92    -21.7627    0.524974    6.82849    
1    17    13    -6421.25    -21.2823    0.530863    7.2106    
1    19    14    -6421.89    -21.3606    0.527098    7.19768    
1    20    15    -6419.66    -21.7372    0.525567    7.17978    
1    22    16    -6422.19    -20.4165    0.529692    7.17888    
1    23    17    -6421.21    -21.556    0.526389    7.18743    
1    25    18    -6419.12    -21.4    0.528935    7.18689    
1    28    19    -6417.53    -21.0444    0.528946    7.211    
1    29    20    -6418.95    -22.1069    0.52892    7.19716    
1    30    21    -6412.1    -25.0074    0.527093    6.86843    
1    31    22    -6421.27    -22.881    0.529955    7.19258    
1    32    23    -6419.81    -21.8401    0.524556    7.12288    
1    33    24    -6420.07    -22.3901    0.524683    7.19461    
1    35    25    -6420.07    -22.1779    0.530094    7.21518    
1    37    26    -6420.93    -23.2912    0.528566    7.20112    
1    38    27    -6421.47    -22.5456    0.529399    7.21592    
1    42    28    -6421.95    -22.8777    0.528081    7.21216    
1    43    29    -6422.13    -23.0031    0.528006    7.20446    
1    44    30    -6409.92    -22.0087    0.518594    7.08054    
1    45    31    -6413.45    -22.156    0.516793    7.10298    
1    46    32    -6412.81    -21.2103    0.517703    7.07969    
1    49    33    -6411.35    -22.3216    0.516684    7.06976    
1    51    34    -6413.72    -21.3538    0.517972    7.05786    
1    52    35    -6412.8    -21.474    0.514762    7.05083    
1    53    36    -6410.49    -21.8378    0.517676    7.05324    
1    55    37    -6411.56    -20.2866    0.511842    7.07386    
1    56    38    -6413.07    -21.1789    0.51389    7.04546    
1    57    39    -6412.91    -21.2903    0.511994    6.97764    
1    58    40    -6411.25    -21.1611    0.512975    7.03842    
1    59    41    -6406.97    -21.0392    0.510928    7.04338    
1    60    42    -6414.25    -20.5883    0.514639    7.05303    
1    62    43    -6410.77    -21.3406    0.511582    7.0607    
1    63    44    -6412.54    -17.6929    0.524718    6.98572    
1    64    45    -6412.92    -19.0231    0.521559    7.2425    
1    65    46    -6419.33    -21.9324    0.518385    7.17042    
1    66    47    -6419.71    -21.4637    0.521689    7.18438    
1    67    48    -6421.12    -21.3147    0.525262    7.22117    
1    68    49    -6422.35    -21.3831    0.524612    7.20051    
1    70    50    -6420.13    -21.2467    0.52333    7.21712    
1    71    51    -6421.63    -21.4412    0.525527    7.22114    
1    74    52    -6420.3    -21.0354    0.52455    7.14286    
1    75    53    -6420.23    -24.4864    0.500096    7.15283    
1    79    54    -6421.21    -27.1632    0.49007    7.1375    
1    80    55    -6421.1    -27.7385    0.488297    7.01258    
1    85    56    -6423.12    -28.1127    0.492436    7.04057    
1    87    57    -6425.02    -29.9085    0.492086    7.12164    
1    88    58    -6424.88    -29.1215    0.493491    7.07538    
1    89    59    -6420.77    -28.7508    0.491874    6.99596    
1    91    60    -6420.58    -27.8639    0.499152    7.28606    
1    92    61    -6422.47    -27.656    0.501121    7.27499    
1    93    62    -6422.78    -23.1962    0.508517    7.24348    
1    95    63    -6424.11    -23.9825    0.506201    7.358    
1    96    64    -6423.73    -23.8746    0.501998    7.34796    
1    97    65    -6421.36    -22.5933    0.507374    7.3367    
1    98    66    -6424.21    -23.1152    0.511709    7.23547    
