96	7141	1.00	0.000E+00	0	768	769	0	768	769	769M
19	4205	0.468	0.000E+00	4	768	769	3	740	741	5M3D160M11I6M8I78M1D175M1I17M1I118M1D53M4I7M3I12M3I32M1I70M
18	4177	0.467	0.000E+00	0	768	769	0	741	742	10M3D159M11I6M8I78M1D175M1I17M1I118M1D53M3I13M4I6M3I32M1I70M
99	4150	0.506	0.000E+00	0	768	769	0	750	751	3M1D8M2D114M1D43M2D9M17I78M1D193M1I130M2I33M1D17M8I45M3I2M5D63M
94	4096	0.475	0.000E+00	0	768	769	1	747	748	10M3D160M16I5M3I78M1D128M1I46M1I17M1I118M1D55M2I8M5I9M3I8M6D25M1I69M
97	4091	0.474	0.000E+00	3	768	769	4	746	747	7M3D160M16I5M3I78M1D175M1I8M1I8M1I118M1D55M2I8M5I9M3I8M5D28M1I66M
93	4064	0.464	0.000E+00	3	767	769	2	741	745	8M1D2M1D157M21I81M1D87M2I86M1I136M1D13M2I34M1D2M2D4M6I21M3I5M1D28M1D5M1D61M
92	4055	0.454	0.000E+00	0	767	769	0	735	741	10M2D158M20I4M2I78M1D175M1I134M1D52M2D3M3I9M8I10M3I32M1I65M
95	3982	0.467	0.000E+00	3	767	769	1	749	755	8M2D157M14I2M4I3M1I3M1D77M1D128M1I47M1D136M1D56M2D5M11I10M3I33M4D3M1D55M5D8M
62	3075	0.355	8.279E-85	2	766	769	1	728	745	6M1D65M1I6M2D88M21I83M1D8M3D78M1I40M1I5M2I48M1I60M1I67M1D12M2I10M1I25M1D13M13I8M7I29M1D14M1D15M1I24M3D2M1D7M
39	3060	0.354	2.857E-85	0	766	769	0	728	745	3M1I4M1D65M1I6M2D88M21I83M1D8M3D79M1I39M1I5M4I1M2D45M1I60M1I67M1D12M2I10M1I21M3D5M11I6M4I12M7I29M1D14M1D17M1I22M3D3M1D6M
10	3031	0.359	1.287E-83	4	768	769	2	731	747	4M1D64M1I7M2D88M21I83M1D7M3D80M1I40M1I5M1I2M1I45M1I60M1I67M1D12M2I10M1I26M1D6M3D5M23I7M1D28M1D14M1D15M1I24M2D2M3D9M
55	2994	0.355	2.252E-83	0	766	769	0	721	740	4M1I3M1D64M1I7M2D88M21I83M1D9M3D78M1I40M1I5M1I2M1I45M1I60M1I67M1D13M2I9M1I21M3D5M17I11M12I27M1D16M1D11M1I28M3D2M1D7M
26	2987	0.359	7.299E-83	5	766	769	3	729	747	3M1D64M1I7M2D88M21I83M1D7M3D79M1I41M1I4M2I48M1I60M1I67M1D12M2I10M1I22M1D16M9I6M11I3M1D26M1D16M1D15M1I24M2D2M3D7M
79	2985	0.358	1.598E-82	5	768	769	3	726	741	3M1D67M1I4M2D88M20I4M2I78M1D9M3D78M1I46M1I2M1I45M1I60M1I67M1D12M2I10M1I25M1D4M11I14M12I28M1D15M1D15M1I24M2D2M2D9M
1	2983	0.368	1.351E-82	5	766	769	3	729	747	3M1D64M1I7M2D89M21I82M1D7M2D2M1D78M1I40M1I4M2I48M1I60M1I67M1D13M2I9M1I20M1D13M3D4M15I7M7I27M1D16M1D17M1I22M5D9M
89	2811	0.349	1.065E-80	3	768	769	26	755	771	3M2D2M1D65M2I93M13I5M8I78M1D7M2D79M2I40M1I6M1I47M1I60M1I69M1D48M1D13M7I4M1D5M12I43M1D11M1I28M3D11M
71	2763	0.347	1.111E-78	6	768	769	31	768	781	2M1D63M2D2M4I92M21I82M1D7M2D82M2D48M4D46M1I61M1D67M1D13M2I33M3D9M2I9M4I7M12I27M1D16M1D11M1I28M3D11M
13	2762	0.346	2.300E-78	3	768	769	28	768	781	5M1D63M2D2M4I92M21I82M1D7M2D82M2D48M4D46M1I61M1D67M1D13M2I33M3D18M6I7M12I27M1D16M1D17M1I22M3D11M
45	2750	0.347	3.404E-78	3	768	769	28	768	781	5M1D63M2D2M4I92M21I82M1D7M2D82M2D48M4D46M1I61M1D67M1D13M2I33M3D18M6I7M12I27M1D16M1D11M1I28M3D11M
58	2731	0.353	6.346E-79	3	767	769	28	757	776	5M1D65M1D1M3I75M1D16M13I5M8I78M1D7M2D81M2I38M1I6M1I37M1D2M1I7M1I60M1I67M1D13M2I30M3D13M2D10M8I3M12I43M1D17M1I24M5D8M
30	2731	0.343	6.001E-79	3	766	769	27	767	786	5M1D65M1D1M3I75M1D16M10I5M11I78M1D7M2D81M1D40M1I5M3D49M1I69M2D59M1D47M1D4M2D6M3D6M14I7M7I25M3D2M2I14M1D4M1D7M1I28M3D9M
40	2708	0.337	1.470E-78	3	766	769	28	769	788	5M1D63M2D1M4I9M1D67M1D16M10I5M11I78M1D7M2D81M1D40M1I5M3D49M1I69M2D59M1D45M1D8M5D10M14I7M7I25M3D2M2I14M1D4M1D7M1I28M3D9M
23	2686	0.339	6.665E-78	3	765	769	29	756	776	5M1D63M2D2M4I77M1D14M13I5M8I82M1D3M2D80M2I39M1I6M1I47M1I60M1I67M1D13M2I33M3D16M11I9M7I43M1D11M1I30M5D6M
76	2685	0.343	5.328E-78	3	765	769	28	755	775	5M1D63M2D2M4I77M1D14M13I5M8I82M1D3M2D81M2I38M1I6M1I47M1I60M1I67M1D13M2I33M3D15M7I4M1D5M12I43M1D11M1I30M5D6M
2	2669	0.343	1.380E-77	6	765	769	31	753	775	2M1D63M2D2M4I77M1D14M13I5M8I78M1D7M2D81M2I26M2I10M1I6M1I37M1D2M1I7M1I60M1I67M1D13M2I30M3D19M11I9M7I43M1D17M1I24M5D6M
69	2660	0.348	4.472E-77	3	767	769	28	763	781	5M1D65M2I79M1D14M13I5M8I78M1D7M2D81M2I35M1I12M2D35M1D2M1I7M1I9M1D51M1I69M1D11M2I30M5D18M7I4M1D5M12I43M1D11M1I30M5D8M
31	2638	0.347	2.268E-76	3	767	769	28	762	780	5M1D65M2I79M1D14M13I5M8I78M1D7M2D81M2I35M1I6M1D41M1D2M1I7M1I9M1D51M1I69M1D11M2I33M5D15M7I4M1D5M12I43M1D11M1I30M5D8M
42	2055	0.253	5.110E-64	11	764	769	0	844	845	64M10I33M5D7M5D46M20I2M1I17M3I11M1D45M1D49M1D40M1I48M1I47M1I5M114D4M30D29M10D24M1I11M2I49M1I5M1D5M8I7M1I18M3D5M5I5M33I24M1I33M1I8M1D15M9D8M
100	2031	0.280	9.394E-63	25	766	769	9	698	700	37M1I8M3I8M3I34M5I14M1D30M20I8M1D14M1I5M5I3M3D46M1D49M8D51M3I50M6D22M4D2M1I8M1I59M1I18M1D3M3I38M1D8M3I5M3D4M4I24M3D4M4I7M32I59M1I24M6D3M1D6M
78	1644	0.236	5.075E-55	15	766	769	7	745	747	8M2I22M6D4M19D3M13D8M1I7M15I33M2I2M3I45M22I4M1D15M1I11M2I18M1I29M1D18M1I26M1D40M1I4M3D3M1I7M1I5M2D26M2I26M2D11M1D6M2D5M14D9M5D51M1I14M2I49M3I4M1I8M4D7M2D6M2D20M1D6M34I62M1I26M5D7M
50	1609	0.232	3.220E-54	15	764	769	6	744	746	8M2I22M6D4M13D2M13D3M6D6M1I7M15I33M5I47M22I6M1D18M2I3M1I21M1I29M1D18M1I26M1D40M1I4M3D11M2I4M2D26M1I2M1I24M2D11M1D6M2D5M14D9M5D51M1I14M2I49M3I4M1I2M6D19M2D20M1D6M34I62M1I26M7D5M
20	1582	0.226	2.684E-52	11	764	769	0	717	720	33M1I2M4D2M1D12M1I9M1D7M2D41M5I43M27I13M7I4M3D5M1I3M1D46M1D16M10I3M4I15M16D36M4I8M5I24M2D2M3D21M1I5M2D18M1D18M11D25M2D29M1I19M3I38M1D3M9D7M1I1M2I11M1I4M3D20M3D3M2I4M2I2M32I25M2D9M2I26M1I10M1D12M3D2M5D5M
101	1572	0.222	9.798E-53	12	765	769	0	732	734	35M48D7M5D8M1I8M11I35M3I3M2I41M17I5M5I3M3D14M1I12M2I45M1D49M3D16M2I24M2I7M1I51M16I7M1D8M2D2M1I6M10D31M4D2M2D21M1I15M1D5M3I43M3I3M1I7M2I32M1D6M6I3M28I60M1I25M7D6M
21	1530	0.212	1.088E-51	0	768	769	0	750	764	5M2I8M10I21M47D2M10D14M1I7M3D3M13I32M3I2M2I43M23I3M1D3M1D1M2D14M5I5M2D24M1I23M1D52M3D37M2I9M1I2M1I33M2I23M10D4M1I8M2D10M2D2M2D5M3D23M1I30M1I16M2I43M4I28M2D17M1D10M3I3M31I61M1I33M
61	1498	0.215	1.287E-51	14	766	769	12	774	776	4M5D5M2I9M4D13M10D2M29D4M16D3M6D6M1I7M10I38M3I2M2I43M19I10M3D15M5I5M2D51M1D46M3D40M5I10M3D55M1I6M10D9M6D2M1I7M1I8M1D30M1I21M1I14M4D4M5I39M6I5M3D9M9I21M6I8M1D4M7I1M3D5M14I61M1I31M
56	1412	0.227	1.400E-47	25	766	769	8	716	717	22M4D2M6D13M1I13M10I33M3I1M2I8M3D2M1D1M3I28M24I4M3I15M4I27M1I28M1D16M10I3M4I13M10D41M6D3M2I9M2I30M2I11M1D5M1D4M15D20M2D6M1I3M3I2M3I21M1I3M3D1M3D27M1I58M1D9M5I4M5D7M1I6M3D25M21I19M3D59M1I7M1D17M6D8M
87	1369	0.216	6.350E-47	25	766	769	9	717	718	24M10D13M1I13M10I33M3I1M2I8M3D2M1D1M3I28M24I4M3I12M4I30M1I26M1I5M2D12M10I3M4I13M5D2M5D43M4D10M1I31M2I12M9D2M6D5M2D20M2D7M8I3M1D22M2I4M7D23M1I63M2I2M6D4M1D3M3D5M4D8M10I19M2I4M2D8M6I10M12I58M1I8M1D17M6D8M
8	1369	0.229	3.045E-46	25	767	769	7	715	719	24M10D13M1I13M10I33M3I1M2I9M5D1M4I28M24I4M3I16M4I26M1I28M1D16M10I3M4I13M9D4M1D41M4D10M2I30M2I11M15D8M2D21M2D5M1D2M5I3M3I21M1I3M3D1M1D3M2D24M1I58M1D9M1I15M1I6M3D37M7I9M1I2M10I58M1I7M1D17M6D9M
64	1354	0.195	1.471E-46	29	767	769	5	830	839	20M4D13M1I9M4I4M1I37M3I2M2I42M24I4M3I16M4I54M1D17M10I3M4I13M3D36M1D2M11I6M4D32M2I20M1D20M1D8M109D5M30D4M6D1M17D50M1I20M3I40M2I14M5D7M1I4M3D25M7I3M12I6M10I2M1D78M1D3M2D6M3D8M
49	1341	0.196	9.396E-47	29	766	769	1	811	818	20M4D13M1I12M3I6M1I34M3I1M2I42M24I4M3I12M4I59M1D16M10I3M4I13M7D4M4I32M3I9M3I26M1I31M1D6M4D9M1I9M47D4M79D2M18D54M2I1M1D14M3I41M1D11M2D6M4D8M4D3M2I19M3I3M4D3M1I4M34I60M1I6M1D16M3D2M5D7M
98	1335	0.195	8.343E-46	29	767	769	4	822	831	20M4D13M1I9M4I4M1I37M2I2M3I42M24I4M3I16M4I54M1D17M10I3M4I15M4D37M4I12M2I30M1I2M1I18M1D22M1D6M109D8M53D54M1I18M3I40M1I7M1I6M5D8M1I6M3D17M29I6M4I4M4I74M1D11M6D9M
33	1333	0.192	7.888E-46	29	767	769	5	830	839	20M4D13M1I9M2I3M3I38M3I2M2I42M24I4M3I16M4I54M1D17M10I3M4I13M3D36M1D2M11I6M4D32M2I20M1D20M1D8M109D5M30D4M23D51M1I20M3I40M2I14M5D7M1I4M3D25M7I3M12I6M10I2M1D78M1D3M2D6M3D8M
72	1326	0.229	1.827E-45	25	767	769	7	715	719	24M10D13M1I13M10I33M3I1M2I9M5D1M4I28M24I4M3I16M4I25M1I29M1D16M10I3M4I12M4D5M6D41M4D10M2I30M2I12M1D6M16D12M3D10M1I4M1D2M5I3M3I21M1I3M3D1M1D3M2D24M1I58M1D9M1I15M1I6M3D37M7I9M2I1M9I59M1I7M1D17M6D9M
44	1323	0.194	4.475E-45	25	766	769	9	707	709	24M10D13M1I9M8I3M2I34M3I1M2I8M3D2M1D1M3I28M24I4M3I8M4I34M1I28M1D16M10I3M4I12M8D32M3I5M2I5M1I5M1D4M1I30M2I15M7D3M10D22M2D6M1I3M3I2M3I21M2I3M7D27M1I58M1D9M1I3M1I12M2D23M1D7M23I5M6D4M1I7M1I26M2D34M1I6M1D14M7D2M1I8M
0	1321	0.189	1.104E-45	29	767	769	5	829	838	20M4D13M1I9M5I41M3I2M2I42M24I4M3I16M4I54M1D17M10I3M4I13M7D6M4I26M1D6M7I38M2I20M1D20M1D8M109D9M10D1M43D50M1I20M3I40M2I14M5D7M1I4M3D25M7I3M13I6M9I80M1D3M2D6M3D8M
90	1315	0.201	1.381E-45	29	766	769	5	837	839	20M4D13M1I9M2I3M3I38M3I2M2I42M24I4M3I16M4I54M1D17M10I4M3I13M3D40M1I6M1I3M4I32M2I20M1D20M1D8M109D5M30D4M6D1M17D50M1I19M3I41M2I14M5D7M1I4M3D23M4I1M3I4M13I6M9I80M1D5M13D11M
29	1314	0.220	2.556E-45	25	767	769	7	715	719	24M10D13M1I13M10I33M3I1M2I9M5D1M4I28M24I4M3I16M4I26M1I28M1D16M10I3M4I12M7D5M3D41M4D10M2I30M2I14M1D4M16D12M3D10M1I4M1D2M5I3M3I21M1I3M3D1M1D3M2D24M1I60M2I2M6D4M1D3M3D4M4D9M10I20M22I4M4D3M1D11M1I59M1I7M1D17M6D9M
74	1307	0.181	3.973E-44	29	767	769	6	820	829	20M4D13M1I9M4I4M1I37M3I2M2I42M24I4M3I16M4I71M10I3M4I13M3D40M10I6M2D31M1I14M1I5M2D22M2D6M1I3M42D7M114D71M3I39M4D9M5I3M4D7M1I4M3D20M2D8M9I2M25I62M1I16M1D7M4D3M2D7M
22	1299	0.184	1.814E-44	29	767	769	6	820	829	20M4D13M1I9M4I5M1I36M3I2M2I42M24I4M3I16M4I71M10I3M4I13M7D3M4I33M10I6M2D31M1I13M2D4M1I24M2D8M41D9M114D71M3I39M4D9M5I3M4D7M1I4M3D20M2D8M9I2M25I62M1I16M1D7M4D3M2D7M
77	1293	0.190	5.921E-45	29	767	769	5	829	838	20M4D13M1I9M4I4M1I37M3I2M2I42M24I4M3I16M4I54M1D17M10I3M4I13M7D6M4I29M1I6M3I4M2I32M2I21M1D19M1D7M14D3M10D2M73D3M22D3M43D50M1I20M3I40M2I14M5D7M1I4M3D25M7I3M1I3M14I5M7I78M1D3M2D4M1D2M2D8M
9	1291	0.179	3.757E-44	21	767	769	1	829	838	7M4I17M4D13M1I9M5I41M2I2M3I42M24I4M3I16M4I54M1D17M10I3M4I13M3D39M10I6M4D32M2I20M1D20M1D8M109D5M30D4M23D51M1I20M3I40M2I14M5D7M1I4M3D25M7I3M12I4M7I4M3I78M1D3M2D6M3D8M
91	1291	0.199	2.286E-45	27	765	769	8	838	845	22M4D13M1I9M4I8M1I33M3I2M2I42M24I4M3I12M7I1M3D55M1D16M10I3M4I15M4D37M4I10M2I36M2D12M1I5M1D17M4D2M1I7M99D5M30D6M24D37M2D15M1I15M2I3M1I38M1D22M2I1M3I4M21D17M4I8M18I3M14I59M1I8M1D18M8D6M
86	1290	0.180	2.146E-44	29	766	769	6	823	831	20M4D13M1I9M2D6M7I24M1I11M4I42M24I4M3I16M4I71M10I3M4I13M3D40M4I6M1I3M3I30M1I13M1I6M2D21M2D8M35D3M7D7M114D38M1D33M3I40M2I14M5D7M1I4M2D2M1D18M2D8M2I2M32I62M1I9M1D14M4D2M4D7M
88	1287	0.178	9.732E-44	29	767	769	6	823	832	20M4D13M1I9M2D6M7I33M5I44M24I4M3I16M4I54M1D17M10I3M4I13M3D41M4I8M4I52M1D19M3D10M49D8M113D54M1I14M1D3M3I40M2I14M5D7M1I4M3D26M25I1M16I31M2D27M1I11M1D13M6D9M
54	1283	0.192	1.814E-44	29	767	769	5	830	839	20M4D13M1I14M3I3M2I33M3I2M2I42M24I4M3I16M4I54M1D17M10I3M4I14M7D5M4I29M3I12M3I30M2I20M1D20M1D8M109D5M30D4M23D51M1I20M3I40M2I14M5D7M1I4M3D25M7I3M12I5M6I4M3I78M1D3M2D6M3D8M
27	1281	0.185	2.685E-44	21	767	769	1	829	838	7M4I17M4D13M1I9M5I41M3I2M2I42M24I4M3I16M4I54M1D17M10I3M4I13M7D6M4I29M10I6M4D32M2I20M1D20M1D8M109D5M30D4M23D51M1I20M3I40M2I14M5D7M1I4M3D25M7I3M1I3M14I5M7I78M1D3M2D6M3D8M
63	1273	0.209	6.350E-47	0	765	769	28	786	791	7M4I9M6I21M4D2M3D13M1I10M12I2M2D32M3I1M2I12M1D10M2I2M2D16M24I4M3I12M6D11M5D21M1I27M1D19M10I4M4I11M4D5M9D39M7D5M2I8M13D29M2I13M1D4M14D24M4D11M1I3M5I7M2D10M3I26M2I3M1D16M1I41M1D4M5D3M4D5M2I11M1I4M3D17M5D9M5I8M13I5M3I3M2D3M1I27M1D32M1I9M1D15M6D7M
4	1270	0.183	1.297E-44	29	766	769	6	821	829	20M4D13M1I9M4I5M1I36M3I2M2I42M24I4M3I16M4I71M10I3M4I13M7D3M4I16M3D8M3I7M4I4M1I3M3I31M1I14M1I5M2D24M2D4M24D2M17D9M114D71M3I42M4D6M5I3M4D7M1I4M3D19M4I2M1I3M1D9M28I60M1I13M1D10M3D2M5D7M
12	1260	0.186	5.257E-44	29	767	769	6	820	829	20M4D13M1I9M4I5M1I36M3I2M2I42M24I4M3I16M4I71M10I3M4I13M7D3M4I16M1D10M1I6M10I6M2D31M1I13M2D4M1I26M2D6M41D9M114D71M3I42M4D6M5I3M4D7M1I4M3D19M4I2M25I2M6I5M3D63M1I16M1D10M6D7M
35	1258	0.205	1.740E-46	0	765	769	19	786	791	11M2D11M3I22M4D2M3D13M1I10M12I2M2D32M5I8M3I2M4D30M24I4M3I12M6D11M5D21M1I30M1D16M10I4M4I11M4D5M9D46M5D8M13D29M2I14M1D8M14D19M4D11M1I3M5I7M2D10M3I26M2I3M1D16M1I45M6D3M4D5M2I11M1I6M3D15M5D7M5I8M15I3M1I7M2D3M1I27M1D32M1I9M1D15M6D7M
34	1254	0.197	7.779E-44	15	766	769	13	727	732	7M3I23M2I7M1I4M2D11M4I3M6I33M3I1M2I10M1D32M16I2M8I2M3I12M8D9M2I25M1I26M1D16M10I5M4I13M1D36M3I16M1D24M1I5M2I14M19D6M3D7M1I13M4D3M7D7M6D8M3I15M1I2M2I11M1I17M1I58M1D9M1I15M1I4M3D23M2D6M3I4M16I3M1D11M1I28M1I30M1I7M1D17M6D8M
83	1252	0.200	1.381E-45	3	768	769	31	793	794	4M4I9M6I23M7D13M1I10M12I2M2D32M3I1M2I12M1D30M24I4M3I12M6D7M3D4M2D23M1I25M1I6M2D12M10I4M4I11M4D5M9D38M4D8M1D8M13D29M2I15M13D4M2D22M5D6M11I12M9D8M3I27M2I2M1D16M1I41M1D4M5D3M4D5M2I11M1I4M3D18M5D9M5I7M15I1M1D11M1I27M1D32M1I9M1D15M6D7M1D3M
37	1250	0.182	3.154E-43	29	767	769	4	818	827	20M4D13M1I9M4I4M1I37M3I2M2I42M24I4M3I16M4I71M10I3M4I15M3D21M1D10M1I7M4I4M1I3M3I31M1I14M1I5M2D24M2D4M1I3M42D6M97D1M17D71M3I40M2I14M5D7M1I4M3D19M3I6M1I9M18I2M10I58M1I16M1D7M3D3M3D7M
7	1249	0.214	2.176E-46	0	768	769	22	790	793	6M1D2M2I12M3I22M4D2M3D13M1I10M12I2M2D32M5I8M3I2M4D30M24I4M3I12M6D11M5D21M1I30M1D16M10I4M4I11M4D5M9D46M5D8M13D29M2I12M15D29M4D6M11I10M7D10M3I26M2I3M1D16M1I41M1D3M6D6M3D3M2I11M1I4M3D17M5D12M1I14M10I4M9I26M1D33M1I9M1D12M7D2M1I7M1D3M
46	1245	0.183	1.704E-43	29	768	769	5	837	845	20M4D13M1I12M2D3M7I33M5I44M24I4M3I16M4I54M1D17M10I3M4I13M3D6M2D30M1I1M3I4M4D10M1I29M1I4M1I18M1D22M1D6M66D4M41D2M44D4M17D50M1I20M3I42M7D6M4I11M1I4M3D19M9I5M14I5M14I13M1D56M1D15M3D4M3D7M
60	1238	0.208	5.331E-46	2	757	769	24	772	793	19M4I22M4D2M3D13M1I10M12I2M2D32M3I1M2I8M5D2M4I28M24I4M3I12M6D11M5D21M1I30M1D16M10I4M4I11M4D5M9D39M7D5M2I8M13D29M2I12M15D29M4D6M11I10M7D10M3I26M2I3M1D16M1I41M1D6M9D6M2I11M1I4M3D20M5D6M5I4M13I10M3I7M1D26M1D32M1I11M1D12M
65	1235	0.185	6.175E-43	29	767	769	4	818	827	20M4D13M1I9M4I4M1I37M3I2M2I42M24I4M3I16M4I71M10I3M4I15M3D21M1D10M1I7M4I4M1I3M3I32M1I13M1I5M2D24M2D4M92D6M3D7M60D69M3I40M2I14M5D7M1I4M3D19M3I6M1I6M27I4M1I59M1I16M1D7M3D3M3D7M
48	1218	0.188	3.198E-45	25	757	769	25	831	847	19M7D7M3D11M1I12M10I30M1D4M6I8M5D2M4I28M27I17M4D4M5D6M3D23M1I28M1D16M10I4M4I11M8D3M3D38M5I4M14D5M12D50M14D4M3D21M2D6M2I4M4I22M1I4M4D4M2D24M1I60M2I2M4D3M3D9M1D5M1D2M1I4M3D17M5D7M5I6M11D12M23D9M7D7M6D5M3D58M1I7M1D16M
15	1213	0.190	3.154E-43	49	767	769	8	809	818	13M1I9M4I4M1I37M3I2M2I42M24I4M3I16M4I54M1D17M10I3M4I13M7D4M4I20M1D14M4I6M3I32M2I20M1D20M1D8M33D2M15D7M56D1M58D71M3I40M2I14M5D7M1I4M3D19M3D6M11I3M13I6M8I69M1D11M2D6M3D8M
14	1211	0.195	6.530E-43	1	767	769	0	730	734	9M2I10M3I30M3I4M2D9M4I5M6I33M5I11M1D32M16I2M8I2M3I15M9D31M1I28M1D16M10I3M4I13M1I4M2D33M5I15M3D20M1I8M2I12M10D3M4D3M5D2M3D7M1I11M1D2M3D3M7D7M6D8M3I15M1I2M2I11M1I17M1I58M1D9M1I15M1I4M3D23M2D6M21I4M4D3M3I3M2I3M3D27M1I30M1I7M1D17M6D9M
24	1200	0.176	5.559E-44	3	765	769	21	744	746	6M1I6M9I22M4D2M5D13M1I9M4I4M6I29M1D4M6I10M2D6M1I25M24I4M3I10M7I6M13D23M1I28M1D16M10I4M4I11M2D40M4D18M2D30M2I17M22D13M3D10M1D6M2I8M10I11M1I1M2I12M1I17M1I61M1I14M10D7M1I2M6D1M3I17M6D6M7I7M13I5M1I8M1I27M4I28M1I7M1D17M6D7M
70	1200	0.187	1.814E-44	3	764	769	13	838	843	2M1I10M9I24M10D13M1I11M4I4M6I31M5I9M5D2M4I28M27I20M8D7M1D23M1I28M1D16M10I4M4I11M13D3M4I32M19D42M1I6M1I16M2D3M15D22M2D6M2I4M4I23M5D32M1I72M7D11M1I4M3D18M5D10M16D6M1D4M12D7M9I11M27D3M3D26M2I30M1I7M1D17M6D6M
68	1193	0.202	2.367E-42	0	766	769	1	728	733	8M2I12M3I23M2I8M2D3M1I11M8I2M2I34M5I11M1D32M16I2M8I2M3I15M8D6M2I25M1I23M1D19M10I5M4I11M1I4M2D14M1D13M1I6M2I11M2D4M2I23M1I5M2I12M8D6M11D2M3D7M1I13M4D3M7D7M6D8M3I15M1I2M2I11M1I17M1I58M1D9M1I15M1I4M3D23M2D6M3I6M14I6M1I7M1I28M1I30M1I7M1D17M6D8M
43	1193	0.190	1.279E-42	3	765	769	10	740	742	5M5I9M3I22M5D2M5D13M1I9M8I3M2I34M3I1M2I13M1D31M24I2M3I10M5D10M3I23M1I28M1D16M10I3M5I11M2D7M1I30M6I13M12D31M2I12M7D3M30D4M2D21M4D6M3I3M1I5M8I13M3I11M1I17M1I56M1I3M5D3M6D21M2D23M3D7M3I9M12I4M3I2M9I26M4I28M1I9M1D15M6D7M
82	1190	0.191	9.732E-44	0	765	769	18	751	753	10M1I5M9I21M4D3M5D13M1I9M4I4M6I29M1D4M6I9M4I4M5D25M27I19M5I3M12D23M1I28M1D16M10I4M4I11M2D37M5I5M10D10M1D31M2I11M19D3M5D3M2D13M3D11M1D5M2I8M10I12M3I12M1I17M1I61M1I11M10D10M1I2M6D1M3I17M5D6M4I10M3I12M3I2M9I26M4I28M1I7M1D17M6D7M
16	1187	0.201	4.202E-44	3	764	769	5	838	843	8M1D11M3I24M10D13M1I10M4I5M6I31M5I9M5D2M4I28M27I20M10D5M1I24M1I28M1D16M10I4M4I11M13D3M4I31M3D6M16D10M2D2M2I23M1I7M1I14M1D3M1D1M15D22M2D6M2I4M4I23M1I3M4D3M2D25M1I59M2D10M3I4M8D8M2D23M5D11M17D8M12D25M18D5M3D26M2I30M1I7M1D17M6D6M
51	1186	0.202	9.202E-44	25	764	769	25	838	843	24M10D13M1I10M4I5M6I31M7I2M2D5M5D2M4I28M27I20M8D7M1D23M1I28M1D16M10I4M4I11M13D3M4I31M3D3M16D13M2D2M2I23M1I6M1I16M1D1M1D2M15D22M2D6M2I4M4I23M5D32M1I59M2D10M3I4M8D7M1I4M3D19M5D3M2D7M15D9M12D18M13D4M7D8M1D26M2I30M1I7M1D17M6D6M
41	1180	0.195	6.218E-44	3	764	769	5	838	843	8M1D11M3I24M10D13M1I10M4I5M6I31M7I2M2D5M5D2M4I28M24I4M3I16M8D7M1D23M1I28M1D16M10I4M4I11M13D3M4I31M3D5M16D11M2D2M2I23M1I6M1I15M1D2M1D2M15D22M2D6M2I4M4I23M1I4M6D27M1I60M2D9M3I4M8D11M2D19M5D12M17D8M12D11M22D17M1I27M2I30M1I7M1D17M6D6M
52	1176	0.199	4.444E-44	4	764	769	3	838	843	13M4D5M3I21M4D3M6D13M1I10M4I5M6I31M5I9M5D2M4I28M24I4M3I16M8D7M1D23M1I28M1D16M10I4M4I11M13D3M4I31M3D6M16D10M2D2M2I23M1I7M1I14M1D3M1D1M15D22M2D6M2I4M4I23M1I3M4D3M2D25M1I59M2D10M3I4M8D8M2D23M5D6M1D4M16D9M12D25M18D5M3D26M2I30M1I7M1D17M6D6M
59	1171	0.194	1.288E-43	1	764	769	3	838	843	10M1D11M3I24M10D13M1I10M4I5M6I31M7I2M2D5M5D2M4I28M24I4M3I16M8D7M1D23M1I28M1D16M10I4M4I11M13D3M4I31M3D5M16D11M2D2M2I23M1I6M1I15M1D2M1D2M15D22M2D6M2I4M4I23M1I4M6D27M1I62M2D7M3I4M8D11M2D19M5D12M17D8M12D11M22D17M1I27M2I30M1I7M1D17M6D6M
84	1167	0.188	2.820E-43	5	764	769	3	837	842	9M6D7M4I24M9D13M1I9M4I6M6I31M7I2M2D5M3D4M2I28M27I20M8D7M1D23M1I28M1D16M10I4M4I11M13D3M4I31M3D6M16D38M1I5M1I15M1D3M1D1M15D23M2D5M2I4M4I23M1I3M6D28M1I73M7D11M2D23M5D11M17D8M14D4M10D4M20D5M1D4M12I27M2I30M1I7M1D17M6D6M
32	1158	0.180	6.530E-43	0	765	769	18	746	748	9M1I6M9I22M4D2M5D13M1I9M8I3M2I30M1D4M6I10M4D2M3I27M24I4M3I12M6D34M1I28M1D16M5I5M9I10M2D44M7I6M13D30M2I16M20D4M2D11M3D12M1D4M2I10M10I9M1I1M2I12M1I17M1I56M1I25M6D3M1I3M7D18M5D6M3I7M1I3M4I8M1D3M3I2M9I26M2I4M2I24M1I9M1D15M6D7M
66	1158	0.188	6.906E-43	0	765	769	18	746	748	9M1I6M9I22M4D2M5D13M1I8M2D2M12I30M1D4M6I10M4D2M3I27M24I4M3I12M6D34M1I28M1D16M5I5M9I10M2D45M6D42M2I13M22D18M3D12M1D4M2I10M10I9M1I1M2I12M1I17M1I56M1I27M6D4M6D20M5D5M3I7M1I3M13I5M3I3M2I3M3D26M2I4M2I24M1I9M1D15M6D7M
25	1156	0.178	9.138E-43	3	764	769	13	841	846	6M1I6M9I22M4D1M6D11M1D3M1I11M4I4M6I31M7I2M2D5M5D2M4I28M27I20M10D5M1I24M1I28M1D16M10I4M4I11M13D3M4I31M3D1M16D15M2D2M2I21M1I8M1I15M1D2M1D2M15D22M2D6M2I4M4I23M2I6M7D24M1I59M2D10M3I4M8D7M1I4M3D19M5D5M3D5M16D9M12D22M20D8M1D26M2I30M1I7M1D17M6D6M
5	1153	0.178	7.725E-43	0	765	769	18	744	746	9M1I6M9I22M4D2M5D13M1I9M4I4M6I29M1D4M6I8M3D2M4I12M2D16M24I4M3I12M6D34M1I28M1D16M10I4M4I11M2D44M2I10M6D1M2D30M2I18M22D13M3D10M1D6M2I8M10I12M3I12M1I17M1I56M1I23M6I4M18D17M3D2M1I3M3I11M13I3M1I10M1I27M4I28M1I7M1D17M6D7M
38	1149	0.188	3.945E-43	25	764	769	25	838	843	24M10D13M1I10M4I5M6I31M7I2M2D5M3D3M2I29M27I20M8D7M1D23M1I28M1D16M10I4M4I11M13D3M4I32M19D40M1I8M1I16M7D14M10D11M2D6M2I4M4I23M5D32M1I59M2D13M5D11M2D23M5D5M1D6M16D9M12D25M18D4M3D27M2I30M1I7M1D17M6D6M
47	1149	0.187	1.362E-43	25	757	769	25	829	845	19M7D7M3D11M1I9M7I5M3I28M1D4M6I8M5D2M4I28M24I4M3I10M9D13M1D23M1I28M1D16M10I4M4I11M4D3M7D37M4D4M7D6M9D5M1D47M7D5M12D2M2I19M4D5M4I3M4I23M2I3M7D27M1I12M2I3M2D43M2I14M8D5M1D2M1I4M3D17M5D7M5I6M11D11M15D11M14D6M7D5M3D58M1I7M1D16M
3	1148	0.194	1.143E-42	25	764	769	23	837	842	24M10D10M1D3M1I10M4I5M6I31M7I2M2D5M5D2M4I28M24I4M3I16M10D5M1I24M1I28M1D16M10I4M4I11M13D5M4I29M3D1M16D15M2D2M2I21M1I8M1I15M1D2M1D2M15D23M2D5M2I4M4I23M1I5M6D26M1I60M2I2M4D5M3I4M8D7M1I4M3D19M5D11M17D8M12D25M18D5M3D26M2I30M1I7M1D17M6D6M
53	1141	0.189	6.485E-42	3	765	769	21	760	762	7M7I5M3I21M4D3M5D13M1I9M4I4M6I29M1D4M6I10M4D2M3I27M24I4M3I5M16D7M6D34M1I28M1D16M10I4M4I11M2D45M13D6M7I30M2I12M21D18M3D10M1D6M2I8M10I12M3I12M1I17M1I61M1I6M1I4M11D10M1I2M6D1M3I17M5D7M5I8M13I6M1I7M1I27M4I28M1I7M1D17M6D7M
6	1138	0.178	1.279E-42	3	764	769	13	841	846	6M1I6M9I24M10D11M1D2M1I10M4I5M6I31M7I2M2D5M5D2M4I28M27I13M16D7M7I23M1I28M1D16M10I4M4I11M13D3M4I31M3D6M16D10M2D2M2I23M1I6M1I16M2D3M15D23M2D5M2I4M4I23M2I3M7D27M1I66M2D3M3I4M8D7M1I4M3D19M5D5M6D1M4D3M8D6M1D4M12D22M20D8M1D26M2I30M1I7M1D17M6D6M
73	1136	0.179	1.430E-42	3	764	769	13	841	846	6M1I6M9I24M10D10M1D3M1I11M4I4M6I31M7I2M2D5M5D2M4I28M27I13M16D7M7I23M1I28M1D16M10I4M4I11M13D3M4I31M3D6M16D10M2D2M2I21M1I8M1I16M2D3M15D23M2D5M2I4M4I23M2I3M7D27M1I59M2D10M3I4M8D7M1I4M3D19M5D5M6D1M4D3M8D1M1D9M12D22M20D8M1D26M2I30M1I7M1D17M6D6M
17	1124	0.185	9.664E-43	3	765	769	21	744	746	6M1I6M9I21M4D3M5D13M1I9M4I6M6I27M1D4M6I8M3D2M4I12M2D16M24I4M3I10M6D36M1I28M1D16M10I4M4I11M2D40M4D17M2D32M2I11M5D5M16D24M2D15M10I13M3I11M1I17M1I9M1I10M1D41M1I14M10D7M1I2M6D1M3I17M5D6M4I6M1I3M4I8M1D3M3I2M9I25M4I29M1I7M1D17M6D7M
36	1092	0.196	1.008E-40	2	757	769	6	815	836	7M2I11M3I24M10D13M1I9M8I2M3I2M1D32M3I1M2I10M1D32M24I4M3I14M3D8M1I23M1I28M1D16M9I4M5I11M11D2M1I41M5D4M6D1M8D39M2I15M15D4M2D25M4I11M6I14M1I4M6D5M2D22M1I11M2I4M2D40M6D26M1I4M3D19M5D20M33D14M3D10M7D5M3D29M1D13M1D16M1I7M1D9M2D7M
85	1089	0.195	3.479E-41	0	757	769	0	817	838	11M2D11M3I20M7D6M3D11M1I9M8I2M3I2M1D32M3I1M2I10M1D32M24I4M3I12M5D8M3I23M1I25M1D19M5I4M9I12M10D38M10D8M15D8M6I27M2I14M15D5M2D27M1D12M11I10M1I4M6D5M2D22M1I75M6D8M1I6M3D17M5D4M6D8M14D8M13D13M5D11M7D4M3D30M1D13M1D16M1I7M1D6M2D10M
75	1079	0.194	5.444E-41	2	757	769	7	815	836	15M1I3M4I24M10D13M1I9M8I2M3I2M1D32M3I1M2I10M1D32M24I4M3I9M5D11M3I23M1I28M1D16M5I4M9I11M14D3M4I37M5D4M6D1M8D39M2I14M7D4M10D26M4I9M5I5M1I11M1I4M6D5M2D22M1I11M2I4M2D40M6D26M1I4M3D19M5D20M33D14M3D10M7D4M3D43M1D16M1I7M1D9M2D7M
28	1076	0.191	9.011E-41	4	757	769	8	814	835	13M1I3M4I24M10D13M1I9M8I2M3I2M1D32M3I1M2I10M1D32M24I4M3I9M5D11M3I23M1I28M1D16M5I4M9I12M14D2M4I37M5D4M6D1M8D39M2I15M2D3M15D26M4I9M5I5M1I11M1I4M6D5M2D22M1I11M2I4M2D40M6D4M1I13M1D8M1I4M3D19M5D17M33D17M3D10M7D4M3D43M1D16M1I7M1D9M2D7M
80	1068	0.165	1.973E-40	15	768	769	1	791	792	8M3D2M6D28M2I7M8I3M2D10M2I30M2D3M7I12M1D30M27I14M28D13M36D23M1I25M2I5M3D12M10I3M4I13M1I7M2D30M5I4M3D40M2I12M1D4M9D7M5D6M6D12M4D4M1D10M10D3M1I18M1I2M2I11M1I17M1I58M1D9M3D3M4I9M1I3M3D23M2D7M3I3M14I9M1I7M1I28M1I30M1I7M1D16M4D3M4D8M
11	1062	0.188	2.920E-40	2	757	769	5	813	834	15M1I3M4I24M10D13M1I9M8I2M3I2M1D32M3I1M2I10M1D32M24I4M3I8M5D12M3I23M1I28M1D16M5I4M9I11M14D3M4I37M5D4M6D1M8D39M2I15M2D3M15D26M4I9M5I5M1I11M1I4M6D5M2D22M1I11M2I4M2D43M2I13M8D8M1I4M3D19M5D19M31D14M5D11M11D3M1I43M1D16M1I7M1D9M2D7M
67	1062	0.193	6.395E-40	2	757	769	6	815	836	7M2I11M3I24M10D13M1I9M8I2M3I2M1D32M3I1M2I10M1D32M24I4M3I8M5D7M2I5M1I23M1I28M1D16M9I4M5I11M11D2M1I41M5D4M6D1M8D39M2I12M4D3M11D4M2D27M1D12M11I10M1I4M6D5M2D18M1I15M2I4M2D40M6D26M1I4M3D19M5D19M31D10M12D7M4D11M1I30M1D13M1D16M1I7M1D9M2D7M
57	1039	0.202	3.430E-39	3	757	769	6	815	836	2M3D3M4I10M3I19M7D6M3D12M1I9M8I2M3I2M1D32M3I1M2I10M1D32M24I4M3I14M3D8M1I23M1I26M1D18M5I4M9I12M10D43M5D4M6D1M8D39M2I12M4D3M11D4M2D25M4I9M3D2M9I11M1I4M6D5M2D22M1I11M2I4M2D40M6D26M1I6M3D17M5D4M7D5M7D3M6D6M11D19M16D10M1I29M1D14M1D16M1I7M1D9M2D7M
81	985	0.203	7.834E-37	49	767	769	7	790	799	13M1I14M3I3M2I33M3I2M2I42M18I3M6I1M3I16M4I54M1D17M10I3M4I13M7D4M4I14M1D12M2D3M4I11M5I30M2I19M1D29M38D2M10D5M114D53M1I20M3I40M2I13M5D8M1I4M3D16M3I5M3I12M13I1M25I3M3I13M1D47M3D6M1D2M3D8M
 