15	8648	1.00	0.000E+00	0	941	942	0	941	942	942M
21	5469	0.786	0.000E+00	0	939	942	3	943	945	724M1D216M
25	692	0.160	3.182E-41	14	893	942	100	1025	1026	8M7D10M1I8M13I4M3I8M4D14M2D5M2I10M1I11M1I14M7D9M1I6M1I3M3I7M5D8M2I29M4I9M5I8M7D7M2D5M1I5M3I5M7I9M4D13M2D6M2I8M1I3M26D21M1I31M1I8M1I2M3D38M1D5M1D11M1I15M1I23M1I48M1D23M2D17M1D6M1D43M6D15M10I26M4D8M1D32M1I8M22D7M1D21M3D13M3D8M1I48M1D13M2D30M3D3M1I2M2D23M4I3M4I19M
9	682	0.156	5.047E-39	10	938	942	1	936	939	5M3D10M1D7M4I4M6I7M7I9M4D13M7D10M4D4M4I4M5I19M2D9M1I6M4I6M3I9M2I1M7D27M1I6M2I8M3D11M7D13M1I2M5I9M2D13M1I8M2D8M2I4M2D3M4I4M1D5M4I2M2I7M6D10M1I6M5I7M2I2M3I6M5D12M2D4M2I10M1I3M3I7M4D11M1I20M1I12M2D10M1D65M1D5M1D12M1D8M1I4M2D41M4D6M1I3M7I4M2I21M2D4M1D4M2D5M1D32M1I8M9D6M1D16M1I21M1D6M2D42M1D46M3D7M1D25M4I6M4I10M6D36M1D15M
10	643	0.154	5.627E-37	15	938	942	8	936	939	10M1D9M4I3M6I6M7I9M4D12M7D11M4D4M4I4M5I19M2D9M1I6M4I6M6D9M4I2M1D27M1I16M1D11M7D9M5D1M11I13M2D9M1I8M2D8M2I4M2D3M1I3M1I6M5I3M2I7M6D10M1I6M5I7M2I2M3I6M5D12M2D4M2I10M1I3M3I7M4D11M1I20M1I12M2D10M1D45M2I4M2D14M1D5M1D12M1D8M1I4M2D39M4D8M1I3M7I4M2I21M2D4M1D4M2D6M1D28M1I12M9D5M1D17M3D5M4I8M5D5M1I4M1I39M1D30M1D8M1I9M3D7M1D25M8I16M6D36M1D15M
7	642	0.144	8.742E-37	14	936	942	8	929	933	21M10I8M7I8M4D13M6D11M4D4M4I4M5I17M2D11M1I6M4I9M5I7M7D27M1I6M2I8M3D10M7D10M1D4M7I10M4I3M6D6M1I8M2D8M2I4M2D3M1I2M1I7M7I10M6D9M2D5M8I33M2D6M2I7M4I10M4D11M1I20M1I12M2D6M1I4M2D64M1I2M3D14M1D8M1I4M2D39M1D2M3D6M1I6M9I26M3D4M2D5M1D34M1I7M9D5M1D17M1I16M5D5M1I4M1I47M1D30M1D10M5D6M1I25M4I6M4I10M2D36M1D13M
8	628	0.153	2.630E-36	15	941	942	8	938	939	10M1D7M4I5M6I6M7I9M4D13M7D10M4D5M4I3M5I17M2D11M1I6M4I6M3I9M2I1M7D27M1I6M2I7M3D12M7D13M1I1M5I14M2D9M1I8M2D8M2I4M2D3M1I3M1I6M7I10M6D10M1I6M5I7M2I2M3I6M5D12M2D4M2I11M4I9M4D11M1I20M1I12M2D6M1I2M1D1M1D45M2I5M2D13M1D5M1D12M1D8M1I4M2D41M4D6M1I3M7I4M2I21M2D4M1D4M2D6M1D28M1I11M9D6M1D17M1I17M2D9M1D42M1D46M3D7M1D25M9I4M1D11M6D36M1D18M
13	628	0.149	3.137E-36	10	938	942	1	936	941	4M3D11M1D3M2D7M12I6M7I9M4D13M7D10M4D4M2I1M1D2M8I19M2D9M1I6M4I6M3I9M4D3M1D27M1I10M1D17M7D11M4I5M2I12M2D9M1I8M2D8M2I4M2D3M4I4M1D5M4I2M2I7M6D10M1I5M2I3M3I5M2I2M3I6M5D12M2D4M2I10M1I3M3I8M1D8M1D2M1D21M1I12M2D10M1D65M1D5M1D12M1D8M1I4M2D41M4D5M1I4M7I4M2I27M5D7M1D29M1I12M9D5M1D23M1I10M5D5M1I4M1I39M1D49M3D6M1D25M4I6M4I10M6D36M1D15M
6	622	0.146	1.031E-35	11	941	942	1	933	934	11M4D10M1D2M11I8M1D1M4I26M3D8M4D5M1I3M8I3M7D9M5I9M3I7M3I6M3I6M4I2M9D27M1I6M2I5M3D11M7D14M4I5M2I9M4I3M5D15M2D7M2I4M2D3M1I2M1I9M4D7M6I12M1I8M5I5M2I2M3I6M5D13M2D3M2I10M1I3M3I7M4D11M1I20M1I12M2D13M1D41M1D4M1I16M1I2M3D14M1D7M1I5M5D39M4D7M1I4M7I4M2I8M1I16M5D9M1D29M1I11M3D2M7D28M1I12M4D6M1I40M1D49M3D6M1D25M4I6M4I10M4D21M2D33M
24	559	0.146	1.311E-33	13	932	942	7	947	949	4M1I5M5D5M7I18M7I4M2I7M6D7M1D4M14D8M4D4M9I16M1D4M1D11M1I7M4I7M3I7M4D31M1I12M3D15M7D9M1D5M7I10M4I3M4D14M2D17M1I3M1I6M7I10M6D11M2I5M4I15M2D33M4I10M4D6M2I6M1D18M1I18M1I3M4D47M2I2M2D13M2D18M1D9M1D45M5D13M10I8M1I16M18D4M4D5M1D32M1I9M10D5M1D24M1I15M4D3M1I49M1D36M3D10M1D25M4I5M4I5M2D6M20I6M8D19M
28	517	0.146	2.647E-29	13	788	942	204	976	977	9M8D13M9I3M5I8M3D7M2I14M2D9M3I5M2I1M1I12M5I6M7D10M1I6M4I7M3I8M3D31M4I9M1I5M4D8M2D7M1I7M5I8M3I9M4D14M2D4M2I9M1I3M1I8M7I9M6D14M3I4M1D3M14D8M6I3M3I11M2D6M9I2M1D9M3D14M1I13M1I25M6D37M1D11M1D20M1D5M1D27M3D5M2D37M1D9M9I14M3D3M1I12M7D6M1D45M1D3M1D8M1I8M1D16M1D10M1I9M1I34M
4	463	0.148	1.097E-29	16	887	942	99	972	977	6M11D13M1I4M8I7M3I4M4I3M6D4M1D11M2D9M4D3M2I7M3I19M8D9M1I6M1I3M3I8M3D5M2I31M4I9M5I8M7D13M4I11M4I9M2D31M1I2M1I7M3D2M3D6M4I12M1I10M5I14M1D17M2D3M2I10M1I3M1D11M2D6M5I11M3I10M1D3M14D10M8I12M2D9M8I8M3D43M1D7M6D40M1D11M1D6M2D2M11I14M2D11M3D6M2D6M2D5M2D37M2D1M2D4M2I23M1D6M3D5M2D4M1I48M1D8M1I18M2D19M1I13M1D2M2I10M5I3M3I11M
16	461	0.133	1.252E-29	22	891	942	115	964	965	13M8I12M5I9M4D4M1D10M2D9M2I6M1I3M1I2M1D5M5D4M1I10M5D9M1I6M1I3M3I5M3I12M3D26M4I9M5I9M7D6M2D5M1I3M7I7M2I4M3I4M3I8M2D5M2I10M4I8M5D2M3D6M6D4M3I4M8I3M4I4M1I8M3I10M4D27M1D3M1I10M3D6M2I6M2I10M5I4M1D3M16D7M1D3M8I24M3I3M1I6M1D45M1D7M6D38M1D10M1D9M9I10M3D10M1I6M4D4M1D6M2D7M2D37M2D25M3I8M3D9M1I2M1D2M1D44M2I5M3D6M1I13M2D19M1I10M1I16M5I3M3I4M1I10M
26	297	0.128	2.286E-24	14	803	942	9	915	963	4M1I6M4D9M11I8M8I8M5D4M1I10M2D8M4D4M9I5M1D13M2D21M1I2M3I3M3I13M5D25M4D4M1I1M3I7M6D1M6D2M5D9M7I11M7I5M3I8M1I1M4D12M2D6M2I8M3I9M5I11M6D10M1I5M5I31M5D1M5I14M2I8M5D3M2D6M3D4M6I10M7I3M1I7M4I3M21D5M11D27M1I2M3I5M42D3M9D11M4D31M2D4M3D6M2D30M1I7M16D6M1I13M4D6M15D27M2D8M5D33M1D7M4D3M3D5M1D26M1D10M4D5M1I3M2D37M1D20M
27	285	0.153	1.153E-22	16	722	942	3	817	850	9M7D7M11I10M7I10M7D3M1I9M2D9M4D5M1I4M1I1M6I7M1D6M1D21M1I2M3I7M3I8M5D26M4D4M1I1M1I12M1I10M7D10M4D1M10I9M3D3M3D3M6I10M2D7M2I10M1I8M5I12M6D10M4D2M10I13M1I8M1D11M2D7M2I6M4I6M21D6M36D1M1D11M3D12M1D19M2D6M1I3M2D30M1I9M19D2M15D22M1I6M1D11M2D14M3D32M1D6M10D5M1I8M11I11M3D5M1I8M6D8M3D42M15D17M5I7M
12	272	0.093	9.646E-19	12	933	942	1	980	982	8M11D5M1D9M8I3M6D1M2I5M6I8M2I12M4D4M4I6M10D2M33D4M1I3M6D15M1I5M3D12M4I5M2I9M5I1M2I10M1I18M1D1M1I3M1I2M2D10M1I6M24D3M9D3M1D9M6I11M7D9M1I6M3D5M11D4M5I6M9D2M15D4M1I2M6D16M1D7M2D17M7I9M5I1M2I8M1I18M1D4M1I15M4I5M4D14M5I12M1D10M1I7M1D6M2I9M5I4M1I15M1I9M3D5M24D7M2D27M1I23M1D1M1I2M1I13M1I1M1I4M6I16M1I22M1I9M1I19M2I2M1I8M2I3M1D17M2I18M2I5M5I7M1I23M1I4M2D7M2I3M1D14M4D2M6I18M3I11M1I14M8I8M1I6M14I20M2D12M
18	258	0.148	4.669E-21	16	722	942	3	815	850	6M5D3M2D4M2D6M13I5M7I8M7D5M1I9M2D9M4D4M4I4M5I3M1D5M1D6M1D20M1D7M8I9M5D27M4D4M1D2M5I5M1I10M9D12M1D5M7I9M3D4M3I15M2D7M2I5M3D4M4I6M5I13M6D9M1I6M5I33M2D7M2I6M4I8M17D4M41D12M3D9M1I7M2D10M2D10M1I4M2D31M26D8M7D24M1I5M1D12M2D11M2D2M1D33M1D5M10D6M1I8M11I11M2D14M6D8M3D41M12D2M3D14M7I7M
5	209	0.113	1.063E-15	10	790	942	2	902	905	7M4D3M4D2M13D9M4I6M10I10M4D8M3I11M2D8M2I5M2I4M1I16M3D9M7D5M3I6M4I9M3D4M6D5M1I5M2D8M2D15M1I4M1I9M1I5M1I5M6D12M1I13M7I7M1D28M3I1M2I8M3D8M2I3M6D4M2D18M4I16M9D17M2D7M2I9M1I8M2D5M4I4M1D3M5D10M3I4M1I3M2I11M8D3M3I25M3I2M4D3M1I11M5I4M5D5M4D7M2I8M2I5M1I6M7D13M1D4M3D8M1I1M1I5M6I4M1D10M1I28M1D9M2D7M5D8M5D30M1I5M1D3M2D3M1D2M22D5M5D6M14D2M12D14M4D4M10D8M2D7M5I9M3I12M6D5M9D12M
22	200	0.108	2.928E-15	10	790	942	2	900	904	7M4D3M4D2M13D9M4I6M10I17M1D15M2D8M2I5M2I4M1I16M3D9M7D5M3I6M4I9M5D4M4D5M1I5M2D8M2D15M1I4M1I9M1I5M1I5M6D12M1I13M7I7M1D28M3I1M2I8M3D6M3D3M1I2M6D3M2I18M4I16M9D17M2D7M2I9M1I8M2D5M4I4M1D3M5D10M3I4M1I3M2I11M8D3M3I25M3I2M4D3M1I11M5I4M5D5M4D9M2I6M2I5M1I6M7D6M1I6M1D4M3D8M1I1M1I5M6I4M1D10M3I1M4I5M3D4M2D2M1D10M1D13M3D8M9D33M1I5M6D8M20D5M5D6M14D2M12D14M4D4M10D13M5I13M1I12M6D8M8D9M
17	137	0.113	7.880E-13	10	885	942	3	961	986	24M8I8M1I12M4D11M3D38M3D2M1D23M1D33M1D32M1D6M5D16M8I10M11I7M5D19M8I4M9D15M16D3M4D11M23D4M6D1M1I9M4I9M14D8M1D4M8I5M4I5M6D3M6D6M4I10M17I5M9D8M16I4M4D3M14D5M4D11M4D7I3M1I8M20D1M2D4M12D6M2I1M2I17M1I15M22I4M5D1M1I1M7D1I9M4I7M1I5M4I15M4I8M7I7M1I4M4D10M6D2M12D3M1D6M2D5M2D5M5D2M1I6M14D7M2I5M10D5M14D4M1I6M1I8M3D8M12D5M4D4M8I4M4I6M8D8M4I5M13I9M1D6M20I7M1I14M8I11M5D4M1D10M
11	135	0.103	1.171E-12	13	787	942	6	921	986	27M9I12M2D7M1I5M6D38M4D25M1D33M1D32M1D7M5D7M2I7M7I11M7I11M2D18M8I7M3D30M16D3M8D3M4D8M9D7M27D11M1D4M8I5M4I5M6D3M6D6M4I10M17I6M7D8M19I10M16D4M4I4M1I4M12D11M20D1M2D4M12D4M2I3M2I17M1I14M14D7M8I7M3I1M3I12M4I13M3D4I6M10I9M5D6M10I7M3I6M12D4M1D5M2D4M2D6M5D2M1I6M14D7M2I5M14D4M10D5M1I8M1I6M2D7M3D3M14D7M1I2M11D6M3D8M1I14M1D3M2D9M
0	135	0.113	5.301E-13	10	885	942	3	962	987	27M8I3M1I19M1I4M13D2M4D37M4D25M1D27M1D38M1D7M16D17M3I12M9I29M12I15M15D5M8D1M3D1M10D7M7D4M6D1M1I9M4I9M14D8M1D4M8I5M4I5M6D3M6D6M4I10M17I6M2D3M3D4M17I13M16D4M4I4M1I5M11D6M1D4M20D1M2D4M12D6M2I1M2I31M11D7M2D1M8I7M3I1M5I9M4I7M15I10M4I8M8I11M4D10M6D2M12D3M1D6M2D5M2D5M5I5M2D8M22D8M13D6M1I6M1I8M3D8M12D5M4D4M8I4M4I6M8D8M4I5M13I9M1D7M19I7M2I5M3I7M1D1M3I1M3I11M3D6M3D6M
2	128	0.118	1.595E-12	10	885	942	3	949	974	24M8I8M1I13M2D4M1I5M6D38M4D25M1D28M2I3M3D32M1D7M5D7M2I7M7I11M7I13M1I4M1I10M8I29M1D4M18D7M8D3M4D8M9D7M11D5M14D3M2D3M1D4M8I5M4I5M6D3M6D6M4I10M17I6M2D3M3D4M17I13M16D4M4I4M1I5M11D6M1D4M20D1M2D4M12D4M2I3M2I16M6I2M6D8M23I4M5D1M1I2M6D5M1D4M5I6M1I5M4I15M4I8M8I11M4D10M6D2M13D9M2D4M2D6M5D2M1I6M14D12M1I5M15D5M1I6M2I4M5D7M9D3M2D6M4D4M8I5M2I5M6D10M4I5M13I9M1D7M19I7M2I13M8I11M5D4M1D10M
23	73	0.093	5.165E-07	6	784	942	6	864	883	4M3I3M1D8M11D1M3D6M8I8M3I3M1I6M1D4M16D5M4D11M2D1M4D9M17D9M6I12M6I7M1I2M9I5M4I10M17I2M1I13M15I4M3I2M8I5M1I7M6D14M4D4M5D5M9D1M11D4M3D11M3D19M1D10M4D9M1D8M4I1M4I21M3I8M3D8M1I9M6D1M12D7M1I2M5D4M3D4M1D6M1I5M6D5M6I3M9I5M1I9M2D6M2I10M1I9M7D2M9D13M8D13M1D3M1I6M4I3M3I25M1D13M1I7M7D2M1D1M8D4M5I6M14D4M2D5M12I8M4I5M4I12M5D18M1I8M7D3M9D9M10D6M6I5M2D6M3D2M2I1M4D5M8I7M2I11M1D12M1I8M7D7M3D11M
20	68	0.090	1.572E-07	6	881	942	6	878	883	4M3I3M1D8M11D1M3D6M8I8M3I3M1I6M1D4M16D5M4D11M2D1M4D5M19D8M2D3M8I17M7D8M7D5M4I7M2D4M22D3M3D4M8D8M8D10M14D6M4D12M1I15M8D6M1I7M3D10M10I15M2D5M2I11M1I8M8D2M9D5M1D1M1I2M10D8M1I8M3I4M4D6M12I12M1I4M2D5M2I12M1I8M7D2M1D3M8D6M5D1M5D10M2D6M5I7M8I21M2D5M2I11M1I9M32I5M3I5M2I6M11I6M5I5M2I6M8I5M1D2M1I2M6I4M2D7M3I10M8I3M9I10M5D17M1I9M32I8M2I10M9I7M8I9M12I4M5I13M2D3M5D6M7I4M9I8M1I6M2I3M3D14M3I6M5D9M9D7M10D2M
3	63	0.082	3.794E-07	117	880	942	2	888	960	9M4D11M1D9M2I16M1I34M1I8M20D3M2D4M8D5M2I11M4I17M3I7M23D4M3D5M1D6M1I6M2I5M5I6M6D5M3D5M33D4M1I7M5D11M11D6M10D4M16D4M2D3M45D3M8D4M8D5M3I5M8I11M17D2M2I5M12D3M8I5M5I2M8D10M3D16M1D8M6I1M24I15M2D6M12D8M10I11M1I5M7I2M2I9M2D4M5D1M3I10M1D2M3D6M1D6M7I3M21I26M8D3M1I6M7I9M9I5M20I1M10I23M6D2M1I2M1D10M1I10M8D2M4D9M7D12M14D7M3I3M12I6M2I3M4I4M3I10M1D4M4I3M4D15M
14	61	0.100	1.318E-07	6	885	942	6	864	883	4M3I3M1D8M11D1M3D6M8I8M3I3M1I6M1D4M16D5M4D11M2D1M4D9M17D9M6I12M6I7M1I2M9I5M4I10M17I2M1I13M15I4M11I7M1I7M6D14M4D4M5D5M9D1M11D4M3D10M3D20M1D7M8D9M3I4M4D2M12I20M3I8M3D8M1I9M6D1M12D7M1I2M5D4M3D4M1D6M1I5M6D5M6I3M9I5M1I9M2D5M2I11M3I9M30I5M3I5M2I8M12I2M4I8M14I4M3D2M2D2M1I2M5I5M2D5M12I8M4I5M4I12M5D18M1I8M7D3M9D9M1I2M9D6M5I3M7D15M8I4M2I15M1D13M1I7M7D7M12D6M7D8M5D4M1D10M6I4M9I12M3I5M3D12M1I4M2I4M5D11M2D6M1I4M
19	58	0.105	1.504E-07	6	859	942	6	834	884	4M3I3M3D5M7D3M2D1M3D6M8I8M3I3M1I6M1D4M16D5M4D11M2D1M4D9M17D9M6I12M6I7M1I2M9I5M4I10M17I2M1I13M15I4M11I7M1I7M6D14M4D4M5D5M9D1M11D4M3D10M3D20M1D7M2D9M1I8M5D2M9I21M3I9M3D7M1I9M6D4M12D4M1I2M5D4M3D4M1D6M1I5M6D5M6I2M9I6M1I9M2D5M2I11M1I8M8I2M23I3M2I6M4I8M17I3M1D6M14I4M3D2M2D2M1I3M5I4M2D5M12I8M4I5M4I12M5D18M1I8M7D3M9D9M1I2M9D13M1D9M9I3M3I1M5D7M2I4M3D8M2I10M1I7M7D7M12D6M7D12M2D3M4I7M3I1M3D4M7I12M3I5M3D12M1I6M
1	57	0.069	2.755E-06	117	880	942	2	888	960	9M4D12M2I5M1D19M1I34M1I10M22D5M8D5M2I11M4I17M3I4M17D6M9D6M1D6M1I6M2I5M10D2M39D4M19D5M2I7M26D5M1D6M8D3M6D11M26D6M3D3M18D12M6I10M8I19M17D3M8I5M5I2M8D10M3D16M1D8M4I5M14I2M12I9M2D6M12D8M10I11M1I5M7I7M1D7M3I3M4D11M1D2M3D2M1I4M2D4M7I3M2D4M17I2M6I13M6I7M3I1M7I20M23I33M6D2M1I2M1D10M1I10M8D2M4D9M7D14M13I6M3D2M1D2M8D10M3I3M6I10M1D4M4I3M4D15M
 