#Task    Step    numberOfAcceptedPeleSteps    currentEnergy    BindingEnergy    sasaLig    distance_A35SG_L1S1    
1    0    0    -7173.97    -20.7432    0.312601    7.91619    
1    1    1    -7205.23    -22.8523    0.295934    7.39593    
1    7    2    -7203.99    -22.8276    0.30397    7.63301    
1    12    3    -7201.01    -17.564    0.323434    7.34773    
1    13    4    -7202.56    -21.8256    0.30006    7.5432    
1    22    5    -7198.04    -13.9817    0.325158    8.23541    
1    24    6    -7196.17    -18.5542    0.301932    7.876    
1    25    7    -7202.08    -21.7395    0.294768    7.47234    
1    34    8    -7200.48    -19.1867    0.337198    7.3004    
1    38    9    -7198.67    -15.3551    0.345345    8.08244    
1    41    10    -7200.57    -23.0238    0.297389    7.49941    
1    50    11    -7200.43    -22.5865    0.330145    7.49919    
1    52    12    -7201.08    -23.2337    0.308266    7.63651    
1    70    13    -7202.7    -20.0797    0.332457    7.53406    
1    72    14    -7200.5    -19.1249    0.308503    7.58086    
1    83    15    -7201.82    -19.029    0.300876    7.11876    
1    87    16    -7201.6    -16.3657    0.35045    7.37524    
1    90    17    -7189.96    -3.66772    0.455771    7.57832    
1    95    18    -7190.04    -8.62876    0.358217    7.99996    
1    96    19    -7193.31    -6.21883    0.45237    8.51338    
1    98    20    -7188.96    -4.50214    0.408894    8.09865    
1    99    21    -7196.12    -11.7771    0.356679    7.39511    
