#Task    Step    numberOfAcceptedPeleSteps    currentEnergy    BindingEnergy    sasaLig    distance_A35SG_L1S1    
1    0    0    -7169.43    -19.5804    0.350179    7.98073    
1    1    1    -7181.51    -19.1669    0.266441    7.96261    
1    2    2    -7181.29    -17.6178    0.297151    7.94427    
1    3    3    -7180.46    -15.971    0.304157    8.11981    
1    11    4    -7181.31    -14.2671    0.30489    7.7207    
1    19    5    -7185.62    -20.0988    0.28062    8.17399    
1    22    6    -7186.87    -20.7995    0.304088    8.22512    
1    27    7    -7179.21    -15.0075    0.340947    7.20579    
1    29    8    -7182.7    -22.6774    0.312903    7.68481    
1    35    9    -7177.23    -14.7036    0.348107    7.0982    
1    36    10    -7176.06    -12.2405    0.373203    7.46478    
1    37    11    -7187.21    -18.6227    0.374615    7.12931    
1    38    12    -7185.02    -14.9371    0.402039    6.99211    
1    40    13    -7188.37    -17.6126    0.381594    6.75575    
1    44    14    -7187.83    -14.8234    0.396703    6.30272    
1    48    15    -7188.7    -15.7739    0.385147    7.19457    
1    55    16    -7185.35    -13.6302    0.411895    7.2941    
1    57    17    -7188.06    -16.5376    0.389916    6.8556    
1    60    18    -7186.46    -15.9702    0.37079    6.64963    
1    65    19    -7184.83    -15.0059    0.376445    6.89065    
1    70    20    -7186.01    -15.5226    0.373495    6.59721    
1    75    21    -7185.11    -16.1288    0.359757    6.91057    
1    77    22    -7188.56    -18.7195    0.342955    6.82593    
1    79    23    -7184.5    -13.1461    0.361383    7.00249    
1    80    24    -7182.52    -9.56303    0.410971    7.6741    
1    84    25    -7183.78    -9.73932    0.379377    6.81056    
1    86    26    -7181.41    -11.5929    0.352106    7.10771    
1    90    27    -7186.94    -14.1526    0.36733    6.76445    
1    91    28    -7184.9    -12.8154    0.365656    6.37511    
1    93    29    -7184.69    -15.7683    0.354857    6.45767    
1    94    30    -7183.67    -15.5822    0.336499    6.71219    
1    96    31    -7183.15    -16.4642    0.309466    6.53022    
1    97    32    -7181.08    -20.9075    0.2375    6.4369    
1    100    33    -7180.61    -15.6449    0.296952    6.38081    
