#Task    Step    numberOfAcceptedPeleSteps    currentEnergy    BindingEnergy    sasaLig    distance_A35SG_L1S1    
1    0    0    -7184.15    -16.367    0.409168    7.5375    
1    2    1    -7198.22    -9.55434    0.422164    6.55413    
1    7    2    -7198.89    -10.9217    0.467048    7.22947    
1    8    3    -7201.21    -12.2016    0.445116    7.00618    
1    10    4    -7199.35    -8.87121    0.455995    7.68172    
1    15    5    -7201.81    -14.1221    0.432032    7.63603    
1    16    6    -7200.84    -13.0328    0.424451    7.83362    
1    21    7    -7201.65    -14.199    0.383631    8.5675    
1    22    8    -7202.72    -11.5471    0.425956    8.65991    
1    26    9    -7199.3    -10.7027    0.415935    8.64365    
1    28    10    -7199.57    -9.63411    0.389511    8.54339    
1    29    11    -7198.58    -9.50214    0.407514    9.02074    
1    31    12    -7197.9    -10.8758    0.321098    9.4037    
1    38    13    -7192.6    -4.70668    0.371208    10.0729    
1    40    14    -7198.56    -7.44855    0.363458    9.46979    
1    41    15    -7203.81    -13.1211    0.320104    9.26647    
1    47    16    -7199.1    -14.2163    0.420704    4.56649    
1    50    17    -7199.32    -8.15686    0.464253    5.74582    
1    52    18    -7204.81    -9.53059    0.473172    5.97472    
1    53    19    -7208.04    -15.5814    0.42434    5.897    
1    54    20    -7207.16    -12.2894    0.43798    6.62501    
1    55    21    -7202.72    -9.80623    0.421107    6.60716    
1    56    22    -7201.93    -5.02555    0.484065    4.12601    
1    57    23    -7196.42    -7.88737    0.446552    5.55031    
1    58    24    -7194.11    -5.14569    0.46091    6.87195    
1    59    25    -7198.26    -11.574    0.395332    5.4668    
1    60    26    -7191.67    -3.86292    0.472852    7.16568    
1    61    27    -7198.87    -14.3206    0.408053    6.17743    
1    65    28    -7202.55    -13.8868    0.42709    5.52303    
1    66    29    -7202.91    -14.0609    0.415728    6.29536    
1    69    30    -7198.8    -12.5483    0.373896    5.80908    
1    70    31    -7198.04    -8.65716    0.401939    5.65362    
1    71    32    -7200.7    -14.5397    0.344732    5.99626    
1    72    33    -7198.19    -12.3187    0.367261    6.19099    
1    74    34    -7205.4    -14.0979    0.37691    5.9308    
1    82    35    -7203.14    -11.0784    0.366686    6.23008    
1    83    36    -7205.67    -14.0534    0.374239    5.94733    
1    85    37    -7204.01    -14.0582    0.40063    5.79184    
