#Task    Step    numberOfAcceptedPeleSteps    currentEnergy    BindingEnergy    sasaLig    distance_A35SG_L1S1    
1    0    0    -7194.54    -10.0452    0.331007    7.15202    
1    1    1    -7221.24    -11.7101    0.360879    7.06782    
1    3    2    -7220.6    -8.38059    0.427196    7.16289    
1    7    3    -7224.83    -11.3304    0.376535    6.91792    
1    15    4    -7222.86    -14.1826    0.398836    7.32245    
1    23    5    -7216.19    -8.55583    0.404023    7.48283    
1    25    6    -7218.18    -16.3756    0.384654    7.49918    
1    26    7    -7219.41    -12.9574    0.411977    7.66445    
1    34    8    -7219.28    -11.4077    0.403939    7.3381    
1    40    9    -7218.2    -8.85818    0.434303    7.66372    
1    42    10    -7224.76    -16.6367    0.362314    7.48714    
1    44    11    -7223.57    -16.6591    0.356501    7.41035    
1    45    12    -7222.84    -11.3321    0.361653    7.11184    
1    50    13    -7220.36    -7.43156    0.43393    7.52446    
1    52    14    -7219.91    -7.84663    0.35617    7.40166    
1    56    15    -7221.62    -9.31398    0.424384    7.62318    
1    60    16    -7222.12    -10.7175    0.364842    7.48371    
1    69    17    -7220.66    -16.2843    0.319251    7.07961    
1    71    18    -7215.06    -13.6153    0.309241    7.01802    
1    73    19    -7215.6    -13.1601    0.370258    7.21444    
1    78    20    -7214.08    -8.13579    0.39246    7.72305    
1    79    21    -7211.38    -9.34467    0.346694    7.15357    
1    80    22    -7219.09    -11.9118    0.377207    7.12886    
1    84    23    -7217.9    -6.85704    0.406814    7.57439    
1    86    24    -7216.11    -5.09996    0.47052    8.23135    
1    89    25    -7215.3    -11.4357    0.432126    7.65074    
1    91    26    -7222.25    -14.2808    0.40702    7.49317    
1    99    27    -7222.87    -14.6513    0.376394    7.38081    
