#Task    Step    numberOfAcceptedPeleSteps    currentEnergy    BindingEnergy    sasaLig    distance_A35SG_L1S1    
1    0    0    -7187.91    -18.2222    0.385166    7.79243    
1    1    1    -7210.25    -17.1867    0.400683    7.73708    
1    4    2    -7208.39    -13.3552    0.406659    7.54335    
1    8    3    -7207.24    -10.6392    0.429834    7.3903    
1    9    4    -7208.93    -15.2811    0.393907    7.91037    
1    20    5    -7206.59    -13.0898    0.373544    7.97697    
1    22    6    -7209.45    -16.3526    0.393327    7.89381    
1    30    7    -7203.69    -10.3348    0.39223    8.05797    
1    33    8    -7204.74    -9.98357    0.398455    8.13063    
1    40    9    -7209.53    -15.3833    0.383781    7.92352    
1    41    10    -7204.18    -12.6043    0.393756    7.69795    
1    61    11    -7205.46    -13.8088    0.38308    7.76229    
1    63    12    -7208.12    -15.722    0.374207    7.81986    
1    65    13    -7205.19    -14.6632    0.361186    8.31741    
1    71    14    -7206.31    -15.5445    0.38119    8.69442    
1    72    15    -7206.62    -16.0229    0.390256    8.61701    
1    73    16    -7210.86    -20.9055    0.343556    8.27517    
1    79    17    -7204.86    -18.6338    0.370456    8.47316    
1    82    18    -7203.15    -15.2537    0.380243    8.2735    
1    83    19    -7204.44    -16.2207    0.423301    8.30166    
1    85    20    -7206.37    -17.0721    0.362937    8.31873    
1    91    21    -7206.46    -14.874    0.413181    8.3964    
1    94    22    -7206.66    -13.4249    0.44146    8.75273    
1    96    23    -7207.83    -14.4303    0.432911    8.46608    
1    97    24    -7207.36    -13.4623    0.443315    8.43446    
