#Task    Step    numberOfAcceptedPeleSteps    currentEnergy    BindingEnergy    sasaLig    distance_A35SG_L1S1    
1    0    0    -7166.43    -13.2015    0.484607    8.13839    
1    1    1    -7179.88    -6.97158    0.467813    8.39443    
1    4    2    -7180.44    -6.99757    0.529858    8.2498    
1    5    3    -7187.09    -1.73535    0.466716    5.18159    
1    7    4    -7191.38    -2.28213    0.508245    5.54479    
1    14    5    -7191.17    -4.93187    0.506921    9.26978    
1    18    6    -7199.66    -9.56608    0.507947    8.47484    
1    19    7    -7196.2    -8.86082    0.475199    7.78537    
1    21    8    -7190.25    -5.90551    0.450268    7.88296    
1    22    9    -7191.05    -5.71935    0.348062    9.05591    
1    23    10    -7194.86    -12.3412    0.338395    8.89518    
1    29    11    -7191.86    -12.1584    0.394595    8.84172    
1    31    12    -7189.1    -10.9272    0.337058    8.91262    
1    33    13    -7192.7    -16.429    0.366935    8.31977    
1    41    14    -7195.71    -27.2245    0.455398    9.4746    
1    46    15    -7195.13    -28.0632    0.493539    9.7542    
1    47    16    -7195.78    -27.9021    0.469987    9.45468    
1    55    17    -7197.28    -30.769    0.450849    9.83892    
1    57    18    -7199.4    -32.8397    0.441842    9.3361    
1    61    19    -7198.11    -33.2337    0.455623    9.31542    
1    66    20    -7195.97    -30.8405    0.467141    9.25259    
1    97    21    -7195.1    -27.0827    0.414205    9.11563    
