#Task    Step    numberOfAcceptedPeleSteps    currentEnergy    BindingEnergy    sasaLig    distance_A35SG_L1S1    
1    0    0    -7188.36    -21.1738    0.404919    6.67563    
1    1    1    -7210.29    -16.3335    0.371563    6.36361    
1    10    2    -7217.06    -21.575    0.358859    6.48443    
1    21    3    -7205.7    -17.2344    0.357009    6.29484    
1    22    4    -7207.88    -15.6074    0.382311    6.14617    
1    24    5    -7209.16    -16.9052    0.399963    7.07239    
1    28    6    -7214.6    -21.5753    0.380401    6.73142    
1    33    7    -7215.51    -22.0084    0.385879    6.538    
1    34    8    -7214.84    -21.5044    0.415585    6.70971    
1    40    9    -7216.54    -21.5234    0.408475    6.96206    
1    48    10    -7207.3    -14.9773    0.374479    6.20091    
1    51    11    -7210.24    -19.4483    0.376645    6.17037    
1    52    12    -7214.03    -19.7287    0.371191    6.02387    
1    60    13    -7211.24    -16.924    0.364857    6.05157    
1    62    14    -7212.51    -20.7137    0.371381    6.31267    
1    68    15    -7207.9    -14.1177    0.409985    6.11859    
1    75    16    -7217.33    -21.9548    0.395091    6.6665    
1    82    17    -7213.66    -18.7115    0.382501    6.38098    
1    86    18    -7215.34    -19.898    0.409234    6.81216    
1    88    19    -7215.81    -22.0078    0.40492    6.97451    
