#Task    Step    numberOfAcceptedPeleSteps    currentEnergy    BindingEnergy    sasaLig    distance_A35SG_L1S1    
1    0    0    -7191.31    -34.1531    0.331469    8.02064    
1    1    1    -7208.7    -35.2785    0.354439    9.66715    
1    2    2    -7207.07    -28.4809    0.352232    9.23751    
1    6    3    -7211.25    -30.1735    0.373243    9.97786    
1    8    4    -7210.49    -28.3463    0.355376    10.3184    
1    16    5    -7210.57    -27.3136    0.370082    10.0278    
1    22    6    -7214.39    -32.4289    0.370297    10.2914    
1    27    7    -7199.08    -26.4829    0.38892    9.95992    
1    34    8    -7202.31    -25.3183    0.419925    10.2294    
1    40    9    -7206.8    -28.0381    0.394565    10.7535    
1    44    10    -7208.95    -30.2315    0.358711    9.93461    
1    61    11    -7216.4    -34.6464    0.359172    9.85476    
1    65    12    -7213.55    -31.6121    0.37374    10.1171    
1    66    13    -7215.07    -31.2495    0.381154    9.83062    
1    71    14    -7217.61    -33.7145    0.374156    9.8657    
1    74    15    -7211.82    -29.3461    0.373505    10.3788    
1    81    16    -7215.42    -31.8508    0.368947    10.7986    
1    85    17    -7211.38    -30.3415    0.367795    10.8362    
1    88    18    -7212.33    -29.314    0.377171    10.6398    
1    89    19    -7211.97    -32.8667    0.354747    10.4544    
1    91    20    -7212.02    -32.2664    0.369063    10.7943    
1    95    21    -7213.2    -32.9802    0.361103    10.6719    
1    96    22    -7215.55    -34.3212    0.352611    10.5868    
