#Task    Step    numberOfAcceptedPeleSteps    currentEnergy    BindingEnergy    sasaLig    distance_A35SG_L1S1    
1    0    0    -7172.61    -9.66134    0.487016    10.4862    
1    1    1    -7183.74    3.71098    0.482799    7.03351    
1    2    2    -7182.89    5.61066    0.499002    7.53118    
1    3    3    -7183.29    -0.0541898    0.422815    6.9255    
1    4    4    -7181.46    6.25194    0.44678    6.574    
1    5    5    -7187.91    -1.02901    0.4632    8.55251    
1    6    6    -7179.19    0.0562222    0.463404    8.03198    
1    7    7    -7190.02    -0.0899428    0.429466    6.7011    
1    8    8    -7190.77    0.338403    0.495372    10.0682    
1    9    9    -7194.23    -5.9299    0.443256    8.82019    
1    14    10    -7195.29    -5.68907    0.410995    8.89825    
1    16    11    -7198.34    -6.44544    0.364828    8.84186    
1    17    12    -7195.66    -7.00657    0.357415    8.933    
1    19    13    -7196.54    -11.6578    0.323355    8.72878    
1    23    14    -7196.38    -10.8379    0.333562    8.9738    
1    24    15    -7200.37    -11.8949    0.357091    9.17394    
1    28    16    -7197.59    -10.9638    0.330959    9.04254    
1    29    17    -7199.55    -17.0863    0.275725    8.2006    
1    30    18    -7201.93    -18.3084    0.310841    8.22533    
1    35    19    -7194.85    -14.0962    0.351771    8.96133    
1    38    20    -7194.93    -8.6493    0.382839    9.29694    
1    47    21    -7197.82    -9.59065    0.413629    9.48203    
1    56    22    -7199.43    -9.68693    0.423027    9.61542    
1    57    23    -7195.8    -8.00899    0.447392    9.41768    
1    61    24    -7199.39    -18.0455    0.383435    8.37239    
1    84    25    -7200.27    -18.3656    0.345959    8.16524    
1    87    26    -7193.53    -13.6113    0.330234    8.79323    
1    91    27    -7192.49    -10.5975    0.314354    8.67765    
1    92    28    -7191.91    -10.5979    0.387346    7.38152    
1    99    29    -7191.47    -15.7236    0.313341    8.44188    
