#Task    Step    numberOfAcceptedPeleSteps    currentEnergy    BindingEnergy    sasaLig    distance_A35SG_L1S1    
1    0    0    -7170.53    -24.3044    0.319743    9.47382    
1    1    1    -7169.06    -0.980075    0.397771    3.99151    
1    3    2    -7188.34    -18.9639    0.324967    8.26582    
1    6    3    -7183.69    -9.76213    0.37345    7.62725    
1    8    4    -7189.86    -13.1153    0.364773    9.0432    
1    9    5    -7185.35    -15.1655    0.348617    8.51194    
1    11    6    -7188.01    -18.9349    0.320825    8.13355    
1    12    7    -7185.02    -14.4128    0.33636    7.77586    
1    17    8    -7190.83    -23.1208    0.301694    7.97952    
1    18    9    -7189.4    -20.2067    0.311891    8.05325    
1    23    10    -7190.44    -20.1427    0.307    8.39136    
1    26    11    -7190.93    -20.8922    0.283626    8.07933    
1    30    12    -7191.43    -20.6871    0.334694    7.96861    
1    35    13    -7193.56    -25.7874    0.283266    8.44637    
1    37    14    -7193.87    -24.2385    0.301843    8.36088    
1    38    15    -7191.12    -20.2368    0.323476    8.36475    
1    40    16    -7198.31    -21.7437    0.359402    8.56123    
1    43    17    -7199.99    -23.2608    0.341141    8.36383    
1    44    18    -7200.11    -22.7486    0.351744    8.14177    
1    49    19    -7200.29    -24.9969    0.306738    8.45445    
1    60    20    -7190.82    -15.4512    0.351841    8.38487    
1    63    21    -7193.85    -20.043    0.313362    8.33247    
1    65    22    -7192.68    -18.4749    0.303927    8.54043    
1    67    23    -7201.28    -32.4245    0.336311    8.40754    
1    71    24    -7199.22    -26.9525    0.298818    8.24159    
1    78    25    -7202.82    -26.9119    0.29215    8.36547    
1    79    26    -7203.26    -33.0311    0.267938    8.48088    
1    85    27    -7204.58    -34.8767    0.257686    8.61113    
