#Task    Step    numberOfAcceptedPeleSteps    currentEnergy    BindingEnergy    sasaLig    distance_A35SG_L1S1    
1    0    0    -7181.77    -27.3935    0.363878    6.17771    
1    1    1    -7181.38    -9.51067    0.477711    6.12882    
1    3    2    -7199.05    -16.075    0.449065    6.05249    
1    13    3    -7201.47    -12.8952    0.458128    7.5129    
1    14    4    -7207.66    -15.322    0.439509    7.50674    
1    18    5    -7204.84    -11.4505    0.440956    8.09155    
1    22    6    -7203.98    -11.1048    0.415756    6.94023    
1    24    7    -7206.64    -12.5686    0.425193    7.2806    
1    27    8    -7208.36    -19.5331    0.447064    8.11653    
1    31    9    -7201.84    -20.1799    0.411064    7.61457    
1    34    10    -7203.95    -15.9359    0.42482    8.10642    
1    35    11    -7206.55    -11.7365    0.464976    8.73575    
1    39    12    -7207.82    -13.7738    0.453697    7.98725    
1    41    13    -7202.95    -12.1911    0.501031    8.28761    
1    43    14    -7206.1    -9.63016    0.494515    8.55722    
1    44    15    -7208.05    -10.1544    0.450856    7.68298    
1    46    16    -7210.32    -13.121    0.46213    7.85736    
1    50    17    -7210.17    -12.9419    0.396163    8.46384    
1    53    18    -7209.72    -16.5037    0.368035    7.68324    
1    57    19    -7208.22    -16.5254    0.374954    7.84769    
1    61    20    -7208.23    -17.4883    0.363172    8.22059    
1    62    21    -7201.67    -11.5944    0.383851    8.18781    
1    63    22    -7203.65    -14.688    0.406842    8.89987    
1    64    23    -7204.02    -14.033    0.36923    8.83119    
1    79    24    -7204.48    -16.029    0.405633    8.69913    
1    81    25    -7202.51    -14.646    0.373645    8.69534    
1    82    26    -7197.78    -8.19625    0.401022    9.42411    
1    85    27    -7197.5    -13.7291    0.405831    8.38694    
1    86    28    -7195.45    -9.88866    0.40074    8.44316    
1    88    29    -7197.45    -11.4795    0.396346    8.13583    
1    89    30    -7197.99    -11.8432    0.353714    7.66656    
1    90    31    -7196.29    -7.01274    0.379058    7.71542    
1    91    32    -7200.34    -10.3798    0.420393    8.49    
1    93    33    -7203.77    -17.2344    0.36091    8.3771    
