#Task    Step    numberOfAcceptedPeleSteps    currentEnergy    BindingEnergy    sasaLig    distance_A35SG_L1S1    
1    0    0    -7176.91    -13.6587    0.346216    6.20275    
1    1    1    -7198.48    -11.3173    0.380441    7.15507    
1    3    2    -7199.96    -11.1522    0.359545    7.16823    
1    6    3    -7200.08    -9.32514    0.405403    7.88637    
1    10    4    -7204.33    -13.5766    0.359288    5.6422    
1    12    5    -7203.01    -12.333    0.361166    6.66995    
1    22    6    -7203.84    -13.862    0.376166    7.03342    
1    24    7    -7210.27    -18.162    0.366037    5.63694    
1    25    8    -7210.36    -18.4502    0.376944    6.10007    
1    39    9    -7209.57    -18.6532    0.380708    6.01373    
1    44    10    -7209.91    -18.7666    0.378176    5.66808    
1    47    11    -7202.93    -13.5106    0.373224    6.57437    
1    58    12    -7203.91    -14.9652    0.388582    6.26745    
1    62    13    -7204.26    -15.434    0.375952    5.93828    
1    64    14    -7202.77    -16.6371    0.366162    6.30884    
1    75    15    -7202.55    -14.5034    0.369773    6.82378    
1    77    16    -7203.43    -14.6946    0.333345    5.45012    
1    79    17    -7203.5    -14.1404    0.370131    5.23662    
1    80    18    -7205.09    -13.5792    0.405704    5.79342    
1    87    19    -7205.36    -15.2399    0.426518    7.85066    
1    88    20    -7202.77    -10.4955    0.367399    8.32714    
1    89    21    -7200.58    -14.3077    0.409629    7.86397    
1    91    22    -7201.97    -15.1406    0.414106    7.78095    
1    97    23    -7204.91    -13.0285    0.417946    8.18584    
1    99    24    -7206.84    -15.7631    0.421476    8.09229    
