#Task    Step    numberOfAcceptedPeleSteps    currentEnergy    BindingEnergy    sasaLig    distance_A35SG_L1S1    
1    0    0    -7171.03    -13.6248    0.526325    3.48748    
1    1    1    -7178.66    -8.36654    0.48346    7.26276    
1    2    2    -7186.3    -12.1126    0.484519    6.77994    
1    4    3    -7181.71    -7.91787    0.498924    7.72598    
1    6    4    -7182.4    -7.94519    0.48093    7.37076    
1    7    5    -7181.18    1.60557    0.607313    8.36234    
1    8    6    -7187.42    -1.09625    0.563203    7.80348    
1    9    7    -7191.3    -7.35729    0.50357    5.57894    
1    10    8    -7193.99    -10.1675    0.502444    5.40306    
1    11    9    -7198.27    -13.3612    0.501485    5.48595    
1    12    10    -7193.16    1.71016    0.545378    7.31245    
1    16    11    -7193.08    -1.96331    0.564651    6.05911    
1    17    12    -7187.91    -5.83433    0.535828    6.16839    
1    18    13    -7179.63    4.58853    0.612814    8.06106    
1    19    14    -7184.17    4.85399    0.586543    6.91162    
1    20    15    -7187.21    1.6201    0.608746    7.45091    
1    21    16    -7196.59    -5.90963    0.568205    7.633    
1    22    17    -7195.91    -6.18791    0.582383    7.58992    
1    27    18    -7192.79    -4.86233    0.588294    7.81241    
1    28    19    -7195.61    -6.72785    0.575743    8.0136    
1    29    20    -7196.66    -9.79159    0.536802    7.19527    
1    32    21    -7197.29    -4.47698    0.579031    5.64365    
1    34    22    -7194.09    -0.816175    0.547118    5.05625    
1    35    23    -7202.11    -4.53701    0.57917    6.34804    
1    38    24    -7201.9    -6.96575    0.565899    7.98808    
1    45    25    -7193.03    -2.89999    0.4995    7.41457    
1    46    26    -7195.03    -1.96374    0.595812    10.3149    
1    47    27    -7192.82    -1.00161    0.550925    10.5952    
1    48    28    -7192.75    1.35795    0.546279    11.1148    
1    50    29    -7195.15    -1.37488    0.558319    10.867    
1    52    30    -7200.11    -3.83324    0.597121    6.27752    
1    53    31    -7197.61    -5.86727    0.537255    6.00761    
1    59    32    -7199.85    -6.26162    0.560439    6.11874    
1    60    33    -7204.34    -7.62055    0.543795    7.61222    
1    62    34    -7204.13    -8.526    0.53854    6.94581    
1    63    35    -7204.12    -8.94687    0.510164    6.43735    
1    64    36    -7204.53    -10.0094    0.496761    7.02961    
1    66    37    -7203.73    -8.60492    0.484335    6.32069    
1    68    38    -7203.6    -9.38149    0.511793    6.92899    
1    69    39    -7205.02    -9.32822    0.495279    5.53364    
1    70    40    -7205.03    -7.6072    0.521871    6.99725    
1    71    41    -7204.51    -9.11124    0.510515    6.23021    
1    74    42    -7203.01    -6.16928    0.528208    7.71627    
1    75    43    -7200.66    -6.25733    0.527466    7.83976    
1    80    44    -7205.82    -7.88556    0.522305    7.21613    
1    85    45    -7204.35    -9.69292    0.496237    6.56879    
1    87    46    -7203.76    -8.55756    0.512606    6.98082    
1    90    47    -7205.69    -7.58838    0.552191    8.09156    
1    91    48    -7200.71    -9.85623    0.483565    7.63158    
1    97    49    -7200.94    -13.4099    0.412798    4.88805    
1    99    50    -7197.98    -9.32469    0.403987    6.24466    
1    100    51    -7197.51    -8.45802    0.414519    6.26587    
