#Task    Step    numberOfAcceptedPeleSteps    currentEnergy    BindingEnergy    sasaLig    distance_A35SG_L1S1    
1    0    0    -7180.84    -8.03876    0.472726    4.62163    
1    1    1    -7193.02    -9.24808    0.435386    4.70493    
1    4    2    -7194.08    -10.4934    0.45019    5.58987    
1    6    3    -7193.24    -6.68555    0.440278    5.02844    
1    8    4    -7179.84    -4.18147    0.589207    4.77573    
1    10    5    -7195.31    -4.41797    0.584052    7.95243    
1    11    6    -7199.93    -5.04411    0.554576    8.62714    
1    12    7    -7194.06    -0.599839    0.612329    5.76496    
1    16    8    -7198.33    -3.33332    0.552203    6.06499    
1    17    9    -7198.52    -6.02251    0.505573    6.17938    
1    20    10    -7198.69    -5.54615    0.515601    6.10258    
1    21    11    -7196.64    -4.79556    0.569026    6.70406    
1    22    12    -7198.88    -5.94208    0.57259    6.48311    
1    24    13    -7198.84    -5.41231    0.635018    7.36958    
1    29    14    -7200.48    -6.24587    0.637395    7.88645    
1    32    15    -7203.62    -7.05341    0.646707    7.79771    
1    33    16    -7202.08    -5.41305    0.653447    8.03406    
1    34    17    -7202.9    -5.31815    0.653735    8.15589    
1    36    18    -7195.89    0.868272    0.648835    7.79471    
1    37    19    -7197.56    -4.32571    0.597621    8.0588    
1    38    20    -7197.46    -5.23326    0.572257    7.71941    
1    39    21    -7200.1    -2.02696    0.619662    8.27847    
1    42    22    -7197.59    -1.81825    0.624145    7.92368    
1    43    23    -7200.18    -1.99227    0.623794    8.37119    
1    44    24    -7194.28    2.94502    0.608588    7.29907    
1    45    25    -7193.86    -3.36831    0.499366    7.51    
1    47    26    -7194.46    -3.39469    0.576051    10.7301    
1    48    27    -7199.45    -2.45623    0.607838    9.18142    
1    50    28    -7203.93    -6.38738    0.64957    8.81361    
1    52    29    -7204.25    -6.22383    0.566224    7.27353    
1    53    30    -7204.14    -7.84756    0.526118    7.52211    
1    56    31    -7205.9    -8.78186    0.558262    7.31576    
1    60    32    -7206.44    -9.26085    0.590598    7.32856    
1    76    33    -7205.48    -7.67915    0.620574    6.96231    
1    78    34    -7206.13    -7.9387    0.587589    7.14578    
1    90    35    -7206.51    -8.64644    0.555052    7.32743    
1    94    36    -7206.99    -9.32535    0.549008    7.46432    
1    95    37    -7204.1    -11.9832    0.518146    11.9728    
1    97    38    -7206.11    -17.1076    0.445259    11.5036    
