#Task    Step    numberOfAcceptedPeleSteps    currentEnergy    BindingEnergy    sasaLig    distance_A35SG_L1S1    
1    0    0    -7177.19    -17.9385    0.405872    7.50187    
1    1    1    -7185.44    -0.193477    0.590202    7.27838    
1    2    2    -7186.1    -0.45462    0.69104    8.9449    
1    3    3    -7196.98    -2.07278    0.584622    7.31005    
1    4    4    -7199.52    -3.58904    0.55423    7.06107    
1    7    5    -7195.95    -3.14765    0.484137    7.17177    
1    10    6    -7192.67    1.05873    0.622583    5.86576    
1    12    7    -7199.78    -3.80981    0.619601    6.08702    
1    17    8    -7197.47    -8.94354    0.437454    7.23058    
1    31    9    -7198.89    -9.22786    0.425132    6.78442    
1    34    10    -7195.63    -7.07757    0.444375    7.20109    
1    36    11    -7192.81    -4.43572    0.398832    7.31111    
1    39    12    -7193.69    -9.34629    0.383676    6.42246    
1    42    13    -7194.15    -4.24578    0.40975    6.50099    
1    43    14    -7199.12    -8.51204    0.362859    6.38556    
1    50    15    -7204.3    -11.4573    0.359815    6.47727    
1    67    16    -7204.5    -11.9143    0.358533    6.55078    
1    76    17    -7201.68    -15.5195    0.40047    8.44515    
1    81    18    -7196.69    -18.1561    0.372422    7.82851    
1    83    19    -7196.03    -15.1728    0.370717    8.20723    
1    91    20    -7203.38    -18.3965    0.36719    7.99082    
1    97    21    -7197.36    -14.6231    0.383789    7.59013    
1    98    22    -7201.63    -19.5885    0.346598    8.0268    
1    99    23    -7203.14    -22.5859    0.365561    8.4946    
1    100    24    -7198.55    -18.4911    0.366697    8.56781    
