#Task    Step    numberOfAcceptedPeleSteps    currentEnergy    BindingEnergy    sasaLig    distance_A35SG_L1S1    
1    0    0    -7183.39    -12.1769    0.386926    7.44385    
1    1    1    -7213.88    -16.3718    0.411971    7.6064    
1    3    2    -7220.07    -18.565    0.383139    6.96119    
1    15    3    -7219.11    -17.3019    0.389635    7.18737    
1    20    4    -7214.78    -11.4771    0.425418    7.4747    
1    21    5    -7214.55    -18.5819    0.403058    7.12246    
1    23    6    -7212.31    -15.4981    0.419048    7.15262    
1    28    7    -7213.26    -15.4304    0.424033    7.19006    
1    31    8    -7216.59    -18.3891    0.403041    7.096    
1    32    9    -7214.19    -16.8224    0.394371    6.94439    
1    35    10    -7209.34    -14.7305    0.400522    7.67559    
1    37    11    -7210.11    -17.9615    0.387827    7.55286    
1    39    12    -7198.4    -6.26365    0.399586    7.72252    
1    41    13    -7198.17    -5.70028    0.420219    8.51713    
1    42    14    -7203.17    -8.3932    0.414774    8.20933    
1    49    15    -7201.09    -16.0394    0.369928    8.73322    
1    54    16    -7202.12    -12.9172    0.372262    8.94201    
1    55    17    -7198.31    -10.8874    0.376891    9.37138    
1    60    18    -7196.21    -7.61721    0.423322    9.7472    
1    63    19    -7200.69    -12.165    0.343186    8.43736    
1    64    20    -7200.47    -12.3272    0.354687    8.46224    
1    71    21    -7195.75    -7.46444    0.325605    7.58883    
1    72    22    -7198.04    -7.83474    0.340373    7.66265    
1    73    23    -7200.45    -12.6332    0.33438    7.77703    
1    82    24    -7203.11    -12.336    0.375176    7.71351    
1    88    25    -7202.37    -11.8541    0.337795    7.83616    
1    91    26    -7198.52    -11.6827    0.35966    7.86833    
1    92    27    -7194.73    -9.43132    0.406385    8.23226    
1    93    28    -7193.82    -14.0311    0.348493    7.96781    
1    95    29    -7199.42    -12.9191    0.360182    8.1527    
1    98    30    -7189.65    -3.23185    0.424997    8.80479    
1    99    31    -7194.09    -6.94868    0.360873    8.92585    
1    100    32    -7192.66    -3.37487    0.338176    8.94452    
