#Task    Step    numberOfAcceptedPeleSteps    currentEnergy    BindingEnergy    sasaLig    distance_A35SG_L1S1    
1    0    0    -7180.78    -23.6544    0.311681    6.24962    
1    1    1    -7209.85    -27.7184    0.302006    6.03643    
1    2    2    -7208    -25.3952    0.328432    6.06548    
1    5    3    -7207.35    -26.7542    0.318159    6.01672    
1    6    4    -7203.98    -25.6802    0.307768    5.95381    
1    9    5    -7206.98    -27.3933    0.309325    6.05614    
1    10    6    -7204.78    -23.9218    0.309001    5.71023    
1    15    7    -7201.92    -25.2065    0.276414    6.00971    
1    18    8    -7198.45    -20.5671    0.304348    6.02882    
1    20    9    -7192.57    -16.5012    0.307514    5.85277    
1    21    10    -7198.04    -21.9411    0.297035    6.6026    
1    24    11    -7197.95    -20.9067    0.315959    6.95267    
1    26    12    -7203.4    -22.7731    0.336157    5.99358    
1    30    13    -7197.58    -18.0925    0.325016    6.09681    
1    32    14    -7202.57    -21.632    0.352544    6.2208    
1    35    15    -7205.25    -23.4742    0.330992    5.7726    
1    43    16    -7208.8    -25.0056    0.327224    5.6729    
1    56    17    -7206.22    -21.9184    0.324806    5.33936    
1    62    18    -7205.02    -20.9144    0.324177    6.03994    
1    67    19    -7207.44    -22.0912    0.402758    6.57104    
1    74    20    -7205.89    -18.9304    0.436495    7.31539    
1    79    21    -7211.72    -26.7207    0.377575    6.28937    
1    95    22    -7208.09    -25.0426    0.390238    6.86549    
1    99    23    -7207.13    -24.7582    0.407153    6.22751    
