#Task    Step    numberOfAcceptedPeleSteps    currentEnergy    BindingEnergy    sasaLig    distance_A35SG_L1S1    
1    0    0    -7172.78    -16.8301    0.280138    10.0046    
1    1    1    -7205.45    -25.5456    0.264556    9.67078    
1    2    2    -7208    -26.2027    0.266823    9.92736    
1    17    3    -7208.43    -33.2294    0.225622    9.82896    
1    30    4    -7209.08    -32.2141    0.231446    9.61486    
1    37    5    -7209.54    -30.7056    0.228319    9.82664    
1    49    6    -7207.02    -30.7694    0.213536    9.73178    
1    59    7    -7202.98    -22.4914    0.258362    9.88037    
1    63    8    -7205.45    -23.8314    0.271724    9.91788    
1    82    9    -7203.51    -21.1847    0.254945    9.61008    
1    84    10    -7204.76    -19.3458    0.293407    9.60041    
1    85    11    -7206.08    -30.5005    0.222771    9.64531    
1    86    12    -7202.79    -30.0447    0.250344    9.68367    
1    95    13    -7204.57    -27.6911    0.235206    9.75339    
1    97    14    -7205.35    -28.4014    0.250832    9.67453    
1    98    15    -7204.09    -25.3554    0.256881    9.6276    
1    100    16    -7203.04    -26.7887    0.239256    9.63691    
