#Task    Step    numberOfAcceptedPeleSteps    currentEnergy    BindingEnergy    sasaLig    distance_A35SG_L1S1    
1    0    0    -7178.9    -7.80752    0.466084    6.0967    
1    1    1    -7209.13    -11.6705    0.476922    6.21611    
1    10    2    -7211.44    -13.8738    0.439606    6.44658    
1    12    3    -7211.05    -13.9369    0.442633    6.73536    
1    18    4    -7208    -7.68818    0.459971    6.68429    
1    20    5    -7212.72    -15.1723    0.448795    7.07468    
1    41    6    -7213.05    -15.6438    0.438784    6.88648    
1    48    7    -7209.64    -14.1487    0.481312    7.0577    
1    56    8    -7207.97    -16.9822    0.424998    6.98203    
1    64    9    -7210.13    -19.5782    0.451175    7.36052    
1    65    10    -7214.4    -22.6721    0.428442    7.59799    
1    73    11    -7213.21    -22.4465    0.436653    7.71751    
1    74    12    -7208.96    -7.02322    0.437404    8.1636    
1    81    13    -7205.33    -6.16853    0.426874    8.23456    
1    84    14    -7206.25    -5.27092    0.44242    7.84186    
1    93    15    -7210.48    -12.3531    0.426821    7.80239    
