#Task    Step    numberOfAcceptedPeleSteps    currentEnergy    BindingEnergy    sasaLig    distance_A35SG_L1S1    
1    0    0    -7194.69    -23.1616    0.426248    8.30601    
1    2    1    -7195.81    -1.03877    0.451532    9.38864    
1    3    2    -7196.36    -13.1139    0.436389    8.54905    
1    9    3    -7189.58    -4.22782    0.512737    9.82845    
1    10    4    -7194.35    -5.29434    0.473012    10.0524    
1    11    5    -7197.45    -7.5845    0.524728    4.54149    
1    14    6    -7201.96    -8.72817    0.512338    4.49027    
1    16    7    -7200.54    -7.84116    0.548665    5.32013    
1    19    8    -7199.31    -4.95009    0.553636    4.92328    
1    20    9    -7199    -2.60959    0.519135    8.22925    
1    21    10    -7192.76    -2.34459    0.668445    12.4389    
1    22    11    -7195.18    -0.976809    0.624233    12.0404    
1    24    12    -7199.78    -3.09544    0.696935    12.8322    
1    26    13    -7201.95    -5.31173    0.708105    12.6686    
1    27    14    -7202.01    -5.15035    0.736561    12.6219    
1    30    15    -7203.6    -6.37858    0.689046    12.3278    
1    31    16    -7201.57    -7.05134    0.577839    11.0314    
1    34    17    -7203.66    -8.08737    0.588755    10.6895    
1    35    18    -7204.38    -8.50555    0.576006    10.4959    
1    44    19    -7204.48    -8.16667    0.606452    10.6352    
1    46    20    -7199.38    -4.68191    0.591375    10.541    
1    48    21    -7203.01    -8.35475    0.553338    10.1512    
1    52    22    -7202.05    -8.37619    0.54653    10.0408    
1    53    23    -7195.44    -1.9812    0.635735    10.1436    
1    55    24    -7198.85    -2.10663    0.650208    12.761    
1    56    25    -7201.55    -1.91672    0.65856    12.4047    
1    57    26    -7201.87    -2.56721    0.657964    12.8266    
1    58    27    -7202.75    -3.37191    0.644914    11.2707    
1    59    28    -7202    -3.66444    0.641825    11.9372    
1    61    29    -7208.58    -8.26199    0.687951    12.2695    
1    62    30    -7207.91    -7.11795    0.690634    13.1666    
1    64    31    -7208.47    -7.99238    0.712636    13.0459    
1    69    32    -7207.17    -7.23941    0.696089    12.859    
1    70    33    -7208.34    -7.53562    0.703875    13.3725    
1    73    34    -7209.15    -7.8639    0.686039    12.3399    
1    76    35    -7205.81    -5.82404    0.693414    11.9148    
1    78    36    -7201.5    -0.836865    0.671722    12.3134    
1    79    37    -7211.1    -7.85652    0.699583    12.3642    
1    80    38    -7210.26    -8.11776    0.689846    12.3748    
1    83    39    -7207.52    -4.23603    0.702824    12.4119    
1    84    40    -7209.32    -5.31265    0.716294    13.1493    
1    86    41    -7206.3    -2.34193    0.731388    14.4329    
1    88    42    -7207.63    -3.74527    0.749175    13.7179    
1    89    43    -7207.3    -4.20086    0.74981    14.418    
1    92    44    -7206.39    -6.91693    0.703847    13.2003    
1    95    45    -7206.38    -6.2094    0.716015    12.6614    
1    98    46    -7207.02    -8.70583    0.666156    12.1632    
1    100    47    -7207.84    -11.1443    0.668551    12.1829    
