#Task    Step    numberOfAcceptedPeleSteps    currentEnergy    BindingEnergy    sasaLig    distance_A35SG_L1S1    
1    0    0    -7197.26    -19.3409    0.523668    6.67504    
1    1    1    -7220.88    -19.0733    0.531911    6.55855    
1    4    2    -7222.94    -21.0808    0.482977    6.51574    
1    18    3    -7221.49    -20.4169    0.503732    6.51466    
1    19    4    -7222.33    -19.7079    0.515574    6.50392    
1    25    5    -7221.3    -19.7916    0.494498    6.48297    
1    27    6    -7222.86    -19.8506    0.508888    6.63102    
1    32    7    -7220.6    -18.453    0.503307    6.15948    
1    33    8    -7219.7    -17.1067    0.537167    6.52563    
1    35    9    -7222.22    -20.0244    0.504155    6.49177    
1    37    10    -7222.23    -19.7217    0.499651    6.49353    
1    39    11    -7218.88    -18.2951    0.497849    6.48455    
1    46    12    -7220.51    -19.8686    0.483316    6.47456    
1    47    13    -7221.3    -21.6941    0.480621    6.48749    
1    53    14    -7220.95    -21.229    0.479434    6.49861    
1    54    15    -7221.79    -21.3116    0.487972    6.41581    
1    60    16    -7219.69    -18.8137    0.466654    6.56208    
1    61    17    -7222.75    -21.8616    0.476011    6.4654    
1    64    18    -7222.6    -19.951    0.489214    6.49374    
1    69    19    -7222.95    -21.0778    0.472465    6.50498    
1    70    20    -7222.62    -20.6943    0.487323    6.3854    
1    71    21    -7224.33    -21.1724    0.487951    6.50847    
1    76    22    -7220.3    -18.1124    0.50269    6.74119    
1    80    23    -7222.84    -18.7791    0.510598    6.65841    
1    81    24    -7221.53    -19.3335    0.507498    6.46647    
1    82    25    -7221.1    -19.0487    0.521474    6.56341    
1    85    26    -7221.04    -20.7286    0.485586    6.52332    
1    89    27    -7219.34    -18.4918    0.504008    6.65242    
