#Task    Step    numberOfAcceptedPeleSteps    currentEnergy    BindingEnergy    sasaLig    distance_A35SG_L1S1    
1    0    0    -7186.54    -16.7253    0.431956    4.09811    
1    1    1    -7201.69    -8.17623    0.464296    5.04009    
1    3    2    -7205.34    -8.36116    0.47212    4.66444    
1    11    3    -7208.75    -7.90156    0.577446    10.2153    
1    12    4    -7209.73    -5.97729    0.573424    7.47329    
1    14    5    -7209.98    -5.81327    0.534702    12.3038    
1    20    6    -7208.99    -5.48903    0.507697    11.7111    
1    22    7    -7211.09    -5.51885    0.566073    9.43117    
1    25    8    -7209.76    -8.26343    0.481383    7.46544    
1    30    9    -7210.57    -10.3647    0.452402    9.74349    
1    35    10    -7210.99    -7.70842    0.419331    9.42166    
1    41    11    -7211.5    -13.6908    0.431983    9.38984    
1    43    12    -7210.73    -11.5899    0.472933    8.57244    
1    46    13    -7212.99    -13.4222    0.476078    7.86256    
1    49    14    -7208.55    -10.04    0.509417    8.48443    
1    54    15    -7208.01    -9.86262    0.499727    7.7685    
1    57    16    -7208.55    -13.2308    0.468877    7.74699    
1    64    17    -7207.7    -11.4408    0.48735    8.36504    
1    65    18    -7205.45    -7.17346    0.549738    8.84841    
1    67    19    -7201.42    -4.90744    0.561656    6.31395    
1    68    20    -7208.98    -11.7666    0.528831    4.87569    
1    69    21    -7207.85    -12.8902    0.495617    4.0897    
1    70    22    -7199.79    -5.77226    0.491207    5.60279    
1    71    23    -7210.55    -14.3353    0.450393    3.77676    
1    75    24    -7207.68    -13.1018    0.446756    3.60456    
1    78    25    -7207.8    -11.4731    0.455827    4.6301    
1    79    26    -7207.26    -5.2004    0.619936    10.2775    
1    80    27    -7200.54    -0.59202    0.58479    7.55728    
1    81    28    -7209.01    -11.0528    0.495849    8.18679    
1    83    29    -7208.53    -10.0608    0.493716    8.13433    
1    87    30    -7211.77    -12.2281    0.519607    7.3906    
1    90    31    -7212.38    -13.8019    0.497115    7.57908    
1    92    32    -7213.51    -14.8983    0.480012    7.34739    
1    94    33    -7213    -14.2873    0.541423    8.27923    
1    100    34    -7216.04    -17.497    0.509176    7.68962    
