#Task    Step    numberOfAcceptedPeleSteps    currentEnergy    BindingEnergy    sasaLig    distance_A35SG_L1S1    
1    0    0    -7176.82    -13.9183    0.414093    6.37363    
1    1    1    -7199.13    -14.3579    0.337469    6.64173    
1    2    2    -7187.95    -9.30539    0.381526    6.76708    
1    4    3    -7190.79    -9.00632    0.398154    7.19236    
1    5    4    -7198.04    -15.5454    0.364593    6.91749    
1    7    5    -7195.05    -10.4294    0.427749    7.1959    
1    8    6    -7195.21    -9.4798    0.416916    7.69857    
1    9    7    -7196.88    -12.2561    0.363042    6.44974    
1    11    8    -7192.36    -4.50992    0.566502    8.83198    
1    12    9    -7198.14    -5.35326    0.541753    8.6242    
1    13    10    -7196.79    -6.50386    0.51345    8.37694    
1    16    11    -7195.69    -4.81582    0.520192    8.70306    
1    17    12    -7193.93    -6.96242    0.486523    8.50589    
1    18    13    -7193.78    -4.0797    0.502294    8.95    
1    20    14    -7194.31    -2.56493    0.499434    8.53246    
1    22    15    -7197.22    -5.20455    0.543997    8.54367    
1    28    16    -7196.07    -3.04441    0.529608    8.7698    
1    29    17    -7195.09    -4.3536    0.511169    10.2571    
1    30    18    -7192.83    -2.45939    0.521757    8.12478    
1    31    19    -7197.38    -8.64778    0.496578    8.17849    
1    36    20    -7197.97    -6.78938    0.524801    8.4385    
1    37    21    -7193.93    -4.60312    0.53638    9.55578    
1    40    22    -7192.74    -1.2074    0.569989    10.936    
1    42    23    -7191.38    -0.0462228    0.540868    9.67012    
1    43    24    -7189.71    0.205358    0.541061    10.3142    
1    44    25    -7195.33    -4.41954    0.515715    9.3745    
1    45    26    -7195.35    -7.95487    0.519102    8.19906    
1    47    27    -7199.79    -11.7989    0.502487    8.37035    
1    48    28    -7198.51    -10.5331    0.511101    8.83241    
1    51    29    -7198.31    -9.56903    0.542868    8.34361    
1    54    30    -7199.04    -11.076    0.504289    8.53492    
1    55    31    -7199.84    -11.904    0.504714    8.22689    
1    56    32    -7200.84    -12.7901    0.508594    8.58316    
1    59    33    -7200.33    -13.2619    0.500093    8.70458    
1    77    34    -7199.92    -11.3272    0.511738    8.29    
1    80    35    -7201.03    -12.6053    0.508134    8.63506    
1    81    36    -7200.83    -13.5374    0.498453    8.54043    
1    86    37    -7200.65    -14.0407    0.495926    8.25419    
1    88    38    -7198.95    -12.7128    0.502462    8.47847    
1    94    39    -7200.55    -14.5778    0.494598    8.01663    
