#Task    Step    numberOfAcceptedPeleSteps    currentEnergy    BindingEnergy    sasaLig    distance_A35SG_L1S1    
1    0    0    -7177.14    -13.5744    0.454619    8.39391    
1    1    1    -7184.29    -8.83701    0.420961    7.50327    
1    2    2    -7176.32    -5.44229    0.463274    7.8058    
1    3    3    -7188.76    -6.32393    0.515958    5.49435    
1    4    4    -7185.69    -2.00074    0.544393    5.05716    
1    5    5    -7184.7    -3.88431    0.492374    4.06206    
1    6    6    -7187.33    -2.37737    0.554813    4.81166    
1    7    7    -7193.72    -8.87493    0.489763    5.51009    
1    8    8    -7190.42    -6.47341    0.437624    5.3236    
1    9    9    -7197.69    -13.8815    0.398687    6.42625    
1    16    10    -7198.99    -13.9301    0.401739    7.29887    
1    26    11    -7199.63    -13.638    0.369321    6.94187    
1    27    12    -7202.62    -15.2644    0.390662    7.69281    
1    30    13    -7201.4    -13.6171    0.418618    8.25046    
1    31    14    -7199.15    -12.3925    0.426827    8.58485    
1    33    15    -7202.98    -16.6059    0.368015    7.96053    
1    42    16    -7202.9    -15.1999    0.384998    7.95014    
1    48    17    -7200.28    -14.1466    0.365511    8.15576    
1    54    18    -7201.63    -15.508    0.371953    7.9054    
1    60    19    -7204.58    -15.4422    0.41345    8.38637    
1    64    20    -7203.96    -17.6925    0.379362    8.0665    
1    69    21    -7203.94    -20.7629    0.399744    8.48398    
1    70    22    -7205.07    -19.6595    0.377564    8.50764    
1    80    23    -7202.78    -14.9166    0.417706    8.65682    
1    81    24    -7192.64    -11.4396    0.403389    9.47105    
1    84    25    -7194.43    -8.86691    0.378743    9.14987    
1    85    26    -7204.15    -20.0104    0.385033    8.62844    
1    87    27    -7199.16    -14.9271    0.427847    8.59304    
1    88    28    -7202.3    -19.0654    0.382895    8.75108    
1    91    29    -7202.57    -20.0612    0.379923    8.76461    
1    94    30    -7196.8    -11.437    0.377039    9.23741    
1    96    31    -7198.79    -13.36    0.379369    8.94002    
1    97    32    -7201.54    -18.4093    0.33314    8.66481    
1    98    33    -7198.41    -16.0724    0.346165    9.06322    
