#Task    Step    numberOfAcceptedPeleSteps    currentEnergy    BindingEnergy    sasaLig    distance_A35SG_L1S1    
1    0    0    -7177.03    -11.9988    0.412321    3.61692    
1    1    1    -7201.96    -8.63176    0.600406    3.96981    
1    4    2    -7202.51    -9.1619    0.596902    3.85141    
1    7    3    -7198.55    -15.8319    0.48395    4.79983    
1    8    4    -7198.34    -12.9218    0.509597    4.89755    
1    10    5    -7202.86    -16.1205    0.540106    3.99885    
1    11    6    -7203.4    -16.6302    0.511469    5.50553    
1    12    7    -7202.63    -15.9186    0.536592    7.02471    
1    13    8    -7202.03    -16.304    0.54628    4.97197    
1    14    9    -7206.78    -18.8478    0.51552    3.55865    
1    22    10    -7205.2    -19.7639    0.437415    4.02559    
1    23    11    -7207.48    -18.2108    0.447979    4.04911    
1    25    12    -7213.36    -20.6268    0.41776    3.82122    
1    61    13    -7209.47    -20.2864    0.395213    6.42031    
1    64    14    -7210.26    -18.8123    0.428775    6.55083    
1    74    15    -7210.4    -15.7902    0.422646    6.87835    
1    82    16    -7207.2    -11.3811    0.485801    8.56679    
1    83    17    -7205.68    -14.5006    0.491821    7.61473    
1    84    18    -7202.37    -8.8119    0.544118    8.40376    
1    85    19    -7207.58    -17.6401    0.429209    6.37584    
1    90    20    -7206.78    -14.0746    0.460897    6.75869    
1    94    21    -7208.01    -16.0261    0.447209    5.87355    
1    96    22    -7207.54    -14.1256    0.466893    6.80981    
