#Task    Step    numberOfAcceptedPeleSteps    currentEnergy    BindingEnergy    sasaLig    distance_A35SG_L1S1    
1    0    0    -7174.34    -18.6972    0.366934    8.23454    
1    1    1    -7199.24    -18.8397    0.345604    8.81688    
1    7    2    -7199.91    -18.5349    0.346469    8.25176    
1    9    3    -7201.05    -17.9113    0.353503    8.0434    
1    11    4    -7201.72    -21.1541    0.270797    8.18256    
1    19    5    -7199.94    -20.1469    0.274997    8.30761    
1    23    6    -7204.51    -24.7245    0.275127    8.64257    
1    25    7    -7204.05    -24.4557    0.262511    8.03711    
1    46    8    -7206.1    -23.3587    0.289223    8.6074    
1    49    9    -7206.52    -22.2083    0.286485    8.94384    
1    56    10    -7206.34    -20.7893    0.269731    8.64347    
1    62    11    -7210.11    -25.3676    0.270142    8.67677    
1    63    12    -7207.02    -25.2383    0.276199    8.79817    
1    66    13    -7209.23    -23.7306    0.279967    8.39772    
1    71    14    -7213.46    -26.9133    0.26567    8.75044    
1    75    15    -7213.93    -24.8625    0.275913    8.24225    
1    81    16    -7210.3    -24.3075    0.298856    8.08091    
1    92    17    -7204.15    -18.2917    0.329706    8.59695    
1    93    18    -7205.89    -28.3726    0.253816    8.70451    
1    96    19    -7208.9    -25.7589    0.280476    8.77236    
1    98    20    -7208.5    -23.8759    0.294258    8.55027    
