#Task    Step    numberOfAcceptedPeleSteps    currentEnergy    BindingEnergy    sasaLig    distance_A35SG_L1S1    
1    0    0    -7170.95    -12.4962    0.421889    8.33337    
1    1    1    -7198.33    -11.0553    0.488495    8.82225    
1    2    2    -7199.57    -14.3759    0.43066    8.30528    
1    4    3    -7199.72    -14.9845    0.400049    7.28855    
1    7    4    -7199.58    -15.9544    0.411274    7.23792    
1    8    5    -7201.12    -15.8394    0.4263    7.78841    
1    9    6    -7201.74    -14.1604    0.428764    7.85171    
1    15    7    -7199.98    -15.2479    0.399645    7.20656    
1    21    8    -7199.08    -15.7818    0.425436    7.65344    
1    23    9    -7198.86    -15.3896    0.4704    7.68368    
1    24    10    -7188.75    -5.79002    0.526406    8.65209    
1    25    11    -7186.86    -6.90073    0.570069    7.6836    
1    26    12    -7188    -13.0492    0.470464    7.88554    
1    27    13    -7197.75    -15.7574    0.410836    7.94857    
1    28    14    -7199.04    -15.2299    0.451878    8.09894    
1    34    15    -7199.36    -15.0899    0.454679    7.49137    
1    37    16    -7200.24    -16.9235    0.411856    6.89929    
1    39    17    -7196.05    -14.5937    0.46889    8.04872    
1    42    18    -7199.74    -16.4115    0.417398    7.49791    
1    44    19    -7201.59    -17.4122    0.394968    6.99689    
1    47    20    -7198.22    -16.8999    0.397998    7.23291    
1    48    21    -7199.47    -15.1778    0.395165    7.11404    
1    51    22    -7204.6    -18.1494    0.399461    6.95972    
1    53    23    -7202.96    -17.2431    0.417234    7.2227    
1    54    24    -7203.1    -16.4117    0.395131    6.92866    
1    56    25    -7203.47    -16.464    0.396771    6.76739    
1    57    26    -7200.46    -17.5026    0.410115    7.35612    
1    58    27    -7200.44    -16.2767    0.426767    7.7387    
1    59    28    -7200.77    -16.1316    0.41719    7.40093    
1    60    29    -7201.74    -16.7022    0.432852    7.19483    
1    61    30    -7201.3    -15.9111    0.42222    7.07606    
1    65    31    -7195.37    -13.9728    0.392291    7.19782    
1    68    32    -7199.52    -15.3057    0.411337    7.05191    
1    70    33    -7192.92    -8.21937    0.428871    7.697    
1    71    34    -7192.86    -8.85531    0.431374    6.88336    
1    73    35    -7196.81    -15.0529    0.43216    6.91548    
1    75    36    -7194.56    -13.972    0.399353    6.73177    
1    82    37    -7199.34    -12.1242    0.439119    6.69214    
1    83    38    -7198.07    -12.8616    0.40568    7.039    
1    85    39    -7197.95    -15.0259    0.402454    7.17954    
1    87    40    -7197.64    -14.8727    0.387976    6.89279    
1    88    41    -7199.17    -13.7736    0.442108    7.48185    
1    89    42    -7199.3    -15.5191    0.415758    7.0427    
1    95    43    -7197.77    -11.7647    0.474939    6.57455    
1    97    44    -7200.99    -16.9339    0.444931    6.38712    
