#Task    Step    numberOfAcceptedPeleSteps    currentEnergy    BindingEnergy    sasaLig    distance_A35SG_L1S1    
1    0    0    -7178.44    -18.0848    0.38375    9.94485    
1    1    1    -7189.91    -9.29873    0.435657    9.1628    
1    11    2    -7189.13    -10.3715    0.540636    7.92065    
1    15    3    -7188.72    -5.2962    0.68944    8.04049    
1    16    4    -7194.32    -6.49178    0.574026    8.5592    
1    21    5    -7192.19    -6.88415    0.52139    8.89893    
1    22    6    -7194.32    -7.12339    0.449319    9.10436    
1    33    7    -7194.59    -10.5529    0.398942    9.42427    
1    39    8    -7193.93    -7.29239    0.411488    9.23538    
1    42    9    -7183.24    -5.18132    0.429019    9.13352    
1    43    10    -7181.5    -1.01584    0.47126    8.07407    
1    44    11    -7186.34    0.323406    0.492112    9.1872    
1    45    12    -7191.06    -3.07537    0.495824    8.81206    
1    49    13    -7196.61    -6.51512    0.466875    8.20584    
1    50    14    -7192.88    -3.51749    0.474309    8.17869    
1    54    15    -7189.45    0.978968    0.630039    8.04292    
1    55    16    -7190.38    -0.739171    0.61587    7.72401    
1    56    17    -7194.52    -2.6233    0.625197    8.13157    
1    58    18    -7191.63    4.05899    0.680892    8.92352    
1    60    19    -7200.08    -4.34035    0.684275    9.43653    
1    61    20    -7204.95    -4.78338    0.693029    9.02258    
1    67    21    -7203.58    -4.54116    0.646685    8.72036    
1    69    22    -7200.69    -3.09537    0.597494    9.69098    
1    70    23    -7199.11    -1.04929    0.619184    10.2687    
1    76    24    -7199.83    -2.58766    0.723486    9.4225    
1    78    25    -7199.01    -1.11122    0.736949    10.4156    
1    79    26    -7193.76    -0.114753    0.600647    9.234    
1    80    27    -7191.68    2.74932    0.592941    8.88249    
1    82    28    -7188.56    8.98735    0.604478    11.5476    
1    83    29    -7198.08    0.710038    0.652793    10.8574    
1    84    30    -7202.42    -1.61617    0.613283    7.85848    
1    86    31    -7206.88    -6.26498    0.63036    8.37574    
1    89    32    -7205.13    -4.87557    0.645901    8.80694    
1    90    33    -7201.43    -4.04298    0.576832    8.65447    
1    91    34    -7202.6    -13.5973    0.460539    8.04194    
1    92    35    -7205.92    -13.3399    0.497816    8.38906    
1    98    36    -7205.88    -13.8919    0.465874    8.16475    
1    99    37    -7205.6    -13.9043    0.45483    8.03251    
1    100    38    -7205.6    -13.6542    0.408085    7.89905    
