#Task    Step    numberOfAcceptedPeleSteps    currentEnergy    BindingEnergy    sasaLig    distance_A35SG_L1S1    
1    0    0    -7167.25    -10.8396    0.407711    4.5088    
1    1    1    -7196.66    -14.5304    0.369508    4.19487    
1    3    2    -7193.43    -14.9918    0.438064    4.77497    
1    7    3    -7197.13    -18.933    0.438914    4.69308    
1    37    4    -7192.2    -12.8785    0.509156    4.5217    
1    43    5    -7184.92    -5.48121    0.457714    4.75331    
1    45    6    -7184.03    -15.2757    0.373825    8.43868    
1    49    7    -7193.02    -23.2592    0.331704    8.14934    
1    50    8    -7187.23    -12.71    0.373998    7.7823    
1    53    9    -7183.95    -8.23917    0.419506    4.9531    
1    54    10    -7181.16    -6.04385    0.497448    6.04534    
1    55    11    -7182.42    -7.29786    0.50689    4.54506    
1    57    12    -7183.37    -9.94577    0.459773    4.74116    
1    58    13    -7184.18    -10.2487    0.474838    6.664    
1    59    14    -7177.8    -5.67613    0.487335    6.69116    
1    60    15    -7182.34    -9.68989    0.495922    6.60781    
1    62    16    -7184.81    -12.5116    0.434903    6.53988    
1    71    17    -7181.92    -9.74838    0.433481    6.61322    
1    73    18    -7185.08    -11.768    0.452745    6.89701    
1    80    19    -7186.28    -11.9942    0.421501    6.2644    
1    81    20    -7189.33    -14.3265    0.40653    6.54377    
1    92    21    -7186.02    -9.78315    0.410561    6.04374    
1    93    22    -7187.88    -16.5984    0.387366    6.6483    
1    95    23    -7185.92    -10.4454    0.458415    8.0994    
1    96    24    -7187.47    -11.3525    0.454398    7.04849    
1    98    25    -7184.85    -8.77719    0.432643    6.13389    
