#Task    Step    numberOfAcceptedPeleSteps    currentEnergy    BindingEnergy    sasaLig    distance_A35SG_L1S1    
1    0    0    -7164.64    0.157591    0.530728    5.18234    
1    1    1    -7188.28    -6.29607    0.470263    5.23468    
1    4    2    -7191.18    -6.14097    0.497407    5.7609    
1    8    3    -7195.87    -10.123    0.48068    5.57978    
1    14    4    -7197.28    -12.015    0.465721    5.41815    
1    24    5    -7190.73    -8.63931    0.452344    5.819    
1    26    6    -7191.91    -8.54535    0.494467    5.36812    
1    27    7    -7192.47    -8.97974    0.496248    6.88603    
1    28    8    -7194.63    -10.3332    0.489817    5.72836    
1    33    9    -7202.01    -9.87606    0.441396    4.71198    
1    36    10    -7198.28    -5.87868    0.532536    6.00126    
1    37    11    -7194.63    -5.88805    0.465048    5.06305    
1    40    12    -7190.3    -3.39541    0.463798    4.64206    
1    41    13    -7189.15    -9.90143    0.551297    5.07923    
1    44    14    -7195.6    -9.94165    0.539994    5.17428    
1    48    15    -7194.4    -8.60529    0.515098    5.56431    
1    51    16    -7199.23    -8.14495    0.429354    5.32387    
1    54    17    -7196.47    -5.26639    0.435993    5.67856    
1    56    18    -7199.53    -9.66847    0.365425    5.97007    
1    64    19    -7191.13    -4.73041    0.402039    5.25141    
1    68    20    -7195.27    -6.88316    0.388803    5.01768    
1    70    21    -7198.84    -10.8011    0.358591    5.98686    
1    71    22    -7200.03    -13.8339    0.372174    6.70017    
1    72    23    -7201.17    -12.6663    0.366465    6.89403    
1    75    24    -7204.3    -12.739    0.350559    6.65588    
1    83    25    -7202.64    -12.6105    0.340396    6.30337    
1    85    26    -7202.57    -13.652    0.342815    6.57467    
1    87    27    -7200.19    -9.09394    0.380284    5.73969    
1    88    28    -7198.39    -9.75306    0.400008    5.34794    
1    94    29    -7199.29    -8.3948    0.437299    5.40243    
1    96    30    -7200.39    -10.2822    0.365552    5.64042    
