#Task    Step    numberOfAcceptedPeleSteps    currentEnergy    BindingEnergy    sasaLig    distance_A35SG_L1S1    
1    0    0    -7170.3    -6.83801    0.369417    11.6849    
1    1    1    -7183.85    0.312646    0.417064    8.55511    
1    3    2    -7188    -6.51323    0.413635    7.77325    
1    4    3    -7192.5    -10.2239    0.40055    8.05682    
1    11    4    -7194.41    -17.1047    0.358842    7.77153    
1    19    5    -7194.1    -2.38736    0.443786    5.66742    
1    21    6    -7194.18    -4.75774    0.486549    6.03036    
1    23    7    -7198.26    -6.44055    0.399894    5.84508    
1    27    8    -7199.53    -7.1886    0.39732    6.1681    
1    28    9    -7199.56    -7.09534    0.420474    7.00014    
1    32    10    -7199.67    -8.03737    0.455434    7.07657    
1    33    11    -7195.1    -6.21617    0.408514    7.82922    
1    34    12    -7195.18    -5.78118    0.404316    7.91942    
1    39    13    -7193.57    -4.72252    0.409593    7.89287    
1    42    14    -7192.14    -4.36739    0.415351    7.92586    
1    45    15    -7195.03    -10.2459    0.456619    7.85285    
1    46    16    -7196.47    -8.32439    0.489962    7.92751    
1    49    17    -7199.2    -10.8704    0.45918    7.78814    
1    52    18    -7188.03    -1.3286    0.408473    7.46491    
1    53    19    -7193.56    -8.56464    0.42029    6.36233    
1    56    20    -7194.24    -7.74508    0.421692    7.12819    
1    59    21    -7181.79    -2.49561    0.559089    7.83497    
1    60    22    -7186.79    -0.628765    0.544109    9.59462    
1    61    23    -7186.56    3.34736    0.595407    8.82178    
1    62    24    -7189.24    3.02192    0.626411    8.57773    
1    63    25    -7190.94    0.777819    0.686238    8.2283    
1    64    26    -7193.32    0.438777    0.592875    8.0287    
1    65    27    -7192.66    0.199079    0.526732    10.457    
1    66    28    -7193.31    -1.81795    0.487461    10.1862    
1    71    29    -7189.5    4.38117    0.46659    10.6481    
1    73    30    -7190.12    0.131559    0.345951    10.3859    
1    74    31    -7191.52    -1.02258    0.357148    10.6338    
1    76    32    -7188.45    1.30267    0.351086    10.5361    
1    78    33    -7189.54    2.58389    0.390144    10.9013    
1    79    34    -7189.24    -2.07037    0.371717    10.8394    
1    82    35    -7189.59    -1.64251    0.392125    10.8025    
1    84    36    -7190.37    -2.64263    0.358351    10.7226    
1    87    37    -7185.69    -4.04062    0.358795    10.9357    
1    90    38    -7184.32    -1.43867    0.475551    11.1554    
1    91    39    -7198.59    -6.26541    0.503691    8.1934    
1    98    40    -7201.27    -9.84839    0.460834    7.83104    
