#Task    Step    numberOfAcceptedPeleSteps    currentEnergy    BindingEnergy    sasaLig    distance_A35SG_L1S1    
1    0    0    -7174.01    -13.834    0.416512    5.88728    
1    1    1    -7196.36    -11.2855    0.445424    9.4487    
1    2    2    -7198.8    -8.83131    0.430349    5.62802    
1    3    3    -7200.67    -10.7215    0.416217    5.7797    
1    5    4    -7201.15    -13.4539    0.404021    6.19858    
1    11    5    -7201.05    -11.8773    0.41942    5.60433    
1    13    6    -7200.37    -18.7    0.370994    6.13269    
1    14    7    -7194.52    -6.26782    0.408041    6.37412    
1    15    8    -7201.01    -10.1152    0.451037    5.59826    
1    21    9    -7200.02    -9.48038    0.480809    5.81251    
1    22    10    -7200.65    -8.4874    0.468575    6.70503    
1    23    11    -7201.25    -9.04102    0.441232    6.82842    
1    34    12    -7197.67    -4.98922    0.497984    8.25199    
1    35    13    -7201.05    -6.85083    0.501474    6.96838    
1    36    14    -7203.41    -9.86419    0.4503    6.5958    
1    38    15    -7202.37    -9.62366    0.431471    6.76545    
1    51    16    -7206.38    -14.2888    0.444867    6.60601    
1    52    17    -7206.01    -13.453    0.422171    5.79769    
1    53    18    -7204.78    -14.0015    0.423971    6.00296    
1    56    19    -7204.82    -14.3865    0.431508    5.5717    
1    58    20    -7204.78    -15.0555    0.407071    6.3059    
1    60    21    -7207.36    -17.4438    0.416333    6.24758    
1    62    22    -7208.19    -19.4747    0.407082    6.21605    
1    63    23    -7198.32    -7.92866    0.489121    6.61256    
1    65    24    -7200.32    -7.98577    0.504644    6.35436    
1    67    25    -7200.87    -5.87725    0.461909    5.84626    
1    68    26    -7200.74    -7.21825    0.459101    6.19479    
1    70    27    -7200.67    -4.91749    0.525051    5.80097    
1    72    28    -7204.87    -8.62814    0.485839    5.43432    
1    74    29    -7204.25    -8.82995    0.485459    4.72628    
1    78    30    -7204.65    -7.7211    0.522897    5.29982    
1    80    31    -7205.44    -7.75324    0.525225    5.67406    
1    86    32    -7203.22    -6.70127    0.514141    6.56409    
1    87    33    -7201.48    -5.31616    0.567351    8.26793    
1    89    34    -7201.93    -4.14576    0.597988    8.48837    
1    94    35    -7203    -4.59477    0.584757    8.54597    
