#Task    Step    numberOfAcceptedPeleSteps    currentEnergy    BindingEnergy    sasaLig    distance_A35SG_L1S1    
1    0    0    -7161.23    -14.5698    0.379761    8.95487    
1    1    1    -7196.71    -17.8742    0.34286    8.83681    
1    3    2    -7200.06    -22.5193    0.356941    8.09805    
1    8    3    -7200.53    -19.5976    0.39212    8.4046    
1    10    4    -7196.22    -12.9291    0.404703    8.38532    
1    13    5    -7197.33    -19.7175    0.371555    8.26759    
1    14    6    -7196.38    -16.0364    0.3648    8.2659    
1    21    7    -7193.13    -13.8697    0.375853    8.34204    
1    23    8    -7199.33    -19.2077    0.394576    8.33369    
1    29    9    -7200.44    -18.8044    0.331693    8.57884    
1    33    10    -7201.06    -22.2062    0.317595    8.70925    
1    35    11    -7200.82    -22.0667    0.315343    8.88275    
1    45    12    -7199.77    -24.4193    0.311486    8.68965    
1    49    13    -7199.57    -24.3022    0.306164    8.73394    
1    51    14    -7198.72    -24.5649    0.322411    8.67877    
1    56    15    -7198.8    -23.3415    0.330584    8.94861    
1    61    16    -7200.14    -23.7494    0.317634    8.8873    
1    70    17    -7200.31    -24.2523    0.32423    8.831    
1    72    18    -7195.78    -20.3121    0.328188    8.73899    
1    77    19    -7200.99    -24.2086    0.312166    8.80524    
1    79    20    -7201.37    -23.1064    0.29936    8.79974    
1    80    21    -7198.1    -18.6416    0.320774    9.05208    
1    85    22    -7200.86    -23.9328    0.299058    8.81285    
