20	6332	1.00	0.000E+00	0	709	710	0	709	710	710M
22	5216	0.968	0.000E+00	0	707	710	0	707	709	708M
21	5115	0.871	0.000E+00	0	709	710	0	709	710	710M
27	4839	0.882	0.000E+00	0	707	710	0	706	707	160M1I547M
19	4664	0.757	0.000E+00	0	709	710	0	708	781	661M1I48M
3	1308	0.226	8.080E-48	23	709	710	6	688	689	15M6D14M5I25M3D2M3D8M2I56M2D5M4I6M4D6M3D5M2I19M6I66M3D21M3D3M3I14M5I21M4D3M9I12M2I20M1I11M1I4M2I8M2I21M1I63M6D18M2I20M2D25M6D8M2D4M4D11M1I29M3I4M6I35M2D7M7I8M7D26M
37	1302	0.226	2.386E-46	23	709	710	5	683	684	15M3I4M9D7M5I25M4D75M1I3M1I3M4D3M1D31M3I2M3I66M1I16M3D3M3I13M5I26M4I4M1I11M2I22M1I9M1I4M2I8M2I21M1I63M6D18M2I20M2D25M6D4M1D8M5D11M1I30M3I3M6I34M7I14M9D28M
31	1288	0.217	4.285E-47	23	709	710	6	686	687	15M3I4M9D7M5I27M6D8M2I63M2I9M5D32M6I67M1D17M3D3M3I13M5I29M5I12M2I25M1I6M1I4M2I8M2I21M1I63M6D18M2I20M2D25M6D4M1D8M5D11M1I30M3I3M6I33M6I12M1D3M2D3M5D26M
24	1272	0.222	2.067E-45	23	708	710	6	688	691	15M3I4M9D7M3I27M5D2M1D8M2I55M2D6M1I4M3I4M7D9M2I19M2I4M4I67M2D13M3D6M3I13M5I22M1I8M5I10M2I20M1I11M1I4M2I8M2I21M1I63M6D18M2I19M2D29M6D9M5D11M1I29M3I3M6I35M9D15M5I28M
5	1266	0.226	1.867E-46	23	708	710	6	683	686	15M3I4M9D7M5I25M4D75M1I3M1I4M3D5M4D5M2I19M6I70M1I16M3D3M3I13M5I26M4I4M1I11M2I22M1I9M1I4M2I8M2I21M1I63M6D18M2I20M2D25M6D4M1D8M5D11M1I30M3I3M6I34M7I14M9D27M
6	1262	0.214	2.623E-47	23	709	710	6	686	687	15M3I4M9D7M5I25M4D75M2I9M5D29M2I4M4I66M1D17M3D3M3I13M5I29M5I12M2I25M1I6M1I4M2I8M2I21M1I63M6D18M2I20M2D25M6D4M1D8M5D11M1I30M3I3M6I34M5D5M1D10M4I30M
8	1259	0.225	1.784E-45	23	708	710	5	687	690	15M3I4M11D1M4I6M1I25M5D2M1D8M2I56M2D5M4I8M7D9M2I19M6I69M3D18M3D3M3I13M5I31M6I9M2I20M1I11M1I4M2I8M2I21M1I63M6D18M2I19M2D29M6D8M1D1M4D11M1I30M3I1M6I40M7D6M4I34M
23	1257	0.229	2.515E-45	23	709	710	5	688	689	15M6D14M3I27M5D2M1D11M2I52M2D6M1I4M3I3M7D10M2I19M2I4M4I67M2D13M3D6M3I13M5I22M1I8M5I10M2I20M1I11M1I4M2I8M2I21M1I63M5D2M1D16M2I19M2D25M6D13M5D11M1I29M3I4M6I35M2I4M9D1M6I7M3D28M
15	1253	0.223	2.765E-46	23	709	710	6	698	699	15M3I4M9D6M3I28M4D75M2I8M6D5M1D4M2I20M1I3M5I65M4D15M3D5M3I12M2I5M1I25M7I3M1D3M1D7M2I21M1I8M1I6M2I8M2I21M1I61M4D4M2D16M2I19M2D24M7D14M5D11M1I9M2D20M3I4M6I40M10D7M4I18M1I13M
35	1252	0.224	1.036E-46	23	708	710	6	687	690	15M6D14M5I25M3D2M3D8M2I63M2I6M4D6M3D5M2I19M6I66M3D21M3D3M3I14M5I21M4D3M9I12M4I4M2D14M1I11M1I4M2I8M2I21M1I63M6D18M2I20M2D25M6D5M1D7M5D11M1I29M3I4M6I38M5D4M6I8M3D26M
38	1249	0.222	1.143E-46	23	709	710	6	686	687	15M3I4M9D6M6I25M6D10M2I54M1I4M1D4M2I8M7D9M2I19M6I67M2D16M3D7M3I11M4I2M1I27M1I3M5I3M1D7M2I14M2I6M1D7M1I7M2I8M2I21M1I63M4D4M2D14M2I20M2D25M6D5M1D7M5D11M1I30M3I3M6I33M6I12M4D8M4D24M
36	1248	0.218	8.516E-47	23	709	710	6	688	689	15M6D14M5I25M3D2M3D8M2I56M4D2M4D5M6I9M3D4M2I19M6I65M3D22M3D3M3I13M5I22M4D3M9I12M4I4M2D19M1I6M1I4M2I8M2I21M1I63M6D18M2I19M2D26M6D5M1D6M1D1M4D11M1I30M3I3M6I48M1I7M3D27M
28	1244	0.227	5.268E-44	50	709	710	3	657	658	6M1I25M5D2M1I50M1I4M1D17M2I7M3D5M4D5M2I19M2I4M4I61M1D5M2D17M3D2M3I15M5I24M6I8M1D7M2I20M1I11M1I4M2I8M2I21M1I63M6D18M2I19M2D29M6D8M1D1M4D11M1I30M3I1M6I35M2I5M9D2M6I9M2D10M1D16M
4	1242	0.216	1.461E-46	23	709	710	6	688	689	15M6D14M5I25M3D2M3D8M2I56M4D2M4D5M6I9M3D4M2I19M6I65M3D22M3D3M3I13M5I22M4D3M9I12M4I4M2D19M1I6M1I4M2I8M2I21M1I63M6D18M2I19M2D26M6D4M1D7M1D1M4D11M1I30M3I3M6I52M2D31M
30	1234	0.215	3.711E-46	23	708	710	6	692	696	13M4I2M6D6M2D12M1I21M4D67M1I2M1D5M2I6M4D6M3D5M2I19M2I4M4I61M2D4M2D15M3D5M3I12M2I5M1I21M4D3M10I4M1D7M2I14M2I9M1D7M1I4M2I8M2I21M1I67M6D14M2I19M2D25M5D2M1I10M5D11M1I30M3I3M6I41M9D8M4I29M
40	1214	0.233	1.265E-45	23	709	710	5	697	700	13M4I6M10D5M3I28M6D10M2I41M1I4M1D17M3I3M1D4M7D9M2I19M2I4M4I64M2D2M2D17M3D3M3I15M2I1M1I24M3I7M2I9M2I21M1I8M1I6M2I8M2I21M1I61M2D4M4D16M2I19M2D24M7D14M5D11M1I16M2D13M3I3M6I39M10D9M4I18M1I13M
12	1212	0.225	1.265E-45	23	709	710	6	698	700	15M3I1M5D5M2D9M1I25M4D75M2I8M7D9M2I20M1I3M5I61M1I3M5D39M2I1M1I24M3I7M2I9M2I21M1I8M1I6M2I8M2I21M1I61M2D4M4D16M2I19M2D24M7D14M5D11M1I11M2I3M4D13M4I3M5I39M10D9M4I18M1I13M
42	1210	0.212	8.546E-46	23	707	710	5	694	698	15M3I4M9D6M3I28M4D75M2I12M7D5M2I19M2I4M4I63M3D17M3D5M3I16M2I1M1I24M3I7M2I9M2I21M1I8M1I6M2I8M2I21M1I61M4D4M2D16M2I19M2D26M7D12M5D11M1I16M2D13M3I3M6I41M9D25M4I12M
33	1206	0.229	3.911E-45	23	709	710	5	697	699	15M3I1M2D5M5D9M1I27M6D8M2I63M2I8M7D9M2I20M1I3M5I61M1I3M5D39M2I1M1I24M3I7M2I9M2I21M1I8M1I6M2I8M2I21M1I61M4D4M2D16M2I19M2D24M7D14M5D11M1I11M2I3M4D13M3I4M6I40M10D7M4I18M1I13M
39	1206	0.223	1.617E-45	23	709	710	5	697	699	13M4I6M10D5M3I28M6D10M2I63M2I8M7D9M2I20M1I3M5I61M1I3M5D39M2I1M1I21M4D4M10I6M1D4M2I21M1I10M1I4M2I8M2I21M1I61M4D3M2D17M2I19M2D24M7D14M5D11M1I13M2D16M4I3M5I41M10D7M4I18M1I13M
16	1205	0.212	2.067E-45	23	709	710	5	696	698	15M3I4M9D6M3I28M4D75M2I9M7D8M2I19M2I4M4I63M1D4M2D16M3D3M3I15M2I1M1I24M3I7M2I9M2I21M1I8M1I6M2I8M2I21M1I61M2D4M4D16M2I19M2D26M7D12M5D11M1I16M2D13M3I3M6I38M9D28M4I14M
14	1205	0.232	1.329E-45	23	704	710	5	692	699	15M3I4M9D5M2I7M1I22M6D10M2I41M1I4M1D17M3I4M6D34M1I3M5I64M2D1M2D15M3D6M3I15M3I25M3I7M2I9M2I21M1I8M1I6M2I8M2I21M1I61M2D4M4D16M2I19M2D26M7D12M5D11M1I16M2D13M3I3M6I39M10D9M4I18M1I8M
7	1200	0.227	8.975E-46	23	708	710	6	679	686	12M3I7M9D6M6I25M6D10M2I40M2D6M2I6M1I4M1D4M2I9M5D29M6I68M2D15M3D7M3I11M4I2M1I22M4D2M5I4M4I9M2I20M1I8M1I7M2I8M2I21M1I61M4D6M2D14M2I20M2D25M6D5M1D6M1D1M4D11M1I30M3I3M6I33M6I8M1D23M1D12M
25	1199	0.219	4.531E-45	23	704	710	5	695	697	15M3I4M9D6M3I28M4D75M2I8M7D9M2I20M1I3M5I61M2D4M2D18M3D3M3I15M2I1M1I24M3I7M2I9M2I21M1I8M1I6M2I8M2I21M1I61M4D3M2D17M2I19M2D26M7D12M5D11M1I10M2I3M3D14M3I4M6I42M9D36M
29	1194	0.227	2.060E-46	23	704	710	5	686	688	15M3I1M5D2M4D7M3I28M4D75M2I8M7D10M2I19M2I3M4I64M2D2M2D17M2I5M1D15M3I25M2I3M3I12M2I22M1I9M1I4M2I8M2I21M1I64M6D17M2I19M2D26M6D12M5D11M1I30M3I1M6I34M8D11M5I30M
13	1191	0.221	1.147E-45	23	709	710	5	697	698	13M4I6M10D6M3I26M4D76M2I8M5D31M1I3M5I64M4D19M3D3M3I11M2I5M1I21M4I6M1D3M2I9M2I11M2I2M2D6M1I8M1I6M2I8M2I21M1I61M2D4M4D16M2I19M2D24M7D14M5D11M1I14M2D15M3I3M6I41M10D7M4I18M1I13M
44	1190	0.235	2.641E-45	23	704	710	6	693	698	13M4I6M10D6M3I27M4D53M1I4M1D17M2I7M5D32M1I3M5I61M2D5M2D17M3D3M3I15M2I1M1I25M7I3M1D3M1D7M2I21M1I8M1I6M2I8M2I21M1I61M2D4M4D16M2I19M2D26M7D8M1D4M4D11M1I16M2D13M3I2M7I6M1D35M10D7M4I18M1I8M
41	1188	0.233	2.067E-45	23	704	710	5	692	699	15M3I4M9D6M3I28M6D10M2I41M1I4M1D17M3I4M6D34M1I3M5I64M2D1M2D15M3D6M3I15M3I26M7I3M1D3M1D7M2I21M1I8M1I6M2I8M2I21M1I61M2D4M4D16M2I19M2D26M7D12M5D11M1I16M2D13M3I3M6I39M10D9M4I18M1I8M
9	1186	0.234	1.261E-46	23	698	710	5	687	689	15M3I1M5D2M4D7M3I28M4D75M2I8M3D1M2D4M2D5M2I19M2I3M4I64M2D2M2D17M2I5M1D15M3I25M2I3M3I12M2I22M1I9M1I4M2I8M2I21M1I62M5D2M1D17M2I19M2D26M6D12M5D11M1I30M3I1M6I34M8D5M2D35M
1	1186	0.211	9.007E-45	23	708	710	6	692	698	15M3I1M2D5M5D9M1I25M4D75M2I12M7D5M2I19M2I4M4I64M4D19M3D3M3I15M2I1M1I25M7I3M1D3M1D7M2I21M1I8M1I6M2I8M2I21M1I61M4D3M2D17M2I19M2D26M7D12M5D11M1I16M2D13M4I3M5I36M7D7M7I33M
43	1185	0.219	3.546E-45	23	709	710	5	696	697	15M3I4M9D6M3I28M6D10M2I41M1I4M1D17M2I8M7D9M2I19M2I4M4I61M2D4M2D18M3D3M3I15M2I1M1I24M3I7M2I9M2I21M1I8M1I6M2I8M2I21M1I61M4D3M2D17M2I19M2D26M7D12M5D11M1I9M2D20M3I3M6I42M12D7M7I14M1I13M
10	1172	0.212	1.699E-45	23	701	710	5	693	699	15M3I1M2D5M5D12M1I21M4D55M1D3M1I17M3I3M1D4M6D10M1I20M1I3M5I65M4D18M3D3M3I15M2I1M1I19M2D9M1I1M6I9M4I2M2D17M1I8M1I6M2I8M2I21M1I61M2D5M4D15M2I19M2D26M7D8M4D5M1D10M1I10M3I1M5D15M3I3M6I44M9D32M
11	1172	0.208	2.524E-44	23	708	710	5	691	699	15M3I4M9D10M3I24M4D54M1D3M1I17M3I3M1D4M6D10M1I19M2I4M4I65M4D18M3D3M3I15M2I1M1I19M2D8M8I3M1D7M4I4M2D15M1I10M1I4M2I8M2I21M1I61M2D4M4D16M2I19M2D24M7D14M5D11M1I11M2D18M3I3M6I43M7I2M8D11M1I19M
32	1172	0.211	7.402E-45	23	709	710	5	697	699	15M3I4M9D10M3I23M4D55M1D3M1I17M3I3M1D4M6D10M1I20M1I3M5I65M4D18M3D3M3I15M2I1M1I19M2D6M5I4M2I9M4I4M2D15M1I8M1I6M2I8M2I21M1I61M4D4M2D16M2I19M2D24M7D14M5D11M1I11M2D18M3I3M6I41M10D2M7I18M2D16M
26	1163	0.212	2.178E-44	23	704	710	5	695	697	15M3I4M9D6M3I28M4D54M1D3M1I17M2I6M5D33M1I3M5I64M4D16M3D6M3I15M2I1M1I24M3I7M2I9M2I20M1I9M1I6M2I8M2I21M1I61M4D3M2D17M2I19M2D26M7D12M5D11M1I10M1D5M1D14M3I4M6I37M8D41M
34	1127	0.205	3.938E-43	23	701	710	5	693	699	15M3I4M9D6M3I28M6D10M2I41M1I4M1D17M1I4M3D11M1D24M2I4M4I61M4D22M3D3M3I15M2I2M1I23M3I7M2I9M2I21M1I8M1I6M2I8M2I21M1I61M2D4M4D16M2I19M2D26M7D12M5D11M1I12M1I3M3D13M4I3M5I43M9D33M
18	995	0.203	1.011E-39	4	706	710	1	720	786	9M8I21M1D7M4D10M1I3M3D12M2D7M1D15M1D15M1I8M3D12M1I16M1D7M1I9M1I6M2I10M1D14M8I47M1D17M1I17M2I3M7D17M3I22M5I17M3D4M3I5M1D10M1D5M2D12M5I7M2I3M6D13M1I58M1I5M3D6M2D15M2I21M1I34M2D4M5D10M2I17M2D15M7I4M3D12M4D4M5D14M13D7M3D7M5I27M
17	919	0.212	5.913E-39	23	709	710	12	725	788	19M1D7M6I3M4D3M5D2M3D12M2D7M1D15M1D15M1I6M3D14M1I16M1D6M2I5M1D4M1I6M2I10M1D14M8I49M1D15M1I17M2D5M3D17M3I23M5I16M3D4M3I5M1D11M3D11M3I11M4I4M6D14M1I54M1I15M5D14M2I21M1I31M4D3M3D14M2I17M2D19M3I15M6D5M3D14M14D8M4I18M2D19M
0	769	0.163	1.764E-34	21	699	710	2	697	768	16M7D1M3I4M3I14M5D6M2D7M2D38M3D7M1D21M7I2M4D6M3D7M2D4M1I13M2I4M1D8M5I5M3I45M4I2M2I12M1D23M3D11M3I28M5I17M2I12M1I9M4D10M8I8M2I5M3D11M1I21M2I29M3D2M4I9M1I17M2I17M2D1M2D4M3D31M2D8M1I4M1I4M4D22M1I11M6I16M2D16M9D10M19D31M
2	114	0.123	6.536E-10	21	698	710	32	639	642	6M4I4M1I9M6D2M3D32M3I10M1D8M1D7M5I3M2D13M9I5M1D15M1D7M3D11M2I7M4I9M2I5M5I4M1D5M4D3M3I3M7I1M1D2M1D5M1I5M1D4M4I3M7D3M1I9M8D3M4I8M1I2M3I4M1D20M1D6M1I13M3D2M12I8M5I11M6D12M4I13M1I5M9I16M1I8M2I6M4I5M3D1M5I7M1D4M3I8M2D11M2I2M3D5M2D5M1I7M2I24M1D13M9I16M3D3M6D6M4I11M2D10M11I13M1D1M2I3M1D4M5I16M5I19M
 