20	6981	1.00	0.000E+00	0	754	755	0	754	755	755M
43	3501	0.439	8.873E-100	2	752	755	1	750	754	10M1D6M2I13M4I9M4I138M3I165M1I8M3D5M1D84M6D124M2D63M4D1M4I10M1D5M2D78M3I11M
59	3500	0.471	2.067E-99	2	752	755	1	728	731	10M1D5M2I13M12I30M1D32M2I72M3D2M5I169M2I223M2D50M1D7M6I2M4D10M1I60M2I20M3I11M
2	3424	0.450	6.266E-95	0	752	755	0	721	722	12M1D25M2I7M3I54M2I49M4I23M8I85M1D81M2I9M1D30M1D115M4I64M1D56M5D2M8I11M3I56M2I22M3I11M
0	3208	0.442	5.758E-92	0	752	755	0	712	713	23M1D10M5I64M2I50M3I19M5I2M10I163M2I38M1D112M2I2M3I5M1D57M1D65M3I7M1D2M1D3M4I55M4I19M3I11M
21	3167	0.456	1.665E-92	0	752	755	0	732	733	12M1I28M9I53M1I83M3I166M2I8M2D212M2D57M6I5M5D11M1I15M2I2M1D6M1I3M2D36M3I13M3I11M
24	3152	0.420	3.880E-92	2	752	755	1	736	737	15M9I13M2D7M3I2D54M1I4M1I79M3I162M4I9M2D103M1I106M5D59M1D9M1I9M2D68M3I14M3I11M
18	3147	0.425	2.639E-91	0	754	755	0	742	744	17M1I13M9I5M3I55M2I80M2I59M1D28M3D75M2I14M1D213M2D55M8D5M9I14M3D78M2I14M
40	3142	0.438	8.001E-93	0	752	755	0	747	751	12M3I4M2D169M3I163M2D2M2I8M1I5M4D208M2D49M1D15M1I11M2D65M5I13M3I11M
44	3105	0.429	9.655E-91	0	754	755	0	746	748	12M1I21M4I8M1D3I54M2I85M1I87M2D78M2I7M2I102M1D108M2D53M3I13M5D29M1D38M1D26M3I13M
4	3101	0.425	7.421E-89	0	752	755	0	716	717	13M1I10M3D8M8I6M1I56M2I49M2I5M1I10M6I5M8I52M3D112M2I9M1D28M1D113M7I63M1D62M3D3M4I10M2I60M1D5M2I14M3I11M
58	3075	0.410	4.552E-87	5	751	755	3	745	746	6M2D4M4D7M2I14M4I64M3D50M2D3M3I18M6I5M1D54M4D105M1I6M1I6M5D6M1D207M1D60M5I5M3D8M1I19M1I43M3I17M3I10M
12	2978	0.385	2.336E-86	1	753	755	17	759	760	11M4D26M4I64M3D48M2I3M3I18M6I6M2D53M4D110M3I7M5D5M1D207M1D54M1D4M6I7M3D6M1D2M3I14M1I42M4I19M3I12M
39	2971	0.385	4.144E-85	0	752	755	0	771	772	11M2D10M3I12M4I47M2D15M2D7M16D79M1I33M1I1M2D23M9D28M1D77M1I2M3I7M4D9M2D204M1D47M3I6M5I19M2I16M2D37M1D8M1D18M3I11M
3	2942	0.436	1.574E-86	4	752	755	4	712	713	8M1D9M3I18M7I54M2I54M3I10M6I5M4I2M4I162M2I10M2D29M1D112M2I2M3I7M1I54M1D61M2D4M3I11M2I65M2I14M3I11M
15	2855	0.422	1.762E-86	4	752	755	33	746	747	9M1I10M2D9M8I63M2I48M2I5M1I10M6I5M8I55M1D109M2I8M3D6M2D136M7I63M1D60M1I18M2I60M1D4M2I15M3I11M
1	2802	0.364	6.324E-82	0	752	755	0	738	739	12M4D6M6I14M4I61M1I172M2D27M1I46M1I4M3I7M4D5M2D24M2D24M2I5M1I81M4I5M1I3M3D55M1D4M1D56M4I4M2D11M1D2M3I62M4I14M3I9M2D2M
13	2741	0.372	2.067E-81	1	752	755	21	799	800	10M2D10M3I12M4I47M2D15M10D4M11D3M2D79M1I32M1D23M8D3M1D28M1D73M1I7M3I6M5D5M1D26M2D25M1I50M1D105M1D48M3I6M5I18M2I14M1D3M2D47M2D16M3I11M
5	2721	0.369	6.324E-82	1	752	755	20	760	770	11M1D9M3I12M1I2M3I140M1I7M1I54M4D2M2D28M2D5M2D75M4I6M1D5M8D5M4I20M3D24M4I6M2D74M8I5M1D53M3D62M5I6M3D11M2I63M4I13M3I11M
56	2690	0.373	7.561E-81	1	752	755	23	746	756	11M1D9M3I12M1I2M3I119M1D16M1I97M2D3M1I71M7I3M3D13M1D6M2I38M3I4M1I4M1D76M8I5M1D55M1D4M2D56M1D2M3D2M6I13M2I62M4I13M3I11M
55	2667	0.363	1.060E-80	0	752	755	0	742	752	12M4D6M6I12M1I2M3I146M1I57M6D27M1D3M1D5M2D69M7I3M3D8M9D7M4I21M3D19M4I10M2D75M5I8M2I52M1D4M2D58M2I18M2I63M4I13M3I11M
28	2665	0.360	5.095E-81	2	752	755	25	764	774	10M4D6M6I12M1I2M3I147M1I55M3D2M3D28M2D5M2D73M4I12M7D8M2I21M3D19M4I10M2D74M1I3M2I6M5I51M1D4M2D58M2I18M2I63M4I13M3I11M
54	2652	0.361	1.972E-80	0	752	755	0	740	750	12M4D6M6I12M1I2M3I146M1I57M5D30M1D4M2D74M4I11M7D8M2I21M3D23M4I6M2D75M5I8M2I52M1D4M2D57M2I19M2I63M4I13M3I11M
41	2619	0.350	3.276E-80	0	754	755	0	718	720	4M1D8M2D7M5I9M2I9M2I62M4I47M2I13M3I8M6I53M1D103M2D6M5I6M4D7M2D28M3I16M1I2M2I47M2I100M6I4M1I46M1D10M3I3M3D19M2D58M4I13M3I13M
47	2619	0.367	1.329E-80	3	752	755	26	765	775	9M4D6M6I12M1I2M3I146M1I57M6D30M2D4M2D70M7I3M3D13M4D3M1I2M2D21M3D23M4I6M2D74M8I5M1D55M1D4M2D58M2I18M2I63M4I13M3I11M
16	2549	0.361	2.106E-79	0	752	755	0	764	765	12M5D7M2D2M3I14M4I107M1D7M2D32M5I53M4D32M4D59M1I10M3D4M6I6M5D6M1D25M1D46M8I1M18D72M1D55M1D3M1D49M1D13M3I8M3D4M4I12M1I41M3I21M3I11M
31	2536	0.342	4.638E-79	0	750	755	0	712	719	14M3I3M2D16M3I7M4I53M2I49M3I36M1I81M8D75M2I5M1I17M10I13M1I31M1I25M1D110M13I37M1D16M2I12M1I14M1D54M4I32M
45	2534	0.361	1.991E-79	0	754	755	24	759	761	11M3D8M5I14M4I66M3I48M2I12M9I9M1D157M3I13M9D6M2I26M4D23M3I35M2I106M1I2M5I6M2I46M3D14M2D2M1D1M2D15M2D61M3I14M2I14M
33	2532	0.362	2.541E-77	4	753	755	3	702	703	8M2D5M5I15M2D2M7I62M4I47M3I11M7I5M9I49M1I33M1D71M3I14M5D31M5I19M3I48M1I44M2D56M6I1M1I56M3I22M1D22M1D39M4I13M3I9M1D3M
57	2526	0.362	3.498E-79	1	752	755	21	747	757	11M4D6M6I12M1I2M3I119M1D29M1I55M1D29M2D5M2D67M6D1M10I9M3D8M4I50M3I75M8I60M1D5M2D55M5I6M3D12M2I62M4I13M3I11M
22	2518	0.360	7.777E-78	1	754	755	2	727	732	11M4D6M6I12M1I2M3I119M1D15M2I13M1D54M3D31M2D5M2D69M7I4M2D6M2I7M8I14M2D23M4I6M1D75M2I11M5I51M1D4M2D49M2D9M2I18M2I59M4I17M3I13M
52	2514	0.343	6.265E-77	0	754	755	0	725	727	12M4D6M6I14M4I59M2D7M6D53M1D83M4D3M1D28M2D73M5I14M5I5M7I17M5I13M4I9M1D75M8I5M1D55M1D4M2D57M2I16M1D1M3I42M1D22M4I13M3I13M
27	2481	0.356	9.385E-76	0	754	755	0	707	709	22M2I14M5I64M2D7M4I41M3I10M12I4M6I80M1D74M3I14M5D5M1D26M5I19M4I47M1I35M4I6M2D51M5I62M1D3M2D4M4I16M2D21M2D31M6I6M2D13M3I13M
26	2478	0.359	1.101E-76	1	752	755	22	740	745	10M1D10M3I12M1I2M3I204M1D29M3D71M1D4M7I3M3D5M3D9M10I35M4I10M2D74M5I3M7I53M1D4M2D56M1D7M3I9M1D2M3I56M2I6M2I14M2I12M
49	2468	0.368	1.649E-75	4	750	755	4	708	710	7M2D6M4I16M1I7M4I61M2I47M3I11M12I61M2D29M1D73M3I14M4D5M1D28M5I15M4I49M1I40M2I53M7I7M3D54M1D5M3D2M4I15M1D22M1I32M4I19M3I9M
8	2462	0.366	6.384E-75	0	753	755	0	710	711	16M2I19M1I7M4I60M2I48M3I11M12I60M2D29M1D69M1I4M3I14M5D33M5I15M1I2M3I46M1I42M2I57M4I85M1D22M1I30M4I21M3I12M
35	2459	0.353	1.051E-75	0	752	755	0	705	708	20M2I16M5I66M2I48M3I10M12I4M6I80M1D74M2D2M3I2M2I8M5D5M1D23M1D3M6I18M4I47M1I41M2I58M5I57M1D3M2D4M4I10M1D5M1D27M2D34M4I13M3I11M
30	2449	0.365	4.302E-75	0	753	755	0	713	714	11M2D6M4I16M1I6M4I56M1I13M1I40M3I10M8I9M5I81M1D73M3I14M5D5M1D25M5I20M4I46M1I104M5I81M1D22M1D4M1D28M2I7M2I13M3I12M
25	2447	0.345	2.448E-75	0	754	755	28	760	762	4M2D8M1D9M3I14M4I61M7D4M1D54M1D83M4D3M6D28M2D73M5I13M1D4M8I3M3I14M7I14M4I9M1D75M1I6M6I55M1D4M2D57M2I18M2I45M1D19M4I13M3I13M
29	2419	0.347	7.213E-74	4	752	755	3	715	720	7M1D10M3I12M1I2M3I119M1D16M1D11M1I57M1D29M2D7M1D66M7I5M3D15M7I36M5I4M2I2M5D77M14I53M1D4M2D58M2I18M2I56M5I4M1D15M3I11M
10	2412	0.332	1.681E-73	0	754	755	1	721	724	12M4D6M6I12M4I121M1D15M4I65M3D30M1D2M1D3M2D72M5I9M7I6M3I12M2I10M3D13M3I88M6I5M1I53M1D4M2D58M4D2M6I11M2I64M4I13M3I13M
36	2392	0.357	4.066E-75	4	752	755	3	681	684	7M2D6M3I17M1I6M4I59M2D7M4I41M3I13M18I81M1D74M3I20M13I16M10I10M5I46M1I103M5I55M7I5M4D17M2D24M2D34M4I13M3I8M1D3M
9	2390	0.361	3.245E-75	0	752	755	0	722	730	12M1D9M3I12M1I2M3I62M2D77M2I43M1D18M2D3M1D35M2D73M4I5M2I8M8I14M2D5M2I16M4I5M1D3M1D76M8I6M1I52M2D5M1D38M1D15M5D7M6I12M2I55M1I8M2I14M3I11M
14	2385	0.349	3.879E-74	2	752	755	1	679	680	9M2D6M4I17M5I64M2D7M4I41M3I11M12I3M6I80M1D74M3I20M12I17M10I8M1I2M3I47M1I94M8I6M3D57M1D5M4I10M1I4M3D29M1D27M5I17M3I11M
6	2383	0.353	6.034E-75	2	750	755	1	744	751	20M4I17M7I66M8D2M1I37M5D3M3I11M7I2M2I6M1I146M2D19M2I6M6D33M2D21M1I15M1I75M1I67M1D52M3D45M5D43M4I15M3I11M
37	2374	0.339	7.213E-74	4	752	755	4	681	684	7M2D7M4I16M5I67M2I47M3I10M12I4M6I80M1D74M3I17M12I20M10I8M5I48M1I101M5I64M3I16M2D27M2D26M6I6M2D13M3I11M
34	2361	0.338	2.792E-73	0	754	755	0	701	705	11M2D6M4I17M5I66M2I48M3I10M8I3M10I52M1I29M1D73M3I14M4D8M2D24M6I14M5I49M1I36M4I5M1D49M7I6M2D63M3I15M2D28M2D34M4I13M3I13M
11	2359	0.344	1.051E-75	4	754	755	33	754	756	8M4D6M6I14M4I66M10D53M1D83M3D3M2D101M1I22M14I16M5I13M4I4M4I4M3D72M8I5M1D55M2D4M1D57M2I18M2I45M1D19M4I13M3I13M
50	2354	0.361	1.665E-74	3	752	755	2	746	751	10M1D8M3I12M4I66M2D3M1I31M1D20M1D16M1I40M1D28M3D1M1D29M2D73M8I4M2D4M5I6M2I7M5D3M1D6M3D31M1I2M1I26M1D124M2D56M5D10M2I7M1D2M3I18M1D45M4I13M3I11M
42	2345	0.356	6.034E-75	4	749	755	2	730	738	9M1D5M10I16M3I53M4D18M1I54M11I92M3D74M1I14M5D30M2D23M1I13M1I83M2I4M1D56M1D52M3D8M4D4M4I31M1D38M5I19M3I8M
23	2191	0.357	1.050E-69	4	753	755	4	704	705	17M3I13M1I6M4I60M4I47M3I14M9I90M1D73M5I10M5D7M1D28M2I9M1I9M3I3M1I45M1I45M3I52M6I1M1I57M3I5M2D16M1D58M6I14M3I12M
17	2123	0.334	1.268E-67	4	750	755	3	695	697	7M2D7M4I22M5I65M4I41M3I13M18I155M3I14M5D17M2I14M5I15M4I49M1I23M12D5M1I6M8I5M2I50M4I4M3I52M2D7M3I15M1D51M1I9M2I16M3I9M
38	2058	0.343	1.012E-67	4	751	755	28	679	684	7M2D6M4I17M5I66M2D5M4I41M3I10M12I4M6I80M1D35M2I37M3I14M4I9M16I9M27I3M3I35M1I101M5I59M1D5M4I15M2D22M2D37M2I2M2I13M3I10M
7	2025	0.287	6.881E-67	4	752	755	35	821	822	9M4D36M1D55M2D32M3D10M3D40M4I85M1D3M4D7M1I62M3D6M4I7M5D4M6D11M1D17M6D28M3D4M2I8M1D15M7D2M4D8M1D5M1I16M2D4M3D19M3I63M4D5M2D38M1D8M1D1M3D10M4I1M4I8M1D2M3I42M1I15M5I17M2I12M
32	1989	0.280	2.009E-66	0	753	755	0	808	809	12M27D6M3D25M7I52M4I7M3D3M1D26M3D34M2D9M6I55M1D27M2D6M2D69M4I2M1D10M4D4M5D10M1D17M6D30M1D14M1D14M6D3M6D8M1D4M1I16M5D27M1I9M2I51M3D6M6D56M2I13M3D3M5I12M1I28M1I17M5I16M2I8M3D4M
53	1985	0.286	2.379E-66	2	754	755	1	800	801	11M26D10M4I17M4I3M2D51M2D6M2I29M2D6M1D9M1I6M1D19M2D4M6I54M1D30M1D4M5D7M1I64M1D4M4I6M6D7M1D9M1D18M6D26M1D15M1D14M11D11M1D7M1I17M5D21M4I3M3D4M2I52M5D5M4D37M1D15M5D6M9I5M3D3M5I41M1I13M5I20M2I13M
19	1970	0.292	1.280E-66	2	754	755	1	799	800	11M26D10M4I18M2D1M4I52M2D7M2I25M5I2M3D2M4D35M2D4M6I54M1D35M5D69M1D6M4I6M9D6M2I9M1D17M6D21M5I4M6D11M1D14M11D11M1D7M1I17M5D18M4I5M3D5M2I52M5D5M4D37M1D25M4I6M3D3M5I41M1I13M1I6M4I14M2I13M
48	1933	0.299	5.544E-66	0	750	755	0	797	803	12M12D5M12D18M1I8M6I52M4I5M4D28M2D3M1D38M3D6M7I53M1D27M1D5M4D2M2D7M3I64M5I6M8D7M2D23M6D26M3D8M2I8M1D15M8D2M4D8M1D7M1I12M3D3M2D20M4I6M1D58M6D4M3D50M2I7M3I5M3D8M3D1M5I16M2D25M1I15M5I17M2I10M
46	1926	0.326	1.544E-64	14	752	755	4	694	704	7M5I9M1I3M3I9M3D11M14I6M4I43M11I11M1I7M8I13M2I10M3D52M2D3M3D28M2D6M2D69M7I3M3D5M5D5M2D6M2I23M3D23M4I5M1D74M4I9M3I52M1D4M2D56M5I6M3D8M1D2M3I63M4I13M3I11M
51	1894	0.280	7.012E-65	3	754	755	3	820	823	9M1I3M16D8M26D19M7I52M4I5M4D25M3D6M1D38M3D4M7I55M1D27M2D6M2D71M3I12M4D3M6D10M1D19M6D22M1I3M4D6M2I8M1D14M6D3M6D8M1D4M1I15M4D6M1D17M4I6M1D58M3D6M6D51M5I9M3D6M3D3M5I12M1I28M1I17M5I16M2I9M1D4M
 