#Task    Step    numberOfAcceptedPeleSteps    currentEnergy    BindingEnergy    sasaLig    distance_A35SG_L1S1    
1    0    0    -6247.3    -2.86113    0.479667    5.62287    
1    1    1    -6419.84    -14.3918    0.428467    5.67166    
1    3    2    -6446.84    -17.4604    0.436173    5.72696    
1    4    3    -6449.43    -17.598    0.434401    5.76972    
1    5    4    -6450.26    -18.3844    0.430724    5.75511    
1    11    5    -6450.31    -17.0097    0.42914    5.74882    
1    15    6    -6452.58    -19.5061    0.383475    5.78524    
1    18    7    -6454.29    -18.948    0.399968    5.85736    
1    23    8    -6454.8    -21.046    0.400976    5.8602    
1    24    9    -6452.5    -20.9662    0.400993    5.92207    
1    25    10    -6454.74    -20.669    0.408341    5.89453    
1    27    11    -6455.2    -20.0823    0.410334    5.8725    
1    29    12    -6457.65    -18.8687    0.412542    6.87825    
1    30    13    -6458.35    -18.7522    0.412082    6.85976    
1    35    14    -6459.37    -18.9499    0.413036    6.81653    
1    38    15    -6456.85    -18.7931    0.411208    6.81435    
1    39    16    -6457.6    -18.213    0.418132    6.81226    
1    41    17    -6459.08    -19.6653    0.4089    6.76764    
1    42    18    -6460.75    -19.6071    0.406682    6.75803    
1    47    19    -6443.91    -17.7739    0.381966    6.80298    
1    48    20    -6440.44    -15.173    0.37361    6.72305    
1    50    21    -6445.84    -17.9573    0.38216    6.72768    
1    51    22    -6448.69    -18.0988    0.382998    6.73894    
1    54    23    -6448.52    -18.0638    0.379845    6.60997    
1    55    24    -6449.9    -16.5943    0.385537    6.65809    
1    56    25    -6454.5    -20.1392    0.407353    5.68935    
1    57    26    -6464.87    -19.6834    0.412058    5.73007    
1    58    27    -6464.42    -18.834    0.410709    5.71997    
1    59    28    -6465.32    -18.1786    0.411991    5.66078    
1    60    29    -6466.81    -18.5043    0.40937    5.67444    
1    61    30    -6463.69    -19.1987    0.407792    5.66757    
1    62    31    -6459.79    -17.4672    0.405023    5.75395    
1    63    32    -6462.19    -16.6687    0.398625    5.57201    
1    65    33    -6462.47    -16.6808    0.409322    5.54148    
1    66    34    -6464.63    -17.6109    0.399593    5.68442    
1    67    35    -6469.2    -18.0277    0.400998    5.71269    
1    68    36    -6471.67    -18.4754    0.400984    5.76372    
1    70    37    -6470.35    -18.4422    0.400589    5.80786    
1    73    38    -6468.53    -18.518    0.400976    5.70779    
1    74    39    -6467.75    -19.2824    0.402092    5.79201    
1    76    40    -6468.85    -18.5762    0.402132    5.70087    
1    78    41    -6471.06    -19.2105    0.400349    5.72298    
1    83    42    -6471.56    -19.1911    0.403001    5.73896    
1    88    43    -6472.7    -19.5773    0.40276    5.73321    
1    91    44    -6471.79    -19.1904    0.401481    5.71565    
1    96    45    -6471.72    -18.849    0.401887    5.73112    
1    99    46    -6472.09    -19.6471    0.403    5.75484    
1    100    47    -6469.1    -19.3668    0.39108    5.72777    
