#Task    Step    numberOfAcceptedPeleSteps    currentEnergy    BindingEnergy    sasaLig    distance_A35SG_L1S1    
1    0    0    -6247.3    -2.86113    0.479667    5.62287    
1    1    1    -6426.84    -15.7033    0.437175    5.72132    
1    2    2    -6434.63    -17.0792    0.42031    5.67068    
1    3    3    -6450.01    -17.5409    0.423997    5.73726    
1    4    4    -6451.18    -17.4549    0.424903    5.75998    
1    5    5    -6456.8    -22.447    0.406691    5.8217    
1    6    6    -6453.5    -21.9817    0.407636    5.79672    
1    8    7    -6454.76    -22.5633    0.405297    5.81471    
1    10    8    -6459.56    -19.6702    0.410832    5.90104    
1    12    9    -6455.9    -19.4757    0.403737    5.89128    
1    13    10    -6456.51    -21.3266    0.411044    5.93513    
1    14    11    -6456.18    -20.8963    0.410716    5.93825    
1    15    12    -6455.05    -15.9339    0.380982    5.99398    
1    19    13    -6458.28    -13.4802    0.373671    5.98172    
1    21    14    -6459.16    -18.4    0.404668    5.94605    
1    25    15    -6460.92    -17.2588    0.40333    5.92573    
1    26    16    -6462.54    -17.509    0.394141    5.85126    
1    29    17    -6462.01    -17.1483    0.399491    5.88699    
1    30    18    -6462.71    -16.9884    0.396938    5.85063    
1    33    19    -6456.01    -18.1574    0.415758    6.95843    
1    34    20    -6459.59    -18.18    0.414466    5.90065    
1    35    21    -6462.95    -17.1534    0.413493    5.89668    
1    36    22    -6464.33    -18.9174    0.414348    5.88538    
1    37    23    -6462.46    -18.8492    0.413724    5.89998    
1    38    24    -6462.47    -19.0133    0.413974    5.83986    
1    43    25    -6460.26    -17.9995    0.413268    5.84294    
1    47    26    -6458.81    -21.6265    0.407897    5.85133    
1    49    27    -6458.32    -21.3749    0.409208    5.89041    
1    50    28    -6460.89    -21.7556    0.409476    5.86606    
1    51    29    -6460.35    -22.1551    0.405826    5.87176    
1    54    30    -6459.83    -15.5946    0.425953    7.15686    
1    56    31    -6459.62    -14.2284    0.41595    7.1183    
1    57    32    -6461.8    -13.439    0.414208    6.95932    
1    59    33    -6464.19    -13.4921    0.414685    6.93875    
1    62    34    -6464.62    -13.6267    0.415166    6.95076    
1    69    35    -6463.03    -13.9423    0.415147    6.92947    
1    70    36    -6462.36    -13.6427    0.408729    6.80476    
1    72    37    -6462.75    -13.7534    0.409982    6.9012    
1    73    38    -6463.14    -13.726    0.413751    6.85793    
1    74    39    -6463.42    -13.8265    0.414253    6.84474    
1    75    40    -6462.39    -10.1758    0.414277    6.78112    
1    77    41    -6464.63    -15.3771    0.412925    6.71025    
1    80    42    -6464.86    -14.8469    0.4155    6.75247    
1    81    43    -6464.31    -15.2425    0.411218    6.75261    
1    83    44    -6464.99    -14.7465    0.41255    6.72721    
1    86    45    -6465.9    -14.3072    0.413455    6.72491    
1    91    46    -6464.53    -14.2772    0.416802    6.73619    
1    98    47    -6465.76    -15.1213    0.414566    6.73367    
