#Task    Step    numberOfAcceptedPeleSteps    currentEnergy    BindingEnergy    sasaLig    distance_A35SG_L1S1    
1    0    0    -6247.3    -2.86113    0.479667    5.62287    
1    1    1    -6410.37    -14.4631    0.451287    5.7114    
1    2    2    -6441.83    -16.203    0.43533    5.74657    
1    3    3    -6444.11    -17.2837    0.404278    5.91978    
1    5    4    -6444.07    -17.0697    0.405089    5.93835    
1    6    5    -6444.62    -17.4363    0.407333    5.94447    
1    7    6    -6445.22    -14.7143    0.38552    5.89619    
1    9    7    -6449.56    -17.9329    0.391577    5.9019    
1    16    8    -6451.12    -17.1725    0.406884    5.91791    
1    17    9    -6455.81    -17.5544    0.407495    5.82625    
1    19    10    -6460.43    -17.1884    0.41062    5.83275    
1    21    11    -6460.01    -16.8601    0.412097    5.83053    
1    29    12    -6454.49    -16.9018    0.410235    5.81093    
1    31    13    -6456.63    -16.7346    0.413662    5.82132    
1    35    14    -6454.52    -16.0319    0.410316    5.98526    
1    39    15    -6456.89    -16.4177    0.416215    5.88839    
1    42    16    -6454.72    -16.5658    0.41293    5.87695    
1    43    17    -6455.67    -16.1154    0.412719    5.63144    
1    45    18    -6459.75    -17.6377    0.409874    5.72994    
1    46    19    -6460.86    -17.967    0.409213    5.80524    
1    47    20    -6459.78    -15.2395    0.413583    5.77628    
1    49    21    -6459.14    -17.4485    0.411929    5.85776    
1    52    22    -6463.69    -17.4206    0.414866    5.87789    
1    54    23    -6464.17    -17.0854    0.414097    5.87753    
1    55    24    -6463.76    -17.5088    0.414305    5.85999    
1    56    25    -6464.49    -17.3468    0.414154    5.865    
1    58    26    -6464.23    -17.4331    0.414331    5.87175    
1    63    27    -6465.64    -17.5435    0.413424    5.86835    
1    65    28    -6463.63    -17.6098    0.413407    5.88069    
1    66    29    -6464.07    -17.2503    0.413777    5.86504    
1    69    30    -6462.61    -17.4434    0.414119    5.87426    
1    70    31    -6461.79    -16.6268    0.411814    5.86316    
1    72    32    -6463.51    -17.8537    0.415057    5.8611    
1    78    33    -6459.46    -17.1496    0.399003    5.90765    
1    81    34    -6464.64    -17.8833    0.404211    5.81682    
1    82    35    -6465.29    -17.8036    0.405373    5.8217    
1    83    36    -6464.35    -16.5699    0.406259    5.79232    
1    84    37    -6465.57    -17.3854    0.405595    5.82316    
1    85    38    -6465.35    -18.7673    0.416398    5.77481    
1    86    39    -6465.49    -18.6468    0.416642    5.78902    
1    87    40    -6466.03    -18.3839    0.421305    5.78943    
1    89    41    -6462.51    -18.7312    0.435179    5.72001    
1    90    42    -6465.42    -18.802    0.437371    5.74917    
1    91    43    -6466.85    -18.5328    0.439379    5.76097    
1    96    44    -6465.96    -18.3452    0.441036    5.77911    
1    98    45    -6463.57    -18.1043    0.439137    5.75641    
