#Task    Step    numberOfAcceptedPeleSteps    currentEnergy    BindingEnergy    sasaLig    distance_A35SG_L1S1    
1    0    0    -6247.3    -2.86113    0.479667    5.62287    
1    1    1    -6411.66    -14.2778    0.441987    5.71258    
1    2    2    -6423.69    -15.3209    0.43097    5.66056    
1    3    3    -6429.62    -16.5745    0.451731    5.96418    
1    4    4    -6442.58    -17.1052    0.452343    5.97712    
1    6    5    -6444.63    -17.1496    0.451293    6.07025    
1    7    6    -6451.17    -21.6226    0.434909    6.07238    
1    9    7    -6448.39    -23.3097    0.435073    6.03869    
1    11    8    -6450.07    -23.9045    0.434465    5.98281    
1    13    9    -6453    -24.1593    0.432668    5.96217    
1    15    10    -6453.75    -11.1271    0.374412    5.92947    
1    16    11    -6453.21    -12.5832    0.371623    5.95361    
1    17    12    -6454.26    -14.7386    0.387923    5.94207    
1    19    13    -6455.39    -13.4689    0.379779    6.10343    
1    22    14    -6456    -13.421    0.380283    6.11989    
1    24    15    -6454.52    -12.5351    0.377871    6.17848    
1    26    16    -6456.96    -13.6154    0.38303    6.16844    
1    27    17    -6460.33    -13.5261    0.382164    6.1672    
1    28    18    -6461.03    -13.5827    0.383018    6.17347    
1    30    19    -6458.77    -12.3194    0.389421    6.13736    
1    31    20    -6458.77    -17.1628    0.406081    6.1363    
1    32    21    -6459.3    -17.9336    0.404    6.07677    
1    33    22    -6459.92    -17.4679    0.404158    6.04128    
1    36    23    -6460.58    -17.3692    0.40548    6.08163    
1    40    24    -6461.78    -16.8636    0.406197    6.08714    
1    41    25    -6458.12    -17.1087    0.40414    6.06586    
1    42    26    -6454.48    -16.753    0.397314    6.06736    
1    43    27    -6459.23    -17.032    0.402126    6.06741    
1    47    28    -6456.88    -16.4458    0.402147    6.05393    
1    48    29    -6457.32    -16.7579    0.396601    6.09834    
1    50    30    -6458.64    -16.964    0.398622    6.07945    
1    53    31    -6459.45    -17.5823    0.4034    6.0927    
1    56    32    -6460.09    -17.6125    0.403705    6.09219    
1    57    33    -6458.37    -17.367    0.404033    6.08985    
1    58    34    -6458.32    -17.5231    0.404758    6.10533    
1    59    35    -6459.36    -14.0349    0.381148    6.12739    
1    62    36    -6457.15    -12.6089    0.382432    6.12642    
1    67    37    -6456.61    -13.5328    0.386064    6.12707    
1    68    38    -6458.02    -13.4174    0.385827    6.11998    
1    70    39    -6458.74    -13.3723    0.38574    6.12375    
1    71    40    -6459.81    -12.8183    0.388292    6.10129    
1    75    41    -6458.23    -12.7124    0.391134    6.07607    
1    78    42    -6458.18    -13.5325    0.387685    6.07811    
1    79    43    -6457.13    -12.0376    0.391878    6.06101    
1    80    44    -6460.68    -12.464    0.391557    6.06293    
1    83    45    -6459.53    -12.7615    0.392801    6.07796    
1    87    46    -6460.81    -12.6393    0.389184    6.10204    
1    88    47    -6461.7    -12.9841    0.388778    6.17364    
1    89    48    -6457.4    -13.141    0.384166    6.07548    
1    91    49    -6459.37    -17.0895    0.41335    6.0619    
1    93    50    -6456.06    -17.6734    0.40515    6.02231    
1    94    51    -6458.03    -17.8863    0.40482    6.03588    
1    97    52    -6458.86    -17.5468    0.404958    6.04072    
1    98    53    -6457.45    -17.1287    0.403788    6.02983    
1    100    54    -6457.7    -16.6335    0.403308    6.04157    
