#Task    Step    numberOfAcceptedPeleSteps    currentEnergy    BindingEnergy    sasaLig    distance_A35SG_L1S1    
1    0    0    -6247.3    -2.86113    0.479667    5.62287    
1    1    1    -6420.87    -14.9127    0.447298    5.67694    
1    2    2    -6425.84    -15.7067    0.446861    5.66566    
1    3    3    -6427    -18.1368    0.436876    5.7322    
1    4    4    -6428.98    -18.3576    0.436317    5.76331    
1    5    5    -6435.48    -21.5295    0.413582    5.75369    
1    6    6    -6435.25    -21.467    0.415993    5.78438    
1    7    7    -6436.53    -21.6534    0.409644    5.82071    
1    9    8    -6438.22    -21.609    0.412285    5.81201    
1    11    9    -6439.98    -20.915    0.409451    5.81937    
1    13    10    -6437.25    -21.5325    0.410154    5.81191    
1    14    11    -6438.78    -21.2546    0.411916    5.82036    
1    17    12    -6442.14    -21.2571    0.409357    5.82153    
1    18    13    -6441.1    -21.3015    0.407473    5.86147    
1    23    14    -6442.84    -21.6229    0.410248    5.84579    
1    27    15    -6442.06    -21.2233    0.408988    5.86162    
1    29    16    -6442.41    -17.3881    0.412746    6.17053    
1    30    17    -6444.56    -17.5717    0.412483    6.15521    
1    32    18    -6443.7    -16.6786    0.411491    6.19079    
1    33    19    -6445.88    -17.1728    0.415334    6.15662    
1    34    20    -6447.82    -17.4543    0.412809    6.11691    
1    35    21    -6447.91    -16.5478    0.42101    6.11354    
1    38    22    -6448.02    -18.051    0.417874    6.17798    
1    39    23    -6448.22    -16.3746    0.418033    6.17972    
1    41    24    -6446.43    -17.03    0.416383    6.18682    
1    46    25    -6448.01    -17.1029    0.415098    6.18276    
1    47    26    -6446.77    -17.0025    0.416425    6.18852    
1    48    27    -6448.2    -17.2581    0.414314    6.18982    
1    50    28    -6448.08    -17.1453    0.414949    6.19941    
1    51    29    -6447.24    -17.8027    0.412316    6.20999    
1    52    30    -6448.62    -17.4101    0.414302    6.20157    
1    60    31    -6450.5    -17.4247    0.416203    6.2122    
1    63    32    -6450.22    -17.3013    0.418415    6.21008    
1    65    33    -6445.98    -17.4699    0.419108    6.21504    
1    66    34    -6448.2    -17.7622    0.418326    6.22203    
1    68    35    -6449.76    -17.5594    0.416006    6.22973    
1    69    36    -6450.19    -18.2486    0.408872    6.14289    
1    70    37    -6458.65    -18.0953    0.412015    6.17616    
1    71    38    -6455.5    -17.4281    0.408087    6.15529    
1    75    39    -6457.13    -17.6008    0.413338    6.14788    
1    76    40    -6457.79    -18.6372    0.418877    6.13356    
1    77    41    -6456.36    -19.29    0.421037    6.11845    
1    78    42    -6453.64    -18.4441    0.41079    6.12128    
1    79    43    -6459.99    -18.4611    0.413886    6.12161    
1    80    44    -6461.61    -18.5845    0.41401    6.13768    
1    83    45    -6459.99    -17.5396    0.417888    6.10936    
1    84    46    -6460.49    -18.5933    0.41546    6.09841    
1    86    47    -6459.46    -17.9819    0.412891    6.10402    
1    87    48    -6459.46    -16.4542    0.396236    6.12381    
1    91    49    -6461.7    -17.413    0.402067    6.07315    
1    92    50    -6461.83    -16.8642    0.403846    6.13178    
1    97    51    -6461.61    -17.6537    0.40474    6.11126    
