#Task    Step    numberOfAcceptedPeleSteps    currentEnergy    BindingEnergy    sasaLig    distance_A35SG_L1S1    
1    0    0    -6247.3    -2.86113    0.479667    5.62287    
1    1    1    -6428.32    -11.2678    0.437806    5.8337    
1    2    2    -6443.11    -11.6865    0.434174    5.94396    
1    4    3    -6446.73    -11.0081    0.43488    5.92152    
1    8    4    -6457.43    -12.8052    0.435914    5.93594    
1    9    5    -6462.34    -17.7588    0.417633    5.88697    
1    12    6    -6462.52    -17.3033    0.414916    5.93667    
1    13    7    -6464.48    -18.5498    0.41492    5.88255    
1    14    8    -6466.99    -18.8301    0.416459    5.88402    
1    15    9    -6465.8    -17.2017    0.411524    5.96924    
1    16    10    -6465.43    -17.1403    0.41365    5.93571    
1    19    11    -6466.16    -18.6413    0.416509    5.88856    
1    22    12    -6467.87    -18.7675    0.414823    5.90461    
1    23    13    -6468.26    -18.894    0.413019    5.88568    
1    24    14    -6469.68    -19.3083    0.414652    5.92794    
1    25    15    -6465.04    -18.2724    0.407666    5.78207    
1    26    16    -6467.54    -18.9493    0.410496    5.82353    
1    27    17    -6469.45    -18.6602    0.410873    5.85457    
1    31    18    -6469.09    -19.9418    0.410385    5.89685    
1    32    19    -6468.76    -19.3684    0.412701    5.88839    
1    35    20    -6466.27    -19.6038    0.413622    5.89125    
1    37    21    -6466.74    -19.6269    0.412224    5.87304    
1    40    22    -6468.99    -19.2466    0.413541    5.9576    
1    45    23    -6468.98    -19.553    0.412851    5.92163    
1    46    24    -6468.52    -19.1632    0.407554    5.92446    
1    48    25    -6470.29    -19.3994    0.411281    5.89146    
1    50    26    -6470.07    -19.8421    0.411893    5.87338    
1    53    27    -6469.31    -20.1394    0.413837    5.79907    
1    58    28    -6468.55    -20.0991    0.416858    5.849    
1    59    29    -6468.14    -17.6519    0.414976    5.88641    
1    61    30    -6467.25    -18.334    0.420522    5.9017    
1    65    31    -6465.52    -17.8745    0.422348    5.90104    
1    66    32    -6467.63    -18.2596    0.417482    5.87852    
1    68    33    -6470.49    -18.4366    0.417421    5.893    
1    71    34    -6471.22    -18.8091    0.417733    5.90752    
1    82    35    -6471.67    -18.8098    0.417458    5.89753    
1    83    36    -6468.92    -17.8404    0.422541    5.8598    
1    84    37    -6469.78    -17.913    0.419773    5.86959    
1    86    38    -6470.99    -18.6226    0.418892    5.88931    
1    90    39    -6470.46    -18.2205    0.418972    5.98472    
1    94    40    -6470.9    -18.5051    0.418461    5.91179    
1    95    41    -6469.98    -18.528    0.415301    5.91757    
1    96    42    -6470.22    -18.4838    0.418433    5.89359    
1    99    43    -6466.86    -17.3627    0.410707    5.8973    
1    100    44    -6468.26    -17.6177    0.412805    5.88618    
