#Task    Step    numberOfAcceptedPeleSteps    currentEnergy    BindingEnergy    sasaLig    distance_A35SG_L1S1    
1    0    0    -6247.3    -2.86113    0.479667    5.62287    
1    1    1    -6398.1    -12.1662    0.427282    7.36758    
1    2    2    -6411.57    -13.6781    0.428085    7.37516    
1    3    3    -6434.84    -17.8993    0.431496    7.50551    
1    5    4    -6441.02    -15.2421    0.423648    8.01994    
1    7    5    -6449.29    -25.3337    0.415066    8.15985    
1    8    6    -6450.36    -24.6662    0.417603    8.18653    
1    9    7    -6450.99    -25.4388    0.413191    8.2051    
1    10    8    -6450.81    -25.4056    0.413621    8.2117    
1    12    9    -6450.84    -25.9003    0.413853    8.21752    
1    13    10    -6451.68    -25.5191    0.415284    8.20854    
1    16    11    -6452.11    -25.251    0.414183    8.20789    
1    17    12    -6446.83    -25.4606    0.415248    8.14215    
1    18    13    -6449.25    -25.4263    0.415964    8.16709    
1    19    14    -6444.06    -22.5696    0.416337    8.15867    
1    20    15    -6446.24    -23.0838    0.416903    8.18314    
1    21    16    -6442.72    -23.1063    0.410991    8.15782    
1    22    17    -6443.81    -23.1778    0.413226    8.1757    
1    23    18    -6439.87    -21.9505    0.415959    8.16309    
1    24    19    -6441.24    -22.2725    0.415521    8.15789    
1    26    20    -6442.32    -22.7789    0.412265    8.15813    
1    28    21    -6444.38    -23.7091    0.415282    8.17205    
1    33    22    -6447.65    -23.5334    0.416914    8.17911    
1    34    23    -6449.86    -24.0226    0.415657    8.16422    
1    35    24    -6450.45    -23.7969    0.41416    8.21305    
1    36    25    -6452.05    -24.1854    0.418625    8.18496    
1    38    26    -6451.46    -23.7587    0.417485    8.25068    
1    39    27    -6450.87    -23.423    0.412004    8.17245    
1    49    28    -6452.49    -23.6983    0.418839    8.21129    
1    51    29    -6448.63    -21.9119    0.414468    8.18053    
1    52    30    -6452.88    -22.3622    0.418433    8.19693    
1    54    31    -6453.69    -22.4746    0.42424    8.2501    
1    55    32    -6450.25    -21.2101    0.42672    8.27955    
1    57    33    -6453.8    -21.6098    0.428198    8.30793    
1    58    34    -6450.62    -20.3016    0.432707    8.30895    
1    60    35    -6452.68    -21.6248    0.426272    8.32365    
1    63    36    -6453.61    -22.9015    0.40833    8.40365    
1    65    37    -6455.01    -21.9376    0.412328    8.50466    
1    66    38    -6453.94    -21.9088    0.412081    8.48492    
1    67    39    -6454.23    -22.364    0.422064    8.50029    
1    68    40    -6451.96    -21.4533    0.407556    8.49529    
1    69    41    -6453.95    -21.3628    0.428704    8.59284    
1    73    42    -6451.07    -21.3811    0.426716    8.59177    
1    74    43    -6452.87    -21.0014    0.429734    8.62423    
1    75    44    -6452.91    -20.7955    0.425362    8.5691    
1    94    45    -6452.58    -21.4938    0.424774    8.55283    
