#Task    Step    numberOfAcceptedPeleSteps    currentEnergy    BindingEnergy    sasaLig    distance_A35SG_L1S1    
1    0    0    -6247.3    -2.86113    0.479667    5.62287    
1    1    1    -6438.23    -16.513    0.430043    5.73533    
1    2    2    -6445.02    -17.3142    0.428868    5.79335    
1    3    3    -6452.36    -21.3301    0.415577    5.74477    
1    4    4    -6456.15    -21.9759    0.412686    5.7408    
1    9    5    -6454.85    -23.0921    0.406898    5.86018    
1    10    6    -6448.89    -23.4697    0.412687    5.85949    
1    14    7    -6443.9    -21.6581    0.399106    5.69486    
1    17    8    -6451.49    -24.4895    0.416271    5.90826    
1    18    9    -6453.15    -24.4796    0.413828    5.90965    
1    20    10    -6455.96    -24.6659    0.411323    5.91323    
1    22    11    -6455.11    -25.4046    0.408438    5.91634    
1    23    12    -6458    -25.7402    0.409591    5.92701    
1    25    13    -6457.07    -26.0349    0.409099    6.9251    
1    26    14    -6453.76    -17.4878    0.445692    6.85221    
1    27    15    -6456.6    -18.2666    0.386932    6.81903    
1    29    16    -6457.73    -21.6112    0.400046    6.82672    
1    34    17    -6458.87    -21.5456    0.399926    6.81672    
1    38    18    -6458.06    -16.0451    0.419899    5.81214    
1    39    19    -6460.47    -14.6614    0.422694    5.87968    
1    40    20    -6462.96    -16.5177    0.426469    5.88444    
1    43    21    -6463.18    -18.3513    0.426173    5.81116    
1    45    22    -6463.01    -17.6817    0.432713    5.93339    
1    46    23    -6461.95    -17.2638    0.432352    5.94739    
1    51    24    -6463.46    -15.2797    0.416566    5.96037    
1    55    25    -6464.54    -14.825    0.415747    5.95953    
1    57    26    -6463.58    -20.9282    0.437109    5.92485    
1    58    27    -6465.01    -20.7375    0.438102    5.9551    
1    60    28    -6465.08    -20.9527    0.437754    5.96384    
1    62    29    -6465.13    -20.5823    0.437531    5.93478    
1    65    30    -6460.93    -20.6586    0.416445    5.88792    
1    67    31    -6462.49    -20.4073    0.414034    5.87978    
1    68    32    -6462.58    -20.0565    0.412787    5.90345    
1    69    33    -6460.43    -20.3985    0.41103    5.87721    
1    72    34    -6461.14    -20.1148    0.410304    5.88344    
1    73    35    -6461.44    -20.0129    0.407848    5.84453    
1    74    36    -6460.13    -18.8679    0.408637    5.95275    
1    78    37    -6457.86    -11.1885    0.435906    5.95989    
1    79    38    -6462.43    -19.5484    0.412852    5.9483    
1    81    39    -6464.68    -19.9384    0.410733    5.95994    
1    83    40    -6464.08    -19.9154    0.411165    5.95695    
1    85    41    -6461.96    -19.5877    0.411862    5.95466    
1    86    42    -6462.71    -19.1387    0.409635    5.99517    
1    87    43    -6463.21    -19.3595    0.410951    5.94958    
1    88    44    -6463.96    -19.8385    0.410184    5.94679    
1    93    45    -6461.42    -19.6352    0.413153    5.93197    
1    95    46    -6461.48    -18.6893    0.410775    5.93162    
1    98    47    -6463.8    -20.1244    0.409699    5.91062    
1    99    48    -6464.65    -19.3973    0.412366    5.92945    
1    100    49    -6464.48    -20.2223    0.410799    5.87927    
