#Task    Step    numberOfAcceptedPeleSteps    currentEnergy    BindingEnergy    sasaLig    distance_A35SG_L1S1    
1    0    0    -6247.3    -2.86113    0.479667    5.62287    
1    1    1    -6409    -14.3546    0.441125    5.72201    
1    2    2    -6433.06    -15.7521    0.449544    5.79111    
1    3    3    -6455.4    -20.7597    0.430324    5.8574    
1    4    4    -6456.81    -21.3978    0.42532    5.86387    
1    6    5    -6456.1    -20.9061    0.418162    5.91063    
1    8    6    -6456.49    -20.1902    0.418964    5.93723    
1    17    7    -6455.09    -21.6133    0.425115    5.93025    
1    18    8    -6455.49    -21.2151    0.423543    5.93338    
1    21    9    -6455.42    -20.8754    0.426414    5.92768    
1    22    10    -6456.2    -20.7429    0.416306    5.91977    
1    24    11    -6455.38    -21.1063    0.414447    5.96289    
1    25    12    -6460.51    -20.9402    0.423059    5.94761    
1    26    13    -6459.49    -20.2483    0.416789    5.94838    
1    27    14    -6457.38    -16.1866    0.392803    5.91518    
1    29    15    -6459.43    -18.4848    0.39964    5.9244    
1    32    16    -6459.19    -18.1853    0.398764    5.9222    
1    33    17    -6459.31    -18.5907    0.402261    5.91074    
1    34    18    -6459.46    -18.8226    0.401998    5.90044    
1    36    19    -6457.04    -18.7508    0.414869    5.96131    
1    37    20    -6458.88    -18.5427    0.413855    5.97111    
1    39    21    -6461.57    -17.9717    0.415837    5.96302    
1    44    22    -6459.49    -18.5973    0.414574    5.96892    
1    45    23    -6459.41    -19.107    0.419445    5.97928    
1    47    24    -6457.33    -19.832    0.418313    5.96883    
1    49    25    -6457.18    -18.7399    0.419237    5.93692    
1    50    26    -6456.32    -18.2896    0.421328    5.97581    
1    51    27    -6460.81    -11.7861    0.418207    5.98169    
1    53    28    -6453.57    -11.6656    0.410778    5.94997    
1    55    29    -6453.73    -9.03621    0.408194    5.97642    
1    56    30    -6454.19    -10.4011    0.40058    5.99163    
1    57    31    -6454.97    -10.7045    0.407893    5.97634    
1    58    32    -6455.8    -11.1921    0.4089    5.99036    
1    59    33    -6455.01    -11.6327    0.406109    5.98797    
1    63    34    -6454.39    -11.4037    0.400093    5.98947    
1    64    35    -6455.71    -11.0383    0.402251    6.0109    
1    65    36    -6455.55    -11.728    0.404465    5.97748    
1    69    37    -6456.54    -11.7875    0.404648    6.01512    
1    70    38    -6459.36    -11.6858    0.40467    6.08207    
1    79    39    -6459.06    -11.5647    0.403928    6.10943    
1    81    40    -6456.38    -10.651    0.405115    6.17552    
1    84    41    -6458.92    -11.3211    0.404253    6.14213    
1    85    42    -6455.66    -10.7853    0.401154    6.1671    
1    86    43    -6460.61    -10.5366    0.397192    6.19053    
1    87    44    -6459.8    -11.0303    0.405139    6.26463    
1    89    45    -6461.85    -10.8455    0.4038    6.22633    
1    90    46    -6459.96    -11.4684    0.401234    6.21405    
1    91    47    -6463.18    -11.0399    0.405131    6.24733    
1    94    48    -6461.69    -11.301    0.400691    6.21258    
1    96    49    -6463.5    -11.3089    0.40387    6.25329    
1    97    50    -6462.42    -10.867    0.404153    6.27341    
1    99    51    -6462.07    -11.1683    0.403466    6.28243    
1    100    52    -6463.29    -10.9235    0.403969    6.29194    
