#Task    Step    numberOfAcceptedPeleSteps    currentEnergy    BindingEnergy    sasaLig    distance_A35SG_L1S1    
1    0    0    -6247.3    -2.86113    0.479667    5.62287    
1    1    1    -6398.55    -15.0567    0.442789    5.68794    
1    2    2    -6409.14    -16.9604    0.438787    5.69563    
1    3    3    -6414.42    -18.6757    0.407324    5.695    
1    4    4    -6441.53    -20.2013    0.386617    5.4593    
1    5    5    -6447.23    -21.4638    0.392128    5.44916    
1    6    6    -6445.35    -19.2547    0.390707    5.53131    
1    8    7    -6448    -21.2129    0.393996    5.49243    
1    9    8    -6447.41    -19.0542    0.374776    6.76478    
1    12    9    -6449.87    -18.7082    0.382856    6.7015    
1    13    10    -6452.58    -20.7147    0.39666    6.61583    
1    17    11    -6454.59    -20.0618    0.401343    6.64254    
1    19    12    -6454.95    -20.1158    0.404844    6.6175    
1    21    13    -6454.15    -19.8679    0.408686    6.62805    
1    22    14    -6454.91    -20.179    0.403857    6.6362    
1    27    15    -6454.86    -20.3206    0.406158    6.6384    
1    29    16    -6453.62    -19.7236    0.405592    6.63864    
1    32    17    -6453.45    -19.2169    0.405711    6.65776    
1    33    18    -6456.75    -19.9625    0.409149    6.69834    
1    38    19    -6458.14    -19.8459    0.408367    6.67178    
1    39    20    -6458    -19.6229    0.408776    6.65446    
1    40    21    -6459.08    -19.4562    0.409805    6.66178    
1    42    22    -6458.19    -19.8727    0.400004    6.62393    
1    45    23    -6458.84    -20.3014    0.405249    6.69875    
1    50    24    -6458.79    -19.8253    0.404669    6.71444    
1    51    25    -6460.14    -19.6125    0.409849    6.69225    
1    54    26    -6460.78    -20.5018    0.407091    6.67608    
1    55    27    -6460.21    -20.454    0.408208    6.68356    
1    57    28    -6458.22    -20.0324    0.407115    6.6659    
1    58    29    -6455.99    -20.6483    0.407419    6.63366    
1    59    30    -6459.87    -20.4324    0.409138    6.6467    
1    63    31    -6459.93    -20.1594    0.406479    6.64924    
1    64    32    -6460.59    -19.881    0.407676    6.64904    
1    66    33    -6459.63    -19.9456    0.403463    6.64459    
1    67    34    -6459.97    -19.9686    0.405098    6.6374    
1    69    35    -6460.04    -20.2195    0.405203    6.61994    
1    75    36    -6459.01    -19.9056    0.407737    6.62436    
1    78    37    -6460.08    -19.7645    0.403708    6.63388    
1    81    38    -6457.83    -20.4636    0.405451    6.62189    
1    84    39    -6459.13    -19.946    0.405812    6.65034    
1    86    40    -6457.71    -19.5442    0.402307    6.64057    
1    89    41    -6455.47    -20.3685    0.406172    6.61219    
1    91    42    -6456.83    -20.4316    0.408127    6.63616    
1    93    43    -6456.81    -20.6242    0.402422    6.61247    
1    94    44    -6457.23    -19.7896    0.399565    6.56397    
1    95    45    -6458.55    -20.1322    0.401565    6.58229    
1    98    46    -6459.15    -20.0371    0.402864    6.59209    
1    100    47    -6457.69    -20.6335    0.403685    6.6036    
