#Task    Step    numberOfAcceptedPeleSteps    currentEnergy    BindingEnergy    sasaLig    distance_A35SG_L1S1    
1    0    0    -6247.3    -2.86113    0.479667    5.62287    
1    1    1    -6428.03    -15.5181    0.430998    5.75593    
1    3    2    -6441.4    -16.1416    0.429458    5.73221    
1    5    3    -6444.62    -17.1218    0.427564    5.76189    
1    9    4    -6446.08    -16.3465    0.42969    5.77273    
1    10    5    -6447.44    -17.1766    0.429918    5.82501    
1    11    6    -6448.57    -17.2844    0.390685    5.79713    
1    13    7    -6449.43    -18.1593    0.385417    5.79577    
1    15    8    -6448.71    -19.836    0.392086    5.78868    
1    17    9    -6447.22    -20.205    0.404138    7.16884    
1    19    10    -6448.91    -21.6148    0.410063    7.16274    
1    20    11    -6447.12    -21.6965    0.406622    7.13876    
1    21    12    -6448.16    -23.0915    0.40699    7.08945    
1    23    13    -6448.93    -22.8443    0.409399    7.10489    
1    24    14    -6447.33    -22.3137    0.407108    7.08351    
1    26    15    -6449.45    -21.4586    0.407211    7.10718    
1    27    16    -6449.71    -22.115    0.410847    7.12122    
1    28    17    -6453.59    -21.8057    0.410109    7.15769    
1    29    18    -6452.62    -22.8348    0.410002    7.11343    
1    32    19    -6453.05    -22.2706    0.408198    7.0817    
1    33    20    -6454.91    -22.5657    0.41364    7.1078    
1    35    21    -6455.77    -22.9696    0.411964    7.10223    
1    38    22    -6455.8    -22.7942    0.41194    7.11807    
1    39    23    -6453.97    -22.91    0.410886    7.12066    
1    41    24    -6455.23    -22.8543    0.41483    7.15621    
1    44    25    -6454.5    -22.4109    0.409745    7.14213    
1    45    26    -6456.53    -22.3165    0.411883    7.16289    
1    51    27    -6455.96    -22.7052    0.409826    7.12423    
1    53    28    -6453.04    -20.9056    0.418927    7.11401    
1    57    29    -6455.66    -21.7974    0.415778    7.13737    
1    58    30    -6457.65    -22.8113    0.414738    7.12337    
1    60    31    -6457.92    -22.1548    0.415503    7.13715    
1    62    32    -6456.47    -21.9772    0.416788    7.08233    
1    64    33    -6457.85    -23.2369    0.413182    7.07572    
1    65    34    -6459.53    -23.5118    0.412012    7.0771    
1    66    35    -6459.4    -23.3917    0.411021    7.09475    
1    69    36    -6459.57    -23.6982    0.410965    7.08157    
1    70    37    -6458.41    -22.488    0.409375    7.05928    
1    71    38    -6461.7    -23.6441    0.411231    7.08535    
1    72    39    -6459.92    -24.2369    0.406723    7.0903    
1    76    40    -6460.4    -23.4664    0.408972    7.07643    
1    77    41    -6460.15    -23.3302    0.407977    7.05708    
1    80    42    -6460.19    -23.2988    0.408183    7.05562    
1    82    43    -6459.04    -23.1414    0.411681    7.08268    
1    87    44    -6460.76    -22.7642    0.410417    7.10044    
1    92    45    -6460.25    -22.1067    0.408623    7.07492    
1    94    46    -6459.64    -22.5995    0.40822    7.1093    
1    95    47    -6459.41    -22.5475    0.410891    7.09216    
1    96    48    -6459.36    -22.7339    0.41139    7.09336    
1    97    49    -6459.13    -23.0772    0.408314    7.09026    
