#Task    Step    numberOfAcceptedPeleSteps    currentEnergy    BindingEnergy    sasaLig    distance_A35SG_L1S1    
1    0    0    -6247.3    -2.86113    0.479667    5.62287    
1    1    1    -6429.88    -17.1628    0.432217    5.73129    
1    2    2    -6437.72    -18.2432    0.434165    5.76685    
1    4    3    -6437.52    -17.314    0.432831    5.76266    
1    5    4    -6434.01    -16.6878    0.429966    5.75301    
1    6    5    -6436.89    -18.0844    0.4154    5.77817    
1    8    6    -6436.17    -18.8503    0.421054    7.46717    
1    9    7    -6447.31    -21.3161    0.406648    7.18148    
1    12    8    -6450.99    -21.0184    0.41173    7.14928    
1    14    9    -6447.25    -21.2508    0.405903    7.08113    
1    15    10    -6455.09    -21.3188    0.411979    7.11398    
1    17    11    -6455.8    -21.5598    0.415918    7.10086    
1    18    12    -6452.01    -21.4512    0.416132    7.07682    
1    19    13    -6449.08    -17.8184    0.386726    7.05063    
1    20    14    -6453.89    -19.135    0.385081    7.06602    
1    21    15    -6455.2    -20.6562    0.408097    7.02916    
1    22    16    -6457.15    -20.6574    0.409529    7.04802    
1    27    17    -6457.59    -20.1716    0.405463    7.02134    
1    30    18    -6458.01    -19.5685    0.405957    7.02767    
1    33    19    -6457.08    -20.9442    0.40885    6.99459    
1    46    20    -6458.42    -19.9277    0.409638    7.01576    
1    53    21    -6457.03    -20.5471    0.406963    6.99918    
1    55    22    -6457.43    -21.4963    0.405449    7.00319    
1    56    23    -6458.45    -20.5554    0.40707    7.00567    
1    57    24    -6457.41    -20.2553    0.403241    6.97957    
1    60    25    -6456.9    -20.8519    0.403863    6.97824    
1    61    26    -6457.36    -20.6238    0.412328    6.99137    
1    66    27    -6459.06    -20.2048    0.409202    7.00683    
1    70    28    -6460.1    -20.2784    0.407331    7.00499    
1    73    29    -6460.25    -20.9379    0.40719    6.96693    
1    76    30    -6459.46    -20.8498    0.406086    6.99215    
1    78    31    -6459.77    -20.3749    0.40802    6.98923    
1    79    32    -6454.69    -19.2372    0.408446    6.93605    
1    82    33    -6457.15    -19.072    0.408638    7.00466    
1    83    34    -6457.61    -19.6747    0.408767    6.99519    
1    84    35    -6459.48    -19.903    0.408994    7.02747    
1    92    36    -6458.7    -19.8104    0.41334    7.02368    
1    95    37    -6455.22    -19.1246    0.408831    6.96672    
1    98    38    -6459.96    -19.1224    0.410713    6.98231    
1    100    39    -6461.69    -19.8521    0.409208    6.99001    
