#Task    Step    numberOfAcceptedPeleSteps    currentEnergy    BindingEnergy    sasaLig    distance_A35SG_L1S1    
1    0    0    -6247.3    -2.86113    0.479667    5.62287    
1    1    1    -6391.6    -6.9137    0.43042    5.70393    
1    2    2    -6401.71    -6.98518    0.42819    5.71714    
1    4    3    -6433.51    -11.4283    0.425462    5.87842    
1    5    4    -6444.94    -18.3355    0.399098    5.88241    
1    8    5    -6447.9    -18.0177    0.398388    5.90227    
1    11    6    -6455.85    -17.1702    0.395216    5.85174    
1    17    7    -6455.82    -17.6908    0.393799    5.80362    
1    19    8    -6455.29    -18.6892    0.403642    5.83428    
1    26    9    -6455.99    -18.352    0.400205    5.84263    
1    32    10    -6458.2    -18.6832    0.400353    5.84207    
1    34    11    -6457.48    -18.4629    0.399686    5.84559    
1    35    12    -6453.72    -18.9831    0.402651    5.87621    
1    36    13    -6454.11    -18.4436    0.401111    5.85267    
1    37    14    -6451.43    -19.8306    0.401863    5.85781    
1    38    15    -6453.54    -15.0908    0.410913    5.67921    
1    41    16    -6457.25    -15.9373    0.404174    5.84478    
1    47    17    -6456.03    -20.0819    0.421736    5.83554    
1    49    18    -6455.64    -23.4421    0.410151    5.8483    
1    50    19    -6458.28    -24.1169    0.407275    5.86922    
1    51    20    -6455.62    -17.2785    0.384958    5.83299    
1    52    21    -6452.14    -17.0477    0.383222    5.85375    
1    55    22    -6455.75    -17.4066    0.387362    5.85495    
1    56    23    -6457.05    -18.013    0.385035    5.86587    
1    57    24    -6459.15    -19.6651    0.382247    5.85402    
1    59    25    -6462.21    -18.8889    0.391554    5.86517    
1    61    26    -6464.22    -18.0255    0.393709    5.82549    
1    62    27    -6464.35    -18.8606    0.403456    5.76694    
1    66    28    -6467.91    -18.9195    0.404644    5.78314    
1    70    29    -6468.15    -19.0384    0.404557    5.79632    
1    71    30    -6466.45    -17.8381    0.407451    5.79277    
1    77    31    -6465.84    -18.7066    0.408615    5.77862    
1    78    32    -6464.95    -18.9886    0.401731    5.79344    
1    79    33    -6466.39    -19.1014    0.407219    5.7937    
1    81    34    -6466.75    -19.3851    0.409569    5.82512    
1    86    35    -6465.34    -19.3883    0.405203    5.8074    
1    87    36    -6466.57    -18.3124    0.411468    5.81317    
1    91    37    -6465.09    -18.5276    0.416376    5.85066    
1    92    38    -6465.59    -19.0819    0.412632    5.82982    
1    94    39    -6465.04    -18.618    0.410694    5.85292    
1    97    40    -6463.16    -19.4683    0.411739    5.82353    
1    99    41    -6465.13    -19.3617    0.412542    5.82021    
