#Task    Step    numberOfAcceptedPeleSteps    currentEnergy    BindingEnergy    sasaLig    distance_A35SG_L1S1    
1    0    0    -6247.3    -2.86113    0.479667    5.62287    
1    1    1    -6400.47    -14.0467    0.441439    5.70287    
1    2    2    -6421.71    -14.9092    0.435956    5.70839    
1    3    3    -6423.82    -8.3163    0.406663    5.70551    
1    4    4    -6444    -10.8535    0.429551    5.79398    
1    5    5    -6458.39    -17.5562    0.413978    5.83208    
1    7    6    -6458.32    -18.6931    0.410662    5.86446    
1    16    7    -6460.57    -18.6792    0.411866    5.87171    
1    26    8    -6456.8    -19.425    0.410699    5.94898    
1    29    9    -6457.51    -19.514    0.408929    5.90155    
1    33    10    -6454.84    -20.061    0.408704    5.86251    
1    34    11    -6455.9    -20.2339    0.408745    5.87008    
1    35    12    -6457.6    -19.5716    0.407887    5.87009    
1    37    13    -6456.8    -19.8303    0.406332    5.82896    
1    39    14    -6457.7    -18.5332    0.409101    5.83966    
1    41    15    -6455.67    -19.2598    0.408022    5.83117    
1    42    16    -6456.97    -19.2376    0.403365    5.82216    
1    44    17    -6458.88    -19.7108    0.403055    5.8309    
1    45    18    -6458.76    -19.2308    0.401998    5.81684    
1    46    19    -6461.31    -20.1532    0.40755    5.85554    
1    49    20    -6462.23    -19.8376    0.409118    5.89814    
1    50    21    -6463.68    -20.0643    0.409226    5.90154    
1    54    22    -6462.88    -19.8491    0.408946    5.90075    
1    58    23    -6463.12    -20.8074    0.405975    5.87959    
1    59    24    -6462.52    -20.6579    0.409925    5.89491    
1    60    25    -6464.08    -20.3344    0.409125    5.89777    
1    66    26    -6463.66    -20.2663    0.408493    5.89261    
1    67    27    -6464.78    -19.7875    0.40762    5.89613    
1    71    28    -6464.05    -19.6831    0.4091    5.91235    
1    74    29    -6464.33    -19.4399    0.40421    5.92358    
1    78    30    -6465    -20.2655    0.407019    5.92401    
1    79    31    -6465.92    -20.293    0.407466    5.89863    
1    80    32    -6465.65    -20.357    0.406536    5.87103    
1    81    33    -6464.69    -19.8996    0.40656    5.86814    
1    82    34    -6465.63    -20.355    0.407535    5.893    
1    84    35    -6464.11    -18.7397    0.4029    5.96342    
1    85    36    -6464.75    -19.8769    0.406143    5.86903    
1    99    37    -6463.9    -19.7728    0.405568    5.87576    
