#Task    Step    numberOfAcceptedPeleSteps    currentEnergy    BindingEnergy    sasaLig    distance_A35SG_L1S1    
1    0    0    -6247.3    -2.86113    0.479667    5.62287    
1    1    1    -6387.94    -9.50507    0.425949    5.32268    
1    2    2    -6399.51    -9.8652    0.424599    5.4038    
1    3    3    -6440.51    -14.1362    0.432755    5.75246    
1    5    4    -6450.44    -18.4712    0.416718    5.81217    
1    6    5    -6449.94    -18.4413    0.416298    5.84375    
1    8    6    -6449.12    -18.5803    0.417615    5.86465    
1    10    7    -6450.21    -18.345    0.418841    5.86641    
1    11    8    -6449.16    -18.3843    0.413477    5.81366    
1    14    9    -6448.65    -18.2721    0.413685    5.8366    
1    18    10    -6448.76    -17.8841    0.413595    5.83294    
1    19    11    -6448.89    -18.2315    0.410322    5.79938    
1    20    12    -6449.27    -17.8097    0.415722    5.82662    
1    21    13    -6445.72    -19.1597    0.43205    5.98006    
1    23    14    -6448.28    -24.5218    0.416611    5.95664    
1    26    15    -6451.9    -24.1721    0.409364    5.87661    
1    28    16    -6453.74    -24.4344    0.410923    5.90902    
1    29    17    -6452.66    -20.5919    0.393788    5.89486    
1    30    18    -6457.6    -20.9134    0.404639    5.96064    
1    31    19    -6457.86    -18.4755    0.400305    5.83791    
1    33    20    -6458.78    -20.7874    0.408123    5.88634    
1    36    21    -6460.63    -20.4813    0.40686    5.95631    
1    43    22    -6459.34    -19.2094    0.411283    5.90203    
1    44    23    -6459.36    -24.8759    0.40666    5.91392    
1    49    24    -6459.38    -24.4952    0.408153    5.91329    
1    51    25    -6460.18    -24.567    0.405235    5.9165    
1    52    26    -6461.86    -24.3435    0.407294    5.92973    
1    53    27    -6461.99    -19.697    0.409584    6.76801    
1    54    28    -6463.07    -19.3965    0.410354    6.7491    
1    55    29    -6464.76    -19.7239    0.410761    6.75695    
1    57    30    -6464.69    -20.1466    0.410777    6.73379    
1    61    31    -6462.29    -20.1227    0.409847    6.71278    
1    63    32    -6464.42    -20.334    0.410355    6.69968    
1    67    33    -6464.46    -20.0045    0.410333    6.70664    
1    69    34    -6463.62    -20.1605    0.408552    6.69305    
1    70    35    -6463.64    -20.4023    0.411254    6.68786    
1    71    36    -6460.81    -18.8304    0.398689    6.69549    
1    72    37    -6455.89    -16.4131    0.387598    6.56956    
1    74    38    -6455.76    -16.9925    0.382394    6.54463    
1    75    39    -6457.74    -12.0433    0.382905    6.63499    
1    81    40    -6462.02    -14.9616    0.399136    6.63524    
1    83    41    -6462.68    -20.7418    0.415484    6.6477    
1    86    42    -6455.37    -13.3717    0.438633    6.66163    
1    88    43    -6456.32    -13.7154    0.434975    6.64514    
1    89    44    -6462.76    -21.1128    0.414891    6.63407    
1    91    45    -6464.22    -20.8073    0.415493    6.64657    
1    92    46    -6463.25    -20.8394    0.415744    6.66252    
1    96    47    -6465.37    -20.9842    0.416338    6.66391    
1    100    48    -6461.4    -20.2718    0.429138    6.67527    
