#Task    Step    numberOfAcceptedPeleSteps    currentEnergy    BindingEnergy    sasaLig    distance_A35SG_L1S1    
1    0    0    -6247.3    -2.86113    0.479667    5.62287    
1    1    1    -6411.79    -15.3853    0.448142    5.63798    
1    2    2    -6431.74    -11.9897    0.43512    5.89841    
1    3    3    -6451.01    -17.1001    0.414254    5.91364    
1    5    4    -6454.43    -17.1876    0.412653    5.8634    
1    6    5    -6455.97    -17.0316    0.412798    5.85354    
1    7    6    -6445.14    -18.5319    0.423344    5.91374    
1    9    7    -6451.06    -18.7502    0.41965    5.8799    
1    10    8    -6451.94    -16.5544    0.420562    5.87919    
1    11    9    -6458.29    -16.7321    0.421315    5.90293    
1    12    10    -6457.54    -16.3622    0.423758    5.94654    
1    13    11    -6461.55    -16.4392    0.423204    5.9227    
1    14    12    -6461.64    -15.8822    0.421714    5.91514    
1    15    13    -6460.29    -15.1722    0.394058    5.91003    
1    19    14    -6451.19    -7.96177    0.403121    5.78714    
1    20    15    -6452.67    -10.6364    0.403037    6.00219    
1    21    16    -6452.05    -15.1081    0.399905    5.84524    
1    23    17    -6455.36    -17.2095    0.417135    5.79198    
1    25    18    -6459.01    -18.9413    0.417893    5.89896    
1    26    19    -6459.7    -18.4939    0.419358    5.91222    
1    27    20    -6461.57    -18.4293    0.419795    5.90276    
1    29    21    -6460.5    -18.1505    0.42179    5.90166    
1    30    22    -6458.83    -18.191    0.416719    5.86685    
1    31    23    -6462.5    -17.78    0.40689    5.82701    
1    36    24    -6459.07    -18.2393    0.399413    5.80464    
1    39    25    -6461.55    -17.6508    0.407491    5.78864    
1    40    26    -6462.07    -18.0328    0.406812    5.79394    
1    42    27    -6461.96    -17.7483    0.40785    5.81298    
1    43    28    -6462.85    -17.1163    0.410987    5.78935    
1    45    29    -6462.85    -17.0875    0.407392    5.81831    
1    49    30    -6463.38    -16.8832    0.420822    5.87112    
1    51    31    -6462.15    -16.3818    0.420342    5.84916    
1    52    32    -6462.3    -16.9739    0.413766    5.88888    
1    54    33    -6461.38    -16.7496    0.414809    5.89284    
1    55    34    -6463.31    -17.0071    0.415651    5.87864    
1    58    35    -6465.36    -17.1487    0.415559    5.88498    
1    59    36    -6463.73    -17.6226    0.412817    5.93235    
1    62    37    -6462.87    -17.7417    0.415905    5.96335    
1    63    38    -6464.85    -17.0835    0.420516    5.90076    
1    66    39    -6464.65    -16.9081    0.417956    5.87298    
1    68    40    -6463.86    -16.6784    0.416995    5.88003    
1    71    41    -6464.44    -17.4796    0.418238    5.85674    
1    74    42    -6465.36    -17.5575    0.414016    5.82629    
1    79    43    -6464.36    -16.7574    0.418639    5.85908    
1    81    44    -6463.58    -17.2006    0.416532    5.85757    
1    88    45    -6462.4    -16.8865    0.415194    5.86296    
1    90    46    -6463.39    -16.7622    0.413558    5.84142    
1    91    47    -6462.02    -15.6996    0.420599    5.84796    
1    92    48    -6461.51    -16.6136    0.414899    5.84734    
1    93    49    -6461.73    -16.7954    0.403325    5.86164    
1    94    50    -6461.1    -17.0063    0.402844    5.85279    
1    95    51    -6461.84    -17.0271    0.404191    5.8391    
1    97    52    -6462.97    -16.7186    0.399782    5.7997    
1    99    53    -6463.6    -16.5811    0.400715    5.81768    
1    100    54    -6464.73    -17.0028    0.404338    5.82707    
