#Task    Step    numberOfAcceptedPeleSteps    currentEnergy    BindingEnergy    sasaLig    distance_A35SG_L1S1    
1    0    0    -6247.3    -2.86113    0.479667    5.62287    
1    1    1    -6437.43    -15.0764    0.434227    5.83532    
1    2    2    -6439.88    -15.8705    0.432112    5.83752    
1    3    3    -6452.61    -16.934    0.428883    5.88973    
1    4    4    -6453.22    -16.8229    0.428801    5.88574    
1    5    5    -6459.1    -21.3261    0.40547    5.89417    
1    8    6    -6456.91    -19.5419    0.412169    5.9105    
1    9    7    -6459.11    -18.9009    0.412502    5.94059    
1    10    8    -6448.5    -8.66918    0.442485    6.00433    
1    11    9    -6459.47    -19.0124    0.413307    5.95972    
1    14    10    -6459.76    -18.6289    0.411767    6.03635    
1    18    11    -6460.36    -19.5263    0.411648    5.98967    
1    19    12    -6459.74    -19.3428    0.414691    5.92455    
1    22    13    -6459.53    -19.5547    0.414271    5.93146    
1    34    14    -6455.92    -19.9522    0.408664    5.93205    
1    35    15    -6458.99    -19.5519    0.408322    5.9382    
1    36    16    -6457.93    -19.1265    0.407174    5.97677    
1    41    17    -6456.32    -23.1232    0.411443    5.95525    
1    49    18    -6455.73    -23.3721    0.407174    5.9736    
1    50    19    -6455.26    -22.5601    0.407214    5.92311    
1    52    20    -6450.4    -24.1498    0.406516    5.93002    
1    54    21    -6454.59    -20.0058    0.412805    5.90439    
1    58    22    -6458.67    -19.9852    0.410969    5.90824    
1    59    23    -6460.3    -19.1203    0.408684    5.91678    
1    60    24    -6460.72    -19.6521    0.409827    5.93135    
1    63    25    -6460.85    -19.3821    0.409724    5.93013    
1    67    26    -6460    -18.2461    0.408361    5.92593    
1    68    27    -6461.54    -18.8768    0.406886    5.91966    
1    70    28    -6461.78    -18.9811    0.407933    5.91725    
1    71    29    -6462.42    -19.2699    0.408742    5.92601    
1    72    30    -6462.46    -20.1486    0.407788    5.92564    
1    73    31    -6462.55    -19.394    0.411581    5.93031    
1    74    32    -6462.7    -20.3749    0.410374    5.86886    
1    76    33    -6462.68    -19.4884    0.408961    5.87673    
1    78    34    -6461.75    -20.3038    0.406774    5.84001    
1    79    35    -6461.81    -18.878    0.410837    5.91886    
1    82    36    -6461.61    -19.7562    0.408259    5.90949    
1    83    37    -6462.18    -23.6001    0.407971    5.90155    
1    87    38    -6464.06    -23.4068    0.407952    5.91261    
1    88    39    -6463.96    -23.5071    0.409934    5.92212    
1    91    40    -6462.72    -22.2608    0.410399    5.93575    
1    97    41    -6461.24    -23.225    0.409695    5.9305    
1    98    42    -6458.24    -20.6409    0.408434    5.86564    
1    99    43    -6463.84    -19.9412    0.412666    5.90981    
1    100    44    -6464.88    -19.882    0.413398    5.90188    
