#Task    Step    numberOfAcceptedPeleSteps    currentEnergy    BindingEnergy    sasaLig    distance_A35SG_L1S1    
1    0    0    -6247.3    -2.86113    0.479667    5.62287    
1    1    1    -6435.29    -13.732    0.427786    5.71191    
1    2    2    -6446.06    -13.7882    0.428091    5.69189    
1    3    3    -6454.49    -15.9909    0.38494    5.73527    
1    6    4    -6453.21    -16.3219    0.387789    5.8382    
1    7    5    -6457.48    -14.3838    0.379139    5.83041    
1    8    6    -6457.51    -13.51    0.377541    5.83784    
1    9    7    -6457.26    -15.0376    0.378459    5.85118    
1    13    8    -6450.27    -14.1923    0.382951    5.89508    
1    15    9    -6458.63    -14.6222    0.385455    5.84517    
1    24    10    -6457.5    -15.2191    0.385985    5.8527    
1    25    11    -6461.45    -15.2272    0.390259    5.76393    
1    26    12    -6462.5    -15.0951    0.38903    5.80027    
1    28    13    -6462.88    -14.7767    0.385701    5.8148    
1    31    14    -6460.5    -14.9067    0.389246    5.77576    
1    32    15    -6451.74    -10.1728    0.417804    5.8137    
1    33    16    -6459.33    -13.6812    0.413978    5.77633    
1    34    17    -6460.59    -13.5491    0.417236    5.80284    
1    35    18    -6461.63    -13.3018    0.41435    5.81645    
1    37    19    -6461.03    -13.6828    0.414296    5.77758    
1    39    20    -6461.21    -17.7118    0.425478    5.75204    
1    40    21    -6463.68    -17.4749    0.421847    5.7785    
1    42    22    -6464.53    -17.4068    0.421859    5.77031    
1    43    23    -6465    -17.4402    0.423561    5.7835    
1    44    24    -6465.8    -17.4894    0.42489    5.79879    
1    47    25    -6464.74    -17.6175    0.423221    5.79097    
1    55    26    -6465.1    -17.0924    0.42552    5.79655    
1    59    27    -6463.9    -16.3047    0.42555    5.78336    
1    60    28    -6463.34    -16.7443    0.422964    5.80143    
1    61    29    -6463.78    -17.8287    0.423304    5.78224    
1    62    30    -6463.41    -17.9302    0.422777    5.7838    
1    63    31    -6463.25    -17.0034    0.420567    5.78203    
1    65    32    -6462.97    -17.0803    0.42505    5.81259    
1    66    33    -6463.82    -16.8312    0.424327    5.79942    
1    68    34    -6463.85    -16.8227    0.423491    5.79042    
1    69    35    -6461.26    -17.3246    0.427128    5.80917    
1    70    36    -6463.97    -17.3493    0.426807    5.80958    
1    73    37    -6462.07    -16.0192    0.424812    5.79445    
1    74    38    -6464    -17.1064    0.427691    5.8233    
1    75    39    -6463.78    -16.113    0.424939    5.78314    
1    76    40    -6462.65    -16.4438    0.426785    5.81288    
1    81    41    -6463.99    -16.9614    0.424274    5.80311    
1    82    42    -6464.27    -16.9613    0.425435    5.82977    
1    83    43    -6460.72    -17.6799    0.423541    5.75998    
1    84    44    -6463.65    -17.4383    0.424626    5.86795    
1    85    45    -6462.04    -16.4883    0.431713    5.86798    
1    93    46    -6461.43    -16.762    0.432005    5.92749    
1    95    47    -6462.07    -16.9129    0.430206    5.892    
1    96    48    -6462.26    -16.6552    0.427226    5.87738    
1    97    49    -6462.24    -16.9619    0.428645    5.8427    
1    98    50    -6462.62    -17.0944    0.428073    5.86154    
