#Task    Step    numberOfAcceptedPeleSteps    currentEnergy    BindingEnergy    sasaLig    distance_A35SG_L1S1    
1    0    0    -6247.3    -2.86113    0.479667    5.62287    
1    1    1    -6400.65    -10.3886    0.425943    5.79179    
1    2    2    -6411.91    -9.90982    0.424351    5.82449    
1    3    3    -6427.58    -16.324    0.385744    5.86482    
1    5    4    -6454.43    -18.2208    0.396341    5.84229    
1    6    5    -6455.28    -20.2411    0.39574    5.86798    
1    12    6    -6454.48    -19.2708    0.394378    5.87503    
1    14    7    -6453.69    -18.3946    0.39538    5.87069    
1    16    8    -6458.46    -17.5068    0.397442    5.86351    
1    23    9    -6459.38    -18.3364    0.400816    5.82572    
1    25    10    -6456.61    -19.4733    0.408527    5.87645    
1    29    11    -6457.93    -18.7986    0.408841    5.90038    
1    33    12    -6457.77    -18.5961    0.408662    5.90853    
1    35    13    -6458.43    -18.5716    0.40916    5.91352    
1    37    14    -6457.55    -18.8687    0.407936    5.92287    
1    39    15    -6455.33    -16.5908    0.416095    5.94388    
1    40    16    -6457.15    -17.9023    0.410028    5.92431    
1    46    17    -6458.34    -18.8375    0.411228    5.95958    
1    47    18    -6457.56    -18.2353    0.411407    5.94818    
1    48    19    -6458.08    -18.4352    0.406992    5.89091    
1    53    20    -6457.13    -18.3814    0.40882    5.91356    
1    55    21    -6457.5    -18.1284    0.411215    5.90237    
1    56    22    -6455.64    -16.9864    0.414381    6.04304    
1    57    23    -6456.05    -17.7442    0.411673    5.9886    
1    59    24    -6455.51    -18.1488    0.409179    5.94598    
1    60    25    -6455.62    -17.6    0.409842    5.94443    
1    63    26    -6456.6    -17.6033    0.416036    5.92813    
1    65    27    -6456.6    -17.8841    0.418277    5.95187    
1    66    28    -6460.01    -18.1355    0.4186    5.97313    
1    68    29    -6460.25    -17.6337    0.419576    5.95162    
1    70    30    -6461.26    -18.0707    0.419273    6.01472    
1    71    31    -6459.41    -17.6185    0.417546    5.93977    
1    81    32    -6461.04    -17.8847    0.414195    5.87496    
1    87    33    -6462.66    -17.968    0.414087    5.88285    
1    91    34    -6462.9    -18.0613    0.415034    5.88426    
1    93    35    -6459.99    -18.0203    0.410157    5.83428    
1    95    36    -6461.03    -17.8707    0.416202    5.83832    
1    97    37    -6461.62    -17.3143    0.416533    5.87315    
1    100    38    -6459.64    -17.239    0.411613    5.84441    
