#Task    Step    numberOfAcceptedPeleSteps    currentEnergy    BindingEnergy    sasaLig    distance_A35SG_L1S1    
1    0    0    -6247.3    -2.86113    0.479667    5.62287    
1    1    1    -6419.94    -15.7209    0.430517    5.73523    
1    2    2    -6436.35    -14.8877    0.430288    5.74337    
1    3    3    -6443.19    -16.2063    0.426716    5.73422    
1    5    4    -6450.72    -16.4113    0.428735    5.7178    
1    13    5    -6448.78    -16.0286    0.427436    5.77742    
1    15    6    -6448.84    -15.9515    0.428119    5.81555    
1    16    7    -6447.91    -15.9028    0.427218    5.79854    
1    17    8    -6447.99    -16.8827    0.427355    5.843    
1    18    9    -6443.97    -8.2348    0.436614    5.9192    
1    19    10    -6452.23    -23.6218    0.407481    5.90349    
1    20    11    -6444.99    -25.5155    0.400625    5.85372    
1    21    12    -6453.99    -25.2204    0.403809    5.8808    
1    22    13    -6455.74    -25.4903    0.407113    5.90098    
1    23    14    -6456.86    -25.5351    0.406589    5.84497    
1    24    15    -6456.56    -25.0833    0.407864    5.83109    
1    25    16    -6456.47    -25.9566    0.410708    5.84407    
1    27    17    -6458.23    -25.7393    0.40809    5.87629    
1    29    18    -6456.79    -25.9689    0.411984    5.88158    
1    30    19    -6455.63    -26.8219    0.388202    5.88632    
1    32    20    -6453.42    -25.741    0.387088    5.90035    
1    33    21    -6459.7    -25.7101    0.395936    5.92244    
1    35    22    -6460.09    -25.4784    0.396171    5.8855    
1    36    23    -6459.43    -25.6761    0.392799    5.89849    
1    41    24    -6460.54    -26.0006    0.396101    5.90769    
1    42    25    -6460.94    -26.3051    0.395457    5.91512    
1    44    26    -6459.69    -26.0604    0.393594    5.93532    
1    45    27    -6457.36    -25.806    0.397503    5.89038    
1    46    28    -6457.91    -25.7267    0.388739    5.89455    
1    51    29    -6460.84    -25.8806    0.39455    5.86868    
1    57    30    -6459.97    -25.7509    0.395434    5.88454    
1    58    31    -6457.5    -25.33    0.393888    5.90803    
1    60    32    -6459.11    -25.896    0.394034    5.89622    
1    63    33    -6459.35    -26.0188    0.396374    5.89503    
1    70    34    -6455.61    -25.9344    0.390385    5.86961    
1    72    35    -6453.1    -26.5647    0.391123    5.92136    
1    74    36    -6452.8    -26.7022    0.389964    5.94578    
1    78    37    -6454.41    -26.3549    0.391953    5.96297    
1    79    38    -6456.46    -27.0502    0.396296    5.9262    
1    80    39    -6457.22    -26.7219    0.394104    5.94622    
1    85    40    -6456.97    -26.4005    0.410952    5.97127    
1    89    41    -6453.54    -26.5383    0.414331    5.91518    
1    90    42    -6455.76    -25.9525    0.41573    6.02586    
1    92    43    -6456.56    -26.2903    0.417545    5.99259    
1    94    44    -6455.82    -25.4235    0.41755    6.09114    
1    95    45    -6456.11    -26.1258    0.414498    6.00216    
1    99    46    -6456.3    -25.5795    0.417481    6.01518    
