#Task    Step    numberOfAcceptedPeleSteps    currentEnergy    BindingEnergy    sasaLig    distance_A35SG_L1S1    
1    0    0    -6247.3    -2.86113    0.479667    5.62287    
1    1    1    -6420.4    -11.8705    0.431174    5.89025    
1    2    2    -6425.88    -12.5703    0.433165    5.91303    
1    3    3    -6433.39    -16.5764    0.401118    5.87736    
1    5    4    -6446.19    -17.87    0.398382    5.76218    
1    8    5    -6449.78    -18.3392    0.395577    5.78204    
1    9    6    -6456.56    -19.5408    0.411895    5.82092    
1    10    7    -6459.75    -19.8368    0.409533    5.83897    
1    15    8    -6460.21    -15.4796    0.389399    5.80331    
1    18    9    -6462.27    -16.2939    0.390124    5.79783    
1    20    10    -6460.23    -14.8286    0.387909    5.85811    
1    27    11    -6459.65    -16.1089    0.3915    5.84229    
1    29    12    -6453.7    -16.0768    0.406485    5.84958    
1    30    13    -6456.17    -16.2327    0.408154    5.85361    
1    31    14    -6456.54    -13.0526    0.386451    5.93891    
1    33    15    -6456.37    -13.3828    0.387016    5.95126    
1    34    16    -6456.41    -13.7127    0.383198    5.95166    
1    35    17    -6457.53    -16.7626    0.433279    5.89158    
1    38    18    -6457.57    -17.0139    0.429057    5.90696    
1    39    19    -6456.98    -17.241    0.419464    5.88501    
1    40    20    -6456.38    -18.2544    0.411956    5.86951    
1    41    21    -6457.21    -17.9035    0.414067    5.92328    
1    42    22    -6457.73    -18.4528    0.416932    5.91207    
1    43    23    -6456.47    -19.129    0.420231    5.91505    
1    46    24    -6455.68    -18.9692    0.416661    5.89067    
1    49    25    -6456.52    -18.2923    0.415539    5.95235    
1    54    26    -6457.13    -17.7065    0.414718    5.96923    
1    60    27    -6456.94    -17.7776    0.41428    5.95406    
1    61    28    -6454.47    -19.1394    0.416264    5.98748    
1    62    29    -6450.4    -18.2067    0.433862    5.99263    
1    63    30    -6458.29    -16.278    0.409633    5.93693    
1    64    31    -6457.8    -16.5503    0.407934    5.95493    
1    65    32    -6457.56    -16.0317    0.406332    5.94805    
1    67    33    -6459.25    -16.4305    0.406338    5.92786    
1    73    34    -6459.32    -16.5447    0.405008    5.8695    
1    74    35    -6460.97    -16.4085    0.406945    5.87366    
1    75    36    -6462.45    -15.9558    0.411327    5.87621    
1    76    37    -6462.66    -15.9454    0.407646    5.87462    
1    78    38    -6463.72    -16.5143    0.408798    5.91058    
1    82    39    -6462.28    -15.8113    0.408209    5.94801    
1    83    40    -6462.83    -17.0754    0.407725    5.90026    
1    86    41    -6462.58    -16.8476    0.40648    5.89748    
1    87    42    -6462.5    -16.8906    0.408722    5.87805    
1    88    43    -6460.62    -15.7393    0.403481    5.86366    
1    89    44    -6460.92    -16.886    0.408125    5.92365    
1    90    45    -6461.3    -16.75    0.40599    5.94153    
1    93    46    -6460.66    -16.3988    0.408017    5.89224    
1    95    47    -6460.4    -16.8408    0.407043    5.90661    
1    96    48    -6460.4    -16.5257    0.40509    5.9209    
1    97    49    -6460.96    -20.1601    0.409058    5.91726    
1    98    50    -6462.61    -19.4739    0.410177    5.93693    
1    99    51    -6465.64    -18.2871    0.404866    5.89972    
