#Task    Step    numberOfAcceptedPeleSteps    currentEnergy    BindingEnergy    sasaLig    distance_A35SG_L1S1    
1    0    0    -6247.3    -2.86113    0.479667    5.62287    
1    1    1    -6435.43    -16.2817    0.433903    5.72427    
1    3    2    -6445.5    -16.441    0.436293    5.77269    
1    5    3    -6455.65    -20.2187    0.417395    5.73608    
1    6    4    -6457.4    -21.5663    0.413313    5.75386    
1    8    5    -6458.37    -21.4399    0.406822    5.77006    
1    11    6    -6458.14    -22.8737    0.412148    5.78365    
1    14    7    -6458.1    -23.3442    0.411162    5.81516    
1    16    8    -6457.22    -22.8467    0.407038    5.79383    
1    18    9    -6455.98    -22.8561    0.407048    5.82106    
1    22    10    -6457.05    -23.6728    0.408383    5.79686    
1    27    11    -6453    -16.3268    0.393251    5.90798    
1    30    12    -6457.12    -16.8015    0.400899    5.92787    
1    31    13    -6458.76    -16.6636    0.399065    5.93301    
1    32    14    -6458.71    -16.7444    0.400579    5.9366    
1    33    15    -6457.74    -17.2504    0.401615    5.91576    
1    35    16    -6454.25    -14.6971    0.396951    5.95954    
1    37    17    -6459.26    -18.6326    0.404499    6.06052    
1    42    18    -6460.31    -18.4589    0.406457    6.06241    
1    45    19    -6461.9    -18.032    0.407151    6.03681    
1    46    20    -6463.88    -18.0029    0.409914    6.03792    
1    51    21    -6465.16    -18.515    0.406377    5.98796    
1    53    22    -6464.21    -17.1846    0.405527    6.0646    
1    54    23    -6463.83    -16.7633    0.403097    6.05009    
1    55    24    -6465.25    -16.8242    0.404056    6.06026    
1    56    25    -6466.76    -17.4125    0.409734    6.07806    
1    64    26    -6463.35    -17.3321    0.408282    6.01042    
1    65    27    -6462.12    -17.283    0.411123    6.09796    
1    67    28    -6463.3    -17.2647    0.406897    6.13648    
1    74    29    -6463.03    -17.6212    0.408105    6.09295    
1    76    30    -6460.65    -17.1291    0.41029    6.05934    
1    77    31    -6460.96    -17.7248    0.406356    6.08411    
1    91    32    -6460.74    -17.4718    0.413586    6.08852    
1    93    33    -6457.14    -18.0676    0.410591    6.1017    
1    95    34    -6458.48    -17.7207    0.411647    6.09908    
1    98    35    -6460.87    -16.3485    0.415107    6.1118    
1    99    36    -6459.6    -16.562    0.41552    6.07639    
