#Task    Step    numberOfAcceptedPeleSteps    currentEnergy    BindingEnergy    sasaLig    distance_A35SG_L1S1    
1    0    0    -6247.3    -2.86113    0.479667    5.62287    
1    1    1    -6430.13    -15.5174    0.435562    5.72804    
1    2    2    -6441.09    -16.7364    0.425131    5.77612    
1    5    3    -6452.72    -18.8313    0.413059    6.89259    
1    6    4    -6453.36    -19.8416    0.40911    6.90145    
1    7    5    -6454.88    -19.1944    0.404917    6.93022    
1    8    6    -6454.49    -19.1109    0.40592    6.91325    
1    10    7    -6454.52    -19.4092    0.407722    6.90167    
1    12    8    -6454.05    -19.4925    0.410186    6.89397    
1    13    9    -6449.47    -20.2988    0.413538    6.8841    
1    15    10    -6452.69    -20.3961    0.412167    6.9228    
1    17    11    -6446.12    -14.6478    0.388131    6.95244    
1    19    12    -6449.29    -19.348    0.390256    6.80476    
1    20    13    -6448.79    -18.4319    0.388051    6.82505    
1    24    14    -6449.45    -20.1031    0.386625    6.80748    
1    27    15    -6447.62    -21.4619    0.393369    6.80195    
1    29    16    -6448.34    -25.0355    0.410873    6.75802    
1    30    17    -6449.15    -25.785    0.412372    6.75109    
1    31    18    -6449.82    -25.2913    0.413583    6.73635    
1    32    19    -6448.47    -25.486    0.40386    6.72503    
1    33    20    -6449.89    -25.033    0.399942    6.72245    
1    35    21    -6451.09    -24.5392    0.404883    6.70295    
1    36    22    -6452.2    -24.9892    0.407711    6.72521    
1    39    23    -6453.9    -22.6851    0.414684    6.73945    
1    40    24    -6454.57    -23.1632    0.411173    6.7011    
1    41    25    -6457.21    -19.1411    0.423863    6.78921    
1    43    26    -6460.61    -19.2923    0.419555    6.78329    
1    45    27    -6461.83    -19.7565    0.414095    6.79038    
1    49    28    -6461.61    -19.8107    0.416691    6.7969    
1    52    29    -6463.04    -20.92    0.423409    6.89492    
1    59    30    -6462.57    -20.567    0.420129    6.86835    
1    63    31    -6462.22    -20.0146    0.41607    6.85081    
1    68    32    -6462.94    -20.4067    0.413793    6.84544    
1    70    33    -6464.18    -21.1818    0.415663    6.84519    
1    79    34    -6464.33    -20.7625    0.416187    6.83925    
1    87    35    -6463.87    -21.164    0.417829    6.82717    
1    88    36    -6461.48    -17.6809    0.414557    6.83653    
1    89    37    -6462.21    -21.2157    0.413553    6.79698    
1    90    38    -6462.66    -20.4456    0.410292    6.77819    
1    96    39    -6462.64    -21.0595    0.410891    6.82405    
1    97    40    -6459.47    -20.9941    0.419607    6.82584    
1    99    41    -6462.16    -20.6788    0.414628    6.87971    
1    100    42    -6462.07    -20.6587    0.41676    6.85042    
