#Task    Step    numberOfAcceptedPeleSteps    currentEnergy    BindingEnergy    sasaLig    distance_A35SG_L1S1    
1    0    0    -6247.3    -2.86113    0.479667    5.62287    
1    1    1    -6407.25    -14.1522    0.441762    5.77139    
1    2    2    -6438.38    -16.3896    0.440869    5.70314    
1    3    3    -6442.86    -15.7512    0.440801    5.75157    
1    5    4    -6442.81    -16.2091    0.440337    5.74599    
1    8    5    -6445.83    -15.8948    0.437134    5.772    
1    9    6    -6447.57    -16.2236    0.440989    5.80328    
1    15    7    -6446.83    -17.061    0.431801    5.7697    
1    18    8    -6447.08    -16.7508    0.433775    5.79392    
1    19    9    -6447.89    -17.2439    0.435    5.83744    
1    20    10    -6449.21    -16.8984    0.434298    5.82065    
1    21    11    -6448.89    -16.6415    0.440394    5.82097    
1    23    12    -6448.76    -16.7862    0.442697    5.83142    
1    24    13    -6449.04    -16.5293    0.439191    5.8228    
1    25    14    -6447.03    -16.0669    0.444665    5.83122    
1    26    15    -6449.13    -16.3371    0.44249    5.84487    
1    27    16    -6448.46    -16.3498    0.444691    5.82863    
1    30    17    -6447.62    -15.8009    0.438589    5.82543    
1    33    18    -6448.37    -16.8276    0.435799    5.85861    
1    36    19    -6448.27    -17.1846    0.433201    5.84729    
1    37    20    -6440.95    -16.9354    0.435747    5.90125    
1    38    21    -6437.29    -9.49967    0.439546    5.95497    
1    39    22    -6446.64    -17.9133    0.431135    5.96888    
1    41    23    -6445.09    -17.7812    0.423896    5.94397    
1    43    24    -6449.12    -17.5153    0.422686    5.96032    
1    49    25    -6447.74    -18.0137    0.425965    5.92066    
1    50    26    -6448.9    -18.0672    0.424919    5.89536    
1    51    27    -6450.75    -18.5835    0.38575    5.87134    
1    52    28    -6454.73    -17.9819    0.380842    5.98833    
1    53    29    -6462.95    -20.3435    0.382747    5.89457    
1    54    30    -6462.94    -20.4456    0.38293    5.90281    
1    55    31    -6462.38    -20.0831    0.382674    5.92326    
1    56    32    -6462.91    -20.0174    0.381632    5.91013    
1    58    33    -6462.21    -20.4769    0.380149    5.90565    
1    61    34    -6460.46    -20.2631    0.387522    5.89785    
1    65    35    -6460.45    -20.1647    0.391496    5.90408    
1    67    36    -6459.93    -20.5422    0.392194    5.86791    
1    70    37    -6456.56    -21.9304    0.398049    5.86971    
1    71    38    -6462.17    -19.1061    0.40049    5.92546    
1    74    39    -6465.2    -18.9168    0.396088    5.86869    
1    75    40    -6462.58    -18.0787    0.399356    5.83029    
1    76    41    -6466.11    -18.9099    0.402186    5.83136    
1    83    42    -6466.73    -18.8405    0.409227    5.85381    
1    85    43    -6462.02    -17.8649    0.411194    5.84059    
1    87    44    -6464.27    -18.0487    0.411975    5.82092    
1    89    45    -6462.06    -18.3091    0.413407    5.85246    
1    91    46    -6461.35    -18.6295    0.407581    5.81048    
1    93    47    -6459.77    -18.0837    0.410814    5.84007    
1    95    48    -6463.3    -16.7426    0.418647    5.88154    
1    97    49    -6466.74    -18.6533    0.410882    5.82005    
1    99    50    -6467.1    -18.6857    0.414863    5.84341    
1    100    51    -6465.31    -18.9156    0.405986    5.80514    
