#Task    Step    numberOfAcceptedPeleSteps    currentEnergy    BindingEnergy    sasaLig    distance_A35SG_L1S1    
1    0    0    -6247.3    -2.86113    0.479667    5.62287    
1    1    1    -6411.7    -13.9488    0.445673    5.64752    
1    2    2    -6427.71    -17.5696    0.422661    5.70114    
1    3    3    -6448.92    -16.9342    0.428995    5.73609    
1    5    4    -6457.15    -18.4007    0.417323    5.80744    
1    6    5    -6456.76    -19.2802    0.415443    5.82576    
1    11    6    -6456.02    -19.9065    0.418604    5.8031    
1    12    7    -6459    -20.9463    0.42232    5.82351    
1    15    8    -6457.54    -20.3855    0.426917    5.81621    
1    16    9    -6457.24    -21.6042    0.427974    5.83512    
1    17    10    -6457.91    -21.4101    0.430297    5.77031    
1    18    11    -6458.21    -20.6485    0.433828    5.78227    
1    23    12    -6457.72    -20.1657    0.431552    5.79104    
1    24    13    -6458.76    -20.5277    0.431259    5.8142    
1    25    14    -6460.39    -20.5907    0.436918    5.81789    
1    27    15    -6461.67    -20.8604    0.43736    5.80677    
1    31    16    -6463.25    -20.8139    0.442275    5.83287    
1    33    17    -6462.66    -20.4359    0.44178    5.89871    
1    34    18    -6465.36    -20.8092    0.443468    5.90257    
1    35    19    -6465.9    -19.9149    0.450212    5.89458    
1    37    20    -6465.53    -20.5096    0.446084    5.92499    
1    39    21    -6466.71    -20.7055    0.445983    5.89478    
1    40    22    -6467.92    -20.8214    0.444733    5.89193    
1    41    23    -6464.29    -20.6153    0.429099    5.9919    
1    42    24    -6464.16    -20.1899    0.428804    5.98483    
1    45    25    -6464.02    -20.6957    0.426128    5.9374    
1    46    26    -6463.51    -20.405    0.426337    5.96482    
1    47    27    -6464.88    -20.7577    0.427159    5.94825    
1    48    28    -6463.99    -21.2873    0.430848    5.92828    
1    49    29    -6466.96    -21.46    0.429115    5.96173    
1    50    30    -6468.25    -21.1818    0.429033    5.96008    
1    51    31    -6468.14    -21.3493    0.421926    5.95945    
1    52    32    -6468.05    -21.2951    0.422987    5.97929    
1    54    33    -6468.31    -21.5887    0.420551    5.92908    
1    55    34    -6469.17    -21.8815    0.414699    5.92607    
1    58    35    -6469.26    -20.9662    0.418081    5.93846    
1    60    36    -6468.2    -19.9735    0.414029    5.92444    
1    62    37    -6469.18    -20.5594    0.416277    5.92789    
1    65    38    -6467.2    -21.3055    0.416842    5.92157    
1    75    39    -6463.73    -21.846    0.419345    5.93714    
1    77    40    -6465.5    -20.7039    0.413157    5.91764    
1    80    41    -6464    -21.5493    0.414245    5.91986    
1    82    42    -6463.67    -21.3528    0.415666    5.92214    
1    83    43    -6461.25    -16.2677    0.39318    5.93728    
1    86    44    -6461.68    -17.1307    0.398575    5.9147    
1    89    45    -6465.42    -18.0443    0.405374    5.89363    
1    90    46    -6465.84    -17.8511    0.406813    5.89547    
1    93    47    -6463.13    -16.9975    0.403212    5.91652    
1    95    48    -6461.26    -17.7151    0.405382    5.90876    
1    98    49    -6463.61    -17.7736    0.402716    5.90809    
