#Task    Step    numberOfAcceptedPeleSteps    currentEnergy    BindingEnergy    sasaLig    distance_A35SG_L1S1    
1    0    0    -6247.3    -2.86113    0.479667    5.62287    
1    1    1    -6442.33    -16.3423    0.426574    5.75669    
1    5    2    -6444.92    -16.0431    0.425051    5.72186    
1    6    3    -6445.87    -16.2639    0.427557    5.74708    
1    7    4    -6446.72    -16.4866    0.417172    5.73123    
1    9    5    -6448.15    -12.918    0.434848    5.77485    
1    10    6    -6448.44    -13.6845    0.441533    5.81957    
1    12    7    -6441.85    -14.3497    0.428583    5.85927    
1    13    8    -6452.23    -19.9648    0.415484    5.80978    
1    15    9    -6452.99    -18.9133    0.421745    5.81352    
1    17    10    -6458.36    -20.3116    0.422028    5.76152    
1    18    11    -6461.24    -20.9784    0.422962    5.77962    
1    20    12    -6462.05    -20.3182    0.424878    5.89641    
1    23    13    -6464.5    -20.7991    0.419004    5.85517    
1    24    14    -6465.12    -20.8164    0.419931    5.87519    
1    25    15    -6463.3    -20.7239    0.413813    5.81235    
1    27    16    -6466.16    -20.6793    0.414446    5.82721    
1    29    17    -6465.96    -21.2949    0.412053    5.84015    
1    31    18    -6468.32    -20.6966    0.411634    5.89327    
1    32    19    -6467.81    -20.3745    0.406331    5.84006    
1    33    20    -6468.01    -20.4344    0.408334    5.84806    
1    34    21    -6467.32    -20.9095    0.405501    5.85353    
1    35    22    -6467.57    -20.5975    0.406727    5.85634    
1    38    23    -6468.58    -20.508    0.403932    5.87001    
1    41    24    -6463.93    -19.6013    0.407176    5.89255    
1    42    25    -6467.51    -20.4499    0.409972    5.88164    
1    44    26    -6467.43    -20.696    0.408688    5.88894    
1    46    27    -6465.23    -19.8766    0.406564    5.87143    
1    47    28    -6465.49    -19.5583    0.407321    5.87678    
1    49    29    -6466.78    -19.5551    0.409872    5.92185    
1    53    30    -6466.56    -16.2545    0.433515    5.89886    
1    55    31    -6468.86    -16.0144    0.436449    5.91057    
1    59    32    -6469.11    -19.5037    0.428123    5.90949    
1    60    33    -6469.95    -19.5259    0.428327    5.94349    
1    61    34    -6467.98    -19.3318    0.425625    5.91245    
1    62    35    -6459.8    -14.1213    0.432535    5.99619    
1    64    36    -6467.65    -16.4536    0.41772    5.8868    
1    65    37    -6471.92    -19.9432    0.428834    5.87221    
1    67    38    -6468.37    -20.0514    0.429184    5.85125    
1    68    39    -6466.12    -20.4441    0.430859    5.8192    
1    70    40    -6467.88    -20.167    0.430504    5.82178    
1    71    41    -6467.61    -19.5169    0.430442    5.86273    
1    74    42    -6467.16    -20.0706    0.427802    5.775    
1    75    43    -6468.46    -19.315    0.428199    5.78592    
1    79    44    -6468.64    -18.3819    0.4395    5.82621    
1    82    45    -6469.12    -19.7644    0.43424    5.84309    
1    84    46    -6469.56    -20.0692    0.43442    5.94218    
1    87    47    -6468.27    -20.269    0.429899    5.83327    
1    90    48    -6469.25    -20.2894    0.430284    5.82906    
1    91    49    -6468.54    -19.871    0.431322    5.84536    
1    94    50    -6466.45    -19.2945    0.42522    5.76662    
1    96    51    -6468.96    -20.4809    0.429361    5.83245    
1    99    52    -6465.54    -19.0557    0.430146    5.8423    
