#Task    Step    numberOfAcceptedPeleSteps    currentEnergy    BindingEnergy    sasaLig    distance_A35SG_L1S1    
1    0    0    -6247.3    -2.86113    0.479667    5.62287    
1    1    1    -6434.04    -17.3221    0.433852    5.73666    
1    2    2    -6436.31    -17.1571    0.432542    5.79131    
1    3    3    -6440.54    -17.3826    0.424599    5.72394    
1    4    4    -6441.38    -16.6658    0.427689    5.77905    
1    5    5    -6449.43    -22.3202    0.410649    5.82321    
1    7    6    -6452.55    -22.5777    0.413863    5.78244    
1    8    7    -6455.07    -23.9556    0.408571    5.80187    
1    9    8    -6451.95    -23.2795    0.405364    5.98072    
1    10    9    -6456.67    -22.4814    0.406111    6.01787    
1    12    10    -6457.34    -22.6425    0.406502    6.00278    
1    18    11    -6457.66    -22.221    0.411545    6.1898    
1    21    12    -6457.99    -22.4241    0.417134    6.22712    
1    22    13    -6460.2    -22.1811    0.414944    6.23771    
1    23    14    -6458.78    -20.9119    0.40966    6.21889    
1    24    15    -6460.08    -20.1647    0.412501    6.20546    
1    25    16    -6460.35    -17.3185    0.41986    6.37313    
1    26    17    -6460.23    -17.2188    0.414548    6.35031    
1    28    18    -6464.37    -16.9272    0.416251    6.50017    
1    32    19    -6466.21    -17.1291    0.417025    6.47514    
1    48    20    -6466.51    -17.9336    0.419521    6.33998    
1    49    21    -6465.61    -17.6867    0.416512    6.3437    
1    53    22    -6461.41    -21.0689    0.420568    6.31836    
1    61    23    -6462.09    -21.7666    0.41722    6.27521    
1    62    24    -6463.6    -21.4372    0.416226    6.25247    
1    63    25    -6464.12    -18.4902    0.402363    6.25363    
1    65    26    -6463.19    -12.4077    0.422651    6.23334    
1    66    27    -6468.23    -14.2089    0.421485    6.26291    
1    68    28    -6467.22    -14.4494    0.423068    6.28037    
1    71    29    -6469.54    -17.7608    0.448396    6.23007    
1    72    30    -6466.31    -17.9071    0.451043    6.19529    
1    75    31    -6469.21    -17.0023    0.455154    6.19768    
1    85    32    -6464.88    -17.7457    0.45428    6.19274    
1    87    33    -6466.69    -18.0574    0.454146    6.18292    
1    88    34    -6470.96    -17.3734    0.457452    6.22043    
1    90    35    -6471.4    -17.3784    0.457838    6.22052    
1    91    36    -6470.03    -17.3273    0.456568    6.2159    
1    93    37    -6466.55    -16.9818    0.459695    6.21663    
1    97    38    -6471.43    -17.2941    0.450839    6.17877    
