#Task    Step    numberOfAcceptedPeleSteps    currentEnergy    BindingEnergy    sasaLig    distance_A35SG_L1S1    
1    0    0    -6247.3    -2.86113    0.479667    5.62287    
1    1    1    -6401.94    -18.4106    0.428216    5.72956    
1    2    2    -6416.67    -13.4754    0.407114    5.72141    
1    4    3    -6428.7    -17.8096    0.406947    5.86124    
1    5    4    -6447.66    -22.5274    0.400377    5.72189    
1    7    5    -6449.57    -22.4398    0.410528    5.57537    
1    11    6    -6449.82    -22.5649    0.407749    5.58878    
1    14    7    -6450.03    -22.6928    0.406589    5.60393    
1    15    8    -6449.62    -22.0756    0.408355    5.59888    
1    21    9    -6447.87    -23.8747    0.399138    5.73675    
1    22    10    -6448.94    -23.522    0.403139    5.73564    
1    23    11    -6452.8    -24.0615    0.407614    5.75871    
1    25    12    -6449.19    -22.8245    0.410687    5.64544    
1    27    13    -6450.65    -23.0646    0.411765    5.67021    
1    28    14    -6451.01    -22.8157    0.406967    5.72106    
1    31    15    -6451    -23.4587    0.406205    5.70352    
1    32    16    -6452.41    -23.4634    0.406942    5.71263    
1    33    17    -6452.27    -23.6495    0.405676    5.72948    
1    35    18    -6451.2    -23.7898    0.406082    5.72421    
1    37    19    -6450.67    -21.0154    0.376936    5.64321    
1    39    20    -6451.51    -20.528    0.377611    5.66523    
1    41    21    -6451.13    -21.1035    0.376045    5.70351    
1    42    22    -6451.21    -21.4145    0.373923    5.67182    
1    46    23    -6451.33    -21.5398    0.382706    5.71377    
1    47    24    -6455.84    -24.2597    0.407885    5.7299    
1    51    25    -6458.76    -23.3084    0.419599    5.83779    
1    64    26    -6458.2    -22.9881    0.417614    5.88863    
1    65    27    -6458.46    -22.9491    0.413882    5.82051    
1    70    28    -6459.4    -22.6657    0.411421    5.87318    
1    72    29    -6454.59    -22.4506    0.4065    5.89811    
1    74    30    -6458.54    -21.7371    0.409421    5.91201    
1    75    31    -6456.58    -22.068    0.408462    5.85841    
1    80    32    -6456.65    -23.334    0.403886    5.79399    
1    83    33    -6462.17    -23.5653    0.407645    5.85161    
1    85    34    -6460.88    -23.82    0.406086    5.87072    
1    88    35    -6459.91    -23.5538    0.399488    5.89309    
1    90    36    -6462.25    -23.3518    0.4035    5.88374    
1    92    37    -6462.93    -23.1804    0.403471    5.87218    
1    94    38    -6463.07    -23.6307    0.403654    5.89247    
1    95    39    -6462.7    -22.6608    0.403759    5.88464    
1    97    40    -6462.65    -23.5545    0.406912    5.85682    
1    98    41    -6460.64    -23.624    0.406846    5.88659    
1    99    42    -6463.82    -24.1656    0.407405    5.89597    
1    100    43    -6462.17    -17.6849    0.431151    5.89741    
