#Task    Step    numberOfAcceptedPeleSteps    currentEnergy    BindingEnergy    sasaLig    distance_A35SG_L1S1    
1    0    0    -6247.3    -2.86113    0.479667    5.62287    
1    1    1    -6407.2    -14.4038    0.440139    6.89878    
1    2    2    -6422.98    -15.2551    0.436534    6.84103    
1    3    3    -6429.93    -4.88623    0.436163    6.81012    
1    4    4    -6441.27    -5.69172    0.43628    6.8615    
1    5    5    -6448.77    -17.4204    0.43608    6.7734    
1    6    6    -6451.97    -14.3948    0.436054    6.71148    
1    8    7    -6453.1    -14.5435    0.43657    6.7871    
1    9    8    -6454.54    -14.249    0.4383    6.83827    
1    10    9    -6445.87    -13.1705    0.431201    6.7912    
1    13    10    -6454.25    -19.1684    0.414748    6.86043    
1    14    11    -6454.91    -18.9156    0.415052    6.90587    
1    15    12    -6455.55    -19.6657    0.424651    6.90932    
1    17    13    -6455.05    -19.5612    0.431898    6.92689    
1    18    14    -6457.46    -19.7829    0.431397    6.89957    
1    19    15    -6458.7    -18.6931    0.431227    6.89562    
1    20    16    -6458.33    -18.33    0.428994    6.90048    
1    21    17    -6457.15    -18.5388    0.42629    6.85321    
1    23    18    -6454.49    -16.8544    0.421657    6.83054    
1    24    19    -6452.83    -15.9443    0.417908    6.85865    
1    29    20    -6456.14    -16.5963    0.430952    6.84458    
1    31    21    -6458.77    -20.4255    0.427923    6.84861    
1    35    22    -6456.91    -15.4657    0.443015    6.81287    
1    36    23    -6455.68    -15.2097    0.442105    6.82337    
1    38    24    -6455.52    -15.777    0.441048    6.85716    
1    39    25    -6456.72    -17.2695    0.393578    6.75917    
1    40    26    -6458.25    -17.3606    0.388091    6.78286    
1    44    27    -6459    -17.979    0.39174    6.81361    
1    50    28    -6458.76    -17.353    0.39241    6.81359    
1    53    29    -6458.46    -19.9676    0.408998    6.84999    
1    56    30    -6457.84    -19.0576    0.410229    6.8048    
1    57    31    -6457.08    -19.614    0.406522    6.81976    
1    59    32    -6457.89    -19.7181    0.40591    6.83424    
1    60    33    -6458.09    -19.7446    0.407772    6.82648    
1    61    34    -6451.83    -19.8159    0.410478    6.81108    
1    62    35    -6459.55    -19.2638    0.413094    6.85017    
1    64    36    -6459.59    -19.4539    0.413352    6.85179    
1    65    37    -6459.27    -19.8521    0.409767    6.76901    
1    66    38    -6460.07    -19.3917    0.410544    6.78602    
1    67    39    -6461.12    -19.1214    0.406948    6.78482    
1    68    40    -6462.09    -19.1344    0.408558    6.76548    
1    69    41    -6464.94    -20.3183    0.407391    6.75991    
1    71    42    -6464.93    -19.9734    0.405182    6.76469    
1    73    43    -6463.66    -20.2058    0.403516    6.69474    
1    74    44    -6464.08    -19.4512    0.409994    6.77653    
1    75    45    -6469.32    -19.8605    0.411013    6.75817    
1    79    46    -6468.52    -20.2671    0.406659    6.74476    
1    80    47    -6468.89    -19.949    0.405201    6.74282    
1    83    48    -6467.5    -19.7739    0.406957    6.69271    
1    84    49    -6464.85    -17.4716    0.405753    6.8586    
1    85    50    -6469.04    -20.3919    0.408133    6.76881    
1    89    51    -6470.27    -20.1907    0.407821    6.77321    
1    90    52    -6470.53    -19.9942    0.408812    6.77868    
1    91    53    -6470.21    -20.5703    0.41003    6.76082    
1    92    54    -6466.94    -20.2042    0.401996    6.68367    
1    93    55    -6467.49    -20.4437    0.404666    6.74344    
1    94    56    -6468.48    -20.4512    0.404282    6.75581    
1    95    57    -6467.53    -20.3747    0.400263    6.71975    
1    99    58    -6469.81    -20.2935    0.410055    6.74577    
1    100    59    -6469.4    -19.8448    0.407965    6.69265    
