#Task    Step    numberOfAcceptedPeleSteps    currentEnergy    BindingEnergy    sasaLig    distance_A35SG_L1S1    
1    0    0    -6247.3    -2.86113    0.479667    5.62287    
1    1    1    -6421.87    -15.4336    0.437221    5.69581    
1    2    2    -6425.39    -14.776    0.438657    5.69674    
1    4    3    -6425.76    -12.585    0.440037    5.70955    
1    6    4    -6433.58    -15.0406    0.439393    5.69393    
1    7    5    -6444.76    -16.4665    0.436959    5.71218    
1    9    6    -6449.37    -16.5618    0.439266    5.69705    
1    10    7    -6450.3    -16.8318    0.44001    5.69459    
1    12    8    -6450.78    -16.4357    0.439529    5.69283    
1    14    9    -6451.05    -16.3768    0.43966    5.70394    
1    15    10    -6449.77    -18.4791    0.38221    5.70715    
1    16    11    -6452.51    -19.1241    0.384261    5.77199    
1    17    12    -6454.72    -18.4271    0.381923    5.77085    
1    18    13    -6453.74    -18.6263    0.381555    5.80638    
1    19    14    -6456.57    -12.5852    0.402426    5.76537    
1    23    15    -6454.1    -12.3373    0.403633    5.72602    
1    24    16    -6456.09    -12.2263    0.405543    5.75063    
1    26    17    -6456.42    -12.0946    0.406386    5.76068    
1    27    18    -6453.16    -11.8291    0.408571    5.79047    
1    28    19    -6453.94    -12.2574    0.406684    5.79104    
1    29    20    -6453.02    -21.2042    0.39901    5.80266    
1    32    21    -6454.95    -21.6369    0.402484    5.84576    
1    33    22    -6456.4    -19.7272    0.407505    5.79148    
1    34    23    -6453.97    -19.6742    0.400465    5.7957    
1    35    24    -6457.98    -18.9381    0.401954    5.78262    
1    39    25    -6458.08    -18.7492    0.405992    5.77362    
1    41    26    -6458.12    -20.2026    0.40611    5.75905    
1    45    27    -6455.2    -20.5098    0.407368    5.75617    
1    46    28    -6450.25    -20.4465    0.398466    5.54818    
1    47    29    -6452.45    -16.6466    0.399447    5.73743    
1    49    30    -6455.73    -20.4768    0.394284    5.72938    
1    51    31    -6456.81    -19.2185    0.398881    5.78659    
1    52    32    -6458.53    -19.3461    0.396137    5.77764    
1    55    33    -6458.54    -19.9742    0.399024    5.77464    
1    58    34    -6458.99    -18.4961    0.403078    5.81358    
1    59    35    -6462.04    -18.931    0.40568    5.83763    
1    60    36    -6464.55    -18.4213    0.404784    5.82663    
1    63    37    -6465.63    -18.4818    0.410164    5.85478    
1    64    38    -6465.98    -18.3601    0.409439    5.88467    
1    66    39    -6464.4    -18.1902    0.407323    5.89141    
1    67    40    -6464.18    -17.3409    0.408592    5.84232    
1    68    41    -6461.64    -19.6157    0.410677    5.78519    
1    69    42    -6462.31    -18.9209    0.412158    5.74493    
1    70    43    -6461.52    -19.4274    0.394965    5.73072    
1    71    44    -6464.56    -18.4288    0.404602    5.75583    
1    72    45    -6465.82    -18.7636    0.404826    5.79503    
1    75    46    -6467.49    -18.7021    0.409227    5.80042    
1    76    47    -6465.75    -18.9161    0.409727    5.7924    
1    77    48    -6465.83    -19.0118    0.407388    5.75506    
1    81    49    -6465.45    -17.8    0.410394    5.7292    
1    85    50    -6461.97    -18.3008    0.412398    5.81024    
1    86    51    -6465.58    -18.5306    0.409924    5.80036    
1    87    52    -6468.25    -19.0214    0.414454    5.83201    
1    88    53    -6467.54    -18.2813    0.413251    5.82427    
1    89    54    -6465.85    -18.34    0.411535    5.7873    
1    90    55    -6467.6    -18.3115    0.409874    5.81276    
1    91    56    -6468.79    -18.6175    0.414591    5.85241    
1    92    57    -6468.86    -18.4262    0.412543    5.84808    
1    94    58    -6469.46    -18.2866    0.410055    5.83061    
1    95    59    -6468.45    -18.3944    0.411682    5.81546    
1    98    60    -6469.53    -17.7535    0.412279    5.81777    
