#Task    Step    numberOfAcceptedPeleSteps    currentEnergy    BindingEnergy    sasaLig    distance_A35SG_L1S1    
1    0    0    -6247.3    -2.86113    0.479667    5.62287    
1    1    1    -6395.71    -15.6067    0.442234    5.68361    
1    2    2    -6415.65    -16.3785    0.438052    5.69195    
1    3    3    -6435.18    -17.3571    0.436488    5.67031    
1    4    4    -6438.87    -17.5607    0.43594    5.72643    
1    5    5    -6438.81    -17.0565    0.44017    5.69488    
1    7    6    -6440.98    -16.4333    0.439021    5.70943    
1    11    7    -6442.77    -18.67    0.39641    5.74446    
1    12    8    -6449.09    -18.3355    0.399904    5.75574    
1    14    9    -6453.54    -18.4579    0.402273    5.86618    
1    15    10    -6454.32    -19.5156    0.403446    5.81556    
1    16    11    -6452.2    -18.3489    0.396532    5.88408    
1    17    12    -6452.59    -17.8075    0.39751    5.81934    
1    18    13    -6455.67    -17.4357    0.398737    5.83793    
1    20    14    -6455.76    -17.0666    0.399163    5.83031    
1    21    15    -6454.74    -17.2129    0.401083    6.86764    
1    22    16    -6457.61    -17.0478    0.401326    6.82149    
1    23    17    -6456.01    -20.3521    0.402121    6.84129    
1    24    18    -6455.12    -20.7097    0.401011    6.82532    
1    27    19    -6453.41    -18.9442    0.403605    6.83702    
1    28    20    -6458.01    -18.4966    0.407834    6.8632    
1    29    21    -6457.34    -17.5167    0.409988    6.83305    
1    31    22    -6457.69    -19.029    0.404587    6.82437    
1    32    23    -6459.19    -18.758    0.405926    6.81299    
1    33    24    -6459.62    -17.5338    0.408039    6.86143    
1    34    25    -6459.03    -17.5497    0.407819    6.85443    
1    35    26    -6460.69    -18.3921    0.412204    6.88318    
1    37    27    -6451.71    -18.9063    0.405907    6.83688    
1    38    28    -6459.7    -18.2777    0.404678    6.86684    
1    40    29    -6455.87    -19.7348    0.402399    6.79044    
1    42    30    -6461.67    -19.3515    0.404712    6.85997    
1    43    31    -6464.62    -18.8414    0.411296    6.87761    
1    44    32    -6465.02    -18.8792    0.409424    6.85821    
1    47    33    -6465.12    -18.7164    0.412385    6.85952    
1    49    34    -6465.03    -18.812    0.411531    6.81491    
1    50    35    -6464.62    -18.3179    0.409909    6.83122    
1    51    36    -6464.38    -18.7341    0.411778    6.84493    
1    53    37    -6462.65    -17.8457    0.415497    6.81954    
1    55    38    -6462.78    -18.0489    0.412844    6.78069    
1    56    39    -6462.68    -17.9975    0.41083    6.80648    
1    58    40    -6463.59    -17.9873    0.405902    6.79914    
1    61    41    -6463.66    -17.3529    0.410875    6.80482    
1    62    42    -6465.77    -18.412    0.409976    6.82614    
1    64    43    -6466.61    -17.958    0.409177    6.83407    
1    65    44    -6465.61    -17.4707    0.406947    6.78722    
1    66    45    -6463.73    -18.8653    0.405482    6.80934    
1    67    46    -6467.26    -17.7355    0.409752    6.82881    
1    68    47    -6467.55    -18.2313    0.408028    6.8389    
1    71    48    -6467.4    -17.9047    0.410861    6.85601    
1    72    49    -6468.23    -17.8691    0.409168    6.85596    
1    79    50    -6467.66    -18.3294    0.409648    6.86035    
1    80    51    -6466.95    -18.7971    0.408159    6.86031    
1    81    52    -6467.25    -17.8614    0.411219    6.85506    
1    83    53    -6467.87    -18.0064    0.411242    6.85422    
1    86    54    -6468.89    -17.8398    0.410779    6.8514    
1    91    55    -6467.95    -18.8967    0.409809    6.84873    
1    93    56    -6467.79    -18.67    0.407153    6.88321    
1    95    57    -6468.32    -18.8284    0.408736    6.88537    
1    98    58    -6466.85    -18.9035    0.397876    6.87407    
1    99    59    -6460.81    -19.3473    0.405145    6.83084    
