25	4153	1.00	5.002E-101	0	445	446	0	445	446	446M
28	765	0.220	6.692E-26	3	439	446	5	418	431	24M1D15M1D14M1I35M5I6M24I3M1D1M8D12M1D15M6I8M1D40M2I4M2D10M4I3M6D3M10I3M1D16M1I9M1D4M1I19M4I5M3D23M15D2M1I11M2I22M1D35M3I1M1I11M1I7M1D10M
17	762	0.245	2.312E-25	3	440	446	4	407	420	24M1D14M1D15M1I35M5I8M16I1M1D7M2I9M1D18M6I8M1D12M1I27M1I15M2I4M4D4M9I18M1I10M2I23M4I4M3D26M1I9M5D26M1D35M3I15M4D6M2I9M
41	699	0.193	2.065E-25	3	442	446	13	460	470	9M2D1M19D31M5D47M6I11M15I6M4I25M4I4M2D6M1D19M1D21M2I2M1I25M8I12M1D19M3D18M3I23M1I6M2I5M6D3M3D2M1I8M5D12M7D22M1I6M2D28M1I20M
18	611	0.205	3.898E-23	3	441	446	11	463	482	10M23D28M6D5M1I11M1I3M1D29M10I13M10I5M4I25M4I4M2D6M1D19M1D20M2I3M1I12M4I6M3I7M1I15M1D11M2D24M3I22M1I7M2I6M4D10M5D15M11D19M1D6M3D31M1I7M1D12M
36	608	0.202	6.118E-23	3	441	446	11	463	481	10M23D28M6D5M1I11M1I3M1D29M10I13M10I5M4I25M3I4M1D7M1D19M1D20M2I3M1I12M4I4M3I9M1I15M1D11M2D24M3I22M1I7M2I6M4D10M5D15M11D19M1D6M3D31M1I7M1D12M
34	603	0.200	9.602E-23	3	441	446	11	463	482	10M23D28M6D5M1I11M1I3M1D29M10I13M10I5M4I25M3I4M1D7M1D12M1D27M2I3M1I12M4I4M3I9M1I15M1D11M2D24M3I22M1I7M2I6M4D10M5D15M11D19M1D6M3D31M1I7M1D12M
37	603	0.200	7.664E-23	3	441	446	11	463	482	10M23D28M6D5M1I11M1I3M1D29M10I13M10I5M4I25M3I4M1D7M1D12M1D27M2I3M1I17M7I8M1I14M1D12M2D24M3I22M1I7M2I6M4D10M5D15M11D19M1D6M3D31M1I7M1D12M
19	599	0.198	1.594E-22	3	441	446	11	463	482	10M23D31M5D14M1I3M1D29M10I13M10I5M4I25M3I4M1D7M1D12M1D27M2I3M1I12M4I4M3I9M1I15M1D11M2D24M3I22M1I7M2I6M4D10M5D15M11D19M1D6M3D31M1I7M1D12M
24	596	0.188	3.712E-22	3	441	446	10	455	470	6M1D4M22D32M2D1M3D45M1D9M18I9M7I23M4I5M2D6M1D19M1D21M2I2M1I17M7I8M1I9M1D17M2D21M3I27M1I4M2I5M6D5M2I5M5D15M11D21M1I6M2D11M2I15M1I4M1I14M
7	590	0.178	1.785E-22	3	439	446	13	458	479	10M21D31M5D14M1I3M1D30M6I8M12I3M3I5M4I25M4I4M2D6M1D19M1D21M2I2M1I13M7I12M1I14M1D8M3D26M3D5M6I18M1I5M2I4M6D4M2D10M5D9M7D25M1I7M6D9M7I5M2D6M1I3M2D14M
35	588	0.186	1.507E-22	3	441	446	7	459	479	4M2D10M21D28M5D46M10I13M10I5M4I25M4I3M2D7M1D12M1D27M2I3M1I17M7I8M1I14M1D12M2D24M3I27M1I2M2I5M6D4M2D6M5D12M7D26M1D3M3D31M1I7M1D12M
22	572	0.176	1.357E-21	3	441	446	13	464	482	6M2D8M21D28M2D1M3D45M8I6M8I7M4I6M1I1M3I23M4I4M2D6M1D12M1D27M3I20M7I7M1I12M1D15M2D22M3D5M6I16M1I6M2I5M6D4M3D6M5D2M1I11M7D22M1D4M1D1M1D4M2D10M2I16M1I6M1D13M
16	567	0.200	1.146E-21	3	436	446	15	482	493	8M23D2M7D11M2D15M4D4M5D15M1I3M1D31M4I5M17I5M3D10M3D3M2D6M1I12M4I4M2I5M1D36M1D21M2I8M2I28M1D8M2D22M3I23M1I8M2I4M6D7M7D4M2I10M3D23M1D3M2D9M1I6M4I3M3D12M3D14M
46	562	0.188	1.607E-21	3	441	446	10	461	489	10M23D32M5D4M1D42M8I2M1I3M7I8M4I6M4I10M1I3M3D10M2I4M1I6M1D7M1D34M2I2M1I15M2I1M5I9M1I5M2D15M4D13M1I14M3I26M1I4M2I6M4D7M5D2M5D2M1I10M7D25M1I6M3D11M3I14M1I7M1D12M
38	550	0.178	9.749E-21	3	441	446	10	460	478	7M1D3M22D32M2D1M3D45M8I10M9I3M3I6M1I1M3I22M4I5M2D6M1D12M1D28M2I2M1I17M7I8M1I9M1D12M3D10M1I5M2I3M2D7M3I23M1I6M2I7M4D10M3D2M6D12M7D20M2D3M1D6M2D11M3I14M1I10M1D9M
10	531	0.181	4.958E-21	1	438	446	0	476	486	13M9D27M1D5M2I9M9D35M16D7M9D6M9I6M8I3M2I2M1D3M2I8M10D10M3I5M6D5M1D12M1D21M4D14M1I14M7I9M2D20M2D7M5I4M3D20M1I26M2I3M3D10M2I11M4I4M4D16M5D7M2D3M1I9M1D3M3I5M1D16M1D8M
39	514	0.175	3.770E-20	3	441	446	10	462	488	7M4D4M20D32M5D12M1I3M1D29M8I5M1I11M8I3M7I14M1D10M4I4M2D6M1D13M1D27M2I2M1I21M8I4M1D9M1D6M2I4M4D29M3I27M3I6M6D10M8D2M1I14M7D18M1I9M6D9M4I15M1I7M1D12M
15	508	0.171	2.541E-20	1	438	446	2	475	489	13M9D27M1D5M2I9M9D35M15D7M10D6M9I6M8I3M2I2M1D3M2I8M10D10M3I5M6D7M1D18M1D13M4D14M1I10M6I4M1I9M2D21M2D6M5I4M3D20M1I26M2I13M2D15M4I18M5D7M2D3M1I10M1D2M3I4M1D17M1D8M
23	487	0.159	1.302E-19	3	438	446	3	475	485	11M9D27M1I15M9D38M1I6M4D5M13I7M2I2M1I3M20D3M2I8M11D4M1D3M2I2M2I5M6D7M1D10M1D21M4D8M2I5M1D14M7I9M2D22M1I4M2I7M3D20M1I26M5I7M3I3M4D34M1D1M4D6M2D3M1I14M2I9M1D11M1D8M
14	459	0.157	6.307E-19	1	438	446	2	475	485	12M8D29M8D8M3D4M3I38M1I6M4D5M13I7M2I2M1I3M20D3M2I8M12D1M7I10M6D5M1D12M1D21M4D8M2I5M1D14M7I9M2D20M2D5M5I6M3D20M1I26M2I3M3D10M2D15M4I18M5D7M2D3M1I13M2I5M1D16M1D8M
20	448	0.193	1.322E-17	0	437	446	0	405	407	14M8D29M3I6M1D42M2I3M5D7M9I2M2I4M9I6M4I10M3I17M1D16M1D24M2I22M8D14M5D15M5I6M1D7M5D14M2I24M1I8M8I5M2I12M2D7M1D29M7I16M10I6M1I3M
27	435	0.162	1.250E-17	3	438	446	1	482	494	8M3D3M5D43M9D35M15D9M8D2M7I9M10I10M1I4M14D6M5I11M6D5M1D20M1D15M4D8M1I15M4I3M3I9M2D12M5D3M3I6M5D7M7I18M1I26M5I3M10D3M6D4M5I32M1D1M1D3M3D8M1I6M3D2M5I5M1D11M2D3M1I9M
12	426	0.206	1.125E-16	0	392	446	0	378	407	14M8D27M1I3M2I5M1D42M3D13M17I8M3I4M8I5M2I1M4D17M1D16M1D24M2I22M8D13M4D16M5I6M1D7M5D14M2I24M1I8M8I5M2I18M3D28M
21	425	0.215	1.399E-17	0	433	446	0	400	403	10M1D7M4D9M3D17M3I7M2I4M3D35M3I4M2D2M4D3M9I2M2I4M9I7M8I5M2I1M4D17M1D16M1D24M2I20M7D5M1D10M2D6M4D10M6I11M3D15M2I24M1I8M8I5M2I15M2D4M1D27M7I8M2I12M8I4M
33	422	0.190	2.600E-17	0	437	446	0	403	409	17M8D26M3I7M2I4M3D35M3D12M9I2M2I4M9I7M8I3M4D13M2I7M1D16M1D24M2I19M7D6M1I2M2D8M2D5M4D10M7I6M1I4M5D14M2I24M1I8M8I5M2I11M2D8M1D27M7I15M12I2M2D5M1I3M
32	417	0.197	5.722E-17	0	437	446	0	403	409	14M8D29M3I7M2I4M3D35M3D13M17I8M4I3M3I1M4I3M4D7M2I13M1D16M1D24M2I19M7D6M1D11M2D5M4D10M7I6M1I4M5D14M2I24M1I8M8I5M2I11M2D8M1D27M7I15M3I3M7I6M1I3M
29	416	0.191	1.669E-16	1	437	446	2	404	410	13M8D29M3I13M1D35M3I4M2D2M5D4M18I7M3I4M8I5M2I1M4D17M1D16M1D24M2I15M7D10M1D11M2D15M5I8M1D5M5D14M2I24M1I8M8I5M2I12M2D6M1D28M7I15M12I3M2D4M1I3M
11	416	0.190	3.857E-17	1	433	446	2	404	412	13M8D30M3I6M2I4M3D35M3D13M17I8M3I4M8I5M2I1M4D17M1D17M1D23M2I20M7D5M1D11M5D5M4D10M6I11M3D15M2I24M1I8M5I2M2I8M3I7M2D7M1D27M17I4M1I14M1D5M
13	414	0.191	1.410E-16	0	438	446	0	408	409	14M8D27M1I3M2I6M2I4M3D35M3I4M2D2M4D4M17I8M3I3M4I30M1D16M1D24M2I22M8D13M4D16M5I6M1D7M5D14M2I24M1I8M8I5M2I12M2D8M1D26M7I15M2D3M12I4M1I4M
26	409	0.158	4.112E-16	2	438	446	1	482	495	11M6D1M1D43M9D34M15D10M8D2M7I9M10I10M1I4M14D6M5I11M6D5M1D20M1D15M4D8M1I15M4I3M3I9M2D12M2D12M5D7M7I18M1I26M5I3M10D3M6D4M5I32M2D4M3D8M1I7M5I2M3D4M1D11M1D13M
30	398	0.209	3.472E-16	2	392	446	2	376	408	12M8D29M3I7M2I4M3D35M2I3M5D8M17I8M3I4M8I4M4D12M2I7M1D16M1D24M2I14M1I8M9D13M2D5M4D10M6I11M3D15M2I24M1I8M8I5M2I11M2D7M1D28M
31	396	0.205	1.063E-16	0	392	446	0	376	409	14M8D29M3I7M2I4M3D35M3D12M9I2M8I7M4I3M3I1M4I3M4D7M2I13M1D16M1D24M2I10M4D3M7D3M4I5M1I2M2D8M2D5M4D10M4D5M4D1M11I15M2I24M1I8M8I5M2I15M2D3M1D28M
3	392	0.189	8.085E-16	1	433	446	0	405	414	10M9D32M3I7M2I4M3D35M3D12M9I2M8I7M3I4M8I7M2D18M1D16M2D24M2I7M1D13M7D5M1D11M5D15M2I15M3D15M2I24M1I8M2I3M1I9M7I5M2D7M1D27M7I15M12I3M2D4M
40	388	0.189	1.199E-15	1	433	446	0	405	413	10M9D32M3I7M2I4M3D35M3D12M9I2M8I7M3I4M8I5M2D20M1D16M2D24M2I7M1D13M7D5M1D11M5D15M2I15M3D15M2I24M1I8M2I3M1I9M7I5M2D7M1D27M7I15M12I3M2D4M
8	371	0.148	6.453E-16	3	439	446	9	450	472	11M11D4M35D23M5I3M2D10M1I2M1D29M10I18M16I5M3I3M10I14M2I16M3D24M2D20M4I4M5I2M4I18M1D9M7I4M4D3M2D9M3I19M1I9M2I4M6D5M6D1M2D6M1I15M3D9M2I7M3D3M2D5M1I28M1I17M
6	121	0.117	1.597E-07	2	439	446	14	416	428	10M5D3M6D9M1I10M6I1M2I6M2D6M2D3M3D4M4I22M7I10M2I13M6I3M6D9M2D9M4D4M5I17M1D15M2D4M1I3M4I4M3I4M1D11M1D7M26I8M7I9M4I14M2I3M4I16M1D1M2I6M1I11M8I5M2D6M1D8M2D3M10D10M1D7M1D1M1D14M5D10M2D4M2D7M3I10M
42	118	0.112	2.001E-07	2	439	446	14	416	428	10M5D3M6D9M1I10M6I1M2I6M2D6M2D3M3D4M4I22M7I10M2I13M6I3M8D19M4D3M5I17M1D19M1I4M6D1M1D4M11I9M1D7M26I8M7I9M4I14M2I3M4I16M1D1M2I6M1I11M8I5M2D6M1D8M2D3M10D10M1D7M1D1M1D14M5D6M3D7M1D8M3I10M
0	116	0.118	4.404E-07	2	439	446	14	418	430	12M7D10M3D11M6I1M2I6M2D5M1D34M7I10M2I13M6I3M8D20M6I13M3D9M1D11M1D7M2D2M2D1M1D4M11I9M1D7M24I7M2I1M7I9M4I18M6I24M10I2M1D7M1I3M2D8M1D8M2D3M10D11M1D6M2D11M5D10M4D4M2D6M1I17M
4	116	0.116	6.176E-07	2	439	446	14	421	433	10M5D13M5D10M2D14M6I4M3D4M4I28M7I4M2I13M6I3M6D9M2D14M6I15M6D16M4D3M1I4M4D1M1D3M9I1M2I9M1D7M26I9M8I8M3I18M6I15M1D1M2I6M1I11M8I5M2D6M1D10M12D18M2D17M1D8M10D6M1I17M
47	114	0.106	5.215E-07	2	439	446	14	420	432	10M5D13M5D10M6I1M2I6M2D6M2D3M3D4M4I22M7I10M2I13M6I3M8D24M4I6M2I8M6D14M2D5M1I4M4D1M1D3M9I1M2I9M1D5M4I2M22I8M7I9M4I18M6I15M1I8M1I11M8I5M2D5M1D9M2D3M10D10M1I3M3D16M10D12M2D6M1I17M
2	111	0.107	6.913E-07	2	439	446	14	420	432	10M5D13M5D10M6I1M2I6M2D6M2D3M3D4M4I22M7I10M2I13M6I3M8D24M2I1M1D7M1I4M1D5M1D19M1I4M6D1M1D3M9I1M2I9M1D5M4I2M22I8M7I9M4I18M6I15M1D1M2I6M1I11M4I5M2I7M1D9M2D3M10D10M1I3M3D16M10D12M2D6M1I17M
44	111	0.109	2.969E-07	2	438	446	14	442	444	10M5D3M6D9M1I10M6I2M5I8M7D3M3D4M4I28M7I4M2I16M4D6M2I16M8I10M3D8M6D16M2D3M1I2M2D2M3D3M9I2M2I9M2D3M5D2M2I5M14I4M3I5M1I3M6I10M3I19M4I16M1D2M3I16M4I5M2I8M2D3M1I7M12D11M1D8M2D13M2I2M9D9M1D8M6D4M2D8M
1	106	0.113	1.802E-06	2	439	446	14	418	430	10M5D13M5D10M6I1M2I6M2D5M1D34M7I10M2I13M6I3M6D7M2D9M1D3M7I13M3D5M1D19M1I4M6D1M1D3M11I10M1D7M26I5M2I2M5I10M4I18M6I15M1D4M2I3M1I11M8I3M2D8M1D8M2D3M10D11M1D6M2D12M9D13M2D6M1I17M
9	105	0.108	2.257E-06	2	438	446	14	420	422	10M5D11M5D21M6I6M2D3M3D4M4I22M7I10M2I13M6I3M8D18M2D4M5I17M1D15M2D4M1I3M4I4M3I4M1D8M2I11M23I8M7I9M4I18M6I24M10I2M1D7M1I3M2D8M1D10M4D2M4D3M4D6M1D7M2D16M3D2M1D10M1D8M7D4M1D8M
5	104	0.114	1.214E-06	2	442	446	7	412	423	10M5D13M5D10M3D8M4I7M3I2M3D4M4I22M7I10M2I13M6I3M6D9M1I11M2I2M1I13M3D9M1D15M1I4M6D1M1D8M11I5M1D7M24I7M2I3M4I7M7I18M6I15M1D4M2I2M4I6M3I6M2I3M2D8M1D11M12D11M1D6M2D13M7D10M4D6M2D6M5I12M
45	102	0.075	1.716E-05	2	439	446	13	444	458	9M5D18M5D6M6I1M2I15M4D4M4I25M42I2M18I2M7I1M1I1M9I25M8D12M2D11M2D4M8I2M4I9M1D3M12D10M14D2M6I9M4I18M6I15M1D4M2I4M9I5M4I8M6D14M11D2M1D1M2I4M2D2M1I3M3D12M2D14M8D3M34D1M7D2M2D9M1I10M
43	96	0.107	9.768E-06	2	439	446	14	418	430	10M5D13M5D10M6I1M2I6M2D5M1D34M7I10M2I13M6I3M6D9M2D11M6I13M3D5M1D15M2D4M1I4M4D1M1D3M11I10M1D7M26I5M2I2M5I10M4I18M6I15M1D4M2I3M1I11M8I3M2D8M1D8M2D3M10D11M1D6M2D12M9D13M2D6M1I17M
 