#Task    Step    numberOfAcceptedPeleSteps    currentEnergy    BindingEnergy    sasaLig    distance_A43SG_L1S1    
1    0    0    -6404.42    -21.0012    0.535576    7.21758    
1    1    1    -6429.87    -23.9463    0.52385    9.25612    
1    2    2    -6417.31    -3.6221    0.613013    7.35531    
1    3    3    -6410.2    -3.89983    0.597044    9.21944    
1    4    4    -6414.34    3.35067    0.639776    7.9877    
1    6    5    -6418.18    0.835576    0.574867    8.36688    
1    7    6    -6426.29    -6.78479    0.566985    7.74633    
1    8    7    -6423.75    -3.66309    0.56616    7.99887    
1    11    8    -6423.95    -4.83911    0.581464    9.39091    
1    13    9    -6429.69    -9.87237    0.603328    9.03912    
1    14    10    -6434.62    -10.7823    0.605672    8.86281    
1    15    11    -6439.36    -13.3551    0.592688    8.52875    
1    20    12    -6437.39    -9.3559    0.605449    8.63608    
1    25    13    -6435.82    -9.85703    0.628042    7.95747    
1    26    14    -6437.22    -9.0505    0.60228    8.14069    
1    32    15    -6438.91    -10.3561    0.605117    8.55416    
1    33    16    -6438.51    -11.1147    0.610108    8.51016    
1    35    17    -6441.04    -13.49    0.60315    8.82755    
1    37    18    -6435.44    -15.167    0.597529    8.04652    
1    42    19    -6433.33    -11.3044    0.573434    8.71884    
1    43    20    -6436.5    -10.9326    0.603998    7.2766    
1    44    21    -6429.34    -2.025    0.638257    6.63437    
1    45    22    -6431.65    -6.84924    0.649053    6.38896    
1    46    23    -6433.35    -5.82508    0.633745    7.02319    
1    47    24    -6433.15    -7.84945    0.60952    7.38005    
1    48    25    -6435.85    -9.52502    0.585087    7.20911    
1    49    26    -6435.72    -10.3699    0.590091    8.19556    
1    53    27    -6435.3    -10.5015    0.595768    7.36577    
1    57    28    -6436.22    -11.0398    0.590155    6.77672    
1    64    29    -6436.65    -9.40638    0.610831    6.19649    
1    66    30    -6436.27    -9.16785    0.592725    6.91555    
1    77    31    -6437.67    -9.86536    0.616837    6.65658    
1    79    32    -6436.69    -8.56292    0.605365    7.95229    
1    81    33    -6434.78    -9.48742    0.612788    7.88391    
1    82    34    -6438.49    -11.3388    0.610919    8.39887    
1    83    35    -6437.88    -15.1026    0.624932    7.64075    
1    86    36    -6438.76    -12.0242    0.628866    7.06784    
1    88    37    -6439.19    -12.9136    0.625584    6.81443    
1    89    38    -6439.51    -13.1771    0.622798    7.33965    
1    90    39    -6440.25    -12.52    0.608986    6.95808    
1    96    40    -6440.09    -10.7442    0.648563    7.13077    
1    98    41    -6442    -11.3161    0.643245    7.22966    
