#Task    Step    numberOfAcceptedPeleSteps    currentEnergy    BindingEnergy    sasaLig    distance_A43SG_L1S1    
1    0    0    -6392    -22.1968    0.557    7.24857    
1    1    1    -6398.99    -9.00519    0.599121    7.48049    
1    2    2    -6406.38    -8.37914    0.622482    7.36582    
1    3    3    -6411.36    -10.0242    0.609198    5.0825    
1    7    4    -6413.66    -8.99528    0.572086    5.18504    
1    8    5    -6420.71    -11.3485    0.605578    8.9752    
1    9    6    -6418.1    -10.7471    0.617412    8.79297    
1    11    7    -6416.62    -9.30375    0.634769    6.92994    
1    14    8    -6417.39    -10.8755    0.610087    6.19822    
1    15    9    -6434.77    -18.2873    0.616049    10.9491    
1    17    10    -6438.63    -21.5704    0.60197    10.7749    
1    20    11    -6437.98    -21.544    0.651841    10.8676    
1    26    12    -6436.51    -21.1036    0.590365    10.1647    
1    31    13    -6442.2    -24.768    0.569335    10.5571    
1    34    14    -6443.86    -29.9002    0.56797    10.1517    
1    37    15    -6442.78    -30.0871    0.58753    10.5248    
1    42    16    -6444.71    -31.8841    0.535249    9.98395    
1    49    17    -6443.05    -31.0942    0.515609    9.39545    
1    53    18    -6445.85    -36.1878    0.520124    8.51153    
1    54    19    -6445.9    -34.7481    0.53261    8.57083    
1    55    20    -6448.27    -34.6965    0.547319    8.12294    
1    58    21    -6447.6    -34.1762    0.514828    7.80361    
1    66    22    -6449.44    -35.3862    0.52434    8.38732    
1    70    23    -6448.76    -35.6851    0.487745    7.62079    
1    73    24    -6449.77    -35.4766    0.490522    7.66358    
1    79    25    -6449.81    -36.7802    0.485113    7.663    
1    84    26    -6446.7    -32.8235    0.499036    7.71781    
1    88    27    -6448.55    -32.7932    0.521425    7.531    
1    89    28    -6450.59    -35.2278    0.502599    7.70931    
