#Task    Step    numberOfAcceptedPeleSteps    currentEnergy    BindingEnergy    sasaLig    distance_A43SG_L1S1    
1    0    0    -6395.5    -12.3133    0.533037    6.93549    
1    1    1    -6437.25    -24.7792    0.503513    7.30141    
1    14    2    -6435.15    -19.736    0.513074    7.06677    
1    17    3    -6440.76    -27.1571    0.494652    7.00317    
1    37    4    -6438.78    -29.6022    0.47851    6.8002    
1    39    5    -6439.74    -27.2773    0.518185    7.34217    
1    40    6    -6442.31    -30.7607    0.493189    7.12562    
1    52    7    -6431.95    -19.3544    0.517671    7.45721    
1    53    8    -6439.85    -37.7999    0.462086    8.37098    
1    58    9    -6442.11    -33.2411    0.469417    8.53506    
1    65    10    -6448.95    -36.2293    0.468201    8.43654    
1    76    11    -6450.19    -38.5126    0.469898    8.4946    
