#Task    Step    numberOfAcceptedPeleSteps    currentEnergy    BindingEnergy    sasaLig    distance_A43SG_L1S1    
1    0    0    -6406.05    -20.2406    0.533759    7.20661    
1    1    1    -6414.75    -0.814032    0.549295    8.64789    
1    2    2    -6423.81    -4.82449    0.524868    8.281    
1    3    3    -6426.4    -7.6564    0.508798    8.12243    
1    4    4    -6426.09    -6.21644    0.523244    7.84195    
1    5    5    -6425.03    -12.3863    0.51348    7.60809    
1    7    6    -6427.57    -11.7619    0.548226    8.07144    
1    8    7    -6427.55    -12.2649    0.541026    8.1572    
1    9    8    -6432.72    -11.6288    0.641058    4.88646    
1    11    9    -6433.02    -10.2033    0.677139    4.92635    
1    12    10    -6433.53    -11.8091    0.639029    4.99003    
1    14    11    -6435.58    -11.9045    0.642946    4.2831    
1    16    12    -6437.06    -11.5073    0.646608    4.10451    
1    25    13    -6434.74    -13.0468    0.639905    3.86234    
1    26    14    -6432.35    -9.099    0.672137    5.0418    
1    35    15    -6433.44    -12.409    0.654614    3.84856    
1    38    16    -6428.92    -3.50237    0.706134    6.02893    
1    39    17    -6429.33    -6.12727    0.709752    7.56122    
1    40    18    -6430.5    -7.25332    0.721258    8.26139    
1    41    19    -6422.9    -5.55921    0.712302    7.83603    
1    42    20    -6428.41    -8.07746    0.672462    7.37087    
1    43    21    -6428.51    -8.38387    0.679408    7.43316    
1    44    22    -6429.48    -9.46657    0.680454    7.38213    
1    48    23    -6431.79    -9.03487    0.66645    7.32336    
1    49    24    -6432.92    -8.68674    0.654089    7.67273    
1    51    25    -6435.37    -9.41842    0.656915    7.87636    
1    52    26    -6433.94    -9.36176    0.616578    7.3453    
1    54    27    -6433.16    -8.32463    0.604841    7.37384    
1    55    28    -6436.06    -17.2486    0.563079    8.77972    
1    57    29    -6437.06    -19.2883    0.5547    8.37671    
1    63    30    -6436.02    -18.9073    0.54318    8.74915    
1    64    31    -6434.34    -14.0862    0.566109    8.89844    
1    66    32    -6440.42    -21.2547    0.54937    7.98553    
1    77    33    -6435.94    -21.4416    0.541833    8.45262    
1    82    34    -6435.2    -19.6785    0.557901    8.91309    
1    84    35    -6435.04    -17.9152    0.585502    9.0535    
1    85    36    -6434.57    -18.9994    0.536469    8.77526    
1    93    37    -6437.43    -20.7238    0.530241    8.72678    
1    99    38    -6435.84    -19.056    0.553006    8.56109    
