#Task    Step    numberOfAcceptedPeleSteps    currentEnergy    BindingEnergy    sasaLig    distance_A43SG_L1S1    
1    0    0    -6396.18    -27.9827    0.483538    7.21257    
1    1    1    -6424.91    -26.7732    0.492408    7.17392    
1    2    2    -6425.13    -28.4062    0.496316    7.28261    
1    6    3    -6425.51    -29.2701    0.48365    7.58438    
1    7    4    -6429.43    -30.9981    0.483429    7.42452    
1    9    5    -6430.18    -31.3978    0.475787    7.1582    
1    12    6    -6428.89    -29.5627    0.477885    7.21133    
1    13    7    -6432.14    -30.7095    0.478982    7.24387    
1    15    8    -6424.99    -25.9523    0.500221    9.29335    
1    20    9    -6425.68    -30.1923    0.503301    9.37996    
1    21    10    -6426.45    -26.8294    0.557236    9.63747    
1    29    11    -6439.14    -31.6075    0.515131    7.3714    
1    47    12    -6439.41    -31.1923    0.522201    7.41697    
1    50    13    -6437.47    -30.8121    0.544803    7.26438    
1    53    14    -6437.98    -30.656    0.538031    7.76786    
1    57    15    -6437.02    -33.3215    0.518874    7.31285    
1    59    16    -6434.76    -29.0496    0.513394    7.91184    
1    65    17    -6429.67    -29.2972    0.504217    8.54922    
1    74    18    -6428.06    -29.6107    0.512948    8.33424    
1    75    19    -6420.46    -27.5327    0.492061    8.10002    
1    76    20    -6422.96    -27.4047    0.532656    8.33175    
1    77    21    -6429.35    -28.748    0.523996    8.64405    
1    78    22    -6422.35    -24.6301    0.565472    8.5698    
1    80    23    -6422.49    -18.3945    0.597484    8.62754    
1    81    24    -6422.55    -27.3285    0.541848    8.03285    
1    82    25    -6422.91    -24.2537    0.542304    7.89799    
1    84    26    -6422.49    -22.8537    0.554665    7.44296    
1    87    27    -6428.61    -31.6565    0.518026    7.84187    
1    92    28    -6423.53    -28.2643    0.532592    7.59062    
1    94    29    -6431.34    -31.1554    0.554762    7.752    
1    97    30    -6429.05    -28.6622    0.567964    8.74438    
