#Task    Step    numberOfAcceptedPeleSteps    currentEnergy    BindingEnergy    sasaLig    distance_A43SG_L1S1    
1    0    0    -6408.8    -23.8844    0.50295    7.14972    
1    1    1    -6422.97    -26.6973    0.4931    7.74025    
1    3    2    -6426.91    -16.5563    0.525172    7.61807    
1    4    3    -6433.42    -32.4094    0.498696    8.30485    
1    5    4    -6436.92    -31.2393    0.479075    7.87315    
1    13    5    -6439.43    -30.4523    0.486024    7.70661    
1    16    6    -6434.63    -24.1181    0.494246    7.88776    
1    17    7    -6439.51    -25.9719    0.505951    7.59634    
1    18    8    -6440.16    -28.7263    0.506244    7.86019    
1    20    9    -6439.74    -28.389    0.513869    8.09834    
1    21    10    -6445.39    -37.1489    0.503778    7.93156    
1    25    11    -6449.96    -46.2304    0.480149    8.3583    
1    27    12    -6445.29    -43.0985    0.486571    8.49669    
1    35    13    -6442.87    -35.5525    0.511419    8.06818    
1    36    14    -6439.09    -34.2254    0.511205    8.35396    
1    37    15    -6440.45    -32.755    0.527151    6.37398    
1    38    16    -6439.53    -30.731    0.500608    5.95299    
1    41    17    -6446.62    -41.1001    0.459621    5.53429    
1    47    18    -6445.83    -39.4577    0.447882    5.44635    
1    50    19    -6446.43    -40.2122    0.452479    5.5394    
1    65    20    -6443.59    -39.3332    0.445398    5.32107    
1    67    21    -6442.29    -37.2379    0.496263    5.73541    
1    70    22    -6443.67    -33.201    0.465469    5.17312    
1    85    23    -6441.53    -34.1739    0.463326    6.63689    
1    87    24    -6440.53    -31.6306    0.463024    6.03045    
1    90    25    -6440.71    -34.284    0.498324    6.44839    
1    93    26    -6444.87    -39.1994    0.496662    7.08947    
1    95    27    -6439.54    -37.1022    0.456697    6.55973    
1    97    28    -6450.92    -41.8951    0.47071    6.7653    
1    100    29    -6447.51    -42.4565    0.469911    6.28246    
