#Task    Step    numberOfAcceptedPeleSteps    currentEnergy    BindingEnergy    sasaLig    distance_A43SG_L1S1    
1    0    0    -6400    -21.6262    0.510138    7.13587    
1    1    1    -6426.71    -27.8357    0.484073    8.72727    
1    2    2    -6430.29    -28.6552    0.485648    9.3807    
1    6    3    -6434.54    -29.7049    0.48887    9.07855    
1    17    4    -6435.44    -30.223    0.468889    8.80089    
1    33    5    -6433.38    -29.593    0.475021    8.95108    
1    42    6    -6432.38    -34.2129    0.470537    9.18733    
1    43    7    -6439.99    -26.3325    0.535305    6.30806    
1    46    8    -6432.06    -15.9596    0.581195    4.47678    
1    47    9    -6433.79    -24.0036    0.518513    6.73463    
1    48    10    -6436.3    -27.009    0.508469    6.07742    
1    49    11    -6432.45    -30.9392    0.490056    6.4856    
1    51    12    -6429.78    -30.2904    0.474064    7.0916    
1    56    13    -6436.72    -36.2471    0.473432    7.35502    
1    81    14    -6426.14    -26.7723    0.481931    6.99451    
1    92    15    -6421.04    -15.2865    0.51883    7.16974    
1    93    16    -6429.68    -22.9191    0.533409    7.87078    
1    95    17    -6431.43    -26.3706    0.528569    9.13491    
1    96    18    -6433.64    -25.013    0.535308    8.1317    
