#Task    Step    numberOfAcceptedPeleSteps    currentEnergy    BindingEnergy    sasaLig    distance_A43SG_L1S1    
1    0    0    -6398.73    -27.6869    0.495789    7.20717    
1    1    1    -6433.83    -28.223    0.491506    6.98613    
1    4    2    -6425.48    -20.1051    0.488938    7.62173    
1    5    3    -6419.31    -14.2205    0.532261    4.78923    
1    7    4    -6424.71    -30.1204    0.509267    5.57667    
1    10    5    -6423.98    -28.2962    0.49731    5.28222    
1    15    6    -6432.36    -34.9597    0.526118    5.9807    
1    17    7    -6432.36    -31.2665    0.534516    6.4239    
1    21    8    -6438.35    -38.8249    0.515525    6.70084    
1    27    9    -6438.22    -39.6476    0.500749    7.84118    
1    29    10    -6441.87    -40.9914    0.4773    7.9976    
1    31    11    -6438.07    -36.7576    0.47051    8.73625    
1    37    12    -6437.26    -37.7079    0.477671    8.56514    
1    38    13    -6434.72    -34.868    0.47354    9.00889    
1    41    14    -6437.92    -43.0735    0.456624    7.99272    
1    49    15    -6437.08    -43.3013    0.462424    7.73495    
1    54    16    -6435.28    -41.2394    0.457667    8.18824    
1    60    17    -6433.73    -42.3382    0.492726    8.13356    
1    65    18    -6432.59    -40.7124    0.509285    8.06485    
1    72    19    -6432.53    -35.3184    0.506407    9.24599    
1    73    20    -6429.92    -33.3232    0.522272    9.22847    
1    77    21    -6433.54    -34.9276    0.496168    9.37745    
1    91    22    -6430.61    -33.1025    0.484713    9.95588    
1    93    23    -6433.1    -29.5723    0.515617    9.69617    
1    94    24    -6434.7    -31.7415    0.504339    10.0285    
1    95    25    -6436.83    -32.3139    0.489093    9.95748    
1    97    26    -6437.93    -31.9563    0.488788    9.89141    
