#Task    Step    numberOfAcceptedPeleSteps    currentEnergy    BindingEnergy    sasaLig    distance_A43SG_L1S1    
1    0    0    -6400.95    -20.6309    0.52597    7.21939    
1    1    1    -6419.21    -4.29074    0.624405    6.17663    
1    2    2    -6425.76    -5.15143    0.640602    7.15798    
1    3    3    -6425.65    -5.06671    0.656686    6.99494    
1    5    4    -6423.09    -0.111645    0.644518    4.6288    
1    7    5    -6424.57    -3.59512    0.644232    9.72585    
1    8    6    -6423.92    2.34835    0.67005    10.6915    
1    9    7    -6425.64    -6.30291    0.696305    10.2162    
1    10    8    -6421.89    0.885032    0.653064    8.58438    
1    11    9    -6421.4    -1.12943    0.608995    10.2898    
1    13    10    -6422.85    -8.06521    0.622984    8.60671    
1    14    11    -6422.61    -5.83426    0.647108    9.0534    
1    16    12    -6425.23    -6.46442    0.627772    9.1993    
1    17    13    -6423.25    -6.4584    0.666984    8.89031    
1    18    14    -6421.39    0.92754    0.630079    8.56313    
1    20    15    -6422.67    2.71719    0.631591    8.63508    
1    21    16    -6426.02    -9.14549    0.584887    8.03365    
1    25    17    -6426.9    -7.32854    0.557215    8.33799    
1    28    18    -6424.53    -5.21865    0.562281    8.23995    
1    29    19    -6429.93    -11.1852    0.563405    8.77077    
1    35    20    -6426.21    -6.04879    0.573691    8.22643    
1    36    21    -6432.81    -10.3005    0.607663    8.95093    
1    37    22    -6430.48    -10.4489    0.550219    8.88632    
1    39    23    -6426.12    -10.3757    0.553478    8.59633    
1    40    24    -6433.58    -15.7399    0.567252    8.94743    
1    50    25    -6433.72    -15.676    0.561235    8.93286    
1    51    26    -6427.46    -13.4739    0.573121    8.39177    
1    55    27    -6425.87    -11.15    0.573341    8.0002    
1    57    28    -6424.62    -4.25164    0.608687    8.74036    
1    58    29    -6426.09    -7.28622    0.632379    8.70168    
1    61    30    -6425.78    -6.28255    0.616934    8.54257    
1    62    31    -6426.06    -6.52233    0.639033    8.04305    
1    64    32    -6423.04    -2.13697    0.699197    8.04515    
1    65    33    -6426.88    -8.69954    0.688167    7.93389    
1    66    34    -6429.22    -8.55379    0.685568    8.44379    
1    67    35    -6434.47    -14.5676    0.60702    8.1083    
1    69    36    -6435.6    -19.7371    0.647094    7.92823    
1    70    37    -6436.57    -19.712    0.622758    7.89511    
1    71    38    -6436.81    -19.5697    0.627812    7.39169    
1    75    39    -6438.79    -26.1767    0.629314    7.45263    
1    76    40    -6437.93    -25.5243    0.631416    7.41191    
1    78    41    -6439.43    -26.5951    0.626598    7.43746    
1    80    42    -6439.73    -27.2232    0.639805    7.33428    
1    81    43    -6442.61    -28.1571    0.637608    7.64379    
1    83    44    -6441.43    -27.903    0.639762    7.84296    
1    91    45    -6441.3    -28.4737    0.634718    7.71268    
1    93    46    -6439.04    -23.0061    0.560185    7.50183    
1    99    47    -6435.18    -18.9279    0.559594    7.31091    
1    100    48    -6437.99    -21.5942    0.553995    7.38931    
