#Task    Step    numberOfAcceptedPeleSteps    currentEnergy    BindingEnergy    sasaLig    distance_A43SG_L1S1    
1    0    0    -6409.61    -25.2381    0.501722    7.14091    
1    1    1    -6411.4    -18.0879    0.525097    8.11491    
1    2    2    -6418.04    -17.6251    0.521535    8.41605    
1    3    3    -6430.18    -25.0098    0.555444    8.83927    
1    8    4    -6438.42    -30.9444    0.541096    8.42489    
1    11    5    -6432.5    -28.7678    0.53643    8.83174    
1    12    6    -6432.81    -29.2036    0.543511    9.19034    
1    19    7    -6431.04    -17.1491    0.568724    5.92026    
1    21    8    -6435.87    -24.7711    0.552264    7.15617    
1    29    9    -6433.93    -25.9162    0.553473    6.95547    
1    32    10    -6434.04    -27.6019    0.578979    8.40775    
1    48    11    -6433.53    -25.0989    0.546174    7.41519    
1    65    12    -6430.41    -26.3771    0.552077    8.42588    
1    68    13    -6433.69    -27.9585    0.564445    8.05304    
1    70    14    -6433.34    -27.5242    0.565851    8.08534    
1    77    15    -6429.97    -17.1201    0.524126    6.62338    
1    79    16    -6428.64    -15.3699    0.543289    7.34266    
1    86    17    -6429.15    -16.0998    0.514137    7.51873    
1    87    18    -6432.84    -15.7024    0.541213    7.67106    
1    90    19    -6433.07    -16.8721    0.552757    7.18455    
1    94    20    -6432.61    -19.1683    0.543877    6.93918    
1    96    21    -6432.5    -19.9922    0.551318    7.50003    
1    97    22    -6434.84    -23.1794    0.574089    7.82776    
1    100    23    -6437.12    -23.5659    0.560543    6.93248    
