#Task    Step    numberOfAcceptedPeleSteps    currentEnergy    BindingEnergy    sasaLig    distance_A43SG_L1S1    
1    0    0    -6391.62    -12.6516    0.521084    6.94027    
1    1    1    -6412.12    -5.83947    0.518578    8.57748    
1    4    2    -6421.6    -11.2663    0.559646    6.70073    
1    5    3    -6423.63    -22.0833    0.534513    8.38332    
1    11    4    -6422.53    -20.2735    0.508615    8.74443    
1    17    5    -6435.39    -31.9239    0.474965    8.35736    
1    27    6    -6436.54    -29.2047    0.543211    9.24916    
1    31    7    -6432.15    -26.7091    0.505018    9.28254    
1    33    8    -6443.46    -37.0506    0.483688    9.10505    
1    34    9    -6444.22    -36.7576    0.506253    9.42975    
1    35    10    -6448.5    -38.4782    0.53111    9.4648    
1    38    11    -6448.26    -37.2548    0.543316    9.67925    
1    41    12    -6452.46    -44.2467    0.488329    9.39616    
1    42    13    -6445.31    -37.9546    0.559534    9.61677    
1    44    14    -6448.32    -39.2796    0.512759    9.44222    
1    49    15    -6451.12    -43.1402    0.505126    9.50937    
1    60    16    -6452.33    -38.9423    0.546483    9.67806    
1    61    17    -6452.35    -44.42    0.49389    9.32899    
1    67    18    -6451.72    -41.8597    0.527029    9.61498    
1    78    19    -6449.59    -37.6664    0.569168    9.69822    
1    85    20    -6448.98    -39.916    0.544448    9.8155    
