#Task    Step    numberOfAcceptedPeleSteps    currentEnergy    BindingEnergy    sasaLig    distance_A43SG_L1S1    
1    0    0    -6402.76    -23.3414    0.530088    7.188    
1    2    1    -6400.66    0.954739    0.626077    8.38916    
1    3    2    -6416.04    -13.2044    0.579699    7.9746    
1    4    3    -6411.44    1.30013    0.628055    10.1344    
1    5    4    -6412.3    -1.90333    0.599293    9.58032    
1    6    5    -6420.2    -4.88369    0.619786    7.70337    
1    7    6    -6425.15    -2.32998    0.732622    10.4379    
1    8    7    -6430.11    -3.57525    0.718743    7.95618    
1    11    8    -6428.29    -13.9968    0.625849    8.21257    
1    13    9    -6433.28    -27.0586    0.572459    8.62649    
1    23    10    -6429.47    -23.1135    0.559454    8.04596    
1    24    11    -6428.74    -20.7264    0.567316    8.64404    
1    25    12    -6438.62    -32.8088    0.535721    7.73662    
1    27    13    -6438.12    -28.9746    0.552246    8.52632    
1    29    14    -6436.2    -33.3584    0.53993    7.81122    
1    37    15    -6440.98    -40.4818    0.496331    7.50411    
1    38    16    -6440.67    -36.6194    0.516145    7.36901    
1    48    17    -6440.04    -36.1994    0.507127    7.85732    
1    49    18    -6441.31    -39.5355    0.499802    7.73724    
1    57    19    -6439.39    -39.9846    0.488378    7.6886    
1    64    20    -6432.9    -38.0172    0.491916    8.19707    
1    65    21    -6433.14    -36.0344    0.498483    7.85076    
1    69    22    -6439.86    -37.1702    0.486797    7.48725    
1    97    23    -6439.23    -37.0691    0.486124    7.64954    
