#Task    Step    numberOfAcceptedPeleSteps    currentEnergy    BindingEnergy    sasaLig    distance_A43SG_L1S1    
1    0    0    -6395.84    -21.818    0.525019    7.25183    
1    1    1    -6422.62    -21.5312    0.514265    7.21995    
1    3    2    -6421.23    -10.9853    0.586612    8.47308    
1    4    3    -6421.21    -10.3907    0.603283    8.18664    
1    6    4    -6423.47    -11.0362    0.599588    8.17411    
1    8    5    -6424.11    -11.3327    0.608221    8.26243    
1    11    6    -6424.24    -8.94244    0.602038    8.34037    
1    13    7    -6425.14    -16.8505    0.588834    7.7543    
1    19    8    -6421.62    -13.9909    0.608612    7.18871    
1    20    9    -6421.22    -8.10047    0.728924    6.5667    
1    21    10    -6426.48    -10.6845    0.653229    7.31996    
1    23    11    -6430.89    -11.9206    0.658949    6.93455    
1    25    12    -6430.74    -11.2767    0.668908    6.87281    
1    32    13    -6428.38    -10.2132    0.657266    7.29524    
1    33    14    -6422.74    -10.8347    0.607942    9.4016    
1    34    15    -6422.81    -6.98268    0.652859    10.3648    
1    35    16    -6432.06    -14.3025    0.688561    10.2365    
1    37    17    -6432.76    -29.27    0.561132    10.5591    
1    47    18    -6432.64    -32.7727    0.534063    10.4763    
1    63    19    -6427.82    -28.4077    0.547966    10.3042    
1    65    20    -6427.07    -29.0692    0.531524    10.2973    
1    71    21    -6429.2    -28.6355    0.561906    10.5771    
1    73    22    -6428.63    -33.0947    0.543913    10.4178    
1    92    23    -6428.72    -31.2805    0.572472    10.5844    
1    95    24    -6431.25    -36.9611    0.546386    10.3911    
1    96    25    -6432.14    -38.2587    0.554686    10.4484    
