#Task    Step    numberOfAcceptedPeleSteps    currentEnergy    BindingEnergy    sasaLig    distance_A43SG_L1S1    
1    0    0    -6406.26    -21.935    0.503302    7.1081    
1    2    1    -6423.97    -14.2803    0.598226    5.3521    
1    3    2    -6425.75    -10.8594    0.53378    5.24949    
1    5    3    -6428.43    -17.4297    0.652758    7.5621    
1    11    4    -6428.79    -15.7377    0.657582    7.32154    
1    13    5    -6433.35    -15.339    0.512107    9.18995    
1    15    6    -6439.56    -22.4284    0.523138    5.86251    
1    18    7    -6440.23    -21.9135    0.516529    5.6007    
1    19    8    -6441.96    -25.9791    0.536177    7.10919    
1    22    9    -6429.21    -10.1039    0.579647    5.39851    
1    23    10    -6439.26    -19.098    0.556193    6.32969    
1    24    11    -6434.53    -16.755    0.579813    6.41756    
1    26    12    -6439.4    -18.0255    0.565384    5.92402    
1    27    13    -6439.88    -18.507    0.496761    5.04617    
1    29    14    -6440.34    -21.6855    0.510895    5.47425    
1    33    15    -6438.13    -15.0846    0.735659    6.91964    
1    34    16    -6435.69    -12.0116    0.747543    5.44539    
1    35    17    -6437.05    -12.7124    0.776404    7.4197    
1    36    18    -6437.84    -14.8612    0.734965    7.25404    
1    37    19    -6436.72    -23.5913    0.646082    7.30699    
1    43    20    -6441.52    -18.2221    0.698746    7.61556    
1    49    21    -6441.88    -20.2351    0.514627    11.5363    
1    54    22    -6443.27    -23.6971    0.515533    11.3504    
1    55    23    -6447.47    -19.4325    0.540194    11.1196    
1    59    24    -6449.11    -23.2583    0.53004    11.4428    
1    66    25    -6447.62    -23.4238    0.497927    11.4912    
1    69    26    -6451.33    -27.0839    0.517581    11.5241    
1    72    27    -6451.52    -26.5835    0.509484    11.3158    
1    87    28    -6450.53    -25.0042    0.512179    11.1801    
1    88    29    -6448.81    -26.3632    0.528438    11.6737    
1    89    30    -6453.05    -29.6455    0.51934    11.4796    
