#Task    Step    numberOfAcceptedPeleSteps    currentEnergy    BindingEnergy    sasaLig    distance_A43SG_L1S1    
1    0    0    -6406.56    -24.2632    0.502699    7.15932    
1    1    1    -6421.95    -12.3752    0.585193    7.21851    
1    2    2    -6429.9    -13.216    0.58337    7.64972    
1    3    3    -6439.39    -20.7635    0.533365    7.21517    
1    4    4    -6438.06    -20.4771    0.566014    7.84215    
1    9    5    -6436.1    -25.2584    0.48222    7.24191    
1    13    6    -6440.78    -34.2034    0.468692    7.53422    
1    15    7    -6443.29    -31.7811    0.467433    7.4916    
1    16    8    -6445.8    -34.1744    0.478378    7.58478    
1    18    9    -6443.23    -31.3217    0.485178    7.48607    
1    21    10    -6446.44    -34.9207    0.466171    7.57381    
1    25    11    -6441.64    -35.1218    0.484757    7.65376    
1    28    12    -6445.05    -33.4132    0.472649    7.37837    
1    31    13    -6447.98    -30.3715    0.471831    7.65425    
1    41    14    -6445.68    -34.1791    0.475049    8.57011    
1    43    15    -6441.6    -31.7959    0.46781    8.49886    
1    49    16    -6445.75    -32.5023    0.477275    8.71654    
1    50    17    -6444.17    -30.1106    0.516583    8.92605    
1    51    18    -6438.56    -18.4174    0.555052    6.96303    
1    52    19    -6441.21    -32.8609    0.485904    6.83238    
1    55    20    -6443.04    -27.806    0.53489    7.76134    
1    61    21    -6446.67    -32.1797    0.512859    5.73145    
1    65    22    -6444.8    -29.3647    0.613209    9.34875    
1    66    23    -6442.73    -27.9698    0.607738    9.93478    
1    68    24    -6441.44    -29.2788    0.588679    9.12163    
1    69    25    -6447.25    -27.91    0.527663    8.87446    
1    73    26    -6447.07    -27.8987    0.527798    8.89738    
1    75    27    -6438.38    -23.0974    0.524872    9.36747    
1    76    28    -6448.56    -27.0193    0.505281    8.83674    
1    81    29    -6445.19    -28.0186    0.514082    9.55094    
1    85    30    -6442.81    -29.8874    0.513284    9.56343    
1    93    31    -6441.96    -28.75    0.513913    9.63727    
