#Task    Step    numberOfAcceptedPeleSteps    currentEnergy    BindingEnergy    sasaLig    distance_A43SG_L1S1    
1    0    0    -6397.49    -22.3136    0.528586    7.18767    
1    1    1    -6413.94    -7.59306    0.641736    5.82048    
1    3    2    -6417.71    -8.74309    0.638523    5.73905    
1    4    3    -6420.9    -4.29057    0.661348    6.77694    
1    5    4    -6431.03    -10.4486    0.625841    4.60514    
1    12    5    -6430.35    -6.91572    0.623235    5.3487    
1    13    6    -6431.6    -11.2933    0.614348    5.54316    
1    14    7    -6432.94    -13.0276    0.607812    5.06387    
1    15    8    -6434.31    -11.4762    0.611171    6.4248    
1    17    9    -6431.19    -11.974    0.579125    5.32444    
1    20    10    -6432.86    -12.2479    0.599084    5.18882    
1    21    11    -6434.9    -18.763    0.566057    4.97001    
1    25    12    -6435.23    -19.3802    0.568116    4.78686    
1    33    13    -6427.07    -11.545    0.611708    4.27771    
1    34    14    -6425.8    -9.05472    0.655331    4.48621    
1    37    15    -6425.11    -7.98232    0.623755    7.30516    
1    38    16    -6424.81    -6.14312    0.652779    8.21488    
1    39    17    -6427.51    -8.52939    0.658879    7.31846    
1    41    18    -6429.84    -16.8681    0.630191    7.55912    
1    42    19    -6432.56    -15.9223    0.633371    8.05063    
1    43    20    -6432.06    -17.6995    0.62128    7.887    
1    45    21    -6435.08    -22.0139    0.601935    7.97433    
1    47    22    -6432.74    -19.9638    0.596958    7.47174    
1    50    23    -6432.27    -18.3721    0.605993    8.14434    
1    51    24    -6435.97    -21.7282    0.602285    8.30323    
1    59    25    -6436.02    -21.3604    0.612507    8.27208    
1    61    26    -6437.97    -21.899    0.594012    7.95811    
1    70    27    -6436.57    -18.6906    0.610887    8.4805    
1    73    28    -6436.27    -21.9933    0.597375    8.36961    
1    75    29    -6436.71    -21.0797    0.592665    8.16964    
1    77    30    -6437.62    -21.5383    0.607055    8.63478    
1    79    31    -6422.5    -6.02981    0.611286    8.06823    
1    80    32    -6428.13    -10.9078    0.622476    8.3999    
1    81    33    -6433.49    -14.9508    0.547687    8.45235    
1    86    34    -6432.6    -10.8078    0.642605    8.58413    
1    89    35    -6435.5    -9.37    0.614848    8.27528    
1    97    36    -6434.17    -8.29519    0.615378    7.89848    
1    98    37    -6437.85    -11.1714    0.592341    8.18278    
1    99    38    -6437.73    -23.4783    0.554004    8.32795    
