#Task    Step    numberOfAcceptedPeleSteps    currentEnergy    BindingEnergy    sasaLig    distance_A43SG_L1S1    
1    0    0    -6403.97    -15.9699    0.538271    7.05235    
1    1    1    -6429.93    -16.8531    0.509658    7.75101    
1    5    2    -6428.57    -21.5096    0.482    7.46191    
1    8    3    -6426.24    -10.294    0.512282    7.75194    
1    9    4    -6434.36    -23.0704    0.515107    8.19949    
1    12    5    -6430.41    -22.7416    0.503306    7.43087    
1    14    6    -6433.85    -17.8279    0.507276    7.31568    
1    15    7    -6435.8    -17.3133    0.691759    8.02459    
1    21    8    -6433.69    -7.26486    0.716672    4.80686    
1    23    9    -6431.79    -1.63539    0.697646    6.02889    
1    24    10    -6432.01    -1.29938    0.697868    5.58182    
1    25    11    -6434.35    -4.5819    0.719095    5.61282    
1    26    12    -6433.45    -3.47677    0.754995    5.37884    
1    29    13    -6433.39    -4.08927    0.73865    5.34506    
1    31    14    -6434.77    -5.37222    0.736119    5.20062    
1    32    15    -6438.16    -5.92972    0.729994    5.41904    
1    35    16    -6437.49    -4.8261    0.75018    5.56252    
1    36    17    -6439.67    -6.33747    0.711927    5.38477    
1    38    18    -6439.38    -6.04442    0.694181    5.75327    
1    41    19    -6437.42    -16.6682    0.583665    5.82883    
1    44    20    -6436.26    -10.8523    0.654486    7.46767    
1    46    21    -6437.12    -12.3466    0.625068    7.70843    
1    47    22    -6435.12    -13.204    0.616769    8.39783    
1    50    23    -6431.43    -9.08623    0.646634    8.97266    
1    52    24    -6433.19    -11.0922    0.632145    8.58943    
1    53    25    -6444.46    -18.9703    0.609615    7.98838    
1    63    26    -6442.87    -19.3608    0.608089    7.75693    
1    66    27    -6443.29    -19.2817    0.625332    7.81446    
1    68    28    -6439.53    -15.9366    0.613108    7.57478    
1    70    29    -6441.38    -17.2841    0.601154    7.5417    
1    71    30    -6439.44    -19.3176    0.595133    7.88817    
1    77    31    -6442.1    -17.8759    0.604951    8.38254    
1    81    32    -6442.03    -16.7168    0.600775    8.28817    
1    90    33    -6443.87    -17.9587    0.58677    7.98881    
1    91    34    -6432.51    -4.96839    0.608103    7.56002    
1    92    35    -6439.75    -14.5437    0.604199    8.08772    
1    94    36    -6440.58    -14.5991    0.621385    7.86584    
1    96    37    -6428.1    -0.538886    0.634097    8.04049    
1    97    38    -6433.46    -26.4699    0.583473    7.87681    
1    98    39    -6446    -24.6927    0.588533    8.07517    
