#Task    Step    numberOfAcceptedPeleSteps    currentEnergy    BindingEnergy    sasaLig    distance_A43SG_L1S1    
1    0    0    -6405.07    -28.0071    0.506672    7.22624    
1    1    1    -6423.53    -28.3084    0.495034    7.76931    
1    5    2    -6437.42    -32.6358    0.487098    7.03647    
1    9    3    -6440.07    -32.0309    0.478621    6.89821    
1    13    4    -6442    -33.6081    0.474064    6.87799    
1    26    5    -6439.85    -32.6748    0.480215    6.87129    
1    45    6    -6438    -32.1585    0.470405    6.73186    
1    47    7    -6438.25    -28.8875    0.494523    5.088    
1    49    8    -6441.92    -32.7304    0.492545    5.50372    
1    53    9    -6442.49    -29.7352    0.484663    5.97841    
1    76    10    -6439.72    -29.1095    0.480777    6.6209    
1    85    11    -6443.23    -31.3153    0.471092    5.2958    
1    93    12    -6442.59    -31.6963    0.468651    5.41862    
