#Task    Step    numberOfAcceptedPeleSteps    currentEnergy    BindingEnergy    sasaLig    distance_A43SG_L1S1    
1    0    0    -6395.88    -16.5295    0.536891    6.94277    
1    1    1    -6426.53    -22.5876    0.531025    7.27939    
1    3    2    -6429.58    -30.5191    0.467966    8.13188    
1    7    3    -6430.63    -25.9998    0.506997    8.09965    
1    12    4    -6431.45    -29.1453    0.491639    8.00458    
1    17    5    -6437.22    -31.2157    0.473254    8.0755    
1    22    6    -6436.58    -30.8237    0.493342    8.39601    
1    35    7    -6435.88    -32.7622    0.50262    9.07316    
1    60    8    -6431.23    -25.6171    0.516992    9.00703    
1    61    9    -6430.35    -23.7304    0.62741    7.73895    
1    62    10    -6433.56    -26.0359    0.6355    8.23201    
1    65    11    -6433.42    -25.7741    0.611664    8.68604    
1    69    12    -6435.83    -31.7543    0.632917    8.62847    
1    70    13    -6435.16    -28.8238    0.641998    9.09871    
1    75    14    -6433.45    -31.0552    0.606124    8.03959    
1    76    15    -6431.73    -24.3893    0.633142    8.4382    
1    79    16    -6431.82    -24.7338    0.630339    8.77719    
1    83    17    -6429.34    -22.7802    0.669329    8.8004    
1    84    18    -6432.73    -24.6159    0.688913    8.90909    
1    85    19    -6434.44    -32.0325    0.623658    8.14905    
1    95    20    -6437.88    -38.4134    0.565664    7.85929    
1    98    21    -6436.66    -38.5147    0.56534    8.34404    
