#Task    Step    numberOfAcceptedPeleSteps    currentEnergy    BindingEnergy    sasaLig    distance_A43SG_L1S1    
1    0    0    -6396.51    -20.9815    0.521386    7.10387    
1    1    1    -6410.37    -15.2254    0.488471    7.8588    
1    3    2    -6412.51    -13.2232    0.469737    8.37883    
1    4    3    -6411.73    -5.00739    0.557765    9.76433    
1    5    4    -6421.49    -15.1501    0.616032    5.67172    
1    6    5    -6420.63    -12.2547    0.652495    8.83359    
1    7    6    -6422.94    -6.96398    0.622967    6.70455    
1    11    7    -6414.54    2.02421    0.668826    6.85008    
1    16    8    -6417.48    1.10569    0.634004    6.07964    
1    18    9    -6420.95    -2.39638    0.723664    6.74502    
1    19    10    -6417.5    -1.47822    0.664888    7.12705    
1    21    11    -6425.21    -5.2041    0.670261    6.95709    
1    22    12    -6425.75    -5.59311    0.674506    6.23913    
1    23    13    -6427.08    -6.71144    0.66858    6.35489    
1    24    14    -6415.59    6.05785    0.681078    8.57576    
1    25    15    -6413.21    1.53686    0.660769    9.3956    
1    26    16    -6412.46    6.19413    0.649029    9.82701    
1    27    17    -6418.78    -5.46628    0.574324    8.6552    
1    29    18    -6416.71    0.0643391    0.624641    7.15366    
1    30    19    -6417.73    -2.86874    0.565823    7.6812    
1    33    20    -6419.47    -7.45098    0.522152    7.0813    
1    34    21    -6417.49    -4.06412    0.63053    6.89884    
1    35    22    -6424.42    -17.0202    0.566882    6.29598    
1    37    23    -6430.56    -27.9694    0.551675    6.24878    
1    39    24    -6429.29    -20.3316    0.557494    6.23854    
1    45    25    -6429.34    -28.3342    0.555979    6.22591    
1    46    26    -6425.35    -24.2033    0.550277    6.40141    
1    48    27    -6428.35    -25.8166    0.554399    6.05899    
1    54    28    -6428.04    -27.2351    0.569955    6.07662    
1    65    29    -6428.66    -27.3039    0.561785    6.22455    
1    67    30    -6424.74    -24.8522    0.56148    6.39445    
1    68    31    -6424.49    -22.9279    0.599821    6.39994    
1    73    32    -6426.34    -25.182    0.558659    6.20409    
1    77    33    -6430.81    -31.7309    0.524455    5.86471    
1    78    34    -6430.08    -30.4953    0.501197    5.66895    
1    82    35    -6429.28    -30.0636    0.538008    5.87478    
1    84    36    -6429.55    -30.2505    0.520024    5.6468    
1    86    37    -6425.7    -24.2927    0.565792    6.51324    
1    88    38    -6421.77    -26.3837    0.559712    6.56184    
1    89    39    -6420.57    -5.22574    0.657347    8.41513    
1    90    40    -6428.86    -7.68483    0.626223    8.1302    
1    96    41    -6431.63    -9.177    0.605194    7.81704    
1    100    42    -6432.78    -9.26093    0.573745    7.20081    
