#Task    Step    numberOfAcceptedPeleSteps    currentEnergy    BindingEnergy    sasaLig    distance_A43SG_L1S1    
1    0    0    -6404.2    -9.43597    0.552445    7.06852    
1    1    1    -6431.81    -17.7101    0.505441    9.13248    
1    2    2    -6431.53    -18.0308    0.516557    9.46202    
1    3    3    -6434.87    -18.7464    0.532016    8.77291    
1    4    4    -6436.88    -15.3608    0.570514    9.4114    
1    5    5    -6441.96    -25.9368    0.509284    9.16137    
1    7    6    -6439.79    -25.6832    0.502848    9.42193    
1    9    7    -6436.39    -27.6145    0.506382    9.44183    
1    13    8    -6439.87    -31.6234    0.500417    9.30308    
1    15    9    -6438.02    -28.6177    0.507815    9.52321    
1    17    10    -6438.54    -24.9731    0.511899    9.29072    
1    22    11    -6433.1    -20.0004    0.513188    8.57247    
1    23    12    -6441.39    -35.6695    0.505345    9.20598    
1    25    13    -6450.2    -42.9018    0.495452    9.32342    
1    49    14    -6452.18    -44.019    0.494205    9.5714    
1    54    15    -6452.23    -41.1104    0.514539    9.77949    
1    57    16    -6456.45    -45.1017    0.483619    8.76917    
1    66    17    -6446.59    -36.1176    0.515983    8.86412    
1    67    18    -6449.28    -37.7836    0.50126    8.68254    
1    68    19    -6452.41    -42.7126    0.481876    8.53901    
1    79    20    -6453.96    -43.9208    0.485278    8.26539    
1    85    21    -6452.34    -42.0306    0.503377    9.82167    
1    89    22    -6451.95    -44.608    0.502297    9.90003    
1    90    23    -6451.11    -43.238    0.486163    9.79936    
1    98    24    -6450.71    -39.7001    0.504628    10.2125    
