#Task    Step    numberOfAcceptedPeleSteps    currentEnergy    BindingEnergy    sasaLig    distance_A43SG_L1S1    
1    0    0    -6398.38    -19.6891    0.533836    7.45623    
1    1    1    -6430.07    -19.0522    0.538638    8.63643    
1    3    2    -6431.55    -19.5098    0.535774    5.55648    
1    4    3    -6420.39    -9.56523    0.524016    8.22969    
1    5    4    -6423.28    -18.201    0.588813    9.7503    
1    7    5    -6424.59    -19.0462    0.567726    10.0525    
1    8    6    -6423.34    -18.6685    0.568415    9.75839    
1    13    7    -6430.29    -19.4892    0.541231    8.61307    
1    15    8    -6429.76    -17.2236    0.558111    7.36055    
1    19    9    -6423.73    -9.54568    0.645891    6.99705    
1    20    10    -6423.36    -8.1628    0.695415    7.98243    
1    21    11    -6419.72    -12.7298    0.668113    9.91859    
1    22    12    -6421.35    -8.69565    0.628163    6.80159    
1    23    13    -6427.9    -10.058    0.642696    6.45859    
1    24    14    -6432.9    -15.7652    0.609526    9.779    
1    27    15    -6437.22    -22.3529    0.569484    8.50845    
1    30    16    -6435.1    -18.7436    0.603358    8.65655    
1    31    17    -6429.21    -13.1554    0.60521    6.20305    
1    32    18    -6430.12    -15.0834    0.635969    6.93016    
1    33    19    -6437.09    -22.7988    0.586371    4.94702    
1    34    20    -6437.02    -23.1394    0.581492    4.71758    
1    45    21    -6435.48    -22.9761    0.587989    5.15159    
1    46    22    -6433.01    -20.4234    0.613846    6.13983    
1    48    23    -6435.82    -22.3539    0.58736    5.20098    
1    53    24    -6434.66    -22.8479    0.586904    5.18851    
1    57    25    -6436.62    -21.9664    0.586922    5.53114    
1    59    26    -6435.61    -22.4362    0.590185    5.53751    
1    60    27    -6436.25    -22.546    0.605273    5.32728    
1    66    28    -6436.41    -23.1048    0.595993    4.61475    
1    75    29    -6436.41    -23.4022    0.592273    4.4979    
1    77    30    -6439.09    -23.6583    0.597985    4.88363    
1    95    31    -6435.42    -21.5298    0.611047    5.33928    
1    97    32    -6434.45    -21.2571    0.594195    5.47849    
