#Task    Step    numberOfAcceptedPeleSteps    currentEnergy    BindingEnergy    sasaLig    distance_A43SG_L1S1    
1    0    0    -6409.24    -25.0254    0.502117    7.17034    
1    1    1    -6423.95    -15.117    0.587702    5.74188    
1    2    2    -6433.96    -19.5029    0.565599    6.36393    
1    3    3    -6439.52    -21.0612    0.524479    6.84694    
1    4    4    -6438.8    -20.1396    0.541531    8.11173    
1    6    5    -6439.46    -27.2226    0.515458    7.70686    
1    13    6    -6439.53    -25.709    0.499542    10.5975    
1    14    7    -6437.7    -22.1474    0.487074    10.1571    
1    17    8    -6445.44    -32.3795    0.52082    10.284    
1    24    9    -6444.03    -33.7015    0.506131    10.1545    
1    29    10    -6443.87    -34.8436    0.529024    10.0291    
1    37    11    -6443.91    -32.4389    0.527877    10.0056    
1    41    12    -6435.48    -31.1955    0.536093    9.92778    
1    45    13    -6441.04    -34.3962    0.517736    9.88385    
1    46    14    -6445.08    -32.547    0.513137    10.4209    
1    48    15    -6441.61    -29.6368    0.534872    10.8278    
1    49    16    -6441.71    -33.832    0.526338    9.83187    
1    53    17    -6439.98    -34.2787    0.520382    10.0342    
1    59    18    -6437.75    -32.3702    0.539246    9.46285    
1    61    19    -6438.85    -30.307    0.543645    9.19493    
1    64    20    -6429.43    -23.8491    0.533257    8.63981    
1    66    21    -6431.72    -25.2727    0.549303    8.70243    
1    69    22    -6439.7    -26.9262    0.591146    8.45621    
1    73    23    -6439.59    -25.5322    0.595345    8.54205    
1    77    24    -6438.33    -34.2981    0.566568    8.98956    
1    78    25    -6440.95    -32.4822    0.567929    9.25459    
1    81    26    -6440.44    -32.7044    0.558369    9.21246    
1    83    27    -6442.21    -33.0966    0.561101    9.68764    
1    89    28    -6447.69    -37.8437    0.539727    10.2991    
1    90    29    -6447.98    -34.3229    0.527787    10.1424    
1    97    30    -6442.98    -29.0822    0.49869    11.3342    
