#Task    Step    numberOfAcceptedPeleSteps    currentEnergy    BindingEnergy    sasaLig    distance_A43SG_L1S1    
1    0    0    -6394.28    -16.6239    0.530363    7.06491    
1    1    1    -6413.9    -13.2709    0.51103    7.68717    
1    2    2    -6417.33    -9.77214    0.522404    8.22104    
1    3    3    -6419.95    -10.8741    0.682206    9.71202    
1    4    4    -6419.04    -12.1755    0.627686    10.3497    
1    7    5    -6422.33    -18.1559    0.622893    10.2896    
1    8    6    -6425.37    -18.5629    0.641022    9.50377    
1    9    7    -6425.76    -22.4318    0.612997    9.3705    
1    10    8    -6427.2    -18.5595    0.640213    9.23533    
1    11    9    -6430.17    -20.2425    0.60363    8.8432    
1    12    10    -6424.48    -13.0336    0.611948    8.45853    
1    14    11    -6418.8    -10.2691    0.616191    9.21656    
1    15    12    -6422.1    -16.3056    0.665049    9.24053    
1    16    13    -6422.11    -8.76467    0.703631    9.49007    
1    19    14    -6422.94    -12.3572    0.718293    10.3787    
1    20    15    -6426.28    -14.7424    0.707156    10.5689    
1    26    16    -6428.84    -18.9551    0.656552    9.40055    
1    30    17    -6434.28    -20.8996    0.639801    9.5455    
1    32    18    -6434.64    -20.1991    0.650252    9.5581    
1    33    19    -6443.17    -31.2869    0.594289    9.30507    
1    37    20    -6440.79    -31.777    0.596467    9.60254    
1    41    21    -6441.77    -28.4445    0.598563    9.54806    
1    45    22    -6443.85    -32.1825    0.587924    9.04675    
1    48    23    -6433.78    -21.0288    0.592781    9.46091    
1    50    24    -6432.06    -18.71    0.606524    8.75533    
1    51    25    -6435.5    -25.066    0.606372    8.90843    
1    56    26    -6434.43    -27.3666    0.58704    9.02597    
1    57    27    -6436.69    -33.4146    0.575077    8.97689    
1    59    28    -6437.84    -39.7743    0.568745    8.88069    
1    61    29    -6443.53    -41.7816    0.558058    8.92126    
1    70    30    -6439.86    -41.5608    0.54552    8.9236    
1    77    31    -6445.04    -44.9655    0.559628    8.94557    
1    85    32    -6443.88    -44.0339    0.558362    8.93285    
1    88    33    -6443.4    -42.2285    0.560829    9.00834    
1    89    34    -6446.99    -44.0633    0.547087    9.0823    
1    94    35    -6447.99    -45.8907    0.550776    9.11011    
1    95    36    -6449.26    -45.7533    0.558819    9.13797    
