#Task    Step    numberOfAcceptedPeleSteps    currentEnergy    BindingEnergy    sasaLig    distance_A43SG_L1S1    
1    0    0    -6401.12    -23.6743    0.528226    7.21194    
1    1    1    -6422.87    -21.7477    0.518216    7.94474    
1    2    2    -6422.8    -21.5146    0.525697    7.49479    
1    5    3    -6426.36    -24.5382    0.532607    9.22253    
1    7    4    -6427.12    -19.0554    0.565033    9.88487    
1    8    5    -6431.04    -21.3764    0.561248    9.78954    
1    12    6    -6429.72    -22.2184    0.565587    10.1808    
1    13    7    -6430.9    -27.4214    0.536409    8.82585    
1    15    8    -6429.55    -22.9706    0.532435    9.15536    
1    16    9    -6429.18    -19.5977    0.561041    9.36313    
1    21    10    -6428.42    -26.9489    0.501078    7.65302    
1    31    11    -6426.6    -15.3435    0.618265    4.87559    
1    32    12    -6430.05    -17.4351    0.586455    5.39    
1    33    13    -6432.1    -14.4938    0.612816    5.79819    
1    38    14    -6431.93    -17.353    0.602985    6.34596    
1    40    15    -6432.92    -20.338    0.597502    6.04308    
1    41    16    -6430.99    -17.3363    0.634528    8.07988    
1    42    17    -6432.52    -13.3154    0.668365    7.54683    
1    43    18    -6430.9    -19.7846    0.64868    10.8565    
1    44    19    -6431.86    -16.6051    0.643384    10.8743    
1    46    20    -6430.79    -17.293    0.62359    10.9288    
1    47    21    -6432.2    -15.3571    0.604315    8.91347    
1    50    22    -6435.35    -19.1762    0.591819    9.61628    
1    53    23    -6433.95    -17.0335    0.596963    10.5271    
1    57    24    -6433.13    -17.316    0.597289    11.2486    
1    62    25    -6433.17    -15.3801    0.596226    10.8506    
1    63    26    -6434.7    -17.6553    0.600659    10.9488    
1    69    27    -6433.15    -17.4166    0.604276    11.3859    
1    70    28    -6433.36    -18.1073    0.596309    10.9012    
1    71    29    -6433.11    -17.0777    0.62023    11.4082    
1    73    30    -6436.83    -17.0283    0.602949    9.44889    
1    74    31    -6430.02    -12.6888    0.615457    8.41959    
1    75    32    -6434.98    -14.6229    0.591927    8.70892    
1    77    33    -6432.76    -14.6887    0.613304    10.1023    
1    78    34    -6435.37    -16.7812    0.573063    8.62079    
1    79    35    -6438.71    -16.3184    0.60672    10.9397    
1    85    36    -6438.3    -15.749    0.630889    11.4241    
1    86    37    -6437.68    -16.4699    0.646947    10.6505    
1    87    38    -6439.72    -16.1776    0.648203    10.4468    
1    89    39    -6433.33    -10.8924    0.683959    10.3268    
1    90    40    -6434.64    -17.415    0.649153    10.8526    
1    94    41    -6434.63    -16.8936    0.672706    10.4544    
1    95    42    -6437.09    -17.7972    0.660327    10.8973    
1    97    43    -6437.25    -17.9764    0.650963    10.9377    
1    98    44    -6433.77    -17.9554    0.645517    10.5649    
1    99    45    -6431.84    -17.352    0.647073    11.1016    
1    100    46    -6429.48    -6.41986    0.703312    11.4561    
