#Task    Step    numberOfAcceptedPeleSteps    currentEnergy    BindingEnergy    sasaLig    distance_A43SG_L1S1    
1    0    0    -6409.43    -27.3723    0.508134    7.21253    
1    1    1    -6430.94    -22.9702    0.556139    8.91595    
1    4    2    -6431.43    -15.6058    0.586738    9.0806    
1    12    3    -6439.31    -23.4686    0.573502    9.30672    
1    13    4    -6440.43    -24.9126    0.601153    6.55668    
1    17    5    -6441.47    -26.0005    0.582452    6.96594    
1    21    6    -6431.66    -21.384    0.623602    8.01752    
1    22    7    -6436.72    -25.4783    0.574172    7.20996    
1    25    8    -6439.59    -27.4601    0.554937    6.82774    
1    41    9    -6437.68    -29.5242    0.515334    4.97651    
1    53    10    -6437.13    -28.4831    0.516651    4.71509    
1    55    11    -6431.69    -29.9345    0.533586    5.79577    
1    62    12    -6431.59    -27.0859    0.546563    4.09534    
1    63    13    -6433.88    -25.2352    0.593892    5.35771    
1    64    14    -6441.42    -26.9228    0.575672    5.17777    
1    86    15    -6437.19    -25.0325    0.555401    5.42639    
1    90    16    -6438.03    -26.7368    0.560423    4.52113    
1    98    17    -6439.68    -25.9012    0.574116    5.01124    
