#Task    Step    numberOfAcceptedPeleSteps    currentEnergy    BindingEnergy    sasaLig    distance_A43SG_L1S1    
1    0    0    -6396.57    -16.6254    0.543138    7.14522    
1    1    1    -6417.28    -14.9685    0.518155    8.88013    
1    3    2    -6417.96    -15.0518    0.564412    9.16274    
1    6    3    -6416.9    -13.0393    0.580151    9.89867    
1    7    4    -6420.24    -10.3169    0.629913    7.0801    
1    9    5    -6425.06    -20.772    0.63622    9.49277    
1    10    6    -6425.89    -16.6836    0.632983    9.75183    
1    11    7    -6423.12    -11.7434    0.656874    8.09751    
1    12    8    -6422.37    -14.6338    0.648877    8.00078    
1    13    9    -6425.85    -18.5394    0.650599    9.63418    
1    15    10    -6427.99    -18.1734    0.64828    9.26758    
1    16    11    -6432.02    -22.6592    0.627552    9.12783    
1    17    12    -6433.27    -28.6605    0.562833    9.28606    
1    21    13    -6432.32    -29.8036    0.536361    9.21305    
1    25    14    -6431.44    -30.1373    0.527316    9.53366    
1    27    15    -6430.86    -26.1507    0.545747    9.17439    
1    29    16    -6433.1    -34.8216    0.515227    9.23678    
1    33    17    -6430.78    -34.8721    0.504079    9.15953    
1    36    18    -6432.94    -33.5335    0.522775    9.30403    
1    41    19    -6436.08    -36.2855    0.471873    9.01196    
1    59    20    -6426.87    -22.7835    0.49691    9.38376    
1    61    21    -6432.35    -29.2292    0.48833    8.8789    
1    62    22    -6430.06    -26.8053    0.490602    9.05109    
1    65    23    -6425.79    -27.578    0.548383    7.84611    
1    66    24    -6430.09    -27.6431    0.545829    7.9313    
1    69    25    -6433.25    -30.6508    0.539438    8.48766    
1    74    26    -6431.5    -32.1078    0.535423    8.77188    
1    76    27    -6430.85    -24.268    0.546828    8.54567    
1    77    28    -6434.84    -30.9542    0.517562    8.79637    
1    82    29    -6437.41    -31.7693    0.512772    8.8518    
1    84    30    -6433.87    -28.6891    0.533455    8.84098    
1    86    31    -6435.23    -26.9712    0.537384    8.93618    
1    88    32    -6437.54    -30.3577    0.537413    8.7545    
1    89    33    -6437.24    -31.0736    0.523674    8.85541    
1    91    34    -6431.47    -27.6596    0.526837    8.57783    
1    92    35    -6436.67    -29.9459    0.515379    9.04631    
