#Task    Step    numberOfAcceptedPeleSteps    currentEnergy    BindingEnergy    sasaLig    distance_A43SG_L1S1    
1    0    0    -6395.82    -21.4861    0.52591    7.11164    
1    1    1    -6413.89    -12.1621    0.716673    7.25815    
1    2    2    -6414.03    -8.6631    0.701691    7.50712    
1    3    3    -6421.01    -8.47639    0.64959    7.17551    
1    6    4    -6418.8    -7.00538    0.652423    7.45782    
1    10    5    -6419.27    -5.16402    0.646658    8.29435    
1    11    6    -6424.36    -11.7001    0.593269    8.09696    
1    12    7    -6424.23    -12.2224    0.599497    8.70878    
1    14    8    -6430.33    -16.3711    0.57616    8.22782    
1    16    9    -6424.53    -11.2102    0.589449    9.5197    
1    17    10    -6426.03    -16.0964    0.57618    9.11137    
1    18    11    -6429.52    -19.7742    0.561501    9.67146    
1    19    12    -6432.86    -30.0684    0.54886    9.03885    
1    23    13    -6433.52    -30.9595    0.557046    8.98451    
1    24    14    -6433.51    -31.0308    0.557903    8.92195    
1    38    15    -6433.88    -30.7466    0.573911    8.54163    
1    39    16    -6435.2    -32.9355    0.549332    8.51941    
1    41    17    -6438.75    -33.9248    0.54433    8.56357    
1    42    18    -6437.48    -32.0085    0.560096    8.71398    
1    48    19    -6435.53    -32.6205    0.543739    8.70217    
1    51    20    -6433.35    -31.3671    0.561961    8.59221    
1    53    21    -6437.81    -34.2926    0.535021    8.61271    
1    54    22    -6434.9    -36.2061    0.552077    8.59434    
1    57    23    -6433.13    -28.881    0.531297    8.36146    
1    59    24    -6437.32    -31.2972    0.523983    8.40764    
1    61    25    -6434.08    -21.7388    0.547904    8.49192    
1    62    26    -6433.07    -21.8975    0.584546    8.95335    
1    63    27    -6431.84    -22.4901    0.521322    8.54816    
1    65    28    -6435.4    -23.5717    0.537996    8.39141    
1    66    29    -6432.93    -19.57    0.546147    8.41596    
1    69    30    -6433.24    -27.4015    0.534311    8.62477    
1    70    31    -6428.69    -23.6962    0.542435    8.47497    
1    71    32    -6430.76    -24.3238    0.534829    8.58778    
1    73    33    -6431.38    -19.1494    0.493715    8.85627    
1    74    34    -6431.55    -17.2734    0.50112    8.86944    
1    76    35    -6424.85    -7.49142    0.566459    7.90324    
1    77    36    -6433.28    -16.3042    0.538044    10.1184    
1    79    37    -6421.15    -6.46334    0.562479    7.20335    
1    81    38    -6420.29    -2.81819    0.615268    7.6415    
1    82    39    -6426.06    -4.81305    0.621235    7.9506    
1    84    40    -6425.75    -5.84897    0.59481    7.82187    
1    85    41    -6424.61    -4.23789    0.612026    8.29601    
1    86    42    -6426.32    -4.28305    0.630935    10.2557    
1    88    43    -6428.97    -8.66405    0.583139    9.32853    
1    89    44    -6429.62    -9.45917    0.575721    8.58784    
1    90    45    -6424.7    -1.1043    0.608822    10.436    
1    94    46    -6426.06    -2.13528    0.626018    10.0401    
1    95    47    -6430.51    -4.56817    0.594172    10.4576    
1    97    48    -6425.01    -3.37482    0.612912    12.2692    
1    98    49    -6423.44    -0.57772    0.594411    7.28053    
