#Task    Step    numberOfAcceptedPeleSteps    currentEnergy    BindingEnergy    sasaLig    distance_A43SG_L1S1    
1    0    0    -6386.12    -10.8427    0.531429    6.96871    
1    1    1    -6419.58    -17.4784    0.509945    7.31803    
1    3    2    -6423.89    -23.1012    0.507125    7.24814    
1    5    3    -6433.98    -36.8343    0.460882    7.40723    
1    7    4    -6436.11    -35.0178    0.479929    8.94487    
1    8    5    -6436.14    -34.7986    0.482339    8.59471    
1    9    6    -6437.56    -39.8385    0.461841    9.11735    
1    13    7    -6429.66    -28.4498    0.539469    8.44073    
1    14    8    -6426    -30.5658    0.527962    8.6663    
1    15    9    -6427.4    -37.2056    0.484148    8.70332    
1    17    10    -6433.75    -40.7206    0.487503    8.76052    
1    21    11    -6436.75    -43.9039    0.475449    8.99707    
1    31    12    -6436.34    -39.8015    0.478069    9.38863    
1    44    13    -6441.76    -46.0957    0.466004    8.9089    
1    53    14    -6448.79    -50.1283    0.449869    8.84103    
1    65    15    -6450.18    -51.7403    0.451486    8.94372    
1    73    16    -6451.69    -50.7111    0.452019    9.02276    
1    77    17    -6449.77    -49.9393    0.45595    9.13431    
1    79    18    -6449.15    -52.0564    0.447187    8.8369    
1    83    19    -6445.24    -45.6563    0.478331    8.64652    
1    84    20    -6448.43    -43.6475    0.470772    9.05865    
1    88    21    -6445.79    -44.0223    0.473393    8.8671    
1    98    22    -6439.8    -34.2424    0.483196    9.27209    
1    100    23    -6436.26    -35.5328    0.479843    9.50727    
