#Task    Step    numberOfAcceptedPeleSteps    currentEnergy    BindingEnergy    sasaLig    distance_A43SG_L1S1    
1    0    0    -6409.63    -20.7877    0.537128    7.22547    
1    1    1    -6433.95    -18.7541    0.529627    7.61178    
1    8    2    -6440.07    -20.3833    0.527096    7.15007    
1    18    3    -6436.56    -17.5618    0.56574    7.75203    
1    27    4    -6441.75    -19.921    0.536043    8.45949    
1    35    5    -6436.22    -21.1988    0.547862    8.22585    
1    39    6    -6435.08    -16.8787    0.564492    8.60652    
1    40    7    -6432.27    -13.2532    0.562086    8.76209    
1    41    8    -6433.51    -12.672    0.569555    9.15788    
1    46    9    -6428    -9.36252    0.577576    9.56253    
1    49    10    -6432.28    -9.29262    0.522621    8.75382    
1    50    11    -6432.2    -8.83055    0.508388    8.34814    
1    51    12    -6434.66    -12.7404    0.505167    8.58244    
1    53    13    -6432.72    -16.6633    0.606229    10.429    
1    54    14    -6433.92    -16.6607    0.619757    10.3353    
1    55    15    -6430.18    -13.3379    0.661469    10.2435    
1    56    16    -6431.19    -14.07    0.665345    10.1388    
1    58    17    -6436.81    -16.6515    0.66827    10.0754    
1    60    18    -6435.42    -15.826    0.683798    9.90874    
1    61    19    -6437.67    -16.6212    0.678692    9.96374    
1    63    20    -6441.8    -19.2685    0.650115    9.41673    
1    64    21    -6441.47    -19.9056    0.648561    8.73332    
1    66    22    -6441.88    -18.4931    0.650068    8.47374    
1    67    23    -6438.2    -4.29808    0.710149    9.65277    
1    70    24    -6438.81    -3.52689    0.676004    9.70064    
1    71    25    -6437.97    -2.47789    0.632333    9.35128    
1    78    26    -6437.72    -2.31412    0.643891    9.08928    
1    79    27    -6435.98    -4.93247    0.614617    10.6271    
1    80    28    -6417.16    3.4652    0.660917    7.91347    
1    81    29    -6421.77    -1.60024    0.606346    10.3456    
1    82    30    -6422.82    -0.818814    0.618313    11.0007    
1    83    31    -6428.92    -2.65521    0.617667    12.0507    
1    84    32    -6430.27    0.784715    0.610212    10.5545    
1    85    33    -6430.18    -6.40082    0.57904    11.7375    
1    88    34    -6432.63    -7.48885    0.612249    12.5572    
1    90    35    -6431.74    -1.72422    0.645065    11.6637    
1    92    36    -6432    -0.0223501    0.643015    12.1292    
1    95    37    -6429.39    -0.0260361    0.599275    9.06783    
1    96    38    -6429.92    -1.80184    0.57127    13.3772    
1    97    39    -6432.79    -1.28476    0.598998    13.5723    
1    100    40    -6433.06    -0.550074    0.632944    11.9752    
