#Task    Step    numberOfAcceptedPeleSteps    currentEnergy    BindingEnergy    sasaLig    distance_A43SG_L1S1    
1    0    0    -6405.34    -21.448    0.536994    7.14446    
1    1    1    -6436.56    -20.9538    0.530037    7.11967    
1    3    2    -6436.87    -20.7478    0.520571    7.06326    
1    5    3    -6436.14    -23.124    0.509564    8.67961    
1    13    4    -6438.32    -23.0484    0.487059    7.99268    
1    15    5    -6435.78    -18.6428    0.506533    7.63957    
1    20    6    -6433.79    -15.2465    0.524949    7.54579    
1    26    7    -6432.43    -11.4677    0.567968    7.60606    
1    27    8    -6432.66    -14.793    0.558353    8.58962    
1    30    9    -6426.15    -3.47726    0.633841    9.94243    
1    32    10    -6427.53    -3.93115    0.65109    9.93779    
1    33    11    -6436.21    -15.9254    0.560466    8.63307    
1    39    12    -6436.02    -14.8489    0.563689    8.93799    
1    43    13    -6435.35    -15.0402    0.559617    9.18903    
1    44    14    -6436.65    -13.7727    0.58463    9.51259    
1    45    15    -6438.65    -19.6638    0.521496    7.60321    
1    46    16    -6434.9    -13.573    0.519251    8.05469    
1    49    17    -6440.09    -21.3633    0.515953    7.38306    
1    62    18    -6435.7    -11.8723    0.542628    7.12623    
1    64    19    -6437.24    -16.0136    0.52616    7.75857    
1    69    20    -6439.3    -19.5177    0.505355    7.27055    
1    72    21    -6435.13    -15.6232    0.543825    7.00051    
1    77    22    -6440.49    -23.6995    0.50625    7.23485    
1    79    23    -6440.75    -25.2306    0.495003    7.10724    
1    81    24    -6439.84    -25.3752    0.476709    7.12332    
1    89    25    -6441.67    -25.6929    0.496334    6.952    
1    93    26    -6445.62    -32.5191    0.490954    6.85293    
1    95    27    -6445.71    -29.9851    0.492443    6.66956    
1    98    28    -6442.23    -27.5396    0.5033    6.94255    
1    100    29    -6445.24    -26.986    0.539212    6.55472    
