#Task    Step    numberOfAcceptedPeleSteps    currentEnergy    BindingEnergy    sasaLig    distance_A43SG_L1S1    
1    0    0    -6397.4    -28.4424    0.506283    7.24587    
1    1    1    -6422.39    -22.1875    0.533361    8.31406    
1    3    2    -6422.47    -25.383    0.534135    8.65197    
1    8    3    -6425.77    -25.676    0.545562    8.32979    
1    25    4    -6422.41    -19.7028    0.529918    8.65608    
1    30    5    -6425.24    -21.8153    0.555975    8.66117    
1    32    6    -6423.33    -20.3203    0.56716    8.87467    
1    33    7    -6419    -19.0841    0.553767    8.5882    
1    34    8    -6419.1    -15.0536    0.539457    8.18966    
1    36    9    -6422.92    -18.3498    0.546943    8.389    
1    39    10    -6425.74    -18.9947    0.551877    8.54929    
1    43    11    -6425.03    -21.057    0.506204    8.80366    
1    45    12    -6432.27    -23.7981    0.509804    9.07049    
1    64    13    -6425.92    -21.924    0.498815    9.12521    
1    73    14    -6428    -25.6492    0.507007    9.03431    
1    80    15    -6423.99    -21.2381    0.509961    8.69058    
1    82    16    -6423.32    -17.2307    0.524551    9.21672    
1    84    17    -6431.06    -23.7727    0.548796    9.0056    
1    95    18    -6426.96    -23.0487    0.51977    9.05954    
1    97    19    -6428.77    -7.75939    0.630502    3.98706    
1    98    20    -6429.38    -7.79273    0.601865    4.11127    
1    100    21    -6430.45    -8.26009    0.639649    4.30214    
