#Task    Step    numberOfAcceptedPeleSteps    currentEnergy    BindingEnergy    sasaLig    distance_A43SG_L1S1    
1    0    0    -6402.9    -18.6151    0.541187    7.18818    
1    1    1    -6433.17    -26.5087    0.514386    8.52854    
1    3    2    -6439.91    -34.4784    0.528869    9.14741    
1    4    3    -6434.65    -31.0746    0.511033    8.28312    
1    5    4    -6439.22    -38.8218    0.523385    8.86881    
1    8    5    -6439.07    -37.1962    0.525595    8.84758    
1    11    6    -6440.54    -36.3171    0.51307    9.06213    
1    15    7    -6444.71    -36.9427    0.513402    9.32047    
1    16    8    -6439.69    -37.6421    0.545688    9.55629    
1    19    9    -6437.24    -26.8818    0.531986    9.21676    
1    21    10    -6443.89    -34.755    0.5266    9.26513    
1    22    11    -6443.4    -30.8929    0.544111    9.24916    
1    24    12    -6443.12    -33.0954    0.537574    8.88951    
1    25    13    -6441.27    -34.6662    0.527108    9.11573    
1    29    14    -6438.96    -32.0242    0.543434    9.41235    
1    33    15    -6441.91    -33.822    0.523427    8.92    
1    35    16    -6438.58    -31.0078    0.541531    9.64525    
1    37    17    -6443.22    -33.0513    0.530533    9.24647    
1    45    18    -6445.27    -35.4705    0.512478    9.50907    
1    53    19    -6444.22    -34.3034    0.515011    9.43916    
1    65    20    -6442.16    -26.5781    0.54673    9.21769    
1    66    21    -6442.81    -26.3706    0.554301    8.91613    
1    71    22    -6442.07    -30.1498    0.517511    8.89504    
1    82    23    -6437.09    -26.0012    0.490908    8.26695    
1    92    24    -6434.07    -26.1167    0.503395    8.17606    
1    93    25    -6443.32    -30.1851    0.49247    8.14038    
