#Task    Step    numberOfAcceptedPeleSteps    currentEnergy    BindingEnergy    sasaLig    distance_A43SG_L1S1    
1    0    0    -6399.45    -23.1132    0.529627    7.21145    
1    1    1    -6418.8    -1.84331    0.605325    10.0324    
1    2    2    -6418.48    0.620658    0.651899    9.2067    
1    4    3    -6424.65    -6.44961    0.663678    10.7364    
1    5    4    -6429.71    -15.0908    0.587547    11.5206    
1    7    5    -6430.92    -18.8241    0.601198    9.28411    
1    8    6    -6431.34    -19.2138    0.606095    8.76944    
1    11    7    -6432.19    -20.1662    0.597902    8.8238    
1    13    8    -6431.91    -22.2377    0.540789    8.69764    
1    15    9    -6433.71    -27.7246    0.516822    8.73873    
1    17    10    -6438.17    -30.7949    0.490474    8.60213    
1    21    11    -6433.23    -32.1884    0.488451    8.42417    
1    39    12    -6434.56    -29.3852    0.495687    8.57493    
1    42    13    -6427.69    -21.5199    0.485962    8.86302    
1    43    14    -6435.01    -25.3129    0.522148    8.56417    
1    49    15    -6440.86    -33.3295    0.486545    8.59402    
1    59    16    -6436.1    -32.279    0.485202    8.92276    
1    61    17    -6438.57    -33.7184    0.491494    8.51888    
1    75    18    -6441.24    -33.8843    0.522603    6.56745    
1    77    19    -6442.54    -37.0813    0.508073    7.93189    
1    79    20    -6441.92    -39.168    0.514871    7.52742    
1    83    21    -6440.18    -37.9281    0.500338    7.8858    
1    85    22    -6441.39    -36.8079    0.499747    8.77509    
1    98    23    -6442.57    -39.0867    0.503786    8.13328    
1    99    24    -6444.03    -39.5849    0.487148    7.93047    
