#Task    Step    numberOfAcceptedPeleSteps    currentEnergy    BindingEnergy    sasaLig    distance_A43SG_L1S1    
1    0    0    -6390.42    -11.9167    0.537195    7.72444    
1    1    1    -6418.58    -20.7345    0.494727    8.88474    
1    2    2    -6417.02    -1.66077    0.719655    6.25371    
1    6    3    -6422.43    -4.25597    0.671056    6.26214    
1    7    4    -6417.93    -4.05931    0.654938    8.82943    
1    9    5    -6423.81    -8.37434    0.655004    8.41269    
1    10    6    -6420.57    -1.92885    0.698569    9.79453    
1    11    7    -6423.24    -5.18819    0.678189    9.50244    
1    13    8    -6423.26    -5.27475    0.683123    9.18426    
1    16    9    -6421.77    -3.15873    0.675121    8.34859    
1    17    10    -6423.52    -7.98158    0.61258    7.83261    
1    19    11    -6425.45    -8.16826    0.654916    8.27837    
1    21    12    -6428.09    -10.5068    0.664325    7.8154    
1    22    13    -6431.15    -12.0186    0.674463    8.1674    
1    30    14    -6432.62    -11.4994    0.677512    8.09556    
1    32    15    -6437.26    -18.434    0.671486    7.91589    
1    34    16    -6435.49    -18.086    0.673458    8.00367    
1    39    17    -6421.67    0.688739    0.651929    8.62979    
1    40    18    -6427.73    -8.32053    0.636115    8.4766    
1    41    19    -6431.1    -21.7254    0.621418    8.67562    
1    45    20    -6431.39    -22.6633    0.622157    8.49251    
1    47    21    -6432.4    -20.3009    0.621704    9.07639    
1    48    22    -6435.83    -20.2905    0.652085    9.52437    
1    55    23    -6437.55    -23.0331    0.627423    9.10087    
1    58    24    -6436.23    -22.9212    0.639393    9.48739    
1    59    25    -6437.05    -22.488    0.648585    9.78724    
1    60    26    -6437.73    -23.6493    0.651687    9.71109    
1    63    27    -6443.45    -26.6283    0.640968    9.37873    
1    64    28    -6443.74    -25.2152    0.668246    10.5461    
1    65    29    -6443.12    -31.334    0.622427    9.52992    
1    66    30    -6444.85    -29.0665    0.620235    8.89087    
1    69    31    -6449.39    -35.9938    0.585895    8.2465    
1    70    32    -6450.27    -36.5526    0.590389    8.24729    
1    71    33    -6450.12    -35.0175    0.592123    8.07132    
1    73    34    -6451.78    -37.4153    0.593952    8.15245    
1    78    35    -6452.27    -35.3132    0.587535    8.14811    
1    79    36    -6453.64    -39.255    0.589268    7.98689    
1    89    37    -6453.87    -38.8249    0.591102    7.86433    
