#Task    Step    numberOfAcceptedPeleSteps    currentEnergy    BindingEnergy    sasaLig    distance_A43SG_L1S1    
1    0    0    -6398.45    -15.3245    0.529294    7.21311    
1    1    1    -6407.77    -0.395925    0.59041    9.04577    
1    3    2    -6424.64    -13.7634    0.641174    5.17531    
1    4    3    -6429.92    -14.549    0.656804    6.0544    
1    5    4    -6434.56    -22.2031    0.594714    4.49704    
1    6    5    -6433.85    -20.2764    0.575369    5.41121    
1    8    6    -6436.64    -21.5736    0.524068    6.19807    
1    13    7    -6436.37    -25.0808    0.518137    7.78429    
1    14    8    -6435.79    -22.5931    0.516165    8.70758    
1    17    9    -6437.04    -28.4696    0.537351    10.0262    
1    18    10    -6442.57    -33.1    0.537327    9.91932    
1    21    11    -6443.36    -29.8449    0.510912    8.42036    
1    33    12    -6442.6    -34.5696    0.493406    8.42609    
1    36    13    -6443.35    -30.3465    0.497798    8.59008    
1    44    14    -6441.59    -27.2532    0.529431    8.30082    
1    50    15    -6431.57    -19.6801    0.513017    8.0783    
1    55    16    -6437.85    -25.8793    0.55129    7.38138    
1    59    17    -6429.43    -19.4362    0.524915    6.34205    
1    61    18    -6436.81    -24.507    0.513892    6.02346    
1    68    19    -6436.63    -24.118    0.529352    5.83181    
1    78    20    -6436.62    -23.7029    0.56029    6.00896    
1    80    21    -6433.39    -18.8124    0.597598    6.09263    
1    81    22    -6440.71    -30.0025    0.501901    6.60175    
1    88    23    -6439.11    -28.2691    0.509812    6.19232    
1    93    24    -6436.38    -28.1169    0.514817    6.71482    
1    94    25    -6437.6    -28.7839    0.515231    6.12718    
1    97    26    -6438.5    -29.7357    0.524365    6.34912    
