#Task    Step    numberOfAcceptedPeleSteps    currentEnergy    BindingEnergy    sasaLig    distance_A43SG_L1S1    
1    0    0    -6400.8    -19.0787    0.50852    6.92636    
1    1    1    -6403.42    -1.56051    0.516744    6.11641    
1    2    2    -6416.24    -5.39408    0.516996    5.98691    
1    3    3    -6422.37    -14.3564    0.474838    6.18036    
1    5    4    -6430.52    -21.4023    0.494591    6.09618    
1    9    5    -6436.29    -25.4707    0.51091    6.82695    
1    11    6    -6437.15    -15.5105    0.569478    6.42324    
1    12    7    -6439.21    -16.6256    0.594539    5.82787    
1    14    8    -6439.12    -20.6249    0.586818    6.14766    
1    15    9    -6441.23    -22.9397    0.542551    6.78592    
1    17    10    -6442.88    -24.3271    0.549184    6.76626    
1    24    11    -6441.34    -22.885    0.544196    6.44024    
1    29    12    -6443.63    -26.278    0.551863    6.74625    
1    33    13    -6442.16    -35.9096    0.495015    9.76942    
1    35    14    -6445.7    -29.4146    0.544904    9.98879    
1    44    15    -6439.58    -25.5619    0.537593    9.68629    
1    46    16    -6440.3    -25.716    0.531311    9.78872    
1    48    17    -6440.17    -23.1944    0.549182    10.0089    
1    56    18    -6440.31    -26.0645    0.551317    9.87522    
1    63    19    -6445.41    -31.2803    0.536572    9.71112    
1    67    20    -6447.15    -33.4886    0.507285    9.65472    
1    71    21    -6448.47    -34.8118    0.524155    9.65868    
1    75    22    -6446.59    -37.9205    0.474915    7.72376    
1    81    23    -6447.01    -39.5725    0.455819    7.41356    
1    82    24    -6441.07    -33.8863    0.509288    7.32617    
1    86    25    -6430.28    -12.1431    0.615133    5.0836    
1    87    26    -6430.67    -7.36848    0.574249    4.5392    
1    89    27    -6435.99    -16.1225    0.461855    4.10532    
1    91    28    -6436    -17.9687    0.466576    4.1742    
1    92    29    -6438.21    -19.9663    0.482618    4.4552    
1    93    30    -6440.5    -19.4513    0.475509    4.28876    
