#Task    Step    numberOfAcceptedPeleSteps    currentEnergy    BindingEnergy    sasaLig    distance_A43SG_L1S1    
1    0    0    -6398.26    -22.1144    0.520102    7.17751    
1    1    1    -6410.14    -3.61857    0.534188    8.37522    
1    4    2    -6411.25    -8.89276    0.587296    4.96135    
1    5    3    -6425.96    -15.6655    0.627471    5.50139    
1    10    4    -6426.65    -15.8464    0.62125    6.40216    
1    12    5    -6431.77    -17.1329    0.624494    5.71127    
1    21    6    -6432.35    -19.0936    0.620424    4.5105    
1    24    7    -6432.32    -15.0644    0.583716    6.29465    
1    33    8    -6429.94    -19.0875    0.537116    8.52363    
1    40    9    -6431.23    -18.2369    0.553794    8.35784    
1    46    10    -6431.26    -20.8151    0.582364    8.38368    
1    48    11    -6426.46    -12.4648    0.609164    9.20141    
1    49    12    -6424.36    -12.3577    0.685056    8.12249    
1    50    13    -6424.85    -12.7084    0.705747    7.64849    
1    53    14    -6429.25    -20.6196    0.614466    8.80673    
1    55    15    -6432.18    -21.188    0.600814    9.10282    
1    56    16    -6434.62    -25.3227    0.558441    9.089    
1    61    17    -6424.02    -21.1886    0.512141    8.05601    
1    62    18    -6424.94    -23.542    0.478407    8.73074    
1    63    19    -6429.16    -38.9658    0.445427    9.03361    
1    65    20    -6439.71    -44.6193    0.454433    9.45023    
1    91    21    -6438.31    -41.4283    0.459169    9.17681    
