#Task    Step    numberOfAcceptedPeleSteps    currentEnergy    BindingEnergy    sasaLig    distance_A43SG_L1S1    
1    0    0    -6403.8    -17.5618    0.537215    7.23017    
1    1    1    -6423.49    -16.0361    0.604297    7.43881    
1    5    2    -6419.82    -15.6341    0.540638    9.46624    
1    7    3    -6419.97    -16.7693    0.542926    9.56803    
1    9    4    -6422.07    -17.2073    0.575959    9.1483    
1    17    5    -6422.02    -10.4421    0.689552    9.29302    
1    19    6    -6419.72    -2.2639    0.680745    6.2129    
1    20    7    -6419.04    0.980017    0.692769    6.84364    
1    22    8    -6423.04    -3.64434    0.679739    6.16122    
1    25    9    -6414.19    2.25655    0.690651    4.54917    
1    26    10    -6426.29    -3.51866    0.678634    4.1584    
1    30    11    -6427.99    -2.89464    0.695054    9.38413    
1    32    12    -6426.54    -1.97272    0.673667    11.0912    
1    36    13    -6428    -6.05176    0.645034    10.5345    
1    37    14    -6436.22    -18.5467    0.58677    8.53553    
1    40    15    -6436.6    -18.1996    0.556482    8.20824    
1    41    16    -6435.75    -28.6217    0.545831    8.27111    
1    43    17    -6431.02    -12.8574    0.604498    7.03691    
1    44    18    -6434.95    -14.219    0.655415    6.81736    
1    46    19    -6438.26    -15.7794    0.650054    6.33448    
1    49    20    -6443.5    -30.8318    0.543747    7.01396    
1    51    21    -6442.68    -30.6625    0.544797    6.90063    
1    59    22    -6440.59    -30.383    0.550689    7.14122    
1    61    23    -6442.71    -30.0591    0.545066    7.10489    
1    79    24    -6439.17    -27.6511    0.558268    7.11107    
1    81    25    -6442.06    -32.9806    0.537837    7.09577    
1    84    26    -6439.08    -34.6875    0.556161    6.99047    
1    87    27    -6441.06    -32.5556    0.563913    7.07016    
1    98    28    -6437.84    -26.8549    0.588392    8.00955    
1    100    29    -6442.22    -32.2393    0.55945    7.12618    
