#Task    Step    numberOfAcceptedPeleSteps    currentEnergy    BindingEnergy    sasaLig    distance_A43SG_L1S1    
1    0    0    -6392.96    -22.8771    0.526269    7.22898    
1    1    1    -6413.87    -15.3943    0.507383    9.24604    
1    2    2    -6418.95    -17.0433    0.515832    9.28269    
1    4    3    -6422.83    -13.2244    0.585512    6.94192    
1    8    4    -6423.04    -14.8412    0.589429    7.19272    
1    9    5    -6423.59    -21.7247    0.509857    9.4302    
1    13    6    -6422.72    -12.7886    0.636989    8.684    
1    18    7    -6424.63    -12.5612    0.664438    8.51176    
1    21    8    -6424.71    -9.28109    0.670175    8.64345    
1    26    9    -6423.05    -8.69476    0.64168    8.69538    
1    28    10    -6424.64    -11.875    0.613716    9.0389    
1    30    11    -6424.36    -11.102    0.571014    8.57289    
1    33    12    -6423.14    -11.183    0.654199    8.29155    
1    35    13    -6427.34    -18.6674    0.597767    8.18252    
1    37    14    -6430.47    -20.9858    0.549751    7.74539    
1    38    15    -6429.73    -18.9359    0.564522    8.88583    
1    39    16    -6430.04    -21.9864    0.542889    8.19978    
1    40    17    -6429.82    -19.3193    0.568093    8.44396    
1    44    18    -6426.08    -15.8797    0.581003    9.01332    
1    47    19    -6422.09    -13.7062    0.593184    9.32136    
1    49    20    -6426.84    -15.0828    0.600417    8.76594    
1    53    21    -6424.67    -14.627    0.599015    8.72211    
1    55    22    -6426.4    -14.2986    0.601172    8.90938    
1    56    23    -6422.94    -11.9949    0.594418    9.02662    
1    60    24    -6423.87    -12.3799    0.609463    9.34775    
1    62    25    -6424.79    -11.9172    0.568061    8.54498    
1    65    26    -6419.24    -22.0524    0.515021    10.0027    
1    67    27    -6418.47    -23.4735    0.484828    9.92265    
1    70    28    -6421.97    -25.565    0.474958    9.35317    
1    77    29    -6423.9    -17.3688    0.5038    8.17345    
1    81    30    -6419.53    -19.2891    0.52757    9.44777    
1    83    31    -6414.7    -5.51847    0.682789    9.83657    
1    84    32    -6416.14    -4.03182    0.650922    10.371    
1    85    33    -6420.1    -5.16291    0.666996    9.32956    
1    86    34    -6419.59    -4.90473    0.649291    8.81764    
1    87    35    -6417.67    -7.47472    0.588478    7.47677    
1    88    36    -6417.83    -8.43817    0.586156    7.27733    
1    89    37    -6419.79    -17.7154    0.584069    7.46343    
1    97    38    -6426.67    -22.0326    0.562774    6.83788    
1    98    39    -6435.76    -28.3137    0.536644    8.28526    
