20	8260	1.00	0.000E+00	0	856	857	0	856	857	857M
22	6328	0.754	0.000E+00	0	856	857	4	859	860	50M3I408M3I351M2I14M3D9M4D17M
5	6326	0.755	0.000E+00	0	856	857	4	859	860	50M3I404M2I8M1I347M2I18M1D5M6D17M
3	6307	0.745	0.000E+00	0	856	857	0	859	860	51M3I407M2I2M3I349M1I22M12D17M
1	6227	0.742	0.000E+00	0	856	857	0	859	860	51M3I406M5I351M1D3M2I19M12D17M
25	6213	0.747	0.000E+00	0	856	857	0	859	860	51M3I401M3I4M2I353M1I22M12D17M
0	5963	0.710	0.000E+00	0	856	857	0	865	866	50M3I384M1I17M1D4M5I353M1I14M13D8M5D17M
27	5544	0.615	0.000E+00	4	855	857	7	873	874	47M3I32M3D19M2D332M1I14M7D8M5D6M7D38M1I249M2D64M1I16M5I16M
7	4975	0.604	0.000E+00	4	856	857	7	846	847	46M3I28M2D24M2D102M2D230M1I17M1I48M1I11M9I5M22I264M1D17M6D7M11D17M
35	3294	0.387	2.384E-93	4	805	857	9	794	797	8M1D19M5D19M3I21M2D12M1D19M2D44M2I13M1I18M1I20M5I20M2D106M1D55M2I2M1I17M4D4M18D16M11I2M27I32M1I72M1I144M1D4M2D6M1D21M1I52M
14	3234	0.354	2.247E-95	6	835	857	34	880	920	20M1I21M2I3M1I9M1D14M4D29M2D44M1I12M1I22M1D17M5I127M8D29M1I12M1I12M2I3M1I21M6D2M24D32M1D4M13I1M1I1M4I14M2D15M1I73M1I131M4D16M1D7M1I19M1I60M1I15M2D6M
12	3185	0.358	1.575E-92	4	836	857	32	877	918	22M1I24M3I9M1D14M4D30M2D46M1I10M1I21M1D17M5I127M8D55M2I2M1I22M2I9M2I5M2D8M19D10M9D2M10I4M1I1M4I14M2D15M1I73M1I131M2D14M1D9M1I19M1I59M1I23M
37	3174	0.360	1.036E-93	4	836	857	19	885	929	43M2I4M1I15M2D8M1D28M2D45M1I12M1I21M1D2M13D17M5I21M2D105M2D4M6D45M3D33M3I6M5I12M28D8M8I12M1I17M2D15M1I72M1I132M3D12M1D11M1I19M1I60M1I22M
29	3148	0.387	2.384E-93	4	835	857	2	799	856	24M3D22M3I27M7D2M1D3M4D22M2D8M1I15M1D3M1D11M1D5M1I32M2D4M3D16M5I127M1D18M1I38M3I16M26I6M31I14M2D16M1I28M1I44M1I153M1D21M1I41M4D8M2D3M2D8M1I5M5D16M
23	3111	0.365	7.882E-92	5	835	857	1	793	849	13M1D15M3I14M3I29M6D5M11D20M2D6M1I20M1D11M1D5M1I52M5I125M2D4M2D16M1I38M3I16M26I6M31I14M2D16M1I28M1I44M1I153M1D21M1I41M3D9M4D3M2D6M2D23M
41	3058	0.354	6.502E-91	1	833	857	16	893	944	3M5D45M2I2M1I16M2D7M4D8M3I17M2D47M1I11M1I19M3D3M11D17M5I18M1D3M1D104M3D5M5D45M3D6M2D23M2D8M10I4M8I3M13D4M21D10M1I2M1I6M1I17M2D16M1I72M1I132M3D13M1D12M1I17M1I59M1I20M
19	3004	0.316	9.879E-90	4	854	857	19	910	931	43M2I4M1I16M2D15M2D20M2D46M1I9M1I24M9D18M5I21M2D104M3D5M5D45M3D10M2D17M4D5M2I3M10I8M12D2M23D13M11I24M2D15M1I73M1I131M3D13M1D10M1I19M1I60M1I22M4D18M
39	3001	0.330	2.549E-87	5	856	857	56	872	873	26M2I17M3I19M1I9M3I23M2D26M1I28M1I37M2I6M2I95M2I30M4D53M3I17M31I6M22I34M2I27M1I44M1I51M1D89M6D2M9D12M1I19M1I39M5D1M2I17M1D24M13D3M5D17M
28	2993	0.330	6.552E-87	5	856	857	58	876	877	26M2I18M3I18M1I9M3I20M2D29M1I28M1I37M2I6M2I95M2I30M4D52M2I2M1I18M31I4M22I34M2I27M1I44M1I51M1D91M17D12M1I19M1I39M5D1M2I17M1D18M2D5M11D4M5D17M
13	2983	0.328	5.863E-87	5	854	857	58	874	877	26M2I18M3I18M1I9M3I20M2D29M1I28M1I37M2I6M2I95M2I30M4D52M2I2M1I16M31I6M22I34M2I27M1I44M1I51M1D89M5D2M12D12M1I19M1I39M5D1M2I17M1D24M13D3M5D15M
10	2966	0.346	2.402E-89	6	855	857	8	858	873	5M2D7M1D9M1I19M2I4M1I29M25D13M1D11M2D9M6D18M1D11M1D5M1I32M3D21M3I2M2I124M1D18M1I38M3I18M24I3M31I17M2D16M1I28M1I44M1I139M1D5M1I8M1D21M1I41M6D19M1I6M5D9M4D6M3D4M1D4M5D6M5D6M
30	2955	0.325	3.279E-86	5	856	857	58	877	878	26M2I17M3I19M1I9M3I20M2D29M1I28M1I37M2I6M2I95M2I30M4D53M3I17M31I6M22I34M2I27M1I44M1I51M1D87M5D4M13D12M1I22M1I36M5D1M2I17M1D24M13D3M5D17M
17	2954	0.322	6.749E-86	5	856	857	58	877	878	26M2I17M3I19M1I9M3I20M2D29M1I28M1I37M2I6M2I95M2I30M4D53M3I17M31I6M22I34M2I27M1I44M1I51M1D86M18D17M1I19M1I38M3D21M1D24M13D3M5D17M
11	2935	0.334	3.365E-87	0	856	857	2	874	878	6M1D6M2D6M1D11M1I18M1I3M2I29M24D11M1D13M2D8M6D19M1D11M1D5M1I31M4D4M1I17M5I125M1D19M1I36M2I3M1I17M24I3M31I18M2D15M1I24M2I2M1D45M1I140M1D5M1D9M1I19M1I41M6D19M1I6M5D8M25D11M2D10M6D7M
40	2894	0.336	7.321E-87	0	830	857	0	821	889	6M1D11M1D9M1I23M3I33M15D19M2D11M1I25M2D8M1I35M3D18M5I126M1D19M1I35M2I2M1I18M31I2M3D8M10I5M7D19M2D16M1I28M1I44M1I139M1D5M1I8M1D24M1I20M3D18M6D12M2D13M2D11M
8	2569	0.313	2.191E-79	0	833	857	1	768	836	16M2D10M1I24M3I23M7D9M5D19M2D8M5D29M2D8M1I35M3D18M5I126M1D19M1I37M3I15M37I6M16I3M21I11M1I28M1I44M1I139M1D5M1I8M1D18M11I3M5I8M3D18M6D19M1I4M5D15M
9	2264	0.248	6.728E-73	0	855	857	0	866	873	15M1D20M3D13M2I3M1I41M2D12M2D27M1I10M1D4M2I14M1D5M3D34M4I22M1D108M1I16M1D36M1I22M19I12M2I4M13I38M11D25M1I49M1I54M3D29M1I40M4D7M3D11M6D6M2D10M2I18M1D4M3I4M2D11M3D8M6I3M17D12M2D7M1I6M4D19M1I15M
6	2191	0.231	1.085E-69	1	856	857	41	908	909	11M2D5M1D12M8I8M1I2M1I3M1I7M3D6M3D10M8D9M6D20M2D7M1D8M26D23M2D1M1I9M7D13M2D16M1D1M2I18M8D109M2I20M1I3M2D48M1I23M54I4M24I11M1I26M1D47M1I50M1D81M1D15M1I7M1I58M2D21M3I5M9D14M23D5M4D17M
32	2183	0.232	6.226E-70	5	856	857	29	873	887	7M2D13M1D5M9I8M2I3M1I21M2I36M1D11M47D31M2D11M2D19M1I16M8D8M10D100M1I2M1I23M1D48M1I26M54I4M24I11M1I27M1D46M1I50M1D79M2D17M1I7M1I57M3D24M2D22M5D8M5D12M
34	2172	0.232	1.642E-70	5	856	857	25	885	899	7M2D14M1D4M9I6M1I1M1I4M1I10M2D9M1I3M9D7M5D4M1I24M1D9M30D2M17D8M1I3M1D18M2D14M2D17M1I15M8D9M5D1M5D99M1I2M1I22M1D49M1I26M54I4M24I11M1I27M1D46M1I50M1D79M2D17M1I7M1I57M3D24M2D16M2D5M3D4M2I5M7D10M
38	2139	0.226	2.561E-70	1	854	857	39	905	921	3M1I2M3D21M1I16M2I5M1I13M5D15M5I4M1D5M23D10M3D7M15D5M1D3M10D34M7D16M2D32M11D7M1D100M2I27M1D50M3D7M4I12M54I4M24I11M1I28M1D45M1I50M1D81M1D15M1I7M1I59M4D1M2I24M3D15M6D3M4I5M15D8M
24	2090	0.227	3.906E-67	4	856	857	27	914	915	7M2D16M10I15M1I10M2D9M1I3M8D5M7D4M2I30M1D6M61D9M1D2M1I17M4D2M2I7M2D20M1D1M2I18M5D5M13D100M2I23M1I4M2D47M1D4M2D5M4I12M54I4M24I11M1I28M1D45M1I53M1D78M2D12M3I7M1D63M3D20M2D16M9D5M10D5M3D16M
31	2088	0.225	7.605E-67	4	856	857	27	914	915	7M2D16M3I3M7I12M1I10M2D9M1I3M8D5M7D4M2I30M1D6M61D29M4D2M2I7M2D20M1D1M2I16M5D7M13D100M1I2M1I21M1I4M2D48M2I1M5D5M4I12M54I4M24I11M1I28M1D45M1I51M1D80M2D12M3I9M1D61M3D20M2D18M19D8M3D16M
18	2087	0.230	2.370E-67	5	855	857	28	900	915	6M2D16M6I4M2I6M2I5M1I10M2D9M1I3M8D5M7D4M2I30M1D6M61D29M4D2M2I7M2D20M1D1M2I18M5D5M13D100M2I23M1I4M2D47M2I2M5D5M4I12M54I4M24I11M1I28M1D45M1I53M1D78M2D15M1I7M1I61M3D20M2D19M6D5M4I5M7D8M
21	2058	0.228	6.274E-66	4	856	857	27	914	915	7M2D16M3I3M7I12M1I10M2D9M1I3M8D5M7D4M2I30M1D6M61D29M4D2M2I7M2D20M1D1M2I18M5D5M13D100M2I23M1I4M2D47M1D4M2D5M4I12M54I4M24I11M1I28M1D45M1I53M1D78M2D12M3I7M1D63M3D20M2D16M9D5M10D5M3D16M
36	2050	0.212	1.438E-67	2	856	857	53	942	943	9M2D3M2D18M7I9M1I13M2D8M1I4M7D11M7D2M3D27M6D8M57D29M8D2M2I8M2D19M1D1M2I12M2D12M1D99M2I27M1D48M1D4M2D5M4I12M54I4M24I11M1I26M2D47M1I47M2D8M1I75M4D14M2I8M1I60M2D28M4D8M1D5M3D4M14D1M2D16M
42	2010	0.222	5.024E-66	0	856	857	46	903	917	26M2I9M2I8M2I3M1I13M4D4M2I4M2D3M10D1M1I3M16D1M1I2M3D24M1D4M2D4M30D34M7D10M2D20M1I20M4D5M1D101M2I25M1D18M1D29M2D10M4I12M54I4M24I11M1I26M1D47M1I50M1D62M1D18M1D16M1I7M1I41M1D17M4D2M2I21M9D16M10D3M5I5M6I5M
16	1868	0.209	4.771E-64	5	854	857	31	920	935	7M2D6M2D13M2I6M1D8M2I3M1I10M4I5M2D11M16D12M37D17M38D40M5D2M2I9M2D16M4I13M2D6M1I104M1I2M1I22M1I53M2I8M2D12M15I2M51I2M12I11M1I26M2D47M1I51M1D61M1D37M3D5M1I58M4D2M2I18M11D2M1D4M3I16M11D6M4D10M
4	1574	0.184	9.468E-54	6	828	857	3	726	785	18M8I3M6I10M3I5M1I4M2I9M2I4M1I4M13D28M1I33M2I20M1D14M4I21M2I83M4D4M1D7M2D7M3I2M1I21M1I49M2I4M2I10M72I4M13I7M1D1M3I44M1D27M1I13M2D28M1D7M1I106M1I17M1I19M1D18M9D1M4I14M2D5M1I7M2D2M1I4M
15	1380	0.160	4.164E-48	2	828	857	14	735	772	32M2D3M2I11M1I12M2D6M4D3M2I4M1D3M6D2M4I12M1D14M2D7M4D28M2I20M2I12M4I22M2I47M2D38M2D9M2I30M1I25M1D6M1I20M4I12M68I2M19I8M1I24M3D5M3I42M1I39M2I9M1D70M1I25M1I7M1I21M1I20M1D15M5I17M7I8M
26	1252	0.165	1.824E-44	5	833	857	16	777	778	3M1D16M1D13M2I11M1I12M3D6M2D12M6D4M4I9M4D5M2D5M2D11M17D4M1D25M2I20M2I12M4I28M2I41M1D5M1D34M2D9M2D7M4I21M1I50M2I3M2I14M84I2M2I5M1I73M1I40M2I9M1D70M1I9M7D10M1D5M1I8M1I21M1I4M1D5M1I17M1I28M1I7M2D4M1I8M
2	1186	0.157	1.074E-45	10	855	857	4	934	935	11M2I7M2I3M2I6M2I6M3I6M1I14M1D5M9I16M19D11M3D3M6D24M2D4M3I12M1D2M10I10M4I13M2D3M10D7M103D7M7D3M23D68M5D6M3I8M2I38M1I7M1D4M1I8M1D25M3I12M7I4M1D11M9I2M45I5M18I43M1D26M1I15M2I3M23D22M2I6M4D84M1D13M1I7M1I20M1I19M3I1M1D14M2D15M2D3M3D5M4I3M2D2M1I5M5D9M2I8M1D7M
33	77	0.100	5.447E-09	10	852	857	18	805	814	15M7I5M2I8M2I11M4D6M5D3M5I11M3D6M3I9M7I5M1D4M4D2M3D2M1D11M19D4M1I4M5I2M9I6M1I3M7I5M3D8M1I7M7D5M2D6M3I12M2D1M1D1M18D1M16D4M13D3M15I12M3D2M1D2M10D16M2I7M20D2M1D5M3I3M3I25M1D7M3I11M5D6M11I24M3I8M2I13M5D16M10D7M4I4M10I7M7I4M7I2M6D3M8I2M12I6M3I8M13I8M2I6M2D7M2I19M7I9M1D7M3D2M2D8M1D3M3D5M5D6M4I5M3I13M1D3M11I12M11I3M2I6M8I2M3I3M7I14M6I5M1I3M3I7M4I14M3I22M14I4M8D4M5D21M
 