#Task    Step    numberOfAcceptedPeleSteps    currentEnergy    BindingEnergy    sasaLig    distance_A43SG_L1S1    
1    0    0    -6402.97    -18.8792    0.534568    7.24269    
1    1    1    -6428.46    -9.66814    0.615433    9.23782    
1    3    2    -6426.15    -19.2276    0.660217    7.65716    
1    7    3    -6428.65    -21.1351    0.666681    7.76509    
1    8    4    -6427.92    -20.0002    0.672068    8.0576    
1    11    5    -6430.12    -24.189    0.65707    7.92837    
1    17    6    -6433.19    -12.3177    0.68759    7.85537    
1    19    7    -6434.83    -13.5547    0.654624    7.76582    
1    27    8    -6434.2    -14.6077    0.670033    8.0289    
1    34    9    -6435.78    -14.2247    0.685256    7.7145    
1    35    10    -6433.59    -14.3518    0.68913    7.62607    
1    36    11    -6434.48    -14.9398    0.677369    7.72094    
1    39    12    -6430.72    -13.4483    0.668302    7.75015    
1    40    13    -6431.39    -13.7176    0.641959    7.90781    
1    41    14    -6434.22    -13.0062    0.734891    7.80744    
1    44    15    -6434.68    -14.4418    0.697806    7.6645    
1    46    16    -6433.74    -13.4412    0.679194    7.56787    
1    48    17    -6432.84    -12.0835    0.691246    7.94948    
1    50    18    -6432.4    -13.035    0.683846    7.48795    
1    55    19    -6427.07    -6.60703    0.597022    8.52915    
1    56    20    -6431.41    -8.26367    0.596169    7.64509    
1    57    21    -6433.11    -12.2997    0.601281    7.26057    
1    58    22    -6427.89    -5.89391    0.59228    7.32627    
1    60    23    -6425.38    -5.60299    0.604334    7.55487    
1    64    24    -6430.25    -8.74913    0.585161    8.14442    
1    65    25    -6434.3    -12.7845    0.628803    7.4832    
1    70    26    -6435.02    -12.162    0.64425    7.65579    
1    73    27    -6434.4    -12.7872    0.636536    7.72779    
1    79    28    -6435.21    -13.7916    0.675407    8.03948    
1    80    29    -6430.12    -4.47609    0.691008    9.03392    
1    81    30    -6427.52    -10.9577    0.620463    5.10593    
1    82    31    -6432.7    -11.4416    0.613689    4.83599    
1    84    32    -6431.58    -11.408    0.610504    5.01057    
1    87    33    -6433.28    -10.6124    0.597704    5.47796    
1    91    34    -6437.46    -14.1151    0.576821    5.13188    
1    92    35    -6434.32    -8.78093    0.633747    5.238    
1    94    36    -6433.67    -8.0954    0.650989    5.10532    
1    95    37    -6430.47    -5.93433    0.624348    5.59258    
1    96    38    -6434.76    -10.9197    0.615302    4.82713    
