#Task    Step    numberOfAcceptedPeleSteps    currentEnergy    BindingEnergy    sasaLig    distance_A43SG_L1S1    
1    0    0    -6395.9    -11.4058    0.517751    6.71426    
1    1    1    -6419.53    1.08538    0.602037    6.74102    
1    2    2    -6422.67    -0.211916    0.645167    5.19271    
1    4    3    -6424.09    -2.15197    0.646617    7.46256    
1    6    4    -6421.42    0.93747    0.649084    8.28229    
1    7    5    -6423.63    -5.39786    0.584949    7.99936    
1    9    6    -6426.56    -5.60321    0.686788    3.97918    
1    14    7    -6427.16    -3.43062    0.682113    4.14291    
1    20    8    -6427.7    -3.08428    0.695886    4.22098    
1    22    9    -6429.52    -3.23748    0.698878    4.21654    
1    23    10    -6434.86    -13.3514    0.643629    4.72802    
1    24    11    -6433.99    -11.1567    0.655801    5.05244    
1    27    12    -6436.51    -14.0839    0.606401    4.22984    
1    35    13    -6419.92    0.866003    0.617053    9.96868    
1    36    14    -6428.36    -8.81254    0.686077    8.7533    
1    41    15    -6432.79    -20.0548    0.502214    10.4106    
1    45    16    -6427.1    -17.619    0.556147    10.4496    
1    46    17    -6418.13    -0.845543    0.780676    8.06189    
1    47    18    -6427.61    -9.62358    0.705281    9.45646    
1    48    19    -6428.44    -9.57531    0.712688    9.603    
1    49    20    -6435.13    -30.7833    0.558996    11.0327    
1    52    21    -6437.18    -34.9514    0.506569    10.404    
1    61    22    -6434.17    -20.2163    0.597691    7.63731    
1    63    23    -6430.67    -15.737    0.577072    9.52836    
1    65    24    -6437.13    -34.7417    0.506239    9.44845    
1    67    25    -6430.56    -31.3514    0.574893    9.8517    
1    70    26    -6435.74    -31.3327    0.524456    9.68745    
1    72    27    -6439.97    -31.5686    0.527962    9.54917    
1    73    28    -6441.33    -39.6687    0.48676    8.01777    
1    77    29    -6438.03    -43.6264    0.451257    8.73009    
1    84    30    -6436.86    -37.8106    0.462847    8.62337    
1    85    31    -6441.05    -47.7797    0.44678    8.67344    
1    89    32    -6440.26    -46.5948    0.466527    9.48027    
1    93    33    -6430    -42.5266    0.45192    9.50975    
1    97    34    -6438.8    -38.4309    0.474206    9.111    
