#Task    Step    numberOfAcceptedPeleSteps    currentEnergy    BindingEnergy    sasaLig    distance_A43SG_L1S1    
1    0    0    -6395.46    -24.3246    0.525066    7.01083    
1    1    1    -6423.64    -24.3446    0.525665    6.66817    
1    4    2    -6421.47    -17.4856    0.584044    7.59036    
1    7    3    -6417.65    -14.5482    0.587028    8.63379    
1    11    4    -6418.72    -10.2162    0.648147    6.57384    
1    13    5    -6422.27    -17.1887    0.622798    6.38895    
1    14    6    -6422.97    -15.6526    0.643273    6.35201    
1    17    7    -6423.76    -14.1631    0.646051    6.50898    
1    21    8    -6427.01    -16.5311    0.622695    6.30805    
1    29    9    -6429.02    -17.592    0.626587    6.38578    
1    31    10    -6427.59    -16.1534    0.63163    6.74168    
1    32    11    -6429.49    -15.6206    0.639388    6.50888    
1    38    12    -6426.07    -11.7552    0.663073    7.32755    
1    46    13    -6424.11    -5.55151    0.697441    7.29257    
1    47    14    -6427.35    -9.94204    0.670151    7.43806    
1    49    15    -6425    -9.79888    0.650419    7.44769    
1    51    16    -6418.25    -9.89057    0.613606    8.2618    
1    57    17    -6420.21    -11.1541    0.610825    8.11346    
1    62    18    -6419.19    -10.6867    0.631081    8.09418    
1    65    19    -6419.16    -13.7268    0.613195    8.00613    
1    68    20    -6416.53    -9.15582    0.627155    8.24409    
1    69    21    -6417.72    -9.0807    0.643279    7.0547    
1    74    22    -6420.75    -11.2769    0.637398    7.01054    
1    75    23    -6423.46    -15.6803    0.608054    6.85227    
1    76    24    -6421.51    -7.34044    0.596821    3.81879    
1    77    25    -6416.99    -3.40321    0.617498    8.74372    
1    78    26    -6424.15    -8.19868    0.61692    6.36204    
1    81    27    -6426.66    -14.2276    0.56791    5.81299    
1    83    28    -6424.75    -8.63044    0.634478    4.30763    
1    84    29    -6424.78    -8.46914    0.584778    4.29756    
1    86    30    -6425.93    -8.70028    0.603408    4.09887    
1    87    31    -6424.95    -10.3573    0.562779    4.10794    
1    90    32    -6426.65    -13.0586    0.577508    4.00542    
1    91    33    -6424.55    -12.3794    0.599392    4.20218    
1    92    34    -6425.22    -12.6777    0.587595    6.9397    
1    93    35    -6425.2    -14.9058    0.596102    3.77326    
1    95    36    -6426.65    -8.89757    0.62095    4.30625    
1    98    37    -6426.68    -9.73746    0.608048    3.99647    
