#Task    Step    numberOfAcceptedPeleSteps    currentEnergy    BindingEnergy    sasaLig    distance_A43SG_L1S1    
1    0    0    -6395.03    -22.2526    0.518777    7.21938    
1    1    1    -6421.77    -13.7119    0.559621    5.37272    
1    2    2    -6419.25    -6.15661    0.649699    11.5426    
1    3    3    -6429.63    -17.13    0.598822    10.997    
1    4    4    -6426.24    -11.36    0.634371    9.42036    
1    5    5    -6430.55    -22.9813    0.531731    9.6051    
1    11    6    -6421.79    -18.313    0.600456    11.1324    
1    13    7    -6420.7    -17.1652    0.603938    11.3254    
1    17    8    -6421.21    -20.5726    0.592006    10.9496    
1    19    9    -6427.36    -24.2184    0.578675    10.8297    
1    22    10    -6428.2    -26.2486    0.536119    10.363    
1    24    11    -6431.04    -24.2926    0.549363    10.6152    
1    29    12    -6431.88    -26.3612    0.52556    10.3054    
1    31    13    -6429.75    -23.5376    0.529732    10.389    
1    33    14    -6427.09    -14.0339    0.652851    8.70022    
1    37    15    -6428.21    -13.5187    0.622442    7.57022    
1    38    16    -6428.88    -13.2304    0.63332    7.65195    
1    47    17    -6424.53    -14.0639    0.639109    7.8368    
1    50    18    -6425.3    -14.0164    0.642945    7.6193    
1    55    19    -6429.99    -23.9615    0.576928    7.87671    
1    56    20    -6431.22    -21.6226    0.597445    7.63098    
1    58    21    -6436.92    -29.746    0.577834    7.56322    
1    73    22    -6435.65    -30.2176    0.570584    7.62643    
1    96    23    -6433.33    -26.6954    0.572552    7.57134    
