#Task    Step    numberOfAcceptedPeleSteps    currentEnergy    BindingEnergy    sasaLig    distance_A43SG_L1S1    
1    0    0    -6391.1    -16.1689    0.532107    7.03609    
1    1    1    -6420.54    -23.1682    0.520049    6.90751    
1    5    2    -6429.47    -31.9448    0.493071    7.07515    
1    8    3    -6433.73    -32.6071    0.499874    6.91697    
1    9    4    -6415.69    -3.18672    0.668705    6.8435    
1    10    5    -6426.12    -8.42038    0.636883    5.88022    
1    11    6    -6425.66    -8.24586    0.655582    10.1043    
1    12    7    -6425.65    -8.69829    0.64954    9.55046    
1    13    8    -6425.98    -8.66072    0.6545    9.67217    
1    15    9    -6425.61    -7.84887    0.661972    9.63344    
1    17    10    -6427.47    -4.63445    0.638884    9.09698    
1    19    11    -6432.73    -11.2618    0.635642    7.43099    
1    20    12    -6433.27    -10.8243    0.625727    8.41086    
1    22    13    -6435.14    -13.3392    0.619347    7.56599    
1    26    14    -6428.6    -5.88116    0.639429    8.07629    
1    28    15    -6424.07    -1.55539    0.710234    7.96816    
1    29    16    -6429.41    -1.96288    0.739596    9.05949    
1    30    17    -6424.86    -0.25862    0.705835    10.662    
1    31    18    -6427.84    -3.6528    0.66907    10.1464    
1    34    19    -6427.76    -4.75605    0.657588    10.2072    
1    36    20    -6420.32    2.55234    0.706972    10.5357    
1    37    21    -6424.77    -3.93351    0.626788    10.2061    
1    40    22    -6421.61    -1.75561    0.629571    10.2025    
1    41    23    -6422.57    -2.21882    0.718097    8.29401    
1    45    24    -6420.04    -3.1501    0.728209    8.02656    
1    46    25    -6420.16    -1.12144    0.706434    8.40519    
1    47    26    -6423.53    -0.647335    0.715265    8.78916    
1    48    27    -6422.97    0.194706    0.70041    9.15416    
1    49    28    -6421.53    -0.518706    0.691056    10.0038    
1    50    29    -6425.29    0.345569    0.710431    10.505    
1    51    30    -6430.31    -6.07963    0.615463    10.963    
1    52    31    -6428.68    -5.74131    0.635554    11.4052    
1    53    32    -6429.76    -6.11512    0.595929    11.1791    
1    56    33    -6420.39    3.16451    0.635101    9.6669    
1    57    34    -6423.61    -5.44362    0.633629    11.3437    
1    58    35    -6426.31    -2.74761    0.645063    7.59563    
1    63    36    -6432.46    -13.6199    0.601798    6.79362    
1    75    37    -6430.6    -7.68353    0.615701    6.93266    
1    84    38    -6426.25    -5.18587    0.617526    6.87639    
1    92    39    -6428.14    -6.44596    0.614244    6.9019    
1    95    40    -6426.94    -5.53549    0.611361    7.48114    
1    97    41    -6424.93    -8.61954    0.606722    11.075    
1    99    42    -6422.18    -4.06389    0.64613    11.3024    
