#Task    Step    numberOfAcceptedPeleSteps    currentEnergy    BindingEnergy    sasaLig    distance_A43SG_L1S1    
1    0    0    -6401.21    -15.6532    0.543118    7.36724    
1    1    1    -6426.83    -14.552    0.579454    8.11177    
1    7    2    -6434.95    -24.386    0.551855    8.6361    
1    10    3    -6436.65    -24.919    0.58585    9.20785    
1    12    4    -6432.13    -19.4102    0.623245    10.0811    
1    13    5    -6437.27    -18.2565    0.610434    10.9737    
1    15    6    -6437.69    -17.0077    0.609822    11.1104    
1    16    7    -6438.72    -15.1709    0.631512    11.1605    
1    20    8    -6435.86    -14.7121    0.628051    11.2566    
1    21    9    -6435.68    -18.2661    0.640263    10.6911    
1    22    10    -6435.83    -19.4563    0.631817    10.147    
1    23    11    -6438.91    -20.2041    0.656759    10.1086    
1    24    12    -6438.71    -16.4767    0.659532    10.663    
1    25    13    -6439.9    -16.0111    0.640681    10.9698    
1    29    14    -6438.44    -19.1091    0.624111    10.5792    
1    30    15    -6441.01    -22.6383    0.590764    10.1073    
1    34    16    -6438.66    -18.8578    0.597704    10.3554    
1    35    17    -6443.78    -19.9284    0.604221    9.17222    
1    37    18    -6444.92    -21.239    0.586385    9.16199    
1    40    19    -6448.12    -29.1183    0.558745    9.44313    
1    41    20    -6440.75    -26.7916    0.51698    9.20256    
1    46    21    -6441.58    -23.9517    0.527357    9.11134    
1    48    22    -6437.68    -20.6026    0.577575    9.67119    
1    49    23    -6446.13    -31.0066    0.536856    9.3146    
1    50    24    -6452.44    -31.3446    0.531645    9.07824    
1    53    25    -6455.08    -36.8512    0.481958    8.70692    
1    80    26    -6452.62    -33.7166    0.480124    8.56993    
1    89    27    -6451.61    -39.1678    0.493866    8.72867    
1    91    28    -6456.98    -40.1603    0.495583    8.77527    
