#Task    Step    numberOfAcceptedPeleSteps    currentEnergy    BindingEnergy    sasaLig    distance_A43SG_L1S1    
1    0    0    -6405.04    -22.1105    0.526044    7.19458    
1    1    1    -6434.28    -23.0734    0.519592    7.07055    
1    2    2    -6434.63    -18.2411    0.5563    6.95362    
1    3    3    -6437.29    -16.9852    0.572595    7.67829    
1    9    4    -6435.21    -19.8246    0.560065    6.9909    
1    17    5    -6438.63    -16.2584    0.547395    7.1783    
1    22    6    -6439.67    -17.785    0.571219    6.9551    
1    35    7    -6440.87    -19.1893    0.565658    6.88566    
1    38    8    -6438.83    -18.7642    0.574829    6.65012    
1    40    9    -6441.92    -18.9231    0.584495    6.69771    
1    43    10    -6440.55    -18.1522    0.575995    7.27758    
1    46    11    -6438.45    -15.3099    0.590876    7.34189    
1    48    12    -6440.12    -13.548    0.633394    7.28381    
1    51    13    -6440.76    -15.6733    0.620378    9.11051    
1    52    14    -6440.18    -16.8373    0.591914    8.01463    
1    54    15    -6435.83    -10.6712    0.575997    7.18214    
1    55    16    -6441.2    -17.7195    0.559305    7.03802    
1    56    17    -6441.89    -18.1835    0.568103    7.00687    
1    63    18    -6441.16    -17.1959    0.584058    8.83205    
1    64    19    -6442.21    -17.3905    0.566902    8.41125    
1    70    20    -6441.09    -18.4627    0.590241    9.0454    
1    76    21    -6437.49    -12.4521    0.600233    9.46577    
1    77    22    -6438.88    -16.2453    0.567777    9.01809    
1    83    23    -6438.78    -11.5417    0.587514    7.20768    
1    85    24    -6439.72    -18.3982    0.571345    8.37349    
1    88    25    -6438.88    -16.0484    0.583007    9.052    
1    89    26    -6435.9    -16.5908    0.568068    8.76299    
1    92    27    -6436.41    -16.7144    0.574916    8.6163    
1    94    28    -6437.91    -16.1857    0.5787    8.86612    
1    96    29    -6437.31    -16.1017    0.574296    9.45154    
1    98    30    -6436.77    -17.4077    0.561274    8.79616    
1    100    31    -6435.36    -17.1736    0.57627    9.06611    
