#Task    Step    numberOfAcceptedPeleSteps    currentEnergy    BindingEnergy    sasaLig    distance_A43SG_L1S1    
1    0    0    -6397.19    -16.1089    0.535772    6.96524    
1    1    1    -6426.47    -14.3367    0.577993    7.56274    
1    3    2    -6427.6    -14.7711    0.570728    9.09152    
1    5    3    -6430.63    -22.9108    0.542696    8.07258    
1    10    4    -6433.87    -24.3827    0.556512    8.21882    
1    11    5    -6435.35    -22.7988    0.557043    8.51228    
1    12    6    -6432.32    -19.9383    0.535864    8.17916    
1    15    7    -6430.51    -20.5224    0.561881    8.10782    
1    17    8    -6435.78    -24.0048    0.524487    7.72556    
1    20    9    -6435.57    -22.2993    0.559909    7.70941    
1    21    10    -6433.91    -21.2382    0.571968    7.35523    
1    25    11    -6432.96    -24.0831    0.53692    7.66591    
1    27    12    -6434.99    -24.3141    0.576276    7.44587    
1    32    13    -6433.1    -20.8582    0.576693    7.20571    
1    34    14    -6433.15    -23.8909    0.602543    6.998    
1    37    15    -6434.39    -24.5285    0.548162    7.6159    
1    49    16    -6432.39    -21.4287    0.552349    7.78838    
1    51    17    -6414.99    -9.82833    0.552771    8.10599    
1    52    18    -6420.52    -11.6621    0.530284    8.53539    
1    53    19    -6425.71    -18.4769    0.510543    7.57655    
1    54    20    -6424.51    -17.7882    0.521496    8.32586    
1    55    21    -6423.55    -17.4786    0.514816    8.20383    
1    60    22    -6424.17    -16.3859    0.521999    8.57327    
1    63    23    -6420.33    -17.2817    0.513486    8.25503    
1    64    24    -6418.95    -17.015    0.536992    8.94607    
1    65    25    -6424.46    -24.141    0.537176    8.58078    
1    66    26    -6426.55    -28.3311    0.567239    7.87001    
1    67    27    -6427.77    -9.3617    0.608682    6.73906    
1    68    28    -6427.5    -6.58622    0.604886    7.39052    
1    69    29    -6432.98    -14.1896    0.592155    8.73396    
1    71    30    -6429.55    -7.89119    0.633032    9.05866    
1    72    31    -6435.57    -15.9404    0.606649    8.9644    
1    77    32    -6437.63    -22.3157    0.587129    8.64475    
1    78    33    -6439.52    -22.2665    0.57402    8.4064    
1    79    34    -6441.46    -23.9475    0.579915    8.52252    
1    90    35    -6441.61    -23.39    0.572204    8.3745    
