#Task    Step    numberOfAcceptedPeleSteps    currentEnergy    BindingEnergy    sasaLig    distance_A43SG_L1S1    
1    0    0    -6394.7    -18.7406    0.519178    7.19165    
1    1    1    -6404.96    -13.0092    0.543632    8.75729    
1    2    2    -6407.19    -7.01615    0.576778    8.93596    
1    3    3    -6412.04    -8.14645    0.594943    5.12266    
1    5    4    -6416.76    -20.4007    0.495205    9.02946    
1    7    5    -6417.49    -19.8865    0.555463    9.19631    
1    10    6    -6417.45    -14.3052    0.588904    9.92358    
1    11    7    -6419.96    -19.3952    0.534222    9.93535    
1    17    8    -6418.79    -14.7142    0.547016    9.45662    
1    19    9    -6423.77    -18.7137    0.54806    10.1237    
1    21    10    -6421.87    -20.5246    0.532789    9.76719    
1    23    11    -6422.34    -20.6424    0.530953    9.67054    
1    31    12    -6420.19    -20.1117    0.527298    9.73065    
1    33    13    -6425.15    -13.4621    0.589058    6.61355    
1    34    14    -6429.94    -17.3726    0.584391    6.26921    
1    37    15    -6434.41    -21.3347    0.578859    6.4295    
1    40    16    -6432.08    -19.9458    0.584416    6.33443    
1    41    17    -6429.38    -18.0373    0.594028    6.48737    
1    45    18    -6429.63    -31.9713    0.504294    5.83252    
1    49    19    -6430.6    -22.1373    0.539785    9.42154    
1    50    20    -6431.48    -16.381    0.564194    9.81731    
1    51    21    -6435.71    -26.3447    0.516356    9.70291    
1    55    22    -6426.42    -25.697    0.481503    8.86817    
1    58    23    -6424.63    -22.609    0.458679    8.78654    
1    59    24    -6425.59    -20.0699    0.517207    8.32218    
1    61    25    -6437.64    -33.1312    0.502495    8.58072    
1    62    26    -6435.8    -30.4598    0.521682    8.76668    
1    63    27    -6437.61    -32.5357    0.497631    8.3825    
1    65    28    -6437.49    -34.978    0.502384    8.08247    
1    70    29    -6436.05    -32.655    0.494066    7.96642    
1    71    30    -6437.03    -27.2113    0.557968    8.33067    
1    72    31    -6436.26    -21.4509    0.566559    8.65204    
1    73    32    -6434.71    -17.0578    0.639417    9.36178    
1    81    33    -6435.73    -26.5869    0.522789    9.0463    
1    82    34    -6436.08    -20.9461    0.5231    8.27565    
1    83    35    -6437.51    -21.3865    0.533705    7.75978    
1    89    36    -6439.42    -26.5738    0.513307    7.93828    
1    91    37    -6443.33    -23.173    0.522266    8.9501    
1    94    38    -6447.93    -31.4055    0.503935    8.19571    
1    95    39    -6446.06    -30.4774    0.492279    8.1965    
