#Task    Step    numberOfAcceptedPeleSteps    currentEnergy    BindingEnergy    sasaLig    distance_A43SG_L1S1    
1    0    0    -6398.72    -31.8158    0.493612    7.18267    
1    1    1    -6432.06    -31.5571    0.467512    7.10603    
1    11    2    -6431.28    -31.7414    0.466711    7.3212    
1    17    3    -6432.43    -37.0046    0.454118    6.9186    
1    27    4    -6429.47    -18.9177    0.503005    7.01478    
1    30    5    -6418.68    -0.918579    0.635144    7.32687    
1    32    6    -6426.65    -3.88995    0.656245    6.9308    
1    36    7    -6426.3    -2.75503    0.666616    6.89598    
1    38    8    -6424.66    -1.44057    0.672295    7.086    
1    40    9    -6425.13    -1.36551    0.693078    7.15502    
1    44    10    -6423.09    0.694617    0.661614    7.13995    
1    49    11    -6432.08    -21.4386    0.5445    9.61151    
1    50    12    -6427.94    -13.5606    0.547994    10.0587    
1    51    13    -6428.74    -16.3568    0.515232    9.77881    
1    54    14    -6423.96    -10.9464    0.545277    9.68917    
1    55    15    -6421.2    -7.78723    0.606302    7.89344    
1    56    16    -6421.79    -4.84233    0.579434    7.75024    
1    58    17    -6423.19    -4.09872    0.584281    7.32434    
1    59    18    -6425.65    -7.40354    0.719472    8.92142    
1    61    19    -6425.4    -21.3987    0.59523    10.107    
1    63    20    -6427.91    -23.8187    0.550974    10.0719    
1    65    21    -6428.5    -20.357    0.52167    8.90051    
1    67    22    -6432.25    -19.0359    0.530524    9.08939    
1    69    23    -6433.92    -24.2982    0.537105    8.94925    
1    72    24    -6435.81    -23.0794    0.559467    8.40645    
1    76    25    -6438.31    -26.0706    0.550389    7.6847    
1    77    26    -6440.59    -26.2642    0.523788    8.70287    
1    78    27    -6439.49    -23.983    0.551693    9.19519    
1    81    28    -6440.07    -27.9373    0.506895    9.09624    
1    89    29    -6439.73    -27.6656    0.499833    9.27848    
1    93    30    -6440.03    -27.5914    0.506355    9.42831    
1    95    31    -6435.89    -26.9383    0.514197    9.80711    
1    98    32    -6439.32    -27.3166    0.519785    9.7803    
