#Task    Step    numberOfAcceptedPeleSteps    currentEnergy    BindingEnergy    sasaLig    distance_A43SG_L1S1    
1    0    0    -6396.21    -21.019    0.532453    7.21523    
1    1    1    -6425.98    -21.0862    0.520083    7.02792    
1    14    2    -6424.35    -19.1756    0.53546    6.77074    
1    17    3    -6427.4    -20.5441    0.524953    6.83835    
1    29    4    -6432.62    -23.0226    0.558442    7.93576    
1    30    5    -6430.51    -23.9858    0.527286    8.62046    
1    35    6    -6432.5    -28.4646    0.522927    8.29968    
1    37    7    -6426.98    -38.5938    0.461777    8.80614    
1    38    8    -6425.68    -36.3818    0.48148    8.60253    
1    41    9    -6430.52    -28.62    0.526061    9.52231    
1    42    10    -6426.28    -21.6181    0.553584    9.33757    
1    43    11    -6430.09    -22.1098    0.56631    9.48024    
1    44    12    -6428.77    -19.1827    0.574114    9.26285    
1    46    13    -6430.01    -13.6544    0.584805    9.0951    
1    47    14    -6434.1    -18.7222    0.544511    9.2536    
1    48    15    -6432.83    -21.9649    0.537193    9.05955    
1    50    16    -6427.95    -15.9568    0.564815    9.43566    
1    51    17    -6427.41    -18.035    0.524897    8.9162    
1    53    18    -6429.87    -19.6268    0.519393    8.75415    
1    56    19    -6430.22    -20.3439    0.532954    8.74077    
1    57    20    -6432.24    -22.9671    0.531339    9.15204    
1    60    21    -6433.55    -21.5444    0.531612    9.28043    
1    61    22    -6424.19    -22.8022    0.495832    9.22528    
1    65    23    -6437.54    -34.4617    0.464269    9.03801    
1    67    24    -6439.96    -33.5101    0.478714    9.15232    
1    73    25    -6442.67    -36.3669    0.461274    9.1129    
1    84    26    -6438.64    -31.6874    0.494777    9.16416    
1    86    27    -6437.23    -28.6565    0.53502    9.37254    
1    90    28    -6434.09    -31.1494    0.513679    9.585    
1    94    29    -6437.24    -27.9323    0.515789    9.887    
1    95    30    -6439.18    -28.6327    0.553932    9.57057    
1    97    31    -6438.68    -24.6399    0.579193    9.54517    
