#Task    Step    numberOfAcceptedPeleSteps    currentEnergy    BindingEnergy    sasaLig    distance_A43SG_L1S1    
1    0    0    -6398.91    -22.0359    0.526358    7.22759    
1    1    1    -6415.21    -8.78241    0.537803    8.22594    
1    3    2    -6418.04    -20.1661    0.498484    8.49605    
1    5    3    -6431.29    -19.3174    0.483885    8.21866    
1    6    4    -6429.28    -17.8063    0.543594    8.66931    
1    8    5    -6432.31    -17.9646    0.570905    8.9137    
1    16    6    -6424.82    -13.4827    0.567575    8.84858    
1    19    7    -6422.52    -9.47228    0.603341    9.3035    
1    20    8    -6424.71    -10.8348    0.638017    10.6756    
1    23    9    -6426.04    -14.0112    0.611524    8.09934    
1    25    10    -6425.29    -19.9217    0.528909    9.64462    
1    27    11    -6430.65    -22.2794    0.521692    9.09989    
1    32    12    -6429.17    -21.5587    0.53391    9.0587    
1    33    13    -6422.3    -23.4211    0.509775    9.10398    
1    35    14    -6420.98    -25.7295    0.488382    8.82555    
1    37    15    -6426.2    -33.0794    0.478396    8.39662    
1    39    16    -6433.25    -22.3893    0.519742    9.19809    
1    47    17    -6434.28    -24.4771    0.530307    6.03664    
1    50    18    -6435.13    -23.9388    0.525363    5.56918    
1    54    19    -6437.11    -26.6335    0.531206    5.85955    
1    55    20    -6437.07    -21.6174    0.553072    9.86176    
1    58    21    -6434.94    -17.133    0.579685    10.3625    
1    66    22    -6435.21    -18.4911    0.562017    10.8372    
1    68    23    -6436.48    -20.1713    0.533031    9.93661    
1    75    24    -6435.79    -20.0094    0.522691    9.41427    
1    79    25    -6435.84    -22.1357    0.52859    9.46433    
1    80    26    -6435.38    -21.9349    0.542173    9.55318    
1    81    27    -6434.39    -24.3323    0.511753    9.63373    
1    82    28    -6435.02    -23.3481    0.521059    9.59676    
1    87    29    -6435.71    -23.0707    0.52995    9.97143    
1    89    30    -6434.94    -25.7708    0.517019    9.48731    
1    93    31    -6429.04    -18.2664    0.546312    8.45828    
1    94    32    -6426.97    -18.0787    0.565092    8.14117    
1    99    33    -6422.46    -12.1217    0.551138    4.88953    
1    100    34    -6423.44    -13.1656    0.562962    5.2793    
