#Task    Step    numberOfAcceptedPeleSteps    currentEnergy    BindingEnergy    sasaLig    distance_A43SG_L1S1    
1    0    0    -6403.47    -30.1657    0.497472    7.09965    
1    1    1    -6429.2    -27.0447    0.528985    6.45864    
1    2    2    -6427.65    -23.3376    0.553643    7.23554    
1    3    3    -6427.33    -21.075    0.547717    9.13798    
1    5    4    -6427.82    -11.4229    0.585796    8.2943    
1    6    5    -6428.18    -13.926    0.602717    6.27604    
1    7    6    -6422.25    -9.11022    0.507634    8.52414    
1    8    7    -6419.65    -9.14082    0.521574    7.66383    
1    10    8    -6420    -4.16371    0.628494    7.62507    
1    11    9    -6430.06    -21.1113    0.478923    8.04213    
1    20    10    -6438.94    -31.2206    0.458688    8.06714    
1    25    11    -6440.03    -33.2101    0.429354    7.87974    
1    27    12    -6445.26    -41.0513    0.419762    8.23032    
1    37    13    -6445.03    -39.378    0.433885    8.12482    
1    52    14    -6442.45    -39.0004    0.430376    7.38914    
1    57    15    -6444.05    -40.5411    0.433524    8.13678    
1    61    16    -6436.39    -38.4566    0.439761    8.08933    
1    64    17    -6440.98    -39.8974    0.427069    8.40437    
1    70    18    -6441.76    -37.5624    0.429974    8.10291    
1    72    19    -6437.96    -35.9838    0.449793    8.74473    
1    79    20    -6437.95    -30.6493    0.456801    9.71735    
1    81    21    -6438.7    -36.6473    0.427364    9.35892    
1    89    22    -6434.38    -34.7212    0.420086    9.01776    
1    91    23    -6437.37    -35.3265    0.42407    8.87265    
1    93    24    -6438.73    -40.7913    0.416111    8.30249    
