#Task    Step    numberOfAcceptedPeleSteps    currentEnergy    BindingEnergy    sasaLig    distance_A43SG_L1S1    
1    0    0    -6414.5    -24.187    0.51102    7.2156    
1    1    1    -6425.73    -0.322313    0.627995    6.7503    
1    2    2    -6427.86    -1.34288    0.613626    7.30625    
1    3    3    -6429.17    -5.73282    0.637264    6.54299    
1    4    4    -6428.93    -2.25212    0.706579    6.71043    
1    6    5    -6433.94    -8.90831    0.586476    7.94264    
1    11    6    -6430.06    -5.18454    0.544893    8.79057    
1    15    7    -6426.83    -2.60456    0.628682    7.90224    
1    17    8    -6428.29    -5.89046    0.590061    7.5039    
1    23    9    -6430.62    -10.0674    0.509176    9.11592    
1    24    10    -6439.88    -17.5386    0.530132    8.90297    
1    25    11    -6441.96    -25.1073    0.469523    7.8482    
1    28    12    -6439.67    -20.0403    0.505942    8.63531    
1    32    13    -6442.16    -23.1027    0.467114    8.69679    
1    35    14    -6444.67    -28.8588    0.465423    8.38328    
1    41    15    -6443.69    -28.1992    0.463352    7.86554    
1    42    16    -6440.35    -24.2123    0.461379    7.6779    
1    43    17    -6444.33    -26.0881    0.465653    7.72206    
1    50    18    -6442.98    -25.8208    0.456168    7.4582    
1    53    19    -6443.31    -33.3678    0.45239    7.57266    
1    57    20    -6441.12    -32.2093    0.468588    7.45546    
1    60    21    -6440.89    -31.6743    0.486868    7.5425    
1    69    22    -6439.11    -35.1751    0.470454    6.78129    
1    70    23    -6441.71    -35.9769    0.482354    8.32258    
1    73    24    -6439.8    -33.8643    0.486691    7.41804    
1    82    25    -6439.54    -32.0424    0.498377    8.71521    
1    89    26    -6446.06    -41.8069    0.459941    7.40869    
1    95    27    -6440.52    -34.1562    0.461337    6.85893    
1    100    28    -6437.29    -32.525    0.467541    7.31305    
