#Task    Step    numberOfAcceptedPeleSteps    currentEnergy    BindingEnergy    sasaLig    distance_A43SG_L1S1    
1    0    0    -6392.33    -17.5628    0.516406    6.7794    
1    1    1    -6431.87    -27.1799    0.495839    6.84392    
1    3    2    -6432.91    -26.6318    0.493156    7.24141    
1    5    3    -6434.78    -22.749    0.574131    6.28312    
1    8    4    -6435.2    -21.2908    0.605948    5.87758    
1    13    5    -6435.66    -21.9539    0.576201    5.50041    
1    14    6    -6435.35    -22.8726    0.565823    5.70942    
1    15    7    -6436.49    -22.0318    0.553411    5.56505    
1    20    8    -6436.12    -22.2942    0.551787    5.5891    
1    22    9    -6435.27    -22.7844    0.556468    5.72157    
1    25    10    -6432.95    -19.4745    0.549944    5.87477    
1    29    11    -6431.99    -18.7037    0.555385    5.97068    
1    30    12    -6430.49    -19.3584    0.56043    5.8137    
1    33    13    -6434.45    -21.2175    0.545243    5.59793    
1    36    14    -6436.11    -21.0817    0.560881    5.74588    
1    37    15    -6436.14    -21.2636    0.544707    5.51374    
1    39    16    -6436.37    -20.801    0.55014    5.50438    
1    40    17    -6437.58    -19.4257    0.557319    5.28633    
1    45    18    -6434.58    -17.4657    0.575398    5.6305    
1    49    19    -6438.94    -20.4608    0.55824    5.69487    
1    56    20    -6439.26    -22.0516    0.560994    5.56598    
1    57    21    -6434.71    -17.3401    0.58413    6.80866    
1    59    22    -6437.37    -20.5044    0.570892    6.12484    
1    60    23    -6438.08    -18.708    0.584066    6.32604    
1    66    24    -6434.48    -17.5438    0.587853    6.31684    
1    70    25    -6431.45    -14.0214    0.60377    6.44152    
1    73    26    -6438.25    -19.7836    0.573919    5.9084    
1    75    27    -6437.32    -19.823    0.554212    5.96845    
1    77    28    -6437.71    -18.4983    0.577709    6.20536    
1    85    29    -6439.66    -19.5744    0.56045    5.96616    
1    94    30    -6439.87    -19.4639    0.568662    6.06951    
1    97    31    -6438.53    -19.3387    0.573431    6.20841    
