#Task    Step    numberOfAcceptedPeleSteps    currentEnergy    BindingEnergy    sasaLig    distance_A43SG_L1S1    
1    0    0    -6400.44    -16.9348    0.52598    7.16489    
1    1    1    -6418.47    -1.50135    0.69893    7.9027    
1    2    2    -6423.68    -1.7661    0.693559    7.73991    
1    4    3    -6427.53    -3.67987    0.677279    7.29809    
1    8    4    -6431.68    -3.28775    0.634482    7.41353    
1    9    5    -6431.91    -6.83411    0.612519    6.92382    
1    13    6    -6432.15    -5.39933    0.62258    6.81467    
1    16    7    -6437.04    -9.1162    0.636837    6.90495    
1    23    8    -6435.04    -8.16082    0.58499    6.7762    
1    25    9    -6437    -12.7439    0.574821    7.75335    
1    27    10    -6437.11    -12.3889    0.591021    7.84383    
1    28    11    -6437.75    -13.3437    0.593    7.91734    
1    29    12    -6437.17    -13.058    0.561859    7.42753    
1    30    13    -6436.83    -12.8647    0.561731    7.46173    
1    31    14    -6434.09    -11.2171    0.576879    7.37678    
1    34    15    -6438.01    -13.0803    0.568043    7.53323    
1    36    16    -6437.52    -13.1863    0.577854    7.29912    
1    39    17    -6438.77    -14.1127    0.559378    7.4323    
1    40    18    -6439.56    -14.3784    0.572134    7.62203    
1    45    19    -6435.98    -12.8857    0.528136    7.24097    
1    47    20    -6436.58    -12.9724    0.512381    7.3596    
1    48    21    -6435.23    -12.8517    0.509388    7.15436    
1    49    22    -6436.72    -13.7016    0.504851    7.26032    
1    53    23    -6438.31    -13.4962    0.517561    7.31587    
1    63    24    -6437.86    -14.9365    0.51333    7.60729    
1    67    25    -6437.74    -14.8728    0.530748    7.91856    
1    68    26    -6438.36    -14.7122    0.549008    7.9028    
1    70    27    -6439.78    -18.2122    0.520361    7.89913    
1    71    28    -6440.37    -16.1114    0.524262    7.78453    
1    74    29    -6441    -15.188    0.543321    7.68933    
1    76    30    -6441.25    -14.2241    0.527428    7.40752    
1    78    31    -6441.21    -14.7233    0.546576    7.6727    
1    79    32    -6440.46    -15.2504    0.52417    7.52233    
1    83    33    -6442.71    -14.7937    0.556769    7.60714    
1    84    34    -6441.46    -14.2021    0.56155    7.40554    
1    88    35    -6442.64    -13.9774    0.564358    7.53545    
1    89    36    -6439.26    -10.7216    0.507655    7.33706    
1    91    37    -6439.74    -12.3828    0.540207    7.48724    
1    93    38    -6442.83    -13.9289    0.517514    7.44812    
1    97    39    -6442.98    -12.7406    0.546915    8.06432    
1    98    40    -6445.36    -14.7611    0.537763    7.67308    
