#Task    Step    numberOfAcceptedPeleSteps    currentEnergy    BindingEnergy    sasaLig    distance_A43SG_L1S1    
1    0    0    -6395.5    -19.755    0.525566    7.186    
1    1    1    -6422.94    -8.00669    0.689977    8.6005    
1    3    2    -6423.34    -10.6787    0.595018    9.48334    
1    8    3    -6423.88    -11.4661    0.612518    8.98009    
1    17    4    -6425.32    -12.7709    0.641046    7.42362    
1    29    5    -6424.19    -10.9203    0.664339    7.68735    
1    31    6    -6420.28    -3.58599    0.662802    6.50802    
1    32    7    -6417.07    -6.66146    0.694771    9.82972    
1    33    8    -6423.36    -12.7372    0.654712    10.078    
1    35    9    -6419.63    -14.3019    0.594605    10.0931    
1    36    10    -6421.72    -16.4334    0.609144    9.88112    
1    37    11    -6423.14    -18.5145    0.550288    9.68659    
1    41    12    -6423.09    -25.9394    0.536915    9.70884    
1    43    13    -6424.35    -26.2095    0.57112    9.91339    
1    45    14    -6429.62    -30.8394    0.528809    9.88406    
1    51    15    -6429.93    -30.4765    0.52842    9.85375    
1    61    16    -6436.6    -30.3464    0.530773    9.64529    
1    73    17    -6435.69    -30.9328    0.523593    9.52555    
1    84    18    -6427.48    -21.3017    0.540579    9.36369    
1    85    19    -6433.65    -26.9429    0.540316    9.78251    
1    88    20    -6430.74    -25.7633    0.553898    9.71836    
1    89    21    -6436.66    -30.3895    0.532649    9.64542    
