#Task    Step    numberOfAcceptedPeleSteps    currentEnergy    BindingEnergy    sasaLig    distance_A43SG_L1S1    
1    0    0    -6401.58    -20.7394    0.534293    7.25134    
1    1    1    -6408.22    -6.90489    0.643571    5.90715    
1    2    2    -6419.43    -11.3195    0.635289    5.49951    
1    3    3    -6431.71    -13.6774    0.652885    8.23802    
1    6    4    -6435.71    -15.2103    0.650545    8.04918    
1    7    5    -6439.17    -19.5713    0.587606    8.04236    
1    13    6    -6436.49    -20.6445    0.613675    7.26629    
1    14    7    -6434.27    -16.3587    0.662244    8.20932    
1    18    8    -6437.54    -20.4085    0.636376    7.32432    
1    20    9    -6431.1    -7.46359    0.654877    7.2635    
1    21    10    -6434.53    -18.1858    0.661789    8.39805    
1    23    11    -6431.97    -21.9833    0.600294    10.7466    
1    24    12    -6432.52    -20.2517    0.632537    10.8832    
1    25    13    -6426.75    -11.2776    0.654213    8.31153    
1    27    14    -6427.36    -11.9602    0.687013    8.1573    
1    28    15    -6429.88    -13.2736    0.6921    10.2031    
1    29    16    -6425.69    -19.2418    0.567336    6.4925    
1    33    17    -6430.8    -20.3203    0.615332    8.57286    
1    37    18    -6429.72    -17.1882    0.62764    8.08169    
1    39    19    -6433.65    -12.6308    0.671379    8.65901    
1    40    20    -6428.34    -15.5423    0.618493    7.28597    
1    41    21    -6436.22    -17.1552    0.631611    7.28935    
1    42    22    -6437.65    -17.2197    0.666189    7.69971    
1    48    23    -6441.09    -18.1571    0.647392    7.1399    
1    50    24    -6444.05    -21.1966    0.628991    6.895    
1    52    25    -6444.06    -20.862    0.617303    6.92315    
1    53    26    -6443.26    -19.7899    0.6129    7.2313    
1    57    27    -6441.42    -24.1298    0.590102    6.91552    
1    59    28    -6441.12    -20.7889    0.609659    7.50236    
1    67    29    -6442.6    -25.3615    0.596402    7.20114    
1    68    30    -6441.78    -23.4337    0.587991    6.88494    
1    70    31    -6444.22    -27.0265    0.58466    7.06107    
1    79    32    -6443.99    -25.4898    0.589851    7.24486    
1    80    33    -6444    -26.2816    0.581595    6.93971    
1    85    34    -6443.45    -27.5927    0.575025    6.71665    
1    86    35    -6443.01    -24.3428    0.597686    6.84457    
1    87    36    -6440.3    -20.6654    0.538997    7.37973    
1    89    37    -6437.06    -32.3033    0.501325    7.47599    
1    93    38    -6447.93    -37.074    0.481055    7.3493    
1    94    39    -6446.35    -32.3697    0.491737    7.17925    
1    95    40    -6446.69    -34.917    0.47849    7.19889    
