#Task    Step    numberOfAcceptedPeleSteps    currentEnergy    BindingEnergy    sasaLig    distance_A43SG_L1S1    
1    0    0    -6403.11    -29.1236    0.495546    7.18006    
1    1    1    -6434.43    -32.7667    0.471526    7.15901    
1    3    2    -6432.92    -27.644    0.469927    8.38414    
1    8    3    -6432.71    -31.0488    0.463021    8.30891    
1    9    4    -6433.39    -32.7777    0.459136    8.16299    
1    17    5    -6433.41    -31.096    0.474796    8.09275    
1    18    6    -6429.76    -25.2012    0.499823    8.27839    
1    22    7    -6429.65    -20.5961    0.520781    8.52264    
1    24    8    -6430.48    -20.6763    0.536756    8.65212    
1    25    9    -6431.02    -26.7729    0.449578    8.01217    
1    26    10    -6430.83    -21.499    0.471395    8.38515    
1    33    11    -6434.25    -23.1137    0.478435    8.24841    
1    39    12    -6435.23    -23.4815    0.487051    8.54811    
1    42    13    -6431.75    -20.8738    0.48793    7.99559    
1    43    14    -6442.9    -37.4543    0.469274    8.51128    
1    46    15    -6441.72    -41.9563    0.449597    8.61044    
1    53    16    -6445.08    -40.4015    0.445534    9.16263    
1    61    17    -6438.79    -41.0661    0.453738    9.06335    
1    65    18    -6445.45    -47.9216    0.44086    9.18262    
1    82    19    -6442.02    -46.1317    0.447795    9.16035    
1    89    20    -6445.93    -48.6268    0.438439    8.97278    
1    99    21    -6443.2    -46.0846    0.453656    9.03257    
