#Task    Step    numberOfAcceptedPeleSteps    currentEnergy    BindingEnergy    sasaLig    distance_A43SG_L1S1    
1    0    0    -6406.92    -15.0367    0.543415    7.03487    
1    1    1    -6431.97    -19.4517    0.542965    8.5512    
1    2    2    -6431.43    -16.2368    0.536241    8.96648    
1    3    3    -6439.99    -22.0539    0.540686    9.56985    
1    15    4    -6434.76    -19.0604    0.561498    7.88127    
1    17    5    -6425.65    -17.9151    0.567489    8.61021    
1    19    6    -6429.2    -16.0357    0.554055    8.44006    
1    22    7    -6431.1    -16.6801    0.543545    8.91867    
1    23    8    -6424.61    -4.62719    0.551059    7.14622    
1    28    9    -6424.1    -4.26955    0.569588    7.99727    
1    29    10    -6429.54    -10.8415    0.554925    6.30358    
1    31    11    -6427.9    -7.27381    0.561915    5.77828    
1    33    12    -6430.63    -16.438    0.533389    5.86656    
1    35    13    -6439.58    -20.2161    0.547241    5.86142    
1    37    14    -6441.61    -27.0055    0.53472    5.91516    
1    38    15    -6441    -25.2831    0.524901    7.20531    
1    41    16    -6440.89    -40.2902    0.486982    7.9497    
1    48    17    -6443.78    -38.4839    0.486982    8.52234    
1    53    18    -6446.14    -41.4619    0.489004    9.21974    
1    68    19    -6447.83    -39.2714    0.493241    8.94402    
1    71    20    -6444.31    -33.1197    0.516388    9.29787    
1    73    21    -6444.27    -34.5491    0.510494    8.91523    
1    77    22    -6453.47    -43.0148    0.486959    9.02578    
1    81    23    -6453.52    -42.6255    0.485346    8.96569    
1    89    24    -6453.7    -43.2835    0.488801    9.18686    
1    90    25    -6447.41    -36.418    0.508207    8.83261    
1    94    26    -6448.42    -37.6071    0.499469    9.05647    
