#Task    Step    numberOfAcceptedPeleSteps    currentEnergy    BindingEnergy    sasaLig    distance_A43SG_L1S1    
1    0    0    -6401.86    -19.5079    0.525483    7.22502    
1    1    1    -6418.33    -12.7218    0.533589    8.44532    
1    3    2    -6423.57    -9.59919    0.542612    8.20094    
1    4    3    -6427.21    -16.9799    0.534087    8.05438    
1    7    4    -6427.12    -16.7097    0.472136    8.33305    
1    9    5    -6427.44    -18.3503    0.478603    8.2384    
1    13    6    -6427.57    -19.3044    0.479273    8.24613    
1    18    7    -6426.8    -15.3411    0.515118    8.38757    
1    24    8    -6424.94    -16.1031    0.514658    8.35749    
1    30    9    -6426.95    -15.3561    0.524112    8.35246    
1    39    10    -6424.46    -12.6072    0.573237    8.42979    
1    41    11    -6426.18    -13.2785    0.693903    5.05846    
1    44    12    -6425.01    -13.8791    0.671288    4.78085    
1    48    13    -6427.17    -18.1104    0.647279    4.95748    
1    49    14    -6426.59    -11.5973    0.599401    4.71971    
1    52    15    -6424.59    -8.89313    0.556802    5.1499    
1    55    16    -6425.74    -13.6427    0.525078    4.25778    
1    63    17    -6425.16    -15.9481    0.515151    4.09779    
1    66    18    -6424.09    -14.7631    0.519382    5.09164    
1    67    19    -6425.68    -14.6036    0.536417    6.66608    
1    69    20    -6426.6    -16.2518    0.548373    6.65989    
1    73    21    -6424.19    -15.4618    0.56186    6.61369    
1    77    22    -6423.97    -15.0627    0.543985    4.29108    
1    81    23    -6424.85    -13.6063    0.533714    4.56168    
1    86    24    -6428.85    -13.4201    0.550947    4.40496    
1    91    25    -6430.01    -16.4409    0.569277    4.08881    
1    94    26    -6428    -14.4008    0.551398    4.46671    
