#Task    Step    numberOfAcceptedPeleSteps    currentEnergy    BindingEnergy    sasaLig    distance_A43SG_L1S1    
1    0    0    -6396.71    -8.34693    0.544298    7.63677    
1    1    1    -6422.11    -11.3979    0.650301    7.6941    
1    2    2    -6425.12    -9.5164    0.608908    5.64488    
1    3    3    -6427.12    -0.924376    0.676054    6.418    
1    9    4    -6426.31    -7.58906    0.567975    8.16346    
1    12    5    -6434.21    -16.3096    0.570867    7.79541    
1    13    6    -6439.49    -20.4649    0.539503    6.53303    
1    17    7    -6440.28    -20.3305    0.540197    7.50441    
1    22    8    -6440.34    -21.6691    0.580869    8.69609    
1    23    9    -6437.92    -17.7368    0.556318    6.48962    
1    26    10    -6440.96    -21.1623    0.547268    6.4935    
1    28    11    -6440.98    -23.2233    0.560724    7.22746    
1    29    12    -6437.2    -28.559    0.470773    6.97802    
1    30    13    -6434.94    -23.3038    0.481708    7.12313    
1    35    14    -6432.99    -27.3173    0.452474    6.92203    
1    36    15    -6436.32    -26.4104    0.455541    7.03495    
1    37    16    -6438.25    -30.9972    0.44399    7.49507    
1    39    17    -6438.42    -30.8317    0.448413    7.46706    
1    44    18    -6432    -22.9631    0.463105    6.65359    
1    45    19    -6435.71    -17.747    0.565711    5.97106    
1    48    20    -6439    -20.0615    0.575726    6.33408    
1    53    21    -6432.82    -14.9346    0.560169    7.65078    
1    54    22    -6436.5    -17.4506    0.562954    8.27488    
1    55    23    -6442.42    -24.1051    0.587822    6.3058    
1    57    24    -6439.71    -23.3961    0.575068    6.30718    
1    61    25    -6445.87    -24.4068    0.56714    6.43878    
1    92    26    -6443    -21.7299    0.572157    7.50833    
1    96    27    -6445.29    -23.6817    0.573512    6.65132    
1    97    28    -6446.16    -25.2892    0.559291    6.79628    
1    98    29    -6443.98    -22.7226    0.575023    7.43622    
