#Task    Step    numberOfAcceptedPeleSteps    currentEnergy    BindingEnergy    sasaLig    distance_A43SG_L1S1    
1    0    0    -6400.47    -21.4284    0.524024    7.16554    
1    1    1    -6420.43    -19.9454    0.497125    8.18026    
1    2    2    -6422.11    -19.248    0.502008    7.94537    
1    4    3    -6423.19    -19.1733    0.535345    7.1397    
1    6    4    -6423.77    -18.0118    0.537695    7.21879    
1    8    5    -6424.38    -16.5019    0.58118    5.62412    
1    9    6    -6426.8    -19.7064    0.563937    5.02123    
1    10    7    -6427.46    -19.284    0.591048    6.19168    
1    12    8    -6427.62    -20.4107    0.583997    5.47891    
1    15    9    -6430.14    -15.1726    0.689858    9.94163    
1    16    10    -6429.41    -16.4479    0.659754    9.93943    
1    18    11    -6431.23    -17.5524    0.631958    9.72162    
1    19    12    -6430.78    -22.9048    0.591868    8.65473    
1    26    13    -6433.43    -24.2581    0.573212    8.55382    
1    38    14    -6432.73    -24.0005    0.598009    8.92732    
1    40    15    -6432.75    -23.809    0.626625    9.1816    
1    41    16    -6436.06    -22.5413    0.616366    8.95315    
1    42    17    -6441.33    -29.8359    0.600809    8.94406    
1    44    18    -6439.62    -32.6687    0.591471    8.87456    
1    49    19    -6438.42    -36.5323    0.536797    9.61097    
1    50    20    -6441.52    -38.2464    0.541172    9.62471    
1    53    21    -6440.2    -39.3323    0.52864    9.86171    
1    81    22    -6440.44    -38.6931    0.508494    9.76158    
1    82    23    -6442.51    -40.0429    0.521579    9.68676    
1    85    24    -6440.73    -38.8996    0.512402    10.096    
1    90    25    -6442.08    -40.0375    0.523952    9.9067    
1    93    26    -6443.47    -38.7656    0.508596    10.1224    
1    95    27    -6443.56    -39.0703    0.504181    10.1211    
1    97    28    -6442.95    -39.647    0.503879    10.3512    
