#Task    Step    numberOfAcceptedPeleSteps    currentEnergy    BindingEnergy    sasaLig    distance_A43SG_L1S1    
1    0    0    -6384.07    -16.4634    0.512029    6.89439    
1    1    1    -6400.49    -9.73918    0.500163    8.54417    
1    2    2    -6398.96    -4.19105    0.655017    7.32091    
1    3    3    -6421.14    -13.4418    0.610601    4.77452    
1    5    4    -6423.02    -22.0175    0.573561    4.08057    
1    6    5    -6425.27    -21.5294    0.588402    3.71078    
1    7    6    -6426.65    -19.5354    0.592029    4.23017    
1    8    7    -6425.28    -19.4111    0.569923    4.60721    
1    11    8    -6427.64    -14.316    0.663717    10.205    
1    12    9    -6429.93    -21.0022    0.648449    10.7331    
1    13    10    -6443.34    -40.7385    0.6066    10.6379    
1    18    11    -6441.9    -39.8073    0.599802    10.5979    
1    20    12    -6444.86    -40.9843    0.590391    10.4184    
1    28    13    -6443.03    -38.9265    0.595726    10.3223    
1    31    14    -6437.02    -34.5563    0.613192    10.3672    
1    33    15    -6443.87    -40.5811    0.586304    10.4359    
1    36    16    -6442.98    -40.1326    0.576881    10.544    
1    43    17    -6447.44    -41.1133    0.585012    10.5777    
1    47    18    -6446.15    -38.7201    0.579718    10.5215    
1    52    19    -6450.67    -44.3583    0.58428    10.5202    
1    53    20    -6450.69    -44.6367    0.583459    10.4915    
1    57    21    -6449.44    -44.5223    0.588906    10.4562    
1    67    22    -6446.7    -40.3355    0.58688    10.4104    
1    85    23    -6444.29    -35.888    0.600334    10.5504    
1    88    24    -6441.1    -34.705    0.606213    10.9422    
1    96    25    -6443.18    -33.9143    0.605203    10.2997    
1    99    26    -6443.16    -37.1954    0.601214    10.3325    
