#Task    Step    numberOfAcceptedPeleSteps    currentEnergy    BindingEnergy    sasaLig    distance_A43SG_L1S1    
1    0    0    -6395.71    -22.3763    0.512091    6.76066    
1    1    1    -6433.26    -28.7157    0.480525    7.24946    
1    9    2    -6434.72    -29.327    0.463002    6.88674    
1    11    3    -6436.66    -22.0781    0.499216    7.6185    
1    14    4    -6431.87    -16.9538    0.530141    7.61034    
1    16    5    -6435.18    -24.1313    0.540149    8.06157    
1    17    6    -6429.81    -18.1351    0.582771    8.25652    
1    21    7    -6436.96    -31.6544    0.489371    5.17593    
1    31    8    -6437.54    -34.9971    0.48734    5.09875    
1    37    9    -6438.99    -38.3686    0.463547    4.82991    
1    42    10    -6437.77    -40.271    0.451523    4.50024    
1    51    11    -6434.71    -32.9024    0.494723    5.63846    
1    57    12    -6437.95    -37.1115    0.482924    5.23345    
1    64    13    -6433.95    -34.9226    0.488988    6.11076    
1    69    14    -6437.79    -36.2526    0.500508    6.25843    
1    72    15    -6438.74    -36.9416    0.498184    5.54001    
1    73    16    -6442.33    -37.803    0.465697    5.12826    
1    79    17    -6441.71    -36.8275    0.48203    5.64463    
1    84    18    -6439.44    -34.6458    0.502735    5.39476    
1    85    19    -6441.73    -41.2328    0.437454    4.7988    
1    89    20    -6442.73    -41.4315    0.439    4.90346    
