#Task    Step    numberOfAcceptedPeleSteps    currentEnergy    BindingEnergy    sasaLig    distance_A43SG_L1S1    
1    0    0    -6399.83    -21.1721    0.531047    7.24305    
1    1    1    -6417.11    -15.3135    0.511715    8.42811    
1    6    2    -6418.75    -16.6731    0.503756    8.05351    
1    7    3    -6427.76    -21.2224    0.514306    8.19201    
1    10    4    -6423.52    -16.4232    0.55327    8.00135    
1    12    5    -6421.77    -15.9735    0.535005    8.2185    
1    13    6    -6418.78    -9.19523    0.570242    3.92229    
1    15    7    -6419.85    -13.1026    0.556405    4.05819    
1    17    8    -6420.08    -12.0602    0.572393    4.37984    
1    18    9    -6418.52    -5.71758    0.567231    3.65462    
1    19    10    -6418.96    0.841059    0.61251    6.39251    
1    20    11    -6414.85    2.22408    0.639026    8.1983    
1    21    12    -6421.73    -8.99395    0.583826    9.31068    
1    22    13    -6427.88    -12.9574    0.577735    8.73023    
1    24    14    -6428.27    -12.1192    0.581767    9.00014    
1    25    15    -6430.18    -20.5801    0.554367    8.88903    
1    27    16    -6430.62    -20.9447    0.53593    8.80543    
1    30    17    -6431.14    -19.086    0.535915    8.67229    
1    34    18    -6429.57    -16.3179    0.564488    8.80524    
1    37    19    -6433.93    -14.7212    0.543228    7.75172    
1    39    20    -6428.14    -12.6431    0.567969    8.78992    
1    40    21    -6433.94    -12.2657    0.558129    7.91179    
1    42    22    -6438.4    -15.2793    0.54997    7.32378    
1    53    23    -6437.34    -16.5011    0.533607    7.21021    
1    55    24    -6434.98    -14.9079    0.53798    6.69818    
1    61    25    -6437.82    -18.9313    0.515997    6.88296    
1    62    26    -6435.07    -17.2557    0.531998    7.48939    
1    73    27    -6437.02    -19.8715    0.526345    7.10156    
1    77    28    -6437.88    -19.3053    0.526306    7.13337    
1    89    29    -6438.17    -19.9976    0.517758    7.07284    
