42	6060	1.00	0.000E+00	0	891	892	0	891	892	892M
37	3604	0.652	1.059E-99	4	887	892	3	900	902	156M2D3M2D230M1D48M4D19M1D53M1D40M2I204M3D13M2D116M
0	3482	0.655	4.300E-102	2	891	892	1	896	899	50M1I94M5D4M4I8M1D77M1I154M2I64M1D16M2D283M3D12M2D120M
33	2662	0.636	4.501E-97	2	887	892	1	894	896	145M1D19M3D224M1D41M1I29M1D16M2D81M2I150M1I45M2D17M2D115M
5	1064	0.271	1.747E-48	0	858	892	0	867	930	4M1I36M1D10M1I47M3D21M2D5M2I19M12I5M5I8M1I53M12I8M1I49M5I82M3D11M20D12M17D20M3D7M9D13M15I16M6I26M4I37M5D5M3I129M8I9M4I41M1I16M1D6M9D31M1D4M4I10M7D6M13D28M
26	885	0.247	2.667E-34	2	562	892	3	542	844	20M2D18M3D4M2D7M1I44M1D12M3I11M1D3M2I21M17I12M1D53M2I5M5D4M1D8M5D51M5I65M8D33M3D45M21I14M3D8M1I21M5I14M1D31M
36	874	0.236	1.139E-40	2	891	892	0	848	849	30M1I7M2D2M2D12M1I40M1D52M3I3M14I64M11I4M3I51M4I80M21I23M10D48M4I32M4I40M1I8M7D27M2D12M17D14M10D8M14I17M3D14M12I9M3I40M1D14M1I38M2D24M2I16M1D62M
2	866	0.234	3.826E-41	0	844	892	0	791	902	42M7D10M1I47M6D3M1I19M2I22M7I76M2I6M9I53M5I65M1D16M1D11M11D35M4D15M20I20M1I27M1I19M1D16M4D14M1D15M3I7M5I37M2D3M1D10M16I28M17I32M12I25M14D36M4I30M
44	863	0.252	3.699E-34	5	571	892	4	553	854	19M3D1M1I14M5D11M1I44M1D12M3I11M1D3M2I21M17I12M1D53M2I3M6D13M1D52M5I27M1D3M1I34M26D13M2D50M6I5M19I31M1D17M7I38M1I15M
20	863	0.229	9.155E-41	0	844	892	0	800	934	38M8D14M1I49M5D21M2I23M4I8M3I67M2I8M9I51M5I63M3D29M8D4M2D12M4D21M38I13M7D5M5D38M4D25M7I35M3I32M1I9M15I46M6I5M3D20M3I16M4D2M12D11M8I14M1D22M1I15M2I19M
3	862	0.236	9.668E-41	0	849	892	0	806	931	43M8D9M1I47M2D2M3D19M1I25M2I8M6I71M11I55M5I65M1D18M1D9M11D25M4D11M38I10M4D6M15D25M1D14M2D12M1D14M4D15M7D9M3D16M6I13M1D24M4I45M4D4M21I12M7I5M3I21M6I10M1I10M2D30M2I5M1D2M2I11M2I12M
27	855	0.242	3.623E-41	0	848	892	0	810	935	38M3D4M5D10M1I43M4D6M3D21M2I30M3I4M2I68M11I57M5I63M1D18M1D7M3D22M1D17M42I27M6D11M6I5M1I30M2I29M1D10M5D49M2I18M4D24M18I19M1D28M27D6M5I8M3I11M8D24M6I5M4I16M2D8M
29	822	0.222	1.254E-39	5	890	892	4	932	943	18M2D4M1D3M1I19M1I44M3D4M1D6M2D16M2D3M2D1M1D23M17I12M1D57M10I56M2I7M3D61M6D16M19D11M39D26M2D34M19D10M7D6M1D20M6I10M8I32M1D5M4I9M2D12M6I24M11I14M2I7M30I22M16D43M3D13M1D7M10I12M1D21M12D80M4D10M
14	816	0.226	5.771E-39	3	889	892	4	895	906	29M1I18M1I95M17I67M11I4M3I51M4I67M25I41M3D11M6I35M1D21M3D95M33D51M7D12M2D24M1I5M1I13M2D12M8D43M9I39M6D7M11D43M8D25M
31	814	0.234	7.580E-39	3	890	892	4	858	906	29M1I18M1I95M17I67M11I4M3I51M4I80M14I15M3I4M4I4M3D17M10I34M1D21M3D57M6D30M9D7M18D52M7D12M2D24M1I5M1I11M2I22M1D23M19I76M7D12M1D27M
22	807	0.228	4.109E-38	3	890	892	4	809	911	29M1I18M1I95M17I67M10I4M4I51M5I77M21I25M4I10M13D10M12I11M11I26M4I38M4I87M15D47M7I2M5I54M4I8M4I59M1D36M3D20M
21	805	0.230	1.458E-38	3	889	892	4	895	906	29M1I18M1I95M17I67M15I3M1D51M4I80M14I15M3I8M3D26M15I22M2D23M3D57M6D30M9D6M18D53M7D12M2D24M1I5M1I13M2D12M8D36M9I46M6D7M11D43M8D25M
15	791	0.222	2.656E-38	0	890	892	0	819	948	31M2I3M1D2M4D4M3D10M1I42M8D28M2I24M16I12M2D57M11I28M1D27M5I63M3D3M2I14M1D10M15D36M41I17M4D27M17D5M4D19M1D13M4I21M2I61M13I43M6I15M7I26M1D12M13I11M3I16M8I8M2I39M2D26M
1	790	0.229	8.926E-39	0	844	892	0	812	953	42M9D10M1I42M1I2M7D7M2D18M2I21M12I7M2I11M2D54M9I4M2I53M5I63M1D27M5D32M2D8M39I17M2I11M2I7M7I9M2I20M2I25M1D31M6D27M7I23M4D13M5D18M11I19M7D9M1D8M3D18M4D23M11D41M4D19M
17	789	0.233	4.582E-38	5	890	892	4	854	893	27M1I9M4D9M1I43M1D51M3I4M14I64M11I4M3I51M4I75M21I26M7D86M4I38M1I7M7D30M2D12M17D10M13D4M1D14M6I6M5D25M30I28M3I58M2D23M7D12M3D46M2I20M
12	784	0.248	3.089E-37	3	889	892	4	789	910	29M1I9M1D9M1I95M17I67M11I4M3I51M4I78M21I25M13D16M21I24M1D37M3D40M1I51M16D26M5I18M7I16M17I33M1D16M9I12M3I39M6I33M6I15M3I8M
16	783	0.249	7.087E-38	2	889	892	4	895	943	20M2D16M15D4M5D9M9D44M1I4M4D22M2D24M11I8M3D74M7I7M1D56M3D61M36D26M1I38M40I14M2D22M7I36M3D6M1I20M7I21M1D28M2I16M4I5M9I4M10I24M1D18M14D29M11I36M7D45M7D40M
11	783	0.223	7.580E-39	0	863	892	0	845	948	42M9D10M1I42M2I1M8D7M2D18M2I21M12I7M2I11M2D54M9I4M2I53M5I63M1D1M4D25M1D15M11D28M35I3M8D17M26D16M4D43M1D5M3I47M3I16M14I5M10I32M21I31M1I22M5I12M28D5M8D32M1I7M2I6M1I32M
34	782	0.209	1.158E-37	5	890	892	3	934	958	21M3D4M1I23M1I40M3D7M3D22M5D26M17I10M1D57M10I124M2D2M3I17M2D8M12D10M78D7M1I18M4D17M2D19M25D32M14I33M8I28M1D24M11I13M2I8M30I15M4D4M10D15M4D24M1D26M19I34M5I31M3D26M5D19M
7	779	0.248	7.484E-38	2	856	892	1	799	917	33M1D7M7D9M1I49M2D1M3D19M4I22M8I5M8I4M2D6M2D56M11I55M5I63M1D25M5D11M14D33M37I21M4I14M9I44M1I27M6D27M10D36M1D8M1D27M14I29M1D13M5D13M8I22M3I17M1I11M2I5M1I26M
4	778	0.235	1.223E-37	5	879	892	4	787	878	35M1D2M3D12M1I40M1D55M17I64M11I4M3I55M4I63M25I12M1I8M5D10M13D14M13I32M10I16M4I38M6I19M19I25M9D10M33I1M7D16M8I10M4I53M6D17M13D41M1I5M7D20M2D9M2D29M
39	776	0.216	1.363E-37	2	868	892	2	944	951	19M2D3M1I5M1I20M1I12M1I37M5D19M1D28M16I66M2I3M13I56M4I74M14I22M16D16M6D31M15D7M5D8M29D32M3I32M1I51M15D15M26D21M19I19M1D17M10D9M24D8M18D4M2D28M2D2M2D16M18I6M1I31M8I47M
30	771	0.228	5.699E-38	0	845	892	0	800	934	40M7D2M2D12M1I40M1I4M9D23M2I21M12I7M2I11M2D52M2I6M9I53M5I63M1D2M4D25M1D38M42I27M2I25M6I16M1D15M2D36M1D27M27I17M4D6M7D18M2I2M4I2M7D25M4D19M7D20M6D14M1D5M8D25M1I8M2I8M1D12M
13	770	0.210	2.770E-37	2	839	892	1	888	890	29M2I4M3D3M2D2M8D10M1I47M12D23M2I32M6I4M1I8M2D58M8I8M1D50M5I63M3D5M5D11M15D48M9D2M40I80M3I32M21D22M23D53M1D34M5I12M7D23M8D14M6D16M2D16M1I27M4I24M
41	770	0.232	3.128E-38	0	847	892	0	816	952	42M9D10M1I42M1I2M7D7M2D18M2I21M12I7M2I11M2D52M2I6M9I53M5I63M3D3M1D24M2D14M11D26M39I19M38D15M4D43M1D5M2I15M1I32M3I16M14I5M10I32M21I31M1I26M5I10M13D11M1D36M5D21M
25	768	0.236	1.972E-36	0	889	892	0	865	919	32M1I18M1I95M17I69M13I2M1I51M4I80M14I15M3I8M3D26M15I22M2D23M3D47M10D15M3D11M4D10M2D9M14D54M7D12M2D24M1I5M1I11M2I22M1D26M15I72M13D43M
35	765	0.232	8.814E-38	5	846	892	4	859	891	27M1I9M4D9M1I43M1D24M4I2M4D21M17I68M11I4M3I51M4I80M21I23M13D17M1I30M1D78M3I35M2D14M38D19M11D27M10D16M5D20M2D24M5D10M4D16M9D19M19I41M8I6M2I14M
6	765	0.228	9.706E-37	3	889	892	4	900	925	29M1I9M1D9M1I95M17I67M11I4M3I51M4I78M21I25M8D20M16I23M2D39M3D46M5D30M28D48M8D32M1I7M1D10M1D34M1D26M9I11M5D10M6D25M6D11M11D39M8D25M
18	763	0.232	3.089E-37	0	861	892	0	810	903	42M9D10M1I42M1I9M9D18M2I22M12I6M2I11M2D52M2I6M9I53M5I63M1D2M4D25M1D26M55I6M12I19M7I27M2I7M7I54M3I27M2D15M18D30M10D9M3I4M5D28M1D17M3D21M7D16M1D19M2D12M5I5M2D31M
43	757	0.216	7.390E-37	3	840	892	2	815	885	26M1I11M3D11M1I43M5I4M2D18M1I26M17I11M1I54M11I6M1I19M1I29M4I66M5D4M3D17M2I15M6D27M5D4M14D27M27D11M10I23M15I5M5I6M16I28M10D48M4I14M9D41M16I20M2I8M1I37M15D41M9I15M
8	757	0.239	1.192E-35	2	889	892	2	780	928	31M2D18M1I95M17I67M11I4M3I51M4I78M21I25M4I10M16I30M14D24M4I37M4I27M4I13M3I6M4I28M34I24M6D41M2I14M11I6M1I30M9D11M2D14M2D60M
23	755	0.207	2.322E-36	4	885	892	1	856	951	36M1D2M3D12M1I40M1I3M4D49M17I66M4I6M10I53M4I62M25I36M1D20M12D26M36I7M32I119M4D5M24D16M22D12M19D16M13D17M6D12M2D20M4I7M2D41M4I25M1D14M2I20M
32	740	0.201	4.468E-36	1	864	892	2	885	889	24M1D15M3D2M1D13M1I39M1I2M1I6M2D16M1I3M1I20M11I10M1I10M1I51M2I6M9I24M2I4M1D23M6I3M1D61M5D20M22D18M11D27M37I16M19D14M11D7M4D72M4I10M22D61M4I5M9D26M17I9M1I5M2I35M4I21M1D8M6D24M2D9M9D5M1I24M3I6M
10	737	0.218	3.181E-35	0	842	892	0	876	878	35M2D7M12D14M1I43M2D2M3D18M2I27M2I6M1D8M3I9M94D54M11I5M4I49M5I63M1D28M5D36M43I34M12I2M2I15M5I9M12I9M3I29M11D23M2I14M4D38M9D12M5D33M3D19M2D10M18I19M4D26M1D22M
38	732	0.231	6.544E-36	2	854	892	2	902	904	29M1D9M3D2M3D10M1I47M14D3M1I20M2I37M2I9M7D4M1D52M4I7M6I53M5I64M3D4M5D11M33D31M2I16M39I15M2D52M3D10M1D3M11D4M1D41M2D35M7D25M2D54M1D13M6D16M4D41M1D4M6D34M7I29M
9	731	0.214	2.701E-35	2	862	892	3	907	912	28M1I23M1I44M1D4M1I43M17I67M11I4M3I51M4I67M4D23M10D5M33D9M3D27M39I38M4I46M1I29M13D13M5D62M1I45M14D3M32D30M7D8M7D4M7D14M5I14M4I68M
45	729	0.208	1.464E-34	5	806	892	5	672	840	20M2D15M5D11M1I44M1D12M3I11M1D3M2I21M17I12M1D53M2I5M4D9M3D54M5I73M1I6M15I33M41I37M7D45M15I16M2I5M8I17M4I9M55I9M14D11M6D12M4D13M3D10M1I11M8I5M10I13M3D11M2D6M
19	728	0.210	6.461E-35	0	812	892	0	801	893	2M1I23M2D16M5D9M1I44M1D20M1I6M3I22M17I12M1D58M5D65M5I65M1D63M41I21M1I17M11D10M1I9M3I56M6I31M4I14M40I12M14D9M3D10M17D14M3D10M1I11M8I5M15D3M18D6M1I8M10D9M2D8M8D5M7D6M
28	702	0.214	1.633E-34	0	829	892	0	832	834	34M2D4M6D4M6D10M1I42M2D7M3D21M2I24M39D7M9D11M25D8M13D56M14I3M1I51M5I63M3D2M2D28M8D34M42I29M1I44M10I18M11D7M6I14M2I9M8I25M21I24M3I33M3D30M13I20M1D22M1I16M
40	695	0.203	4.737E-32	3	855	892	2	813	820	27M1I10M3D13M1I46M3I22M1I23M17I11M1I52M9I8M1I21M1I33M4I61M5D4M3D53M4D11M19D3M5D14M49D24M6D8M27I5M7D2M4I31M5D33M12D40M6I10M10I11M23I11M3D9M49I12M3D10M1D10M1I28M7I31M
24	656	0.182	1.148E-32	5	862	892	4	808	856	22M1D9M2D6M7D9M1I43M2I8M36D16M5D26M5I5M11I7M1I55M15I3M1D51M6I3M1D32M2D29M4D23M4D8M3I34M34I10M1I27M11I29M10I47M50I41M1D8M13D6M5D8M1D49M4I7M11D11M2D17M5D55M
46	651	0.203	7.420E-33	5	830	892	6	840	954	20M2D15M5D11M1I44M1D12M3I14M1I20M17I14M1D123M6I3M1D23M1D3M1I34M26D58M9D12M34I35M8I13M1D18M10I11M5I33M10D45M2D15M6I30M12D17M1D11M6D16M8D2M3D9M4I5M10I13M28D33M2I6M
 