#Task    Step    numberOfAcceptedPeleSteps    currentEnergy    BindingEnergy    sasaLig    distance_A35SG_L1S1    
1    0    0    -6463.3    -31.9085    0.467563    11.3255    
1    1    1    -6478.34    -28.935    0.492513    11.2087    
1    4    2    -6481.89    -31.5753    0.486886    11.2505    
1    13    3    -6475.46    -29.3713    0.48077    10.9639    
1    14    4    -6476.3    -27.9758    0.49114    10.6856    
1    15    5    -6478.01    -28.2112    0.50931    11.5064    
1    17    6    -6474.06    -29.4397    0.484748    10.7134    
1    19    7    -6478.83    -30.7469    0.470111    10.5502    
1    20    8    -6472.3    -22.4656    0.451063    10.2778    
1    26    9    -6478.49    -27.8915    0.469308    10.3803    
1    27    10    -6481.72    -29.7926    0.486025    10.6938    
1    35    11    -6481.19    -29.8634    0.489733    10.7751    
1    39    12    -6479.75    -21.7015    0.49484    11.7735    
1    42    13    -6479.36    -25.799    0.485653    11.2772    
1    44    14    -6481.82    -21.5062    0.476629    10.9295    
1    45    15    -6479.39    -25.08    0.467286    11.0344    
1    47    16    -6479.74    -26.6211    0.443511    10.9114    
1    49    17    -6479.59    -34.2266    0.412849    10.8138    
1    57    18    -6487.57    -40.3307    0.404352    10.9049    
1    69    19    -6492.35    -40.8711    0.403026    10.8287    
1    75    20    -6492.19    -39.1943    0.405951    10.8999    
1    77    21    -6491.24    -39.7393    0.412377    11.0185    
1    80    22    -6490.67    -36.8884    0.404158    10.6375    
1    89    23    -6491.62    -39.6112    0.410395    10.9599    
