#Task    Step    numberOfAcceptedPeleSteps    currentEnergy    BindingEnergy    sasaLig    distance_A35SG_L1S1    
1    0    0    -6445.02    -19.7959    0.533885    7.47161    
1    2    1    -6447.88    -0.796939    0.586126    7.51932    
1    3    2    -6462.31    -5.8682    0.578509    7.56754    
1    10    3    -6463.22    -11.3641    0.572975    7.91962    
1    11    4    -6462.23    -10.9006    0.558118    7.50273    
1    14    5    -6464.55    -12.2635    0.558215    7.62964    
1    20    6    -6455.24    -1.03462    0.568586    7.06518    
1    21    7    -6458.51    -10.3548    0.586602    7.78707    
1    22    8    -6454.38    2.05025    0.607608    6.14739    
1    24    9    -6455.24    1.81482    0.634085    4.86472    
1    26    10    -6455.03    2.3429    0.579648    5.32365    
1    27    11    -6458.31    0.270365    0.662216    9.46456    
1    28    12    -6467.05    -12.6383    0.602204    9.67398    
1    30    13    -6465.43    -12.844    0.607987    9.77632    
1    31    14    -6462.21    -12.5879    0.588471    8.56576    
1    33    15    -6464.82    -17.5008    0.569199    8.83198    
1    35    16    -6464.82    -16.1282    0.57926    9.19293    
1    36    17    -6464.16    -13.2797    0.603922    9.39664    
1    37    18    -6463.92    -16.6795    0.554681    9.15161    
1    38    19    -6465.13    -16.2193    0.542999    9.02842    
1    40    20    -6460.87    -13.6687    0.545634    8.99944    
1    42    21    -6467.69    -19.6682    0.539384    9.34617    
1    48    22    -6468.33    -19.089    0.543767    9.24926    
1    52    23    -6467.66    -18.939    0.555895    9.50746    
1    75    24    -6467.31    -17.7428    0.563273    9.7328    
1    76    25    -6467.38    -19.2218    0.586807    10.1505    
1    78    26    -6469.58    -18.6572    0.540444    9.35319    
1    81    27    -6469.87    -26.7165    0.534201    9.22546    
1    90    28    -6466.74    -22.5543    0.560431    8.94355    
1    95    29    -6467.39    -23.9946    0.555181    8.82374    
1    98    30    -6452.7    -12.3653    0.565717    8.48462    
1    99    31    -6463.22    -20.0186    0.565906    8.57593    
