#Task    Step    numberOfAcceptedPeleSteps    currentEnergy    BindingEnergy    sasaLig    distance_A35SG_L1S1    
1    0    0    -6459.21    -8.5257    0.578187    11.4541    
1    1    1    -6485.5    -11.31    0.559747    10.1911    
1    2    2    -6486.46    -12.2111    0.547817    9.8212    
1    3    3    -6485.29    -12.1171    0.534208    10.4254    
1    5    4    -6486.89    -13.876    0.519655    9.37896    
1    6    5    -6485.43    -11.9707    0.523824    9.65566    
1    7    6    -6484.78    -11.7829    0.525639    9.09012    
1    8    7    -6484.84    -12.261    0.530022    9.53053    
1    12    8    -6485.21    -10.92    0.546458    8.25464    
1    23    9    -6485.43    -12.5126    0.518233    9.11149    
1    25    10    -6481.52    -12.7379    0.51889    8.8614    
1    35    11    -6483.15    -13.8916    0.499011    9.30651    
1    39    12    -6479.95    -8.92357    0.516943    10.3172    
1    40    13    -6479.22    -8.73702    0.505528    9.03341    
1    42    14    -6480.42    -9.86423    0.45242    8.73082    
1    43    15    -6481.44    -11.1771    0.488367    8.2297    
1    53    16    -6479.46    -11.3576    0.471132    7.14469    
1    56    17    -6477.77    -8.66576    0.443298    7.98163    
1    62    18    -6477.05    -7.13093    0.462949    9.41302    
1    63    19    -6480.46    -9.55486    0.493123    8.15236    
1    67    20    -6477.93    -10.1497    0.471982    7.92948    
1    68    21    -6483.46    -11.9328    0.51546    7.64388    
1    74    22    -6483.35    -11.6029    0.520157    9.22528    
1    75    23    -6481.85    -13.1473    0.528259    10.3775    
1    79    24    -6481.49    -13.7403    0.460265    8.71392    
1    80    25    -6481.25    -12.5326    0.467059    7.51394    
1    82    26    -6482.4    -12.8443    0.502708    9.08237    
1    86    27    -6481.53    -11.6373    0.501931    10.1038    
1    88    28    -6482.68    -13.2702    0.497785    9.37584    
1    90    29    -6482.85    -12.2002    0.484545    12.0988    
1    97    30    -6478.9    -12.4186    0.491985    12.1949    
1    99    31    -6479.06    -12.5132    0.510073    12.4633    
1    100    32    -6477.07    -9.86705    0.521447    12.8539    
