#Task    Step    numberOfAcceptedPeleSteps    currentEnergy    BindingEnergy    sasaLig    distance_A35SG_L1S1    
1    0    0    -6466.95    -22.3544    0.440863    6.9222    
1    3    1    -6468.47    -24.4678    0.435282    3.76231    
1    4    2    -6468.29    -23.6729    0.474957    4.03179    
1    5    3    -6471.48    -24.8806    0.468953    3.90814    
1    8    4    -6470.8    -25.2652    0.467106    4.05435    
1    9    5    -6467.41    -24.497    0.454855    3.83558    
1    15    6    -6472.88    -27.6234    0.476363    3.83833    
1    17    7    -6471.59    -27.5488    0.472346    3.93733    
1    28    8    -6472.14    -26.7888    0.459865    3.74361    
1    37    9    -6472.4    -27.3709    0.482799    3.95353    
1    38    10    -6469.63    -21.5091    0.53252    5.15624    
1    39    11    -6468.46    -24.3798    0.506622    5.64893    
1    44    12    -6468.62    -25.3542    0.490503    4.701    
1    51    13    -6468.6    -19.6709    0.59116    4.55952    
1    53    14    -6472.14    -22.1167    0.568521    3.96542    
1    54    15    -6468.77    -19.7866    0.550891    3.4275    
1    57    16    -6472.18    -21.3494    0.541462    3.53065    
1    62    17    -6471.95    -18.7657    0.578594    4.06828    
1    67    18    -6473.2    -17.3547    0.630201    4.9233    
1    68    19    -6477.25    -18.8295    0.569941    4.60555    
1    80    20    -6477.68    -18.6023    0.51837    3.83674    
1    86    21    -6473.49    -15.0729    0.492536    3.78501    
1    89    22    -6474.85    -16.5488    0.460896    3.68946    
1    92    23    -6474.94    -15.337    0.47568    3.69118    
1    93    24    -6474.79    -20.7367    0.45955    4.52543    
1    99    25    -6473.25    -19.2396    0.46886    4.8347    
