#Task    Step    numberOfAcceptedPeleSteps    currentEnergy    BindingEnergy    sasaLig    distance_A35SG_L1S1    
1    0    0    -6445.29    -18.2295    0.442013    5.07767    
1    1    1    -6449.08    7.6528    0.549605    4.46764    
1    3    2    -6466.07    -2.89223    0.566615    9.29067    
1    5    3    -6471.1    -12.3305    0.498672    10.2042    
1    7    4    -6477.14    -15.7792    0.518971    10.2035    
1    22    5    -6475.04    -12.4173    0.565185    10.0568    
1    31    6    -6477.39    -15.1793    0.546777    10.1947    
1    38    7    -6476.09    -14.7641    0.523445    9.76471    
1    39    8    -6473.86    -13.9311    0.539426    10.0904    
1    43    9    -6475.93    -14.1983    0.542007    10.2622    
1    46    10    -6467.05    -1.94079    0.604171    11.1438    
1    48    11    -6471.25    -7.6543    0.574307    11.1058    
1    49    12    -6477.79    -14.4387    0.563099    10.0828    
1    64    13    -6477.37    -14.8709    0.572243    10.0841    
1    67    14    -6477.57    -16.0583    0.549854    9.46913    
1    76    15    -6473.73    -12.8067    0.594324    9.84261    
1    80    16    -6472.75    -13.2407    0.607557    10.4018    
1    83    17    -6472.65    -11.7211    0.626863    10.5784    
1    84    18    -6470.88    -9.68308    0.621066    11.0544    
1    85    19    -6473.73    -3.58702    0.602925    5.11986    
1    86    20    -6472.33    -2.54786    0.604026    5.10489    
1    90    21    -6471.52    -2.47129    0.595373    5.50128    
1    91    22    -6469.29    -1.1889    0.594823    5.18359    
1    92    23    -6471    -2.20483    0.597611    5.38138    
1    96    24    -6470.04    -2.01541    0.560533    6.63931    
1    97    25    -6474.34    -12.7843    0.505987    7.72584    
1    99    26    -6475.8    -16.2279    0.496153    7.00916    
