#Task    Step    numberOfAcceptedPeleSteps    currentEnergy    BindingEnergy    sasaLig    distance_A35SG_L1S1    
1    0    0    -6452.45    -30.6169    0.463579    4.2273    
1    1    1    -6466.94    -25.1648    0.450939    6.17587    
1    4    2    -6471.92    -28.2822    0.454178    6.52812    
1    7    3    -6464.33    -19.8499    0.458304    5.86532    
1    10    4    -6460.7    -15.451    0.549059    4.92555    
1    11    5    -6464.67    -15.3591    0.531123    4.50378    
1    14    6    -6463.18    -8.34274    0.601117    3.79951    
1    15    7    -6473.18    -18.7147    0.537032    3.66124    
1    21    8    -6471.37    -22.8065    0.530874    3.50964    
1    28    9    -6473.45    -22.5696    0.5523    3.6464    
1    31    10    -6474.44    -23.2016    0.541232    3.62046    
1    35    11    -6472.27    -22.5142    0.539787    3.67866    
1    66    12    -6472.48    -22.556    0.595048    4.11178    
1    67    13    -6470.48    -20.773    0.477601    4.70106    
1    71    14    -6464.18    -21.3545    0.495546    5.29984    
1    73    15    -6470.99    -25.7239    0.484411    5.8927    
1    74    16    -6472.23    -27.2261    0.496109    6.43547    
1    88    17    -6469.5    -24.42    0.496229    5.8948    
1    91    18    -6469.36    -24.0676    0.521665    7.44169    
1    92    19    -6471.82    -24.6409    0.493578    6.17464    
1    95    20    -6467.97    -18.5929    0.51521    6.15535    
1    97    21    -6470.21    -26.7982    0.462141    5.23357    
1    98    22    -6469.6    -26.9227    0.456071    4.67437    
