#Task    Step    numberOfAcceptedPeleSteps    currentEnergy    BindingEnergy    sasaLig    distance_A35SG_L1S1    
1    0    0    -6435.97    -5.69196    0.645401    10.4469    
1    2    1    -6458.93    -5.95178    0.659719    9.98461    
1    7    2    -6455.56    -2.73223    0.70358    11.5434    
1    8    3    -6456.36    -2.84047    0.683091    10.2701    
1    9    4    -6446    4.5353    0.706547    13.0742    
1    10    5    -6441.32    9.67094    0.686877    11.6327    
1    11    6    -6450.29    4.63368    0.680519    9.92283    
1    12    7    -6456.26    -0.343791    0.630461    5.84417    
1    14    8    -6455.56    2.17223    0.657475    9.35038    
1    15    9    -6459.93    -2.54603    0.616091    7.04085    
1    17    10    -6459.93    -4.12361    0.594124    7.78692    
1    18    11    -6461.58    -6.35422    0.582572    8.6223    
1    19    12    -6461.45    -5.0473    0.595751    8.8992    
1    20    13    -6461.1    -4.29419    0.5535    9.29627    
1    23    14    -6459.06    -2.06311    0.564969    8.27075    
1    24    15    -6457.65    -1.8806    0.550895    9.62241    
1    25    16    -6455.03    -6.10665    0.535392    9.17061    
1    26    17    -6461    -5.91982    0.523559    9.03969    
1    27    18    -6462.17    -10.8421    0.456606    8.83649    
1    28    19    -6464.6    -13.7298    0.489705    9.3148    
1    29    20    -6461.01    -12.6866    0.448581    10.2692    
1    33    21    -6463.94    -17.7566    0.446131    9.91225    
1    37    22    -6464.58    -14.3417    0.456395    7.66885    
1    39    23    -6465.86    -21.2724    0.454903    7.54279    
1    50    24    -6466.31    -20.0207    0.448787    7.95624    
1    73    25    -6465.39    -18.1009    0.452549    6.51013    
1    74    26    -6467.12    -19.3584    0.470404    6.42634    
1    82    27    -6468.05    -18.4053    0.51981    7.15944    
1    95    28    -6466.1    -17.9325    0.40133    5.43486    
