#Task    Step    numberOfAcceptedPeleSteps    currentEnergy    BindingEnergy    sasaLig    distance_A35SG_L1S1    
1    0    0    -6447.24    -11.0197    0.62903    8.99987    
1    1    1    -6471.32    -12.4265    0.611505    8.82564    
1    3    2    -6470.22    -11.2912    0.5696    7.46002    
1    4    3    -6472.36    -13.4231    0.577662    8.41236    
1    6    4    -6470.55    -12.5643    0.590714    8.61703    
1    7    5    -6471.31    -13.2636    0.589759    8.4794    
1    9    6    -6471.98    -13.6105    0.57679    8.46664    
1    22    7    -6471.83    -12.236    0.591505    8.84344    
1    26    8    -6472.49    -13.3708    0.574778    8.52773    
1    30    9    -6470.55    -12.3397    0.576403    8.23944    
1    33    10    -6469.85    -15.4893    0.56546    8.68622    
1    35    11    -6469.1    -15.3386    0.581622    9.00735    
1    47    12    -6469.04    -15.8232    0.579126    8.86588    
1    48    13    -6470.03    -16.3348    0.589386    8.94908    
1    49    14    -6468.93    -13.763    0.580426    8.91061    
1    56    15    -6468.32    -11.8429    0.613759    8.99001    
1    59    16    -6458.42    -3.37501    0.689457    6.52387    
1    61    17    -6458.92    -4.71304    0.618359    6.13406    
1    62    18    -6460.4    -5.55366    0.596706    5.84247    
1    64    19    -6459.82    -5.33439    0.632521    6.25015    
1    65    20    -6462.92    -7.60477    0.547853    6.62933    
1    70    21    -6462.38    -6.86234    0.556341    7.46391    
1    71    22    -6463.61    -5.76119    0.52887    6.57216    
1    72    23    -6466.94    -7.11142    0.507643    6.82106    
1    78    24    -6466.6    -7.21335    0.499316    6.95843    
1    83    25    -6466.95    -7.94209    0.504443    6.59452    
1    84    26    -6466.81    -9.4304    0.493433    7.03742    
1    85    27    -6465.94    -8.57226    0.532033    6.36474    
1    86    28    -6465.92    -8.62348    0.532268    7.09284    
1    87    29    -6467.1    -8.66673    0.550975    7.28389    
1    88    30    -6465.67    -8.96624    0.534625    6.97332    
1    89    31    -6469.38    -12.983    0.523726    6.74897    
1    92    32    -6467.18    -9.53499    0.542292    7.41439    
1    93    33    -6465.85    -10.798    0.533288    5.96002    
1    96    34    -6468.38    -13.0399    0.536866    6.45567    
1    100    35    -6464.85    -9.96516    0.555829    6.77845    
