#Task    Step    numberOfAcceptedPeleSteps    currentEnergy    BindingEnergy    sasaLig    distance_A35SG_L1S1    
1    0    0    -6442.59    -20.7428    0.457223    6.50681    
1    1    1    -6469.4    -25.3271    0.422308    6.37574    
1    17    2    -6471.63    -23.9416    0.434132    6.50988    
1    25    3    -6470.82    -21.442    0.433765    6.68133    
1    43    4    -6468.78    -19.4011    0.450861    6.95847    
1    50    5    -6469.41    -18.4462    0.465818    6.3991    
1    51    6    -6472.73    -22.1864    0.44931    6.65163    
1    52    7    -6474.46    -22.0942    0.450289    6.39515    
1    53    8    -6461.69    -8.44618    0.531235    7.18306    
1    55    9    -6461.52    -14.4466    0.441882    4.00211    
1    56    10    -6463.43    -11.0501    0.490369    4.85466    
1    57    11    -6451.72    -3.03613    0.496231    7.27482    
1    60    12    -6452.95    -2.55419    0.469816    6.90081    
1    63    13    -6451.51    -0.459768    0.458452    6.88463    
1    64    14    -6452.4    -4.35879    0.712641    6.81989    
1    65    15    -6454.05    -3.99077    0.49032    9.75331    
1    66    16    -6453.05    -5.15129    0.514622    9.58292    
1    69    17    -6460.18    -5.06153    0.498968    9.8903    
1    75    18    -6459.25    -6.16373    0.404334    10.0212    
1    82    19    -6459.59    -5.69144    0.420607    10.1373    
1    84    20    -6458.65    -0.660368    0.515097    10.6806    
1    88    21    -6456.73    1.22545    0.550679    10.7798    
1    90    22    -6457.89    -0.794467    0.509844    10.9397    
1    91    23    -6464.11    -5.64063    0.472363    9.07611    
1    93    24    -6464.01    -9.08891    0.454449    8.30531    
1    96    25    -6461.48    -3.05655    0.488125    7.91886    
1    97    26    -6467.27    -10.2238    0.447427    8.36408    
