#Task    Step    numberOfAcceptedPeleSteps    currentEnergy    BindingEnergy    sasaLig    distance_A35SG_L1S1    
1    0    0    -6450.65    -28.5879    0.385985    10.403    
1    3    1    -6471.64    -26.0428    0.3909    10.5808    
1    5    2    -6477.12    -30.3716    0.37261    10.3493    
1    11    3    -6475.06    -26.3162    0.418139    10.0812    
1    34    4    -6477.54    -30.2165    0.371194    10.2716    
1    41    5    -6475.79    -29.4712    0.371442    10.2769    
1    44    6    -6476.71    -27.5556    0.395471    10.2503    
1    51    7    -6475.29    -28.3264    0.3531    10.4833    
1    55    8    -6476.89    -27.8664    0.392814    10.3013    
1    70    9    -6475.97    -25.8416    0.394452    10.2696    
1    72    10    -6476.48    -25.5569    0.396477    10.4997    
1    74    11    -6476.43    -23.6703    0.407914    10.4516    
1    81    12    -6466.77    -21.8202    0.410614    10.4572    
1    84    13    -6472.99    -21.4483    0.4038    10.5155    
1    85    14    -6476.06    -29.1486    0.384806    10.2867    
