#Task    Step    numberOfAcceptedPeleSteps    currentEnergy    BindingEnergy    sasaLig    distance_A35SG_L1S1    
1    0    0    -6448.76    -19.8483    0.418303    7.93283    
1    1    1    -6457.24    -10.4236    0.508162    7.76326    
1    2    2    -6466.62    -17.7719    0.498085    8.85087    
1    5    3    -6467.77    -27.9787    0.442874    9.14558    
1    6    4    -6470.31    -26.4069    0.452584    8.92599    
1    15    5    -6469.93    -23.0643    0.461701    9.30322    
1    16    6    -6466.47    -21.6251    0.495105    9.61217    
1    19    7    -6469.21    -24.0517    0.47077    9.15101    
1    22    8    -6468.89    -20.0221    0.429389    8.00642    
1    23    9    -6471.7    -27.4737    0.400562    7.39379    
1    25    10    -6478.36    -28.6375    0.394521    7.24752    
1    38    11    -6474.57    -25.9336    0.435239    8.18958    
1    47    12    -6474.34    -25.1107    0.426381    7.79003    
1    52    13    -6471.14    -25.1296    0.444795    9.00163    
1    53    14    -6467.65    -23.549    0.444638    8.60995    
1    54    15    -6461.89    -18.1387    0.438738    7.64799    
1    57    16    -6463.02    -25.369    0.442153    8.72979    
1    58    17    -6465.31    -21.1522    0.463671    8.52323    
1    65    18    -6472.33    -26.2076    0.420385    8.07249    
1    66    19    -6477.11    -25.8016    0.433526    8.50726    
1    80    20    -6476.57    -25.3354    0.438768    8.1447    
1    81    21    -6473.14    -27.3789    0.42954    8.14744    
1    87    22    -6469.62    -24.1034    0.43966    8.45502    
1    90    23    -6469.84    -23.7258    0.457197    9.36902    
1    91    24    -6473.64    -24.9234    0.460579    9.05642    
1    96    25    -6474.19    -25.9956    0.469501    9.76203    
1    97    26    -6476.55    -27.4687    0.421962    8.61902    
