#Task    Step    numberOfAcceptedPeleSteps    currentEnergy    BindingEnergy    sasaLig    distance_A35SG_L1S1    
1    0    0    -6448.84    -24.9011    0.365291    3.52432    
1    1    1    -6462.19    -8.82898    0.513758    3.88818    
1    3    2    -6464.05    -4.85835    0.539068    4.84177    
1    5    3    -6467.76    -11.8117    0.600452    5.13005    
1    8    4    -6471.26    -11.2019    0.625812    5.6234    
1    23    5    -6467.33    -7.21003    0.652792    6.94602    
1    25    6    -6467.92    -7.8403    0.666901    7.21486    
1    26    7    -6465.32    -4.83299    0.664471    8.11363    
1    27    8    -6465.46    -8.73662    0.610352    11.5676    
1    28    9    -6466.4    -8.80422    0.641659    11.8304    
1    29    10    -6468.56    -12.6108    0.633039    11.666    
1    30    11    -6467.94    -11.8813    0.646176    11.9943    
1    31    12    -6471.42    -13.5734    0.56915    11.882    
1    32    13    -6470.81    -15.0136    0.54962    11.6558    
1    33    14    -6474.12    -20.6472    0.552123    11.5617    
1    45    15    -6470.32    -24.7769    0.515517    10.8399    
1    50    16    -6468.75    -21.3913    0.529174    10.8717    
1    51    17    -6473.48    -24.3366    0.521933    11.034    
1    53    18    -6471.91    -25.1918    0.494922    10.811    
1    57    19    -6479.48    -25.2477    0.512311    10.8558    
1    67    20    -6477.29    -23.5816    0.516292    10.8816    
1    69    21    -6478.91    -26.2942    0.526718    10.8085    
1    73    22    -6478.1    -23.7054    0.529741    11.1004    
1    74    23    -6478.75    -25.8669    0.508259    10.5763    
1    82    24    -6478.89    -25.0746    0.522618    10.556    
1    91    25    -6479.06    -23.973    0.527997    10.3683    
1    93    26    -6479.17    -24.3305    0.527501    10.551    
1    97    27    -6480.91    -25.2405    0.513011    10.4186    
1    98    28    -6480.1    -23.8693    0.497149    10.7726    
1    99    29    -6477.56    -20.5327    0.483419    11.0748    
