#Task    Step    numberOfAcceptedPeleSteps    currentEnergy    BindingEnergy    sasaLig    distance_A35SG_L1S1    
1    0    0    -6435.8    -24.2331    0.429764    8.22587    
1    1    1    -6451.16    -14.7322    0.479358    9.31548    
1    9    2    -6450.59    -6.96659    0.529807    8.91531    
1    10    3    -6456.95    -10.7161    0.534672    9.69035    
1    15    4    -6456.29    -10.4327    0.531915    9.49034    
1    16    5    -6458.98    -10.5235    0.560636    11.1807    
1    21    6    -6458.98    -17.0819    0.450351    9.31845    
1    41    7    -6451.09    -10.5611    0.503233    9.26239    
1    43    8    -6455.18    -16.8064    0.494615    9.41798    
1    47    9    -6456.64    -13.5139    0.50544    9.33632    
1    49    10    -6460.42    -20.2382    0.468914    8.481    
1    50    11    -6458.43    -19.2793    0.468414    8.3874    
1    51    12    -6459.5    -16.758    0.516729    9.28278    
1    55    13    -6454.76    -10.0148    0.635484    8.88599    
1    58    14    -6460.05    -14.6386    0.654565    7.99858    
1    60    15    -6459.6    -13.8401    0.582931    7.92623    
1    62    16    -6463.18    -17.5834    0.608568    6.80228    
1    64    17    -6465.3    -20.8388    0.557072    5.72511    
1    71    18    -6462.82    -21.1519    0.539867    4.75571    
1    72    19    -6461.51    -18.8795    0.503741    3.73159    
1    73    20    -6467.76    -22.4345    0.537414    5.49762    
1    74    21    -6464.03    -19.093    0.553026    5.0184    
1    80    22    -6463.96    -20.1623    0.534953    5.87539    
1    82    23    -6466.54    -22.5152    0.554364    4.51846    
1    91    24    -6465.62    -17.2577    0.603931    6.24184    
1    92    25    -6466.52    -18.4741    0.549935    5.70398    
1    99    26    -6469.98    -16.9653    0.493595    6.77939    
