#Task    Step    numberOfAcceptedPeleSteps    currentEnergy    BindingEnergy    sasaLig    distance_A35SG_L1S1    
1    0    0    -6452.68    -48.5601    0.360645    9.3716    
1    1    1    -6464.86    -38.6889    0.3771    9.76733    
1    3    2    -6464.05    -33.1576    0.372565    8.49461    
1    6    3    -6470.21    -35.3657    0.357889    8.66962    
1    9    4    -6472.54    -36.2183    0.358206    8.25886    
1    11    5    -6470.24    -34.5505    0.381003    8.08852    
1    12    6    -6472.05    -29.6029    0.380769    8.38154    
1    13    7    -6473.37    -31.0861    0.401632    8.25826    
1    20    8    -6473.08    -31.8623    0.39965    8.37093    
1    21    9    -6473.41    -32.1293    0.386151    8.43052    
1    31    10    -6466.38    -34.5268    0.363364    8.39937    
1    35    11    -6472.14    -40.0401    0.365347    8.31307    
1    37    12    -6477.31    -45.9597    0.352627    8.09701    
1    41    13    -6475.1    -42.5451    0.378955    8.09565    
1    53    14    -6468.59    -39.4269    0.395029    9.30985    
1    56    15    -6462.56    -34.7944    0.447399    9.28055    
1    63    16    -6463.53    -30.6512    0.42791    9.28715    
1    64    17    -6463.48    -31.7881    0.430081    9.26187    
1    65    18    -6468.18    -37.8633    0.419178    9.2354    
1    69    19    -6469.98    -37.9817    0.401723    9.2317    
1    76    20    -6467.11    -39.5404    0.407444    9.16345    
1    81    21    -6467    -41.1212    0.409052    9.10056    
1    84    22    -6467.06    -38.2405    0.419397    9.14593    
1    85    23    -6474.72    -42.952    0.375439    9.4189    
1    96    24    -6474.43    -45.2497    0.373695    9.44432    
