#Task    Step    numberOfAcceptedPeleSteps    currentEnergy    BindingEnergy    sasaLig    distance_A35SG_L1S1    
1    0    0    -6456.16    -21.5392    0.362436    12.3339    
1    2    1    -6473.3    -16.3605    0.340912    12.5762    
1    3    2    -6473.4    -26.9079    0.318434    12.2841    
1    5    3    -6474.05    -34.9636    0.319028    12.1385    
1    7    4    -6473.45    -30.9675    0.380057    12.4073    
1    14    5    -6477.62    -27.7306    0.35416    11.6932    
1    19    6    -6473.5    -19.7314    0.406765    11.9087    
1    21    7    -6474.84    -36.5089    0.357614    11.8035    
1    24    8    -6473.32    -33.0593    0.357057    12.0285    
1    26    9    -6473.71    -33.7797    0.357409    11.6429    
1    27    10    -6473.26    -34.6947    0.421178    9.63176    
1    29    11    -6473.12    -34.6046    0.392244    9.25198    
1    31    12    -6476.13    -34.0748    0.415155    9.30377    
1    32    13    -6474.42    -32.3479    0.450162    9.98892    
1    33    14    -6468.65    -35.6426    0.411635    9.45255    
1    44    15    -6468.4    -32.0412    0.42628    9.35942    
1    45    16    -6463.51    -36.634    0.405125    9.35796    
1    53    17    -6475.3    -40.3847    0.383099    9.3722    
1    54    18    -6480.5    -39.7259    0.40236    9.44269    
1    56    19    -6482.19    -38.6738    0.39591    9.49718    
1    59    20    -6484.59    -40.7339    0.369532    9.72149    
1    61    21    -6485.04    -41.6081    0.373514    9.61098    
1    71    22    -6475.02    -22.3653    0.410006    9.65628    
1    77    23    -6481.43    -39.9376    0.360616    9.67867    
1    83    24    -6480.71    -37.7131    0.381544    9.88843    
1    89    25    -6481.89    -34.2541    0.398748    9.36271    
1    93    26    -6481.7    -34.8737    0.390953    9.53684    
1    99    27    -6480.02    -37.4482    0.389958    9.83352    
