#Task    Step    numberOfAcceptedPeleSteps    currentEnergy    BindingEnergy    sasaLig    distance_A35SG_L1S1    
1    0    0    -6441.71    -23.5976    0.456327    5.47344    
1    1    1    -6456.44    -20.5069    0.466564    5.79692    
1    4    2    -6461.57    -22.0025    0.467329    4.85092    
1    6    3    -6465.27    -25.4637    0.48807    4.97798    
1    7    4    -6469.02    -34.9095    0.445185    4.89623    
1    10    5    -6470.17    -32.5443    0.454984    4.61035    
1    18    6    -6471.7    -27.4381    0.467447    4.9239    
1    24    7    -6471.19    -26.2714    0.462751    4.64058    
1    26    8    -6473.73    -31.784    0.458023    4.80095    
1    28    9    -6471.57    -29.6502    0.465288    4.8424    
1    33    10    -6464.58    -21.4615    0.477478    5.54169    
1    34    11    -6467.07    -22.6677    0.477213    4.93393    
1    35    12    -6468.45    -24.3209    0.484478    5.18714    
1    44    13    -6469.02    -25.4424    0.49403    4.96205    
1    46    14    -6468.49    -28.9785    0.481979    4.89478    
1    47    15    -6472.03    -33.8633    0.468084    5.09521    
1    53    16    -6477.04    -37.7516    0.447785    4.77258    
1    54    17    -6471.64    -34.1594    0.473352    4.66307    
1    58    18    -6472.25    -33.0255    0.467252    5.89354    
1    63    19    -6478.55    -36.103    0.4425    5.05231    
1    71    20    -6470.64    -30.1348    0.452583    6.63132    
1    73    21    -6467.78    -31.1746    0.443667    6.49571    
1    78    22    -6465.39    -30.6144    0.448798    5.9826    
1    84    23    -6476.81    -35.4249    0.428009    5.66221    
1    86    24    -6474.95    -33.5872    0.433296    5.72107    
1    93    25    -6473.53    -35.2052    0.430267    5.78011    
1    94    26    -6472.16    -34.9915    0.441476    5.40929    
1    95    27    -6472.52    -35.4476    0.431289    5.97841    
1    99    28    -6472.97    -35.6069    0.436108    5.26794    
