#Task    Step    numberOfAcceptedPeleSteps    currentEnergy    BindingEnergy    sasaLig    distance_A35SG_L1S1    
1    0    0    -6460.75    -17.89    0.517572    6.89945    
1    1    1    -6481.17    -17.4026    0.514601    6.58776    
1    2    2    -6470.68    -6.96197    0.578421    8.47948    
1    3    3    -6470.77    -11.7984    0.477982    6.81421    
1    10    4    -6469.15    -8.54244    0.574826    3.59965    
1    11    5    -6464.44    -6.12653    0.456924    7.93348    
1    12    6    -6475.29    -15.0182    0.425441    7.97398    
1    15    7    -6477.17    -18.3376    0.417264    8.29731    
1    18    8    -6468.43    -10.3615    0.493364    7.97929    
1    19    9    -6469.81    -9.87542    0.464799    8.44437    
1    21    10    -6466.87    -12.5816    0.489215    8.61979    
1    23    11    -6465.04    -9.91052    0.510395    8.05961    
1    24    12    -6463.59    -7.83567    0.508808    8.77111    
1    28    13    -6467.43    -7.27276    0.55144    4.62709    
1    29    14    -6472.72    -20.9022    0.487172    3.77737    
1    30    15    -6472.47    -20.923    0.486875    4.03525    
1    35    16    -6472.94    -19.766    0.496077    4.04406    
1    42    17    -6475.72    -22.2464    0.477313    3.83929    
1    43    18    -6476.48    -22.4695    0.45781    3.60062    
1    46    19    -6476.86    -21.7683    0.455581    3.5163    
1    50    20    -6479.75    -24.3648    0.442478    3.7589    
1    54    21    -6475.51    -19.5978    0.461336    3.60424    
1    58    22    -6475.08    -19.3537    0.465929    3.595    
1    60    23    -6475.59    -18.9768    0.472551    3.55995    
1    64    24    -6471.76    -13.4149    0.532848    4.1549    
1    65    25    -6471.05    -12.3766    0.573234    5.92601    
1    67    26    -6469.13    -6.22574    0.560617    6.03185    
1    68    27    -6474.79    -11.2293    0.521788    4.81516    
1    69    28    -6481.66    -19.4002    0.463257    4.70415    
1    71    29    -6481.17    -21.1042    0.461448    4.44639    
1    76    30    -6480.62    -19.9118    0.501602    5.00969    
1    87    31    -6479.84    -19.6608    0.491034    5.20266    
1    88    32    -6479.36    -16.9861    0.472721    4.3823    
1    91    33    -6480.22    -19.3742    0.502793    4.21657    
1    93    34    -6485.63    -30.2532    0.433597    3.93068    
1    99    35    -6489.19    -29.5834    0.429021    3.75267    
