#Task    Step    numberOfAcceptedPeleSteps    currentEnergy    BindingEnergy    sasaLig    distance_A35SG_L1S1    
1    0    0    -6452.79    -11.6013    0.559554    8.73412    
1    1    1    -6475.96    -11.6795    0.563365    8.99813    
1    12    2    -6475.44    -10.0012    0.58461    8.86223    
1    15    3    -6474.51    -10.2484    0.540192    9.85002    
1    16    4    -6469.65    -6.55348    0.58387    9.19478    
1    17    5    -6475.01    -10.4741    0.589296    8.9745    
1    18    6    -6471.74    -5.8215    0.629893    8.61765    
1    20    7    -6473.2    -8.02699    0.59806    8.68078    
1    21    8    -6476.48    -13.2466    0.580319    9.02214    
1    22    9    -6475.71    -11.5848    0.554982    9.03046    
1    27    10    -6476.23    -13.7079    0.551016    8.72591    
1    30    11    -6476.04    -14.5565    0.555527    8.6246    
1    36    12    -6477.77    -13.9387    0.549591    8.47113    
1    44    13    -6474.24    -11.5841    0.577832    8.41243    
1    48    14    -6471.68    -7.54025    0.604817    9.45302    
1    50    15    -6473.57    -9.96525    0.598248    9.12533    
1    54    16    -6472.46    -9.24465    0.586266    9.07122    
1    60    17    -6472.59    -9.45217    0.594167    9.24233    
1    61    18    -6471.32    -4.03728    0.585272    10.7225    
1    63    19    -6475.96    -8.91087    0.564235    9.11226    
1    67    20    -6471.18    -10.743    0.565213    8.83175    
1    68    21    -6468.38    -2.5178    0.609023    11.4005    
1    69    22    -6468    -7.29867    0.605093    11.4306    
1    71    23    -6474.7    -7.93235    0.570966    10.3332    
1    72    24    -6470.6    -3.14964    0.65977    12.748    
1    74    25    -6474.55    -5.64272    0.662869    12.0292    
1    76    26    -6479.97    -11.541    0.560465    13.2717    
1    80    27    -6480.28    -10.9857    0.582168    14.1578    
1    82    28    -6480.09    -10.7653    0.62382    13.3048    
1    88    29    -6481.29    -12.6067    0.595908    13.0798    
1    92    30    -6482.48    -13.4947    0.543061    12.8439    
1    98    31    -6480.61    -11.8548    0.568041    13.359    
