#Task    Step    numberOfAcceptedPeleSteps    currentEnergy    BindingEnergy    sasaLig    distance_A35SG_L1S1    
1    0    0    -6444.35    -33.438    0.427758    4.21793    
1    1    1    -6459.1    -31.8332    0.382646    5.35873    
1    3    2    -6449.22    -9.37863    0.410986    5.4536    
1    7    3    -6455.59    -14.7324    0.379388    5.66351    
1    12    4    -6457.05    -14.339    0.393609    5.73684    
1    13    5    -6460.62    -23.7244    0.38056    6.97117    
1    14    6    -6463.29    -23.8565    0.359101    5.5916    
1    24    7    -6463.06    -22.5191    0.379329    7.03214    
1    25    8    -6460.68    -23.7856    0.341584    6.04784    
1    32    9    -6457.99    -22.2327    0.375908    5.75818    
1    34    10    -6462.04    -22.5265    0.357298    6.15709    
1    35    11    -6464.17    -18.1951    0.397436    6.48868    
1    39    12    -6468.14    -20.4392    0.35934    4.67463    
1    41    13    -6459.66    -14.7781    0.45686    5.03675    
1    42    14    -6463.01    -23.7569    0.452926    5.81094    
1    45    15    -6460.55    -28.5675    0.437806    5.49799    
1    47    16    -6458.77    -23.7472    0.424253    6.41182    
1    48    17    -6461.04    -21.9872    0.457387    6.13332    
1    54    18    -6471.48    -27.7202    0.426091    5.75749    
1    57    19    -6469.22    -32.3045    0.422225    5.25281    
1    68    20    -6465.82    -27.5787    0.43012    6.33402    
1    72    21    -6465.48    -26.9714    0.468987    5.8879    
1    73    22    -6462.96    -21.021    0.572342    5.62841    
1    75    23    -6464.57    -17.5849    0.661539    10.5658    
1    76    24    -6468.58    -20.458    0.588337    8.22528    
1    78    25    -6470.15    -20.9818    0.547833    6.03203    
1    83    26    -6470.49    -20.1485    0.564449    5.95113    
1    87    27    -6471.97    -19.545    0.541765    5.57434    
1    88    28    -6472.19    -19.3147    0.543916    5.78841    
1    93    29    -6471.19    -20.155    0.566385    6.17666    
1    95    30    -6464.03    -16.4256    0.557059    6.62766    
1    97    31    -6469.73    -19.3671    0.513223    5.99127    
