#Task    Step    numberOfAcceptedPeleSteps    currentEnergy    BindingEnergy    sasaLig    distance_A35SG_L1S1    
1    0    0    -6448.46    -20.8016    0.484129    5.79035    
1    1    1    -6450.03    -8.49603    0.383623    3.90752    
1    4    2    -6449.59    -10.7487    0.364391    4.46853    
1    5    3    -6468.95    -33.4914    0.341768    5.99737    
1    20    4    -6470.76    -38.646    0.313238    5.72508    
1    23    5    -6469.57    -33.2771    0.353393    6.87718    
1    25    6    -6466.3    -34.7341    0.345909    6.41439    
1    31    7    -6466.8    -35.3195    0.343423    6.03485    
1    45    8    -6468.89    -34.4624    0.366615    7.56475    
1    51    9    -6469.36    -35.3499    0.356924    7.69189    
1    59    10    -6470.99    -36.5392    0.352245    6.99015    
1    69    11    -6468.94    -40.4457    0.337726    6.67727    
1    83    12    -6460.66    -26.2407    0.343652    6.85143    
1    85    13    -6457.64    -14.9557    0.372001    6.95488    
1    88    14    -6450.55    -19.7284    0.394026    6.81966    
1    89    15    -6462.13    -13.9319    0.404302    5.45148    
1    92    16    -6462.99    -13.2679    0.432625    4.48249    
1    93    17    -6465.29    -16.1131    0.38267    5.59718    
1    94    18    -6463.94    -16.2792    0.358963    5.10017    
1    95    19    -6470.52    -19.2781    0.354595    4.02056    
1    96    20    -6468.95    -14.807    0.358779    5.80475    
1    100    21    -6471.53    -18.0689    0.350207    3.84426    
