#Task    Step    numberOfAcceptedPeleSteps    currentEnergy    BindingEnergy    sasaLig    distance_A35SG_L1S1    
1    0    0    -6449.71    -23.7983    0.552569    5.63451    
1    3    1    -6459.99    -11.0247    0.610547    5.81704    
1    4    2    -6463.41    -11.2577    0.628039    6.53587    
1    5    3    -6462.48    -7.5877    0.63552    5.60402    
1    6    4    -6464.02    -7.79188    0.612918    5.20585    
1    9    5    -6459.25    -14.6027    0.523031    8.36449    
1    12    6    -6457.17    -9.84469    0.534057    9.43413    
1    14    7    -6463.48    -16.2468    0.543293    8.99669    
1    19    8    -6464.27    -14.1131    0.532926    8.2773    
1    20    9    -6470.21    -18.4848    0.538688    7.54674    
1    45    10    -6469.29    -17.7703    0.494698    3.76712    
1    46    11    -6470.63    -19.6997    0.506921    3.88929    
1    50    12    -6470.43    -16.6929    0.500622    3.90906    
1    51    13    -6465.99    -17.5626    0.565419    4.21009    
1    53    14    -6472.72    -22.3749    0.5326    3.81269    
1    68    15    -6472.38    -22.9415    0.542812    3.86903    
1    69    16    -6470.94    -20.3916    0.507464    3.75251    
1    71    17    -6471.98    -20.8355    0.512998    3.75426    
1    75    18    -6470.36    -19.3316    0.570152    3.97305    
1    80    19    -6468.39    -17.2447    0.52987    3.5977    
1    83    20    -6468.81    -20.0533    0.461448    3.62777    
1    91    21    -6468.52    -19.0353    0.461082    3.97715    
1    95    22    -6469.71    -28.0947    0.436206    4.09633    
1    97    23    -6475.49    -32.0088    0.406141    3.67172    
1    98    24    -6471.14    -31.5632    0.425744    3.67171    
1    100    25    -6473.56    -31.6321    0.424485    3.62866    
