#Task    Step    numberOfAcceptedPeleSteps    currentEnergy    BindingEnergy    sasaLig    distance_A35SG_L1S1    
1    0    0    -6446.93    -18.47    0.532676    10.1581    
1    1    1    -6459.08    -0.853944    0.613271    6.25742    
1    3    2    -6459.57    2.62544    0.577171    7.72263    
1    5    3    -6465.95    -10.5218    0.603299    11.5077    
1    7    4    -6466.66    -8.54102    0.643174    10.9719    
1    8    5    -6464.62    -6.61881    0.609901    11.6748    
1    12    6    -6466.04    -6.9246    0.502533    11.4116    
1    15    7    -6466.49    -12.6979    0.529111    11.511    
1    16    8    -6466.13    -11.0188    0.527201    11.3962    
1    23    9    -6470.09    -14.0539    0.570008    10.6788    
1    25    10    -6472.5    -14.9189    0.594844    10.6529    
1    27    11    -6474.21    -15.0509    0.600245    10.2682    
1    31    12    -6473.09    -15.3741    0.5837    9.5869    
1    32    13    -6473.18    -16.0654    0.587482    8.90541    
1    34    14    -6475.3    -17.2625    0.546649    9.46685    
1    46    15    -6473.66    -16.2075    0.553964    9.41239    
1    54    16    -6474.65    -17.3376    0.587656    9.32528    
1    56    17    -6470.72    -13.0189    0.591463    10.3657    
1    57    18    -6466.99    -15.8937    0.579949    9.80833    
1    58    19    -6463.07    -11.8937    0.593624    10.7786    
1    62    20    -6465.35    -13.7744    0.562526    9.64942    
1    64    21    -6467.45    -15.97    0.544929    9.99742    
1    66    22    -6470.01    -16.8229    0.536058    9.29017    
1    67    23    -6466.61    -9.77373    0.595611    10.0613    
1    68    24    -6465.07    -7.58324    0.615995    8.82846    
1    69    25    -6469.45    -11.0217    0.629295    7.9398    
1    76    26    -6468.43    -9.97429    0.627961    8.60779    
1    80    27    -6467.93    -10.8669    0.616925    8.80856    
1    83    28    -6468.87    -14.2399    0.6012    7.69548    
1    84    29    -6473    -15.0676    0.573899    7.98969    
1    94    30    -6472    -12.8318    0.606914    8.98877    
1    98    31    -6473.46    -14.0916    0.603147    8.04169    
1    99    32    -6474.64    -16.0981    0.574862    8.07552    
