#Task    Step    numberOfAcceptedPeleSteps    currentEnergy    BindingEnergy    sasaLig    distance_A35SG_L1S1    
1    0    0    -6456.73    -24.091    0.438501    6.60173    
1    2    1    -6468.34    -11.8862    0.489262    8.25677    
1    3    2    -6478.23    -22.881    0.463346    6.76164    
1    29    3    -6478.07    -22.1639    0.436749    6.66807    
1    34    4    -6479.55    -23.6712    0.423579    6.35331    
1    37    5    -6479.44    -25.4489    0.43038    6.64866    
1    41    6    -6478    -24.33    0.438717    6.5352    
1    46    7    -6476.01    -22.0008    0.466734    6.36129    
1    49    8    -6481.64    -24.325    0.440185    6.60308    
1    61    9    -6480.63    -21.1345    0.459471    7.09052    
1    68    10    -6478.08    -20.2834    0.465524    6.53705    
1    69    11    -6478.64    -23.004    0.452011    6.74589    
1    79    12    -6480.76    -24.7932    0.464144    6.57934    
