#Task    Step    numberOfAcceptedPeleSteps    currentEnergy    BindingEnergy    sasaLig    distance_A35SG_L1S1    
1    0    0    -6446.65    -36.9133    0.399965    6.98381    
1    1    1    -6448.99    -17.944    0.52634    9.36981    
1    3    2    -6444.15    -6.10631    0.467282    8.52138    
1    5    3    -6447.03    -15.7007    0.472951    9.61278    
1    7    4    -6446.9    -9.01481    0.491872    9.03352    
1    10    5    -6449.02    -10.0192    0.479083    9.10713    
1    11    6    -6453.02    -13.4182    0.453705    9.19733    
1    13    7    -6454.4    -19.319    0.485577    8.87197    
1    15    8    -6453.44    -20.419    0.487218    8.91439    
1    17    9    -6452.31    -19.6506    0.488951    8.80978    
1    19    10    -6457.59    -15.1809    0.499933    8.22661    
1    21    11    -6453.73    -15.9999    0.489959    8.17754    
1    23    12    -6450.3    -14.6226    0.499884    8.61166    
1    26    13    -6462.78    -18.5655    0.479836    7.98699    
1    31    14    -6458.19    -15.4847    0.507708    8.27674    
1    37    15    -6459.75    -16.4289    0.481345    8.27952    
1    40    16    -6459.71    -16.1122    0.478943    8.39685    
1    41    17    -6462.75    -18.3932    0.478605    7.71587    
1    42    18    -6463.64    -19.6108    0.452853    7.58369    
1    49    19    -6466.22    -19.2977    0.453184    7.35222    
1    50    20    -6463.78    -17.0049    0.454104    7.2453    
1    52    21    -6465.3    -17.6404    0.454358    7.33585    
1    54    22    -6463.46    -16.7931    0.497312    8.15619    
1    55    23    -6464.25    -14.8098    0.481188    7.71776    
1    57    24    -6463.27    -16.3429    0.482907    7.67962    
1    58    25    -6462.39    -17.5425    0.480748    7.3847    
1    63    26    -6462.58    -16.7483    0.490375    8.10334    
1    70    27    -6462.7    -14.7086    0.503303    8.50427    
1    72    28    -6463.68    -15.0497    0.516788    8.10757    
1    80    29    -6461.02    -11.5011    0.542119    8.10327    
1    82    30    -6459.5    -11.0868    0.524367    7.64205    
1    83    31    -6460.18    -11.8174    0.528752    8.36365    
1    85    32    -6460.33    -15.3236    0.500415    8.25302    
1    87    33    -6460.91    -17.7567    0.474717    7.87401    
1    96    34    -6462.81    -14.3658    0.481189    7.1855    
1    97    35    -6462.94    -13.8946    0.491485    7.86116    
1    98    36    -6463.91    -15.2965    0.469751    7.21199    
