#Task    Step    numberOfAcceptedPeleSteps    currentEnergy    BindingEnergy    sasaLig    distance_A35SG_L1S1    
1    0    0    -6456.24    -13.2122    0.684828    7.03269    
1    1    1    -6464.12    -2.28065    0.737074    6.50132    
1    3    2    -6467.2    -1.51946    0.778133    9.96407    
1    4    3    -6468.11    -1.26623    0.801918    9.5736    
1    6    4    -6466.86    -0.588976    0.729927    6.51484    
1    7    5    -6468.45    -3.04523    0.733763    8.33874    
1    8    6    -6465.13    1.48449    0.739377    10.9121    
1    9    7    -6469.31    -3.20264    0.755653    9.64455    
1    10    8    -6466.68    -0.852783    0.732656    10.1982    
1    11    9    -6468.93    -2.99018    0.733889    9.12956    
1    12    10    -6471.85    -2.8982    0.732894    7.04852    
1    14    11    -6471.05    -0.824509    0.74269    9.01192    
1    15    12    -6472.97    -2.47119    0.74574    6.54675    
1    16    13    -6477.18    -7.65381    0.703294    6.61863    
1    18    14    -6477.23    -7.20259    0.709646    6.63974    
1    26    15    -6476.98    -6.95194    0.70979    6.79823    
1    32    16    -6475.36    -4.01464    0.751197    8.6959    
1    33    17    -6474.53    -7.21816    0.723608    7.52862    
1    35    18    -6477.03    -8.69546    0.727909    7.42148    
1    43    19    -6476.75    -7.67095    0.73225    7.60542    
1    52    20    -6475.71    -8.30659    0.717295    7.35298    
1    53    21    -6476.32    -8.4799    0.702896    7.24358    
1    55    22    -6475.78    -8.9968    0.710468    6.88881    
1    63    23    -6473.65    -8.20731    0.717259    7.73868    
1    69    24    -6476.31    -8.16627    0.712131    7.25602    
1    70    25    -6475.51    -7.69467    0.727491    7.69752    
1    71    26    -6475.85    -7.18832    0.722956    7.12654    
1    74    27    -6476.71    -7.27959    0.725087    7.14515    
1    75    28    -6475.44    -7.8656    0.724784    7.34469    
1    82    29    -6467.57    1.92364    0.707461    10.7096    
1    84    30    -6472.71    -2.74271    0.676503    9.81978    
1    85    31    -6474.21    -7.02258    0.593945    9.14339    
1    86    32    -6476.64    -9.44983    0.620311    9.32441    
1    87    33    -6475.62    -8.09136    0.663951    8.13123    
1    91    34    -6476.93    -10.5908    0.609858    9.35063    
1    93    35    -6479.42    -11.2072    0.553031    8.62399    
1    96    36    -6478.63    -10.518    0.573838    8.45228    
1    99    37    -6478.03    -10.0413    0.606075    8.86915    
