#Task    Step    numberOfAcceptedPeleSteps    currentEnergy    BindingEnergy    sasaLig    distance_A35SG_L1S1    
1    0    0    -6434.84    -7.19591    0.588119    14.2452    
1    1    1    -6461.78    -8.62341    0.563792    14.3336    
1    3    2    -6458.59    -6.14179    0.606724    14.651    
1    7    3    -6462.25    -9.71211    0.533479    15.4319    
1    11    4    -6456.51    -3.30016    0.5052    14.1236    
1    13    5    -6454.25    -4.07192    0.496234    14.1872    
1    14    6    -6457.82    -8.15559    0.562384    14.6702    
1    15    7    -6460.63    -5.26717    0.545734    10.1495    
1    16    8    -6462.39    -5.15342    0.552052    9.84025    
1    18    9    -6463.04    -4.81683    0.561008    9.15159    
1    19    10    -6463.04    -5.2667    0.5648    9.41107    
1    20    11    -6463.33    -5.31331    0.627559    8.53817    
1    23    12    -6460.72    -4.65644    0.611037    8.22061    
1    27    13    -6457.06    -4.49626    0.577194    8.39587    
1    28    14    -6461.01    -6.17382    0.600165    7.7963    
1    31    15    -6459.44    -7.14385    0.576382    7.44103    
1    33    16    -6459.73    -4.81683    0.563568    7.62636    
1    34    17    -6464.97    -7.48158    0.561197    9.08787    
1    39    18    -6459.32    -2.6444    0.585884    9.0643    
1    40    19    -6465.62    -6.03504    0.592906    9.20227    
1    41    20    -6467.95    -9.99579    0.534264    9.69619    
1    43    21    -6470.11    -10.5233    0.522918    9.73962    
1    44    22    -6470.85    -9.89718    0.516964    9.55102    
1    46    23    -6470.47    -10.1445    0.531682    10.181    
1    47    24    -6464.65    -5.26404    0.543715    9.11147    
1    49    25    -6462.75    -8.55302    0.538563    10.0713    
1    51    26    -6464.08    -5.83135    0.56571    9.72193    
1    52    27    -6461.86    -3.00332    0.543885    8.62265    
1    54    28    -6469.14    -9.46968    0.521371    10.8201    
1    62    29    -6470.57    -10.2738    0.57035    10.3712    
1    67    30    -6472.05    -10.9378    0.550639    10.0824    
1    70    31    -6471.13    -8.76126    0.557254    9.8095    
1    72    32    -6470.79    -9.41569    0.524983    10.1402    
1    77    33    -6469.2    -10.3358    0.532121    9.64497    
1    80    34    -6467.68    -9.11352    0.557437    9.4098    
1    81    35    -6469.47    -11.2166    0.525479    9.95848    
1    82    36    -6469.32    -10.5434    0.505097    10.0323    
1    83    37    -6467.18    -10.9902    0.540926    10.0499    
1    85    38    -6463.89    -5.61956    0.578627    9.70672    
1    86    39    -6466.53    -6.29666    0.552287    9.78787    
1    87    40    -6463.27    -2.22774    0.596112    9.22377    
1    88    41    -6466.89    -2.80217    0.591762    9.05472    
1    91    42    -6464.24    0.485415    0.659364    13.03    
1    92    43    -6468.48    -2.0744    0.598686    9.89688    
1    93    44    -6461.7    -2.54797    0.504079    8.82863    
1    95    45    -6459.92    -0.915557    0.525066    8.97349    
1    96    46    -6460.03    -2.66141    0.52364    8.70884    
1    97    47    -6459.61    -4.44561    0.506622    8.41463    
1    99    48    -6458.54    -5.27732    0.585917    8.68121    
1    100    49    -6460.74    -2.27556    0.55088    8.96294    
