#Task    Step    numberOfAcceptedPeleSteps    currentEnergy    BindingEnergy    sasaLig    distance_A35SG_L1S1    
1    0    0    -6451.18    -12.0836    0.559206    8.91254    
1    1    1    -6472.06    -12.1863    0.554081    8.54815    
1    2    2    -6471.6    -9.53815    0.587134    8.60442    
1    4    3    -6472.57    -10.7585    0.560833    8.77994    
1    8    4    -6471.3    -10.4187    0.59661    9.2362    
1    14    5    -6471.93    -11.5086    0.58273    9.33465    
1    17    6    -6469.8    -12.4452    0.540107    8.90823    
1    21    7    -6467.47    -12.3117    0.555296    8.69863    
1    23    8    -6472.01    -12.9701    0.540961    8.72938    
1    24    9    -6469.44    -11.2078    0.530917    8.80398    
1    27    10    -6470.89    -10.5011    0.590281    8.88559    
1    28    11    -6471.97    -10.6428    0.575122    9.14433    
1    32    12    -6472.14    -9.99137    0.585443    9.24344    
1    34    13    -6471.51    -11.9395    0.55475    8.92104    
1    40    14    -6467.09    -8.17896    0.558187    9.39216    
1    41    15    -6460.57    -4.57747    0.552137    8.78804    
1    43    16    -6459.74    -3.47197    0.547561    8.48416    
1    44    17    -6458.65    0.339344    0.564441    11.6894    
1    47    18    -6464.9    -11.9182    0.487425    9.89145    
1    48    19    -6470.21    -15.9882    0.462944    10.7177    
1    49    20    -6463.11    -11.989    0.506018    11.7304    
1    56    21    -6463.7    -13.4449    0.5248    12.2519    
1    57    22    -6461.54    -9.61662    0.571428    12.6159    
1    60    23    -6463.14    -10.6286    0.534729    11.5372    
1    63    24    -6469.49    -10.891    0.554173    12.6062    
1    66    25    -6470.27    -10.3261    0.578051    13.0237    
1    67    26    -6462.3    -10.2014    0.605575    9.32057    
1    68    27    -6465.77    -11.6506    0.573024    11.2846    
1    70    28    -6464.96    -10.9448    0.532613    11.9887    
1    73    29    -6471.36    -17.0404    0.514518    11.3052    
1    74    30    -6469.93    -13.0129    0.543471    11.48    
1    76    31    -6470.15    -13.1182    0.508328    11.4228    
1    77    32    -6467.85    -16.707    0.543112    11.0134    
1    79    33    -6468.79    -11.7469    0.488406    10.7234    
1    81    34    -6470.19    -13.7305    0.483018    10.323    
1    83    35    -6474.18    -15.4777    0.48278    11.0927    
1    85    36    -6474.09    -15.4325    0.473002    11.3769    
1    89    37    -6473.98    -13.8062    0.521642    11.1607    
1    91    38    -6473.57    -13.9391    0.517197    12.0204    
1    92    39    -6474.37    -14.7454    0.524503    11.5408    
1    94    40    -6471.95    -12.6446    0.560993    10.8812    
1    96    41    -6473.5    -13.9408    0.534353    11.1344    
1    97    42    -6475.9    -14.2348    0.536382    10.9399    
1    99    43    -6474.14    -15.2426    0.50455    12.291    
1    100    44    -6469.36    -11.5297    0.576193    11.191    
