#Task    Step    numberOfAcceptedPeleSteps    currentEnergy    BindingEnergy    sasaLig    distance_A35SG_L1S1    
1    0    0    -6432.23    -5.25048    0.61525    9.58287    
1    2    1    -6445.21    2.31119    0.650424    9.99666    
1    3    2    -6454.58    -7.80359    0.623786    10.4485    
1    4    3    -6457.38    -10.3295    0.619725    10.0373    
1    5    4    -6458.82    -13.8884    0.51993    9.60397    
1    10    5    -6457.88    -9.50241    0.545505    9.68926    
1    11    6    -6455.14    -5.98373    0.5866    8.94736    
1    15    7    -6455.15    -1.63959    0.717017    7.73435    
1    17    8    -6463.41    -4.88636    0.670714    13.0289    
1    19    9    -6461.23    -6.26925    0.614023    12.4267    
1    20    10    -6455.13    -1.95928    0.586515    11.9557    
1    21    11    -6461.67    -7.85705    0.543707    13.2705    
1    23    12    -6460.8    -8.3473    0.529411    13.1403    
1    26    13    -6461.74    -7.84538    0.581675    13.6797    
1    27    14    -6461.35    -7.30448    0.55585    12.7199    
1    28    15    -6460.38    -5.10236    0.604133    13.0115    
1    29    16    -6464.08    -9.57313    0.580155    13.306    
1    30    17    -6464.37    -10.9452    0.562888    12.7322    
1    31    18    -6463.02    -11.8074    0.538492    12.3678    
1    33    19    -6464.08    -7.85006    0.512787    6.57344    
1    36    20    -6463.49    -8.69276    0.545934    5.72788    
1    38    21    -6465.52    -7.04698    0.583848    5.97697    
1    39    22    -6467.45    -10.2272    0.52416    6.30899    
1    41    23    -6465.97    -8.65332    0.522881    6.51195    
1    42    24    -6466.09    -11.457    0.516568    6.43538    
1    43    25    -6469.43    -15.9221    0.514582    6.90758    
1    47    26    -6466.84    -18.6683    0.481918    7.46853    
1    48    27    -6469.06    -21.3542    0.476567    8.48143    
1    49    28    -6471.41    -23.2277    0.456363    7.35401    
1    55    29    -6469.26    -22.0483    0.460432    7.75457    
1    61    30    -6468.04    -23.1757    0.45765    7.27517    
1    63    31    -6465.93    -20.7144    0.479534    8.01967    
1    76    32    -6463.42    -19.1589    0.449193    7.05773    
1    77    33    -6466.9    -22.9452    0.447311    7.13486    
1    80    34    -6468.6    -22.8335    0.4516    7.38003    
1    81    35    -6468.91    -22.7894    0.447247    7.02024    
1    83    36    -6462.73    -13.6977    0.453003    6.73184    
1    85    37    -6467.33    -24.4723    0.473223    7.55281    
1    93    38    -6471.72    -23.0211    0.445242    7.10334    
1    95    39    -6469.77    -23.0923    0.456599    7.14336    
1    97    40    -6473.46    -22.4262    0.454211    7.31591    
1    100    41    -6462.8    -10.9642    0.462085    6.4243    
