#Task    Step    numberOfAcceptedPeleSteps    currentEnergy    BindingEnergy    sasaLig    distance_A35SG_L1S1    
1    0    0    -6456.52    -23.6374    0.434012    6.65782    
1    1    1    -6455.99    -8.96232    0.45337    4.81022    
1    2    2    -6457.11    -7.08785    0.474269    5.67325    
1    3    3    -6477.55    -21.8109    0.451862    6.54649    
1    4    4    -6477.5    -20.8174    0.448069    6.96008    
1    9    5    -6477.98    -24.2664    0.442703    6.83664    
1    25    6    -6478.47    -25.1417    0.426    6.79179    
1    27    7    -6476.03    -25.2232    0.418091    6.77799    
1    30    8    -6474.99    -21.794    0.446648    6.55955    
1    32    9    -6479.78    -26.2808    0.430893    6.68934    
1    58    10    -6475.21    -20.6183    0.455897    6.72409    
1    60    11    -6480.09    -25.3584    0.421809    6.76632    
1    61    12    -6477.64    -24.9279    0.418222    6.79887    
1    64    13    -6479.59    -23.8262    0.41501    6.53662    
1    88    14    -6472.4    -16.7844    0.439929    6.29905    
1    90    15    -6469.92    -13.727    0.463705    6.38596    
1    92    16    -6479.3    -26.586    0.416988    6.53419    
1    93    17    -6473.27    -18.5539    0.473222    7.55988    
1    94    18    -6479.71    -18.9526    0.483188    7.58184    
1    95    19    -6480.75    -18.5848    0.496135    7.26799    
1    97    20    -6481.07    -19.3817    0.466227    7.29359    
