#Task    Step    numberOfAcceptedPeleSteps    currentEnergy    BindingEnergy    sasaLig    distance_A35SG_L1S1    
1    0    0    -6440.82    -9.33158    0.478466    8.00873    
1    1    1    -6472.23    -16.9606    0.416605    6.90336    
1    3    2    -6470.89    -16.8284    0.412874    7.03887    
1    11    3    -6473.92    -17.85    0.404185    6.08311    
1    25    4    -6469.55    -19.4243    0.385778    5.7343    
1    33    5    -6469.34    -18.3698    0.415717    7.36381    
1    38    6    -6465.49    -12.8631    0.479446    7.27086    
1    41    7    -6467.05    -20.6623    0.428407    6.88537    
1    42    8    -6467.42    -15.0498    0.483765    7.05877    
1    45    9    -6467.41    -18.716    0.461146    6.69788    
1    52    10    -6463.75    -14.3538    0.454778    7.21235    
1    56    11    -6463.67    -10.6801    0.506807    7.99468    
1    61    12    -6462.76    -14.2656    0.51328    7.13786    
1    67    13    -6454.24    -7.91542    0.463495    4.26551    
1    68    14    -6453.61    -4.75384    0.549009    3.51427    
1    69    15    -6455.74    -6.60997    0.523361    4.13825    
1    70    16    -6454.68    -0.320806    0.549813    5.43235    
1    71    17    -6458.2    -5.86685    0.451207    3.93484    
1    74    18    -6461    -11.4995    0.474645    3.74646    
1    75    19    -6464.66    -12.6931    0.446564    6.98483    
1    76    20    -6460.62    -7.34661    0.520283    8.36365    
1    78    21    -6462.31    -4.92463    0.560794    9.23536    
1    79    22    -6468.47    -17.846    0.471287    5.87289    
1    84    23    -6469.27    -14.6832    0.513144    5.35628    
1    90    24    -6470.5    -17.394    0.491064    6.18199    
