#Task    Step    numberOfAcceptedPeleSteps    currentEnergy    BindingEnergy    sasaLig    distance_A35SG_L1S1    
1    0    0    -6461.64    -29.6385    0.414266    7.04208    
1    2    1    -6477.32    -24.3771    0.497543    7.75481    
1    4    2    -6477.4    -22.8739    0.546601    7.47404    
1    5    3    -6484.26    -35.179    0.419633    7.53308    
1    11    4    -6481.49    -34.1986    0.445347    7.12898    
1    27    5    -6480.31    -29.7212    0.475198    8.14    
1    32    6    -6481.53    -31.1238    0.438394    8.15017    
1    33    7    -6488.42    -34.7236    0.428194    7.43214    
1    50    8    -6483.54    -28.3313    0.432216    7.34881    
1    53    9    -6482.62    -29.435    0.429606    7.37926    
1    56    10    -6478.63    -29.0716    0.475887    7.89292    
1    59    11    -6485.23    -32.4272    0.414123    7.84017    
1    60    12    -6486.13    -30.6765    0.416407    7.60003    
1    67    13    -6484.29    -31.0675    0.454364    7.14934    
1    69    14    -6482.97    -33.6087    0.434515    7.3254    
1    72    15    -6478.28    -27.6625    0.45827    7.77243    
1    73    16    -6477.95    -26.7381    0.449355    6.50308    
1    74    17    -6472.5    -22.5219    0.465575    7.01148    
1    75    18    -6473.35    -24.1536    0.462814    7.34846    
1    76    19    -6482.18    -29.9223    0.442381    6.46807    
1    79    20    -6483.7    -29.4926    0.437183    6.97796    
1    97    21    -6486.16    -31.412    0.438058    8.49566    
1    99    22    -6485.85    -33.2301    0.418322    7.58208    
