#Task    Step    numberOfAcceptedPeleSteps    currentEnergy    BindingEnergy    sasaLig    distance_A35SG_L1S1    
1    0    0    -6443.87    -20.4848    0.481309    8.84662    
1    1    1    -6462.99    -22.9436    0.502673    9.54    
1    5    2    -6465.81    -25.5693    0.515513    9.40287    
1    16    3    -6462.42    -23.9954    0.52339    9.46129    
1    23    4    -6469.79    -24.9955    0.514786    9.43674    
1    25    5    -6473.63    -25.5468    0.515321    9.3033    
1    46    6    -6470.23    -23.2081    0.515565    8.69711    
1    55    7    -6461.35    -11.4209    0.627082    10.2072    
1    56    8    -6460.04    -9.29656    0.635672    9.22974    
1    58    9    -6464.01    -14.2727    0.601087    10.7798    
1    61    10    -6465.65    -17.5056    0.560649    9.83105    
1    68    11    -6465.93    -16.295    0.592192    10.6581    
1    72    12    -6468.86    -18.0889    0.553517    9.87125    
1    76    13    -6469.32    -19.7119    0.555167    9.63878    
1    80    14    -6463.5    -15.2169    0.60395    11.0291    
1    81    15    -6465.6    -16.0379    0.54845    10.6824    
1    83    16    -6467.92    -18.8087    0.504652    10.4777    
1    85    17    -6465.18    -19.6428    0.530006    6.82684    
1    86    18    -6468.4    -20.4396    0.494718    6.87897    
1    92    19    -6468.64    -20.0351    0.470429    7.35234    
