#Task    Step    numberOfAcceptedPeleSteps    currentEnergy    BindingEnergy    sasaLig    distance_A35SG_L1S1    
1    0    0    -6440.73    -20.866    0.528546    8.20452    
1    1    1    -6443.95    -4.57542    0.492299    9.12239    
1    2    2    -6448.06    -6.01364    0.553291    9.54549    
1    3    3    -6455.7    -4.52496    0.52447    6.87304    
1    5    4    -6456.48    -5.78191    0.535692    6.91542    
1    9    5    -6456.55    -17.8065    0.499331    4.29494    
1    17    6    -6455.5    -10.0822    0.51532    3.67169    
1    20    7    -6454.92    -10.105    0.517698    3.64964    
1    21    8    -6453.32    -11.3139    0.522123    3.66096    
1    22    9    -6457.59    -10.8168    0.527511    3.68722    
1    23    10    -6447.94    -2.62112    0.599459    4.19877    
1    27    11    -6457.91    -10.0558    0.58989    4.47613    
1    35    12    -6462.06    -9.90997    0.571403    4.29477    
1    39    13    -6461.76    -11.4338    0.545911    4.66396    
1    40    14    -6463.77    -14.2228    0.543879    4.81939    
1    42    15    -6465.66    -14.3591    0.494142    4.19715    
1    46    16    -6463.3    -12.4851    0.488785    3.98311    
1    58    17    -6463.59    -12.4987    0.455896    3.74934    
1    65    18    -6465.33    -16.1327    0.476305    3.95141    
1    69    19    -6457.13    -11.385    0.499242    4.6972    
1    71    20    -6465.12    -14.8882    0.490408    5.32347    
1    73    21    -6469.77    -22.5322    0.412182    4.07726    
1    74    22    -6464.39    -25.7146    0.432771    4.19465    
1    77    23    -6475.25    -30.3326    0.411524    4.03441    
1    83    24    -6472.54    -29.2762    0.430148    4.2997    
1    87    25    -6473.22    -22.9695    0.443752    4.19306    
1    88    26    -6470.8    -30.9166    0.421753    4.26051    
