#Task    Step    numberOfAcceptedPeleSteps    currentEnergy    BindingEnergy    sasaLig    distance_A35SG_L1S1    
1    0    0    -6447.34    -24.5872    0.473203    3.96748    
1    1    1    -6472.33    -23.3905    0.487724    5.30749    
1    4    2    -6471.99    -22.7727    0.519568    4.51434    
1    10    3    -6472.73    -23.5104    0.493043    5.35884    
1    14    4    -6470.47    -22.5004    0.52889    5.22582    
1    15    5    -6467.7    -20.7493    0.506526    6.26715    
1    21    6    -6461.67    -17.2237    0.544935    6.78373    
1    22    7    -6466.54    -21.2918    0.486318    6.26503    
1    24    8    -6468.69    -23.1233    0.499331    5.1734    
1    28    9    -6468.05    -23.361    0.493375    5.42999    
1    30    10    -6470.22    -23.6529    0.497286    5.46206    
1    31    11    -6470.5    -21.8181    0.53365    4.72989    
1    38    12    -6466.94    -18.4192    0.542877    6.04272    
1    39    13    -6467.56    -18.63    0.593751    6.02134    
1    44    14    -6468.76    -20.6489    0.545927    6.583    
1    49    15    -6468.55    -22.6158    0.5103    4.60293    
1    50    16    -6466.63    -21.5428    0.512014    4.34075    
1    52    17    -6469.04    -21.4995    0.523482    5.50476    
1    53    18    -6466.06    -23.7799    0.534831    4.64842    
1    57    19    -6461.84    -23.3933    0.519452    4.33037    
1    64    20    -6456.78    -18.9181    0.543485    4.45002    
1    66    21    -6460.38    -19.4392    0.587922    6.48498    
1    69    22    -6463.24    -23.3411    0.535966    4.53178    
1    78    23    -6461.64    -21.4531    0.504646    4.61288    
1    80    24    -6463.62    -22.2077    0.501165    3.94967    
1    87    25    -6460.86    -23.4837    0.478755    5.19755    
1    90    26    -6461.17    -22.6273    0.507133    3.97194    
1    93    27    -6461.37    -20.7787    0.537401    3.75487    
