#Task    Step    numberOfAcceptedPeleSteps    currentEnergy    BindingEnergy    sasaLig    distance_A35SG_L1S1    
1    0    0    -7180.76    -18.1223    0.456767    6.59164    
1    1    1    -7208.2    -18.3986    0.500217    7.35405    
1    4    2    -7210.5    -21.9525    0.473011    7.54648    
1    7    3    -7205.05    -11.9925    0.562914    8.00887    
1    9    4    -7210.97    -16.4676    0.528161    8.2653    
1    10    5    -7211.25    -18.0197    0.531735    8.09784    
1    11    6    -7210.86    -18.4421    0.518967    7.83078    
1    15    7    -7208.66    -26.9898    0.404178    7.875    
1    18    8    -7211.5    -26.5952    0.434388    7.93911    
1    22    9    -7208.4    -23.8125    0.405736    7.83498    
1    24    10    -7218.85    -34.3835    0.383627    7.83019    
1    39    11    -7217.46    -34.2857    0.40025    7.80064    
1    41    12    -7215.73    -32.8702    0.433175    9.3574    
1    42    13    -7223.17    -36.6364    0.411583    9.32533    
1    45    14    -7213.29    -25.4055    0.432654    10.0474    
1    46    15    -7220.95    -33.1    0.420984    9.38163    
1    49    16    -7213.99    -36.2606    0.375435    8.86659    
1    54    17    -7216.76    -33.6453    0.332837    8.90004    
1    57    18    -7221.64    -38.1839    0.306141    8.69787    
1    62    19    -7215.06    -29.0191    0.348862    9.49572    
1    64    20    -7215    -29.1194    0.338181    9.54871    
1    73    21    -7224.04    -35.1401    0.306618    8.96629    
1    74    22    -7222.7    -31.0134    0.343153    9.59163    
1    75    23    -7220.29    -31.1141    0.32576    8.43112    
1    76    24    -7224.41    -36.056    0.291573    8.5393    
1    80    25    -7223.37    -31.8544    0.326045    9.37829    
1    81    26    -7225.52    -36.9547    0.29405    8.50723    
1    85    27    -7220.8    -35.3163    0.310689    8.88423    
1    87    28    -7221.01    -35.332    0.302849    8.23958    
1    97    29    -7223.65    -41.9403    0.301592    8.24649    
