#Task    Step    numberOfAcceptedPeleSteps    currentEnergy    BindingEnergy    sasaLig    distance_A35SG_L1S1    
1    0    0    -7173.57    -6.74884    0.493469    8.1862    
1    1    1    -7196.1    -7.48974    0.51566    7.82418    
1    2    2    -7198.85    -7.90924    0.508468    8.13737    
1    4    3    -7199.51    -8.23078    0.495841    8.03025    
1    6    4    -7196.25    -4.94397    0.526663    7.86262    
1    8    5    -7199.28    -7.62389    0.550139    8.77127    
1    12    6    -7204.04    -11.6512    0.521369    8.36188    
1    13    7    -7203.01    -10.9945    0.522502    8.66075    
1    15    8    -7204.14    -13.1051    0.526042    7.77456    
1    20    9    -7204.49    -12.1857    0.55216    8.08585    
1    21    10    -7203.98    -11.3023    0.54809    8.49132    
1    22    11    -7202.78    -8.41902    0.565756    9.09515    
1    24    12    -7208.02    -12.5581    0.554232    8.15397    
1    26    13    -7207.39    -13.158    0.535448    8.43193    
1    34    14    -7202.93    -7.20834    0.552367    9.23304    
1    35    15    -7203.23    -12.9595    0.51345    8.42029    
1    39    16    -7202.68    -10.0908    0.555768    8.45598    
1    40    17    -7202.63    -10.9674    0.506079    8.11349    
1    45    18    -7198.23    -7.51415    0.482699    7.73463    
1    48    19    -7196.12    -6.62727    0.484168    7.78139    
1    50    20    -7198.36    -7.32935    0.514514    7.87988    
1    53    21    -7198.3    -7.7241    0.490882    8.14898    
1    55    22    -7194.79    -6.59419    0.479919    8.35405    
1    58    23    -7197.12    -7.69799    0.493247    7.79417    
1    60    24    -7193.79    -2.2729    0.506514    8.60963    
1    65    25    -7199.16    -6.91681    0.466049    8.14933    
1    78    26    -7198.75    -7.13008    0.470905    7.79403    
1    82    27    -7197.38    -4.20966    0.502535    7.48711    
1    83    28    -7199.72    -7.79909    0.485055    8.04604    
1    91    29    -7198.99    -5.59249    0.501866    8.18926    
1    92    30    -7202    -8.96819    0.494046    7.69922    
1    95    31    -7198.36    -7.26275    0.52539    8.18275    
1    96    32    -7200.68    -8.31365    0.465012    7.95324    
