#Task    Step    numberOfAcceptedPeleSteps    currentEnergy    BindingEnergy    sasaLig    distance_A35SG_L1S1    
1    0    0    -7193.24    -28.9309    0.390428    8.90259    
1    1    1    -7196.01    -24.8506    0.380326    9.40214    
1    7    2    -7204.53    -23.7463    0.382909    8.37125    
1    9    3    -7200.66    -27.4398    0.376395    8.70172    
1    11    4    -7206.54    -27.0914    0.394763    9.01239    
1    12    5    -7204.6    -24.0168    0.432735    9.19942    
1    15    6    -7207.11    -25.4982    0.406432    9.05834    
1    17    7    -7209.27    -27.1272    0.383653    8.88373    
1    23    8    -7212.06    -29.6116    0.368704    8.72116    
1    27    9    -7212.54    -31.9637    0.358333    8.16909    
1    30    10    -7210.9    -29.7327    0.38212    8.69759    
1    31    11    -7214.89    -30.4067    0.396884    8.48541    
1    40    12    -7212.15    -26.3354    0.419648    8.83676    
1    41    13    -7214.85    -28.7385    0.394815    8.74814    
1    43    14    -7211.78    -26.7866    0.401196    8.80382    
1    45    15    -7210.71    -30.2454    0.410621    9.90648    
1    46    16    -7209.59    -28.9499    0.416127    10.1419    
1    53    17    -7211.41    -30.3074    0.391429    9.59918    
1    56    18    -7208.36    -26.6427    0.410312    9.75315    
1    63    19    -7212.11    -30.021    0.401108    9.50306    
1    64    20    -7207.75    -23.5736    0.446924    9.95348    
1    65    21    -7211.92    -29.2957    0.407223    9.44583    
1    77    22    -7210.54    -31.7353    0.388879    9.39238    
1    81    23    -7210.05    -30.8947    0.387935    9.39966    
1    83    24    -7210.6    -32.9684    0.384017    9.55626    
1    90    25    -7208.93    -30.1569    0.390943    9.46829    
1    92    26    -7212.47    -31.1942    0.402927    9.03094    
1    94    27    -7212.39    -29.4225    0.406115    9.3744    
1    96    28    -7214.17    -30.7625    0.410651    9.37998    
