#Task    Step    numberOfAcceptedPeleSteps    currentEnergy    BindingEnergy    sasaLig    distance_A35SG_L1S1    
1    0    0    -7192.6    -31.5987    0.444315    9.79988    
1    2    1    -7203.41    -15.8032    0.442086    8.70247    
1    4    2    -7219.07    -30.7672    0.465525    10.0533    
1    5    3    -7219.62    -34.8742    0.443458    9.28967    
1    8    4    -7219.67    -34.6661    0.445084    8.85079    
1    11    5    -7217.77    -33.6233    0.436552    9.12378    
1    14    6    -7219.29    -32.4046    0.448154    9.42372    
1    18    7    -7216.47    -29.3463    0.428443    9.08238    
1    19    8    -7222.47    -34.9231    0.408845    8.75694    
1    22    9    -7221.34    -33.2722    0.41173    8.95177    
1    26    10    -7220.28    -28.5007    0.432809    8.38571    
1    29    11    -7222.7    -35.5624    0.420248    8.50177    
1    32    12    -7222.04    -32.9103    0.398619    8.41299    
1    36    13    -7217.7    -30.0946    0.40841    8.82916    
1    37    14    -7219.48    -32.986    0.388562    9.25098    
1    53    15    -7221.17    -30.4299    0.416561    10.0073    
1    58    16    -7222.28    -31.6556    0.41334    9.63237    
1    59    17    -7221.11    -27.983    0.429897    9.95431    
1    62    18    -7225.66    -33.2684    0.397995    8.62178    
1    65    19    -7223.57    -33.3621    0.409323    8.52896    
1    80    20    -7221.69    -32.9687    0.406229    8.56946    
1    88    21    -7217.05    -25.7452    0.413536    8.09829    
1    89    22    -7218.5    -32.4493    0.412785    8.47947    
1    92    23    -7216.96    -29.2547    0.421435    9.70143    
1    96    24    -7213.3    -22.9686    0.461853    9.9949    
1    99    25    -7212.01    -19.782    0.457296    9.83379    
