#Task    Step    numberOfAcceptedPeleSteps    currentEnergy    BindingEnergy    sasaLig    distance_A35SG_L1S1    
1    0    0    -7173.96    -13.1374    0.601574    11.247    
1    1    1    -7183.7    3.65626    0.637293    9.0338    
1    2    2    -7188.39    -2.02679    0.656215    8.31856    
1    3    3    -7189.01    -2.59613    0.680292    6.76751    
1    4    4    -7192.16    -3.06296    0.608397    8.13058    
1    6    5    -7193.4    -5.81309    0.609199    8.59001    
1    8    6    -7199.69    -8.36258    0.604187    8.98287    
1    9    7    -7197.92    -7.63513    0.624694    9.64512    
1    17    8    -7197.78    -6.30023    0.586462    10.1628    
1    24    9    -7192.65    -1.62756    0.624857    9.80773    
1    25    10    -7197.17    -9.48105    0.608489    10.5354    
1    27    11    -7197.16    -8.64525    0.666281    10.9066    
1    28    12    -7203.83    -11.7769    0.593682    9.96459    
1    30    13    -7205.98    -11.3471    0.594727    10.0168    
1    31    14    -7205.74    -13.1491    0.625229    11.0201    
1    33    15    -7203.65    -15.8963    0.60778    10.4969    
1    34    16    -7206.79    -17.7921    0.578466    9.77716    
1    35    17    -7195.59    -10.7505    0.559414    9.35062    
1    36    18    -7205.31    -18.358    0.559021    9.74235    
1    44    19    -7204.36    -17.3863    0.586265    10.7662    
1    45    20    -7204.6    -17.2906    0.5618    9.55    
1    46    21    -7209.44    -19.6494    0.522902    9.24371    
1    48    22    -7207.86    -18.3128    0.562066    9.73485    
1    52    23    -7211.78    -21.8173    0.510657    9.81111    
1    59    24    -7211.53    -21.4252    0.53169    9.78721    
1    60    25    -7211.57    -22.6899    0.533012    9.93431    
1    62    26    -7207.92    -19.951    0.543771    10.7549    
1    63    27    -7207.65    -20.7015    0.534207    10.6931    
1    67    28    -7210.29    -22.0325    0.540848    10.1191    
1    68    29    -7210.53    -21.5602    0.53073    10.4324    
1    69    30    -7212.29    -22.4149    0.516906    9.7552    
1    75    31    -7210.66    -17.6501    0.591034    9.88449    
1    76    32    -7213.78    -20.0887    0.569409    10.3614    
1    77    33    -7210.7    -19.5015    0.571468    9.97814    
1    78    34    -7208.99    -18.8723    0.567471    9.96359    
1    79    35    -7208.53    -17.1758    0.557549    9.52875    
1    82    36    -7209.59    -19.305    0.55124    9.6361    
1    84    37    -7212.61    -20.4523    0.566717    10.145    
1    93    38    -7210.15    -21.7968    0.505463    9.55012    
1    95    39    -7207.72    -19.0278    0.560521    9.1713    
1    98    40    -7207.7    -18.7006    0.563903    9.64876    
