#Task    Step    numberOfAcceptedPeleSteps    currentEnergy    BindingEnergy    sasaLig    distance_A35SG_L1S1    
1    0    0    -7175.93    -14.3747    0.517049    8.01996    
1    1    1    -7194.47    -11.1819    0.485774    9.9378    
1    15    2    -7195.7    -10.6429    0.476329    9.60609    
1    16    3    -7191.87    -7.24431    0.521934    9.56617    
1    18    4    -7194.2    -8.52886    0.484324    8.90065    
1    22    5    -7194.58    -9.37717    0.49201    9.30566    
1    25    6    -7197.47    -9.79835    0.521379    9.10003    
1    46    7    -7195.8    -8.5831    0.51865    8.73936    
1    52    8    -7194.95    -7.50513    0.555186    9.4522    
1    56    9    -7196.42    -8.95989    0.493594    8.49535    
1    63    10    -7186.67    -9.64181    0.549499    8.3456    
1    66    11    -7193.03    -17.6968    0.56419    8.14518    
1    77    12    -7192.17    -14.1234    0.570767    9.75815    
1    79    13    -7191.93    -11.7916    0.546635    10.1742    
1    80    14    -7192.62    -13.9709    0.577898    10.0353    
1    82    15    -7190.16    -12.9268    0.566668    9.65996    
1    83    16    -7195.82    -18.4054    0.624039    8.08962    
1    84    17    -7197.43    -19.5016    0.682345    7.8877    
1    87    18    -7197.27    -22.9266    0.594587    8.04778    
1    89    19    -7196.36    -24.1305    0.591506    7.87352    
1    94    20    -7198.2    -26.6459    0.596602    7.86108    
1    97    21    -7199.95    -27.6681    0.548479    7.84427    
1    99    22    -7207.49    -31.045    0.543406    6.31845    
1    100    23    -7206.04    -27.8869    0.540546    6.10624    
