#Task    Step    numberOfAcceptedPeleSteps    currentEnergy    BindingEnergy    sasaLig    distance_A35SG_L1S1    
1    0    0    -7183.07    -26.3907    0.391288    8.57225    
1    2    1    -7198.47    -15.9007    0.466536    8.62326    
1    4    2    -7206.61    -25.2779    0.38434    8.55175    
1    10    3    -7208.42    -27.2993    0.382792    8.53094    
1    11    4    -7204.33    -25.9689    0.376054    8.50736    
1    17    5    -7199.44    -26.5424    0.330348    6.9416    
1    23    6    -7204.62    -26.3875    0.297101    6.39007    
1    36    7    -7204.29    -29.5729    0.302078    6.53126    
1    39    8    -7210.72    -29.7674    0.314965    6.43718    
1    58    9    -7204.1    -24.3028    0.348009    6.2102    
1    61    10    -7207.01    -30.08    0.374628    6.84684    
1    85    11    -7205.98    -30.6177    0.354553    6.54253    
1    87    12    -7210.85    -32.6228    0.343156    6.44837    
