#Task    Step    numberOfAcceptedPeleSteps    currentEnergy    BindingEnergy    sasaLig    distance_A35SG_L1S1    
1    0    0    -7175.94    -23.8155    0.292555    8.8159    
1    1    1    -7182.45    -9.58609    0.310789    9.20969    
1    2    2    -7182.86    -8.16862    0.346615    9.09503    
1    3    3    -7182.48    -6.97405    0.379653    9.68946    
1    5    4    -7189.57    -13.5661    0.372091    9.69038    
1    7    5    -7189.88    -13.2122    0.375417    9.65717    
1    9    6    -7193.39    -18.8398    0.335245    8.44922    
1    13    7    -7194.77    -21.0575    0.310298    8.26369    
1    19    8    -7189.58    -14.0856    0.35758    8.72488    
1    20    9    -7190.01    -11.1494    0.393654    9.20835    
1    25    10    -7190.62    -17.6569    0.304949    8.70912    
1    28    11    -7186.96    -10.8781    0.330684    9.32223    
1    30    12    -7188.31    -19.4099    0.3071    9.17265    
1    43    13    -7191.51    -18.182    0.299697    8.49316    
1    48    14    -7189.21    -13.8239    0.318235    8.08695    
1    49    15    -7192.61    -21.3275    0.300693    8.27487    
1    57    16    -7194.43    -22.3787    0.300527    8.41342    
1    60    17    -7192    -19.63    0.304924    8.6686    
1    61    18    -7185.07    -9.66222    0.314215    9.42237    
1    62    19    -7193.62    -15.1283    0.358516    9.60207    
1    63    20    -7196.16    -13.2552    0.393531    9.84067    
1    64    21    -7199.52    -15.4133    0.353254    9.61536    
1    66    22    -7196.83    -11.6362    0.385578    10.18    
1    73    23    -7196.95    -14.872    0.360081    9.60518    
1    74    24    -7192.96    -8.13712    0.368531    10.3538    
1    75    25    -7186.4    -4.78723    0.454862    9.93348    
1    76    26    -7190.67    -6.86058    0.432749    9.81808    
1    77    27    -7188.32    -7.70451    0.460127    9.89003    
1    82    28    -7188.05    -5.58418    0.44446    9.58207    
1    83    29    -7187.63    -6.32484    0.428312    10.3058    
1    89    30    -7188.3    -5.80221    0.474691    9.99736    
1    93    31    -7187.01    -13.8478    0.432798    9.00066    
1    96    32    -7190.41    -14.6434    0.406483    9.45774    
1    98    33    -7192.16    -14.3661    0.349812    8.94521    
1    100    34    -7196.45    -14.8611    0.337851    9.44052    
