#Task    Step    numberOfAcceptedPeleSteps    currentEnergy    BindingEnergy    sasaLig    distance_A35SG_L1S1    
1    0    0    -7180.96    -21.2374    0.370928    7.67728    
1    1    1    -7199.97    -7.79665    0.580365    7.29422    
1    2    2    -7207.43    -10.44    0.53892    7.37528    
1    7    3    -7208.29    -9.75237    0.546402    7.91265    
1    12    4    -7208.38    -8.08277    0.621556    8.07557    
1    16    5    -7208.11    -7.64005    0.651619    7.98927    
1    17    6    -7203.28    -5.38485    0.691371    8.2413    
1    21    7    -7195.7    -3.27972    0.680284    8.50587    
1    22    8    -7198.5    -3.15859    0.708789    8.33516    
1    34    9    -7203.58    -4.88486    0.682141    8.28194    
1    36    10    -7208.55    -7.39882    0.633595    7.91671    
1    37    11    -7206.87    -5.51182    0.659833    7.97476    
1    38    12    -7201.59    -3.57374    0.626668    8.58547    
1    40    13    -7185.02    7.73853    0.678386    11.0457    
1    41    14    -7188.75    1.16524    0.519339    9.2188    
1    42    15    -7189.28    1.04143    0.55355    8.91766    
1    43    16    -7183.75    4.65933    0.606081    7.80959    
1    44    17    -7188.49    -0.0787105    0.63659    7.58099    
1    46    18    -7190.66    -0.692633    0.638536    9.92356    
1    47    19    -7196.2    -2.84098    0.682124    10.6462    
1    48    20    -7198.96    -4.31309    0.672929    10.4153    
1    53    21    -7195.39    -4.08481    0.708761    10.5972    
1    54    22    -7193.81    -3.5609    0.699725    10.4828    
1    55    23    -7190.9    3.96127    0.709792    10.0216    
1    56    24    -7194.08    1.68907    0.773951    9.23607    
1    57    25    -7198.87    -2.65665    0.717159    8.22784    
1    58    26    -7201.82    -2.90059    0.679117    9.38579    
1    59    27    -7206.55    -6.33872    0.697761    9.37535    
1    65    28    -7204.54    -4.89617    0.698266    9.19656    
1    75    29    -7198.6    -1.42435    0.654185    9.53737    
1    79    30    -7199.92    -1.93192    0.717919    9.14605    
1    83    31    -7198.87    -1.78743    0.671044    9.48    
1    85    32    -7196.37    -3.3847    0.747905    8.44184    
1    86    33    -7197.34    0.336517    0.807645    7.81549    
1    88    34    -7197.53    1.6337    0.8282    7.51925    
1    94    35    -7198.81    -0.932106    0.859724    6.76517    
1    96    36    -7198.61    -0.50154    0.828352    6.40305    
1    97    37    -7198.38    0.588983    0.807961    6.98715    
1    100    38    -7199.76    -0.921035    0.824165    6.75089    
