#Task    Step    numberOfAcceptedPeleSteps    currentEnergy    BindingEnergy    sasaLig    distance_A35SG_L1S1    
1    0    0    -7201.44    -43.5153    0.322944    9.37618    
1    1    1    -7203.4    -15.8319    0.312323    7.91614    
1    5    2    -7213.78    -27.5146    0.339498    7.90752    
1    15    3    -7208.22    -23.8155    0.359382    8.04997    
1    16    4    -7208.16    -22.4582    0.355635    7.83426    
1    17    5    -7217.86    -26.0121    0.336541    7.81101    
1    18    6    -7215.32    -23.2929    0.325564    7.83912    
1    23    7    -7222.6    -29.4691    0.317837    7.85702    
1    41    8    -7223.42    -30.6802    0.308617    7.92702    
1    63    9    -7219.52    -28.0292    0.325734    7.97935    
1    65    10    -7217.1    -27.9549    0.325734    7.90566    
1    70    11    -7213.35    -24.414    0.311505    7.77505    
1    71    12    -7200.79    -14.5604    0.360245    7.66975    
1    75    13    -7212.41    -17.6539    0.354374    7.2953    
1    77    14    -7216.32    -24.0946    0.332731    7.14408    
1    79    15    -7216.82    -24.3544    0.329581    7.19568    
1    87    16    -7212.77    -24.5195    0.316906    8.27256    
1    89    17    -7219.63    -27.3014    0.328874    8.38226    
1    93    18    -7220.16    -25.8072    0.332457    8.42999    
