#Task    Step    numberOfAcceptedPeleSteps    currentEnergy    BindingEnergy    sasaLig    distance_A35SG_L1S1    
1    0    0    -7178.69    -18.085    0.405288    5.75456    
1    1    1    -7205.23    -23.4711    0.416695    5.54754    
1    5    2    -7204.27    -27.4302    0.374146    7.03856    
1    6    3    -7207.65    -25.0268    0.393254    7.4501    
1    10    4    -7208.15    -25.2225    0.37402    7.00609    
1    14    5    -7205.74    -25.8567    0.389542    7.51696    
1    18    6    -7209.08    -25.5967    0.424807    7.75838    
1    19    7    -7210.07    -23.1916    0.416549    8.27272    
1    21    8    -7209.36    -23.049    0.40912    8.50828    
1    30    9    -7206.79    -20.941    0.388813    8.59294    
1    36    10    -7205.46    -20.6997    0.407222    8.1983    
1    37    11    -7206.57    -24.4015    0.380247    8.23018    
1    44    12    -7205.9    -22.3859    0.412819    8.17181    
1    46    13    -7204.86    -20.795    0.359224    7.96792    
1    47    14    -7214.13    -25.7708    0.38115    7.97415    
1    55    15    -7210.75    -22.1857    0.413216    8.38146    
1    69    16    -7214.28    -25.2588    0.38039    8.04835    
1    95    17    -7210.05    -22.6334    0.37726    7.54549    
1    97    18    -7211.25    -25.1942    0.379772    7.7979    
