#Task    Step    numberOfAcceptedPeleSteps    currentEnergy    BindingEnergy    sasaLig    distance_A35SG_L1S1    
1    0    0    -7163.47    -4.32636    0.464467    6.10539    
1    1    1    -7197.7    -7.14298    0.494156    4.10461    
1    2    2    -7197.68    -6.03252    0.481292    5.42399    
1    4    3    -7197.09    -2.72145    0.501349    5.8045    
1    6    4    -7205.96    -10.2301    0.518914    5.51598    
1    17    5    -7205.92    -8.55831    0.451705    5.36763    
1    21    6    -7205.45    -8.50587    0.531304    5.60932    
1    55    7    -7208.33    -12.1919    0.465988    5.26086    
1    57    8    -7204.01    -10.4163    0.468317    5.21124    
1    58    9    -7201.76    -8.11369    0.485474    5.19199    
1    62    10    -7200.42    -8.08154    0.502955    5.80315    
1    63    11    -7201.05    -7.76514    0.506999    5.47986    
1    64    12    -7201.28    -9.59887    0.478615    5.28687    
1    70    13    -7203.17    -9.56809    0.50124    5.27577    
1    72    14    -7205.19    -10.476    0.489004    4.99423    
1    76    15    -7200.2    -5.03971    0.532412    4.26351    
1    80    16    -7199.64    -4.13693    0.511876    3.84049    
1    82    17    -7203.16    -8.29153    0.483436    4.52096    
1    97    18    -7201.76    -10.9698    0.384143    4.12447    
1    99    19    -7198.95    -5.60234    0.492845    3.69162    
