#Task    Step    numberOfAcceptedPeleSteps    currentEnergy    BindingEnergy    sasaLig    distance_A35SG_L1S1    
1    0    0    -7169.99    -14.0189    0.39947    6.87615    
1    1    1    -7167.86    -8.75887    0.3893    5.07535    
1    2    2    -7180.53    -8.58791    0.357734    4.87672    
1    3    3    -7182.74    -7.43929    0.559262    7.42652    
1    4    4    -7186.82    -9.11566    0.552537    7.75017    
1    7    5    -7186.61    -7.95013    0.540094    7.68161    
1    10    6    -7184.88    -4.26661    0.490617    8.03405    
1    11    7    -7188.93    -5.65935    0.558685    6.74907    
1    12    8    -7185.23    1.21188    0.424604    7.04488    
1    14    9    -7191.38    -5.90928    0.393179    4.95926    
1    15    10    -7189.47    -11.6401    0.349621    4.57591    
1    17    11    -7187.24    -8.46948    0.427745    5.76612    
1    18    12    -7184.59    -5.44229    0.39216    5.19868    
1    19    13    -7186.85    -7.87781    0.371357    5.81686    
1    22    14    -7186.86    -5.20559    0.393098    4.54732    
1    23    15    -7188.75    -8.60335    0.404417    5.12542    
1    24    16    -7191.8    -9.87731    0.387016    5.18242    
1    25    17    -7187.68    -11.3954    0.388849    7.10423    
1    26    18    -7193.2    -14.8173    0.383995    7.53891    
1    27    19    -7182.66    -11.2912    0.393996    7.26408    
1    28    20    -7185.48    -11.2746    0.399814    7.52587    
1    29    21    -7188.63    -16.0102    0.37952    7.41351    
1    32    22    -7183.84    -13.0808    0.33047    7.10098    
1    33    23    -7187.83    -19.4324    0.329066    7.32956    
1    35    24    -7183.29    -15.8782    0.325186    7.19979    
1    37    25    -7183.81    -12.7368    0.298165    7.17894    
1    39    26    -7191.14    -18.034    0.375567    4.27761    
1    41    27    -7196.78    -28.3769    0.373821    4.81063    
1    43    28    -7182.63    -13.9815    0.386856    5.26666    
1    44    29    -7180.6    -8.37745    0.396346    4.07522    
1    46    30    -7183.06    -7.66388    0.422022    5.31946    
1    48    31    -7188.59    -13.612    0.425586    5.58698    
1    49    32    -7188.47    -16.9162    0.342401    5.21037    
1    50    33    -7188.42    -16.8504    0.332451    5.22712    
1    51    34    -7190.36    -25.5747    0.353627    6.55026    
1    55    35    -7187.34    -27.007    0.350333    6.96081    
1    59    36    -7180.57    -17.0779    0.304226    5.75179    
1    63    37    -7188.58    -27.7119    0.374242    7.06226    
1    64    38    -7191.15    -23.8161    0.370498    7.07928    
1    73    39    -7192.97    -24.8771    0.372958    6.94624    
1    85    40    -7193.25    -28.2552    0.352356    6.80186    
1    92    41    -7196.05    -33.4153    0.420563    6.9977    
1    93    42    -7200.98    -41.6191    0.347891    6.80883    
