#Task    Step    numberOfAcceptedPeleSteps    currentEnergy    BindingEnergy    sasaLig    distance_A35SG_L1S1    
1    0    0    -7193.55    -31.9013    0.372413    9.38682    
1    5    1    -7197.15    -18.79    0.634984    8.93008    
1    6    2    -7201.44    -22.6078    0.613821    8.1648    
1    10    3    -7201.47    -21.4035    0.614351    8.07458    
1    12    4    -7205.12    -23.6336    0.582736    8.42396    
1    19    5    -7206.31    -20.1128    0.58058    9.54956    
1    22    6    -7204.63    -20.2017    0.542353    8.91805    
1    23    7    -7208.89    -21.0728    0.470314    8.41661    
1    27    8    -7201.76    -15.7701    0.523272    8.39083    
1    30    9    -7205.4    -17.7831    0.488429    8.65455    
1    32    10    -7208.8    -19.6438    0.528888    8.61837    
1    34    11    -7206.08    -19.3811    0.489024    7.53109    
1    35    12    -7202.5    -25.8235    0.498846    7.46278    
1    38    13    -7203.36    -20.3709    0.545543    8.45498    
1    42    14    -7206.91    -21.0346    0.551393    8.53629    
1    50    15    -7203.37    -20.6222    0.534894    7.88214    
1    51    16    -7209.05    -22.3399    0.538004    8.34222    
1    52    17    -7204.78    -20.2881    0.533619    8.82677    
1    53    18    -7205.4    -27.1237    0.549589    8.79542    
1    55    19    -7207.83    -29.4377    0.564811    8.81621    
1    70    20    -7210.96    -29.7373    0.583987    8.95244    
1    83    21    -7211.51    -30.335    0.572284    8.92749    
1    89    22    -7211.95    -32.2165    0.596439    9.21323    
1    92    23    -7210.71    -32.3413    0.574612    9.38543    
1    97    24    -7209.66    -30.1963    0.609344    9.17486    
1    100    25    -7211.09    -31.9446    0.579236    8.64887    
