#Task    Step    numberOfAcceptedPeleSteps    currentEnergy    BindingEnergy    sasaLig    distance_A35SG_L1S1    
1    0    0    -7179.43    -26.8986    0.242905    9.64162    
1    1    1    -7191.4    -21.4191    0.336618    9.4832    
1    5    2    -7196.03    -20.92    0.34961    9.71148    
1    9    3    -7195.73    -22.9746    0.350042    10.027    
1    10    4    -7194.81    -19.2264    0.381065    9.91854    
1    12    5    -7198.69    -19.7792    0.335013    10.3272    
1    14    6    -7194.77    -16.2341    0.349104    10.2881    
1    18    7    -7193.77    -15.5994    0.371568    9.68412    
1    19    8    -7198.54    -20.3131    0.364441    10.1067    
1    22    9    -7204.77    -21.271    0.407825    10.2694    
1    34    10    -7204.98    -20.9639    0.338951    10.1211    
1    44    11    -7203.97    -19.566    0.38564    10.6651    
1    46    12    -7203.81    -17.0193    0.418556    10.244    
1    49    13    -7204.46    -19.6427    0.467763    10.258    
1    50    14    -7204.36    -18.0118    0.52557    10.4371    
1    54    15    -7203.88    -19.2983    0.509572    10.6232    
1    61    16    -7204.5    -21.2244    0.467256    10.389    
1    64    17    -7205.28    -21.5954    0.492735    10.3168    
1    65    18    -7209.77    -23.9228    0.473428    10.5951    
1    67    19    -7208.17    -25.0243    0.459981    10.7921    
1    70    20    -7206.16    -21.7141    0.515461    11.1275    
1    71    21    -7204.8    -18.944    0.531861    11.0028    
1    72    22    -7204.34    -19.1678    0.529759    11.102    
1    75    23    -7207.88    -18.5862    0.552222    10.8332    
1    78    24    -7208.32    -18.9968    0.551954    10.7781    
1    80    25    -7209.53    -19.3554    0.536037    10.5828    
1    87    26    -7209.37    -18.9389    0.547859    10.5524    
1    90    27    -7210.27    -20.4438    0.53151    10.5821    
