#Task    Step    numberOfAcceptedPeleSteps    currentEnergy    BindingEnergy    sasaLig    distance_A35SG_L1S1    
1    0    0    -7193.95    -31.6767    0.524489    11.4037    
1    1    1    -7200.02    -3.3606    0.597592    5.50402    
1    2    2    -7199.4    -0.337966    0.536472    4.97124    
1    4    3    -7198.82    1.75926    0.554124    5.2664    
1    6    4    -7202.22    -2.42227    0.587961    4.79136    
1    11    5    -7206.78    -8.25232    0.544244    4.17361    
1    12    6    -7206.44    -1.75059    0.560766    4.52197    
1    14    7    -7204.81    -1.7228    0.510868    3.91056    
1    16    8    -7210.39    -6.57737    0.47845    4.71931    
1    17    9    -7215.58    -8.0027    0.522947    4.06944    
1    37    10    -7215.89    -7.9853    0.552894    3.77489    
1    39    11    -7218.47    -9.36912    0.508375    4.284    
1    46    12    -7217.56    -7.3034    0.509392    3.81727    
1    47    13    -7219.66    -9.36325    0.515648    3.97877    
1    51    14    -7219.69    -7.11069    0.561083    4.01989    
1    63    15    -7218.92    -8.11227    0.541259    4.099    
1    64    16    -7216.52    -6.3272    0.545423    3.91592    
1    67    17    -7213.21    -3.06662    0.531452    3.86594    
1    71    18    -7212.1    -7.31677    0.527301    3.81466    
1    76    19    -7214.01    -7.86887    0.506628    3.86194    
1    80    20    -7214.84    -8.82846    0.493797    3.71982    
1    84    21    -7211.58    -5.78255    0.499812    3.8688    
1    88    22    -7211.74    -5.89536    0.563401    3.80006    
1    94    23    -7209.9    -5.86802    0.555647    3.73846    
