#Task    Step    numberOfAcceptedPeleSteps    currentEnergy    BindingEnergy    sasaLig    distance_A35SG_L1S1    
1    0    0    -7183.84    -4.47399    0.43853    7.43627    
1    1    1    -7207.58    -4.44929    0.444987    6.8911    
1    2    2    -7210.1    -5.43586    0.459706    7.26303    
1    3    3    -7208.82    -3.84314    0.447713    7.3762    
1    7    4    -7212.53    -6.21766    0.446828    6.9069    
1    10    5    -7216.42    -7.84335    0.432959    7.55347    
1    21    6    -7211.89    -4.13217    0.420047    7.40485    
1    24    7    -7212.09    -4.70626    0.418409    7.65241    
1    28    8    -7213.08    -4.889    0.420138    7.75368    
1    30    9    -7216.73    -7.69843    0.421317    7.22033    
1    40    10    -7213.76    -5.44145    0.430063    7.8464    
1    42    11    -7210.53    -2.25539    0.47027    7.2243    
1    43    12    -7212.07    -0.663846    0.530713    7.92763    
1    44    13    -7212.72    -0.0907278    0.535403    7.46783    
1    45    14    -7210.31    -1.80604    0.522668    7.70853    
1    48    15    -7211.54    -3.27493    0.511688    7.77869    
1    53    16    -7211.36    -3.65664    0.513763    10.2683    
1    54    17    -7209.63    -2.26075    0.512366    10.6484    
1    56    18    -7208.43    -1.23448    0.54056    9.37002    
1    57    19    -7210.82    -6.90497    0.485907    6.9743    
1    58    20    -7210.51    -5.65157    0.449039    7.58171    
1    60    21    -7209.62    -7.41631    0.405617    8.40041    
1    65    22    -7199.14    -9.7979    0.409358    9.05263    
1    66    23    -7205.23    -12.1015    0.42195    9.57724    
1    69    24    -7205.82    -15.9435    0.392959    7.79442    
1    70    25    -7202.26    -11.2548    0.416397    7.47179    
1    76    26    -7208.46    -15.201    0.403096    7.78358    
1    79    27    -7205.56    -3.81234    0.530985    7.62489    
1    80    28    -7206.6    -7.31816    0.702158    7.27003    
1    82    29    -7209.21    -7.20265    0.705242    7.42377    
1    84    30    -7209.26    -6.51351    0.641624    7.67506    
1    85    31    -7208.02    -7.55854    0.587923    7.52653    
1    87    32    -7201.73    1.20429    0.593246    8.11969    
1    88    33    -7203.2    3.5185    0.746071    11.5965    
1    90    34    -7206.15    2.75271    0.759099    13.5293    
1    92    35    -7207.39    2.99575    0.774464    13.1637    
1    94    36    -7206.65    3.24934    0.808241    12.9047    
1    95    37    -7206.62    6.10362    0.703323    12.0851    
1    98    38    -7203.23    9.0655    0.680173    11.6669    
1    99    39    -7203.22    4.92098    0.686253    11.9205    
1    100    40    -7207.35    4.67104    0.643542    10.9717    
