#Task    Step    numberOfAcceptedPeleSteps    currentEnergy    BindingEnergy    sasaLig    distance_A35SG_L1S1    
1    0    0    -7191.34    -40.23    0.361212    10.6594    
1    1    1    -7190.42    -13.9441    0.417363    5.80094    
1    3    2    -7193.31    -16.5648    0.407715    4.9565    
1    6    3    -7196.65    -16.2491    0.452673    4.87417    
1    7    4    -7193.35    -13.6387    0.458577    5.68329    
1    9    5    -7197.78    -15.7508    0.422263    5.1298    
1    10    6    -7195.67    -12.8688    0.482531    5.73764    
1    12    7    -7198.09    -14.1995    0.446082    4.10831    
1    14    8    -7203.19    -18.0409    0.418258    4.79503    
1    17    9    -7203.02    -22.191    0.387417    4.66465    
1    27    10    -7200.53    -19.6054    0.383389    4.53582    
1    28    11    -7197.69    -16.6    0.393683    4.66231    
1    30    12    -7198.61    -17.3256    0.386974    4.2556    
1    32    13    -7203.97    -20.7913    0.395228    4.176    
1    41    14    -7202.04    -21.7014    0.377564    4.32331    
1    43    15    -7202.81    -22.9556    0.38148    4.30382    
1    47    16    -7180.71    -1.22195    0.439297    4.65345    
1    48    17    -7184.31    -5.45591    0.605211    4.16654    
1    49    18    -7191.52    -9.92919    0.565413    5.41543    
1    50    19    -7196.73    -11.2532    0.552949    5.31578    
1    56    20    -7200.06    -10.852    0.570834    4.77796    
1    60    21    -7201.26    -11.5322    0.56707    4.58907    
1    61    22    -7199.03    -11.4291    0.530779    4.55684    
1    63    23    -7204.28    -16.5106    0.481825    4.46615    
1    70    24    -7205.27    -15.3233    0.470747    4.3676    
1    84    25    -7203.15    -15.6371    0.478331    4.03647    
1    85    26    -7203.17    -16.1864    0.45461    4.39109    
1    87    27    -7204.07    -19.0091    0.409208    4.2662    
1    89    28    -7204.27    -24.0778    0.340409    4.34904    
1    91    29    -7198.5    -16.2891    0.376182    4.08602    
1    92    30    -7200.19    -16.2936    0.369678    4.20989    
1    93    31    -7200.48    -25.0861    0.362095    4.74018    
1    95    32    -7200.85    -18.093    0.40014    4.39644    
1    96    33    -7202.38    -18.6775    0.421187    4.22035    
1    97    34    -7204.23    -18.1798    0.435857    4.32184    
