#Task    Step    numberOfAcceptedPeleSteps    currentEnergy    BindingEnergy    sasaLig    distance_A35SG_L1S1    
1    0    0    -7160.05    -8.8372    0.406201    6.13385    
1    1    1    -7183.96    -7.20791    0.414264    6.46665    
1    3    2    -7183.33    -8.5594    0.401253    7.22324    
1    4    3    -7177.56    -2.6124    0.4909    6.8777    
1    5    4    -7182.99    -15.276    0.399449    7.77052    
1    6    5    -7185.09    -13.1585    0.398835    7.96836    
1    8    6    -7186.26    -6.53326    0.450484    7.91541    
1    9    7    -7190.58    -15.1161    0.398419    7.75551    
1    10    8    -7189.81    -13.0994    0.41064    7.7459    
1    13    9    -7191.53    -16.5014    0.399881    7.29715    
1    16    10    -7196.26    -14.5341    0.428133    7.30451    
1    24    11    -7193.12    -8.65988    0.457645    7.50566    
1    25    12    -7193.71    -10.3346    0.465108    7.54041    
1    28    13    -7194.23    -10.3655    0.437115    7.68463    
1    32    14    -7188.17    -5.02575    0.47194    8.32509    
1    33    15    -7186.25    -11.5776    0.379045    6.26164    
1    43    16    -7186.91    -12.5396    0.419196    6.30536    
1    44    17    -7186.47    -9.59864    0.49636    6.03333    
1    46    18    -7189.51    -10.2029    0.491297    7.21325    
1    49    19    -7188.26    -9.77844    0.401871    8.57737    
1    51    20    -7192.61    -12.1547    0.442167    5.31685    
1    56    21    -7193.72    -14.1764    0.435571    5.53253    
1    57    22    -7197.58    -14.3342    0.499844    6.38445    
1    58    23    -7198.71    -13.5521    0.478611    6.10428    
1    60    24    -7191.25    -6.71888    0.515603    7.26111    
1    61    25    -7192.45    -12.4078    0.412148    6.27838    
1    64    26    -7192.62    -11.9831    0.413769    5.83924    
1    65    27    -7192.75    -12.7996    0.462517    5.66165    
1    66    28    -7194.79    -11.7894    0.494755    5.72149    
1    78    29    -7197.64    -12.0236    0.577419    5.60173    
1    81    30    -7192.43    -9.44452    0.497596    5.89214    
1    83    31    -7195.73    -10.6872    0.477663    5.39897    
1    84    32    -7194.47    -8.42906    0.4905    5.04654    
1    87    33    -7194.82    -9.79804    0.468744    5.23762    
1    91    34    -7192.52    -9.7594    0.37538    5.33025    
1    95    35    -7197.04    -14.8878    0.434484    5.77443    
