#Task    Step    numberOfAcceptedPeleSteps    currentEnergy    BindingEnergy    sasaLig    distance_A35SG_L1S1    
1    0    0    -7182.47    -11.1391    0.670829    12.1857    
1    1    1    -7198.97    -10.0025    0.653093    12.12    
1    3    2    -7198.38    -1.09597    0.649181    10.1526    
1    4    3    -7200.69    -5.03696    0.631195    9.78689    
1    6    4    -7199.44    -4.67991    0.627901    9.29877    
1    9    5    -7199.38    -7.27502    0.593178    9.66617    
1    10    6    -7195.66    -4.49682    0.574225    10.9328    
1    11    7    -7195.86    -3.79007    0.636509    10.068    
1    12    8    -7204.11    -12.2407    0.613002    10.8628    
1    13    9    -7202.44    -16.7396    0.583742    9.94814    
1    14    10    -7202.17    -13.2749    0.615281    10.9626    
1    18    11    -7206.1    -14.7992    0.609861    10.2597    
1    29    12    -7203.21    -16.7986    0.580439    10.3021    
1    30    13    -7200.8    -13.4923    0.617218    10.3272    
1    32    14    -7201.26    -12.2016    0.64031    10.6327    
1    33    15    -7199.33    -13.3989    0.628974    10.9877    
1    34    16    -7197.13    -9.8461    0.643518    9.20637    
1    35    17    -7196.03    -14.167    0.602568    8.81115    
1    37    18    -7200.11    -14.5543    0.596388    9.17729    
1    39    19    -7202.29    -13.693    0.615654    9.25933    
1    47    20    -7206.37    -14.9009    0.587724    9.31271    
1    48    21    -7208.49    -15.3799    0.576324    9.06653    
1    64    22    -7207.5    -14.3285    0.563516    9.0053    
1    66    23    -7206.85    -14.8974    0.582487    9.04444    
1    71    24    -7208.93    -15.7587    0.612499    9.32957    
1    72    25    -7205.1    -11.3571    0.65485    8.98358    
1    73    26    -7205.58    -12.2209    0.660349    9.42587    
1    78    27    -7207.75    -15.0409    0.619475    9.08023    
1    80    28    -7208.38    -15.0986    0.60349    9.74428    
1    97    29    -7204.36    -13.4889    0.631561    8.98592    
1    100    30    -7206.9    -17.0898    0.568169    9.11852    
