#Task    Step    numberOfAcceptedPeleSteps    currentEnergy    BindingEnergy    sasaLig    distance_A35SG_L1S1    
1    0    0    -7181.67    -20.9768    0.426518    5.83784    
1    1    1    -7191.46    -14.218    0.360241    4.59341    
1    2    2    -7190.16    -4.89566    0.443963    3.46312    
1    3    3    -7194.78    -11.5672    0.38352    6.53213    
1    4    4    -7199.41    -15.6758    0.369834    5.9509    
1    9    5    -7201.55    -18.8913    0.406079    6.86991    
1    10    6    -7202.18    -19.8324    0.434098    6.64348    
1    14    7    -7200.58    -15.0461    0.475709    7.19044    
1    15    8    -7194.74    -8.7287    0.542958    7.71301    
1    17    9    -7203.26    -18.5021    0.414461    6.94788    
1    20    10    -7193.9    -5.45656    0.456406    6.78329    
1    21    11    -7198.98    -18.7632    0.34627    7.13554    
1    28    12    -7199.25    -18.0876    0.365529    6.99502    
1    33    13    -7200.89    -19.0155    0.338266    6.60902    
1    37    14    -7196.4    -17.1578    0.349293    5.81325    
1    39    15    -7196.17    -7.89842    0.338229    5.62507    
1    42    16    -7194.54    -5.16686    0.331439    5.54504    
1    43    17    -7197.48    -20.3271    0.354502    6.59019    
1    45    18    -7200.17    -21.4708    0.343548    6.86463    
1    55    19    -7204.58    -22.2133    0.315793    6.8225    
1    57    20    -7206.46    -27.5418    0.297202    6.93957    
1    67    21    -7212.74    -29.4593    0.286207    6.91715    
1    76    22    -7214.03    -27.8571    0.30561    6.86594    
1    86    23    -7213.78    -27.8854    0.289087    6.86176    
1    97    24    -7214.29    -32.0259    0.277206    6.72661    
