#Task    Step    numberOfAcceptedPeleSteps    currentEnergy    BindingEnergy    sasaLig    distance_A35SG_L1S1    
1    0    0    -7182.88    -12.2174    0.466046    3.6627    
1    1    1    -7206.52    -14.9133    0.433206    4.14043    
1    3    2    -7207.26    -13.9772    0.419407    3.67973    
1    7    3    -7204.89    -10.8325    0.426468    3.80946    
1    10    4    -7204.59    -6.96729    0.503048    3.7905    
1    11    5    -7206.61    -7.82876    0.539742    3.7989    
1    12    6    -7204.01    -5.15279    0.527587    3.90519    
1    15    7    -7195.99    0.204306    0.589921    6.98414    
1    16    8    -7195.39    0.449145    0.609553    8.41659    
1    17    9    -7199.38    -6.78114    0.684212    10.2703    
1    18    10    -7199.9    -7.13205    0.673527    10.3406    
1    24    11    -7200.05    -9.84749    0.650425    10.6216    
1    25    12    -7198.27    -7.38812    0.69699    10.5605    
1    26    13    -7194.15    2.86954    0.729833    6.36895    
1    27    14    -7196.92    -0.16386    0.708427    6.95564    
1    28    15    -7201.42    -0.853368    0.741838    9.25597    
1    31    16    -7202.37    -8.54031    0.583367    8.66097    
1    32    17    -7204.46    -11.6532    0.605288    8.89686    
1    33    18    -7203.62    -11.4366    0.581302    8.62971    
1    34    19    -7207.45    -13.1562    0.571568    8.89493    
1    37    20    -7204.42    -15.8424    0.527958    9.08377    
1    43    21    -7203.69    -13.6646    0.517016    9.01725    
1    47    22    -7204.25    -14.9312    0.520901    9.12358    
1    51    23    -7208.73    -15.9652    0.551884    9.83975    
1    53    24    -7210.13    -15.4722    0.575496    10.105    
1    55    25    -7210.59    -14.5165    0.568468    9.8837    
1    58    26    -7209.43    -17.774    0.527884    9.35469    
1    61    27    -7211.86    -17.9932    0.550374    9.48711    
1    65    28    -7209.61    -18.2308    0.554347    9.50435    
1    76    29    -7206.9    -16.0351    0.567451    9.90136    
1    79    30    -7205.53    -13.0732    0.54451    10.0875    
1    80    31    -7207.33    -12.6364    0.55477    10.0551    
1    83    32    -7206.42    -13.9096    0.532553    9.99406    
1    85    33    -7212.27    -18.7845    0.507905    9.29262    
1    88    34    -7211.02    -16.9932    0.504835    9.27935    
1    89    35    -7212.32    -17.9626    0.517989    9.37162    
1    96    36    -7210.86    -16.5607    0.530233    9.58104    
