#Task    Step    numberOfAcceptedPeleSteps    currentEnergy    BindingEnergy    sasaLig    distance_A35SG_L1S1    
1    0    0    -7185.02    -24.3046    0.386068    9.20563    
1    2    1    -7208.4    -19.9553    0.443768    9.02945    
1    4    2    -7210.97    -24.9421    0.423767    9.20161    
1    5    3    -7219.68    -29.3187    0.350963    9.20937    
1    17    4    -7216.26    -29.7592    0.338962    9.13582    
1    29    5    -7215.83    -30.8891    0.326731    9.26037    
1    32    6    -7216.1    -29.0254    0.324849    9.1326    
1    33    7    -7216.22    -30.5699    0.332351    9.27537    
1    44    8    -7213.23    -27.8342    0.344709    9.4016    
1    45    9    -7213.23    -31.0016    0.31974    9.29585    
1    47    10    -7210.7    -28.5337    0.309317    9.36159    
1    49    11    -7216.91    -31.0031    0.316819    9.24287    
1    53    12    -7217.36    -31.6807    0.328314    9.21653    
1    57    13    -7214.87    -29.8381    0.335774    9.34064    
1    69    14    -7210.25    -23.8464    0.377079    8.63465    
1    75    15    -7210.36    -23.1072    0.385355    8.9207    
1    76    16    -7208.76    -19.975    0.364377    8.57225    
1    78    17    -7207.08    -17.6635    0.382422    8.22319    
1    87    18    -7203.86    -18.2165    0.404645    8.72417    
1    90    19    -7203.64    -17.9053    0.398689    8.88745    
1    93    20    -7205.51    -21.1077    0.429754    9.31142    
1    96    21    -7205.22    -15.406    0.448214    9.86567    
1    97    22    -7196.83    -18.6328    0.490084    11.2713    
1    99    23    -7196.95    -10.3434    0.476585    10.4383    
1    100    24    -7199.74    -8.90959    0.508814    10.1785    
