#Task    Step    numberOfAcceptedPeleSteps    currentEnergy    BindingEnergy    sasaLig    distance_A35SG_L1S1    
1    0    0    -7176.74    -17.2353    0.360006    8.37917    
1    1    1    -7200.82    -16.2819    0.410147    6.79868    
1    2    2    -7199.71    -12.1425    0.446991    6.60591    
1    3    3    -7203.27    -10.5686    0.442334    6.68513    
1    7    4    -7202.81    -13.0952    0.469764    7.57971    
1    8    5    -7205.72    -11.2221    0.466466    8.33643    
1    9    6    -7206.74    -13.5404    0.472661    7.76414    
1    12    7    -7207.61    -14.3285    0.431671    6.95763    
1    15    8    -7210.5    -14.7968    0.432857    7.419    
1    20    9    -7211.08    -16.3849    0.412249    7.22672    
1    31    10    -7207.26    -13.1888    0.446573    6.64055    
1    32    11    -7207    -13.2357    0.430639    6.63969    
1    39    12    -7207.59    -12.0617    0.435805    6.54356    
1    45    13    -7206.74    -11.4807    0.481725    8.94451    
1    46    14    -7206.76    -9.41098    0.50258    8.28745    
1    55    15    -7206.72    -9.28768    0.501904    9.09083    
1    56    16    -7206.27    -9.13552    0.430095    6.31555    
1    58    17    -7206.06    -10.2816    0.411858    6.55986    
1    60    18    -7205.12    -8.59508    0.443879    6.5944    
1    61    19    -7203.83    -6.00155    0.465216    6.19118    
1    62    20    -7205.08    -8.46929    0.446828    6.1544    
1    63    21    -7206.76    -21.6518    0.418554    6.85615    
1    65    22    -7210.97    -26.8536    0.43058    7.45119    
1    67    23    -7211.88    -26.8834    0.409175    7.48348    
1    81    24    -7207.3    -28.2018    0.419542    9.27801    
1    83    25    -7206.09    -25.9703    0.389002    9.46733    
1    91    26    -7206.36    -25.6752    0.372492    9.62221    
1    93    27    -7206.15    -22.2818    0.431493    9.90525    
1    95    28    -7209.93    -29.7306    0.390265    9.39616    
1    98    29    -7210.52    -26.0561    0.47993    9.69171    
