#Task    Step    numberOfAcceptedPeleSteps    currentEnergy    BindingEnergy    sasaLig    distance_A35SG_L1S1    
1    0    0    -7190.93    -28.2384    0.409791    9.9776    
1    1    1    -7216.51    -26.2555    0.380872    7.95309    
1    5    2    -7218.33    -32.1385    0.364886    8.92336    
1    11    3    -7220.8    -31.5211    0.430922    9.58497    
1    15    4    -7221.44    -34.0019    0.397028    8.3397    
1    16    5    -7221.35    -32.216    0.390469    8.26976    
1    35    6    -7221.96    -37.5322    0.359962    7.80349    
1    37    7    -7220.16    -34.4771    0.350323    7.75722    
1    38    8    -7221.81    -36.9136    0.334986    7.50953    
1    42    9    -7223.8    -37.715    0.34092    7.48286    
1    48    10    -7225.87    -37.619    0.359294    7.7537    
1    59    11    -7219.85    -29.0105    0.402303    8.25519    
1    67    12    -7223.99    -33.9991    0.354838    8.00733    
1    84    13    -7222.57    -32.506    0.388769    8.79549    
1    93    14    -7221.3    -34.6892    0.398599    8.47448    
1    96    15    -7223.46    -33.7368    0.430842    8.77423    
1    99    16    -7220.28    -34.2479    0.376421    7.45741    
