#Task    Step    numberOfAcceptedPeleSteps    currentEnergy    BindingEnergy    sasaLig    distance_A35SG_L1S1    
1    0    0    -7180.55    -15.7104    0.419147    8.09069    
1    1    1    -7206.77    -15.2837    0.436388    8.20883    
1    2    2    -7207.21    -14.0093    0.449352    7.96877    
1    8    3    -7208.7    -15.3593    0.430018    8.13979    
1    18    4    -7207.06    -12.5206    0.448163    8.4667    
1    20    5    -7208.84    -18.8518    0.431047    7.98238    
1    26    6    -7207.87    -16.7013    0.43022    7.90734    
1    27    7    -7207.03    -19.0888    0.383364    8.13279    
1    28    8    -7210.85    -18.4704    0.40334    7.52361    
1    35    9    -7214.6    -20.3001    0.404975    7.78739    
1    50    10    -7213.37    -19.9631    0.401305    7.75901    
1    55    11    -7210.12    -18.7004    0.393898    7.64933    
1    66    12    -7213.6    -19.0788    0.433787    8.10845    
1    72    13    -7211.52    -17.4747    0.392244    7.58502    
1    86    14    -7211.39    -17.7125    0.42057    7.74568    
1    88    15    -7212.78    -21.0449    0.391791    7.60075    
