459	3574	1.00	5.687E-81	0	416	417	0	416	417	417M
216	2865	0.713	3.528E-67	0	416	417	0	418	419	396M6D8M4I9M
401	2797	0.712	4.371E-64	0	395	417	0	394	399	26M1I369M
493	2788	0.712	5.998E-64	0	395	417	0	394	408	26M1I369M
184	2786	0.699	3.539E-64	0	402	417	0	401	402	26M1I376M
411	2774	0.704	8.232E-64	0	395	417	0	394	399	26M1I369M
422	2772	0.690	1.130E-63	0	399	417	1	399	400	26M1I373M
48	2772	0.712	1.395E-63	0	395	417	0	394	401	26M1I369M
236	2767	0.695	8.232E-64	0	403	417	0	401	402	26M1I368M1I8M
230	2766	0.681	7.809E-64	0	401	417	0	400	401	26M1I375M
447	2753	0.681	1.323E-63	0	401	417	0	400	401	26M1I375M
111	2752	0.698	2.128E-63	1	395	417	2	395	403	26M1I368M
134	2745	0.679	2.364E-63	0	401	417	0	400	401	26M1I375M
186	2744	0.676	2.018E-63	0	401	417	0	400	401	26M1I375M
446	2744	0.676	2.018E-63	0	401	417	0	400	401	26M1I375M
187	2743	0.679	2.770E-63	0	401	417	0	400	401	26M1I375M
240	2743	0.696	5.217E-63	1	395	417	2	395	402	25M1I369M
11	2741	0.681	2.364E-63	0	401	417	0	400	401	26M1I375M
189	2740	0.679	2.627E-63	0	401	417	0	400	401	26M1I375M
263	2738	0.679	2.920E-63	0	401	417	0	400	401	26M1I375M
420	2737	0.681	2.920E-63	0	401	417	0	400	401	26M1I375M
223	2736	0.681	3.245E-63	0	401	417	0	400	401	26M1I375M
117	2733	0.689	6.442E-63	1	399	417	2	399	400	25M1I373M
228	2733	0.681	3.801E-63	0	401	417	0	400	401	26M1I375M
208	2731	0.679	3.801E-63	0	401	417	0	400	401	26M1I375M
428	2727	0.679	5.499E-63	0	401	417	0	400	401	26M1I375M
188	2726	0.671	4.949E-63	0	401	417	0	400	401	26M1I375M
101	2719	0.676	1.421E-62	0	395	417	0	394	401	26M1I369M
38	2695	0.661	5.603E-62	0	395	417	0	393	399	25M2I369M
206	2683	0.637	9.007E-62	0	399	417	0	397	398	25M2I373M
225	2683	0.676	1.236E-61	0	395	417	0	394	403	26M1I369M
456	2680	0.638	1.696E-61	0	397	417	0	395	396	25M2I371M
403	2679	0.655	1.236E-61	0	397	417	0	395	399	25M2I371M
475	2674	0.674	2.095E-61	0	395	417	0	394	401	26M1I369M
432	2674	0.676	2.454E-61	0	395	417	0	394	403	26M1I369M
479	2674	0.662	4.304E-62	0	405	417	0	401	403	26M1I370M3I6M
369	2673	0.638	2.328E-61	0	397	417	0	395	396	25M2I371M
114	2667	0.661	2.454E-61	0	395	417	0	393	399	25M2I369M
280	2667	0.653	2.587E-61	0	400	417	0	398	399	25M2I374M
404	2658	0.653	4.159E-61	0	400	417	0	398	399	25M2I374M
452	2653	0.643	6.017E-61	0	397	417	0	395	396	25M2I371M
457	2649	0.635	9.177E-61	0	397	417	0	395	396	25M2I371M
195	2645	0.665	1.448E-61	0	405	417	0	401	403	26M1I370M3I6M
0	2642	0.662	1.448E-61	0	405	417	0	401	403	26M1I370M3I6M
160	2639	0.630	9.177E-61	0	399	417	0	397	398	25M2I373M
259	2637	0.648	6.343E-61	1	395	417	3	396	411	25M1I369M
148	2634	0.648	1.075E-60	0	395	417	0	393	398	25M2I369M
57	2629	0.636	1.555E-60	0	395	417	0	393	397	25M2I369M
56	2623	0.636	2.134E-60	0	395	417	0	393	397	25M2I369M
205	2613	0.656	2.636E-60	1	396	417	0	394	400	25M1I370M
283	2612	0.651	3.255E-60	0	395	417	0	393	398	25M2I369M
455	2607	0.651	3.813E-60	0	395	417	0	393	398	25M2I369M
424	2599	0.627	4.238E-60	0	395	417	0	396	401	39M1D357M
332	2598	0.638	3.255E-60	1	401	417	0	399	400	26M1I374M
393	2591	0.621	1.426E-59	0	395	417	0	394	397	26M1I369M
427	2588	0.634	3.431E-60	1	402	417	0	400	401	26M1I375M
256	2587	0.606	1.856E-59	0	395	417	1	395	398	26M1I369M
334	2587	0.638	7.182E-60	1	401	417	0	399	400	25M1I375M
110	2587	0.636	4.964E-60	1	402	417	0	400	401	25M1I376M
84	2585	0.648	1.155E-59	0	395	417	0	394	405	26M1I369M
273	2584	0.638	7.182E-60	1	401	417	0	399	400	25M1I375M
351	2583	0.643	8.869E-60	1	401	417	0	399	400	25M1I375M
467	2583	0.639	5.233E-60	1	402	417	0	400	401	25M1I376M
127	2581	0.636	5.517E-60	1	402	417	0	400	401	25M1I376M
383	2579	0.641	1.670E-59	1	396	417	0	394	401	25M1I370M
91	2578	0.636	7.981E-60	1	402	417	0	400	401	26M1I375M
272	2575	0.636	1.039E-59	1	402	417	0	400	401	25M1I376M
77	2573	0.636	9.856E-60	1	402	417	0	400	401	26M1I375M
161	2572	0.648	2.292E-59	0	395	417	0	394	407	26M1I369M
278	2567	0.616	5.058E-59	0	395	417	0	394	397	26M1I369M
93	2567	0.646	1.957E-59	1	396	417	0	394	401	26M1I369M
389	2565	0.623	1.217E-59	1	401	417	0	399	400	26M1I374M
426	2559	0.639	1.761E-59	1	402	417	0	400	401	25M1I376M
327	2559	0.646	2.417E-59	0	395	417	0	394	403	26M1I369M
398	2555	0.636	1.957E-59	1	402	417	0	400	401	26M1I375M
451	2537	0.608	7.317E-59	1	401	417	0	399	400	26M1I374M
399	2534	0.610	1.004E-58	1	400	417	0	398	399	26M1I373M
375	2503	0.557	5.153E-58	1	400	417	0	399	400	400M
69	2490	0.549	3.205E-58	1	402	417	0	401	402	402M
376	2464	0.552	1.137E-57	1	401	417	0	401	402	396M1D5M
313	2416	0.544	1.042E-56	2	401	417	3	403	404	24M1I371M2D4M
154	2415	0.597	7.595E-57	1	405	417	0	405	407	25M1I12M1D317M1D50M
281	2413	0.590	6.835E-57	1	406	417	0	406	407	25M1I13M1D316M1D51M
436	2410	0.569	1.508E-56	0	395	417	0	396	398	29M1D367M
51	2410	0.525	6.835E-57	0	398	417	0	399	400	150M1D249M
356	2409	0.550	2.424E-56	3	397	417	4	399	400	26M1D369M
303	2408	0.582	1.590E-56	3	394	417	4	396	400	26M1D366M
176	2403	0.541	1.590E-56	0	395	417	0	396	401	150M1D246M
204	2392	0.577	3.898E-56	3	394	417	4	396	401	26M1D366M
339	2388	0.537	5.074E-56	3	399	417	4	401	402	26M1D371M
337	2384	0.541	4.813E-56	1	397	417	0	399	400	39M1D171M1I184M3D2M
197	2374	0.567	1.800E-55	0	399	417	0	396	397	207M3I190M
406	2370	0.550	1.800E-55	3	397	417	4	399	400	26M1D369M
173	2369	0.539	1.007E-55	0	395	417	0	396	402	150M1D246M
157	2367	0.530	9.065E-56	3	397	417	4	399	400	26M1D369M
279	2366	0.586	1.311E-55	1	402	417	0	402	406	25M1I13M1D315M1D48M
17	2365	0.537	8.599E-56	0	398	417	0	399	400	150M1D249M
180	2363	0.566	3.390E-55	0	398	417	0	395	396	207M3I189M
172	2363	0.530	9.065E-56	0	396	417	0	397	400	150M1D247M
164	2362	0.568	2.108E-55	3	397	417	4	399	400	26M1D369M
363	2362	0.512	9.065E-56	0	398	417	0	399	400	150M1D249M
477	2362	0.563	1.800E-55	3	397	417	4	399	400	26M1D369M
282	2362	0.578	1.311E-55	1	404	417	0	404	406	25M1I13M1D316M1D49M
338	2361	0.542	2.745E-55	3	397	417	4	399	400	26M1D369M
124	2354	0.523	1.800E-55	1	397	417	0	399	400	39M1D171M1I184M3D2M
299	2353	0.541	1.382E-55	1	397	417	0	399	400	39M1D171M1I184M3D2M
190	2352	0.535	1.707E-55	3	397	417	4	398	399	26M1D362M1I6M
371	2348	0.563	4.413E-55	3	397	417	4	399	400	26M1D369M
177	2346	0.522	2.470E-55	0	398	417	0	399	400	150M1D249M
274	2342	0.554	4.413E-55	3	394	417	4	396	400	26M1D366M
454	2332	0.560	4.652E-55	0	395	417	0	397	401	3M1D26M1D367M
1	2320	0.535	7.094E-55	1	395	417	0	394	401	39M1D173M1I182M
138	2320	0.546	1.409E-54	3	398	417	4	400	401	26M1D370M
6	2312	0.514	3.215E-55	1	397	417	0	400	401	207M1I183M5D6M
20	2310	0.537	1.082E-54	1	395	417	0	394	401	39M1D173M1I182M
203	2308	0.535	1.267E-54	1	395	417	0	394	401	39M1D173M1I182M
466	2306	0.518	1.141E-54	0	398	417	0	400	401	28M1D122M1D249M
162	2305	0.525	1.485E-54	1	395	417	0	394	401	39M1D173M1I182M
135	2302	0.526	2.264E-54	0	395	417	0	395	405	40M1D173M1I182M
241	2299	0.538	2.796E-54	0	395	417	0	397	401	26M1I123M1D85M1D67M1D94M
142	2297	0.525	2.653E-54	1	395	417	0	394	410	39M1D168M1I187M
361	2295	0.516	3.641E-54	0	397	417	0	398	399	150M1D248M
414	2291	0.535	3.838E-54	1	395	417	0	395	400	39M1D356M
380	2287	0.515	3.838E-54	1	395	417	0	394	399	39M1D168M1I187M
65	2281	0.525	5.552E-54	1	395	417	0	394	408	39M1D168M1I187M
448	2280	0.520	4.046E-54	1	395	417	2	396	399	39M1D168M1I187M
158	2279	0.517	6.504E-54	3	395	417	4	397	399	26M1D367M
175	2277	0.520	7.228E-54	0	395	417	0	397	401	28M1D122M1D246M
235	2275	0.510	9.736E-55	1	412	417	0	412	413	39M1D173M1I177M4D4M3I15M
387	2271	0.507	8.926E-54	1	395	417	0	394	398	39M1D171M1I184M
136	2269	0.568	8.467E-54	3	395	417	4	397	399	26M1D367M
156	2267	0.522	1.046E-53	1	395	417	0	394	397	39M1D168M1I187M
461	2262	0.515	6.504E-54	1	395	417	0	394	401	39M1D171M1I184M
254	2261	0.515	1.225E-53	1	395	417	0	394	397	39M1D168M1I187M
219	2260	0.527	6.504E-54	1	395	417	0	395	399	39M1D356M
155	2256	0.497	1.291E-53	1	395	417	0	394	399	39M1D168M1I187M
463	2255	0.508	1.834E-54	2	402	417	2	407	408	38M1D173M1I180M5D9M
242	2254	0.500	9.410E-54	1	395	417	0	394	401	39M1D171M1I184M
362	2253	0.518	4.829E-53	3	395	417	4	398	403	26M1D326M1D41M
442	2251	0.521	4.122E-53	3	397	417	4	400	401	26M1D327M1D42M
360	2248	0.516	8.183E-53	3	395	417	4	398	403	26M1D326M1D41M
126	2246	0.535	3.276E-54	1	398	417	0	401	402	39M1D168M1I182M4D8M
24	2245	0.537	1.102E-53	1	395	417	0	395	400	39M1D356M
185	2244	0.508	3.838E-54	3	401	417	3	406	409	37M1D173M1I180M5D8M
217	2240	0.515	2.432E-53	1	395	417	0	395	399	39M1D356M
439	2240	0.523	3.910E-53	3	399	417	4	402	403	26M1D328M1D43M
297	2237	0.522	1.065E-52	4	397	417	5	400	401	25M1D326M1D43M
36	2235	0.526	1.065E-52	3	397	417	4	400	401	26M1D327M1D42M
171	2234	0.509	8.032E-54	2	404	417	2	406	408	38M1D173M1I180M2D11M
13	2230	0.498	5.853E-54	0	405	417	0	407	409	40M1D173M1I180M2D12M
441	2228	0.512	1.123E-52	2	395	417	3	398	404	27M1D326M1D41M
72	2227	0.516	1.713E-52	3	397	417	4	400	401	26M1D328M1D41M
73	2227	0.528	5.963E-53	3	399	417	4	404	405	26M1D366M3D5M
472	2224	0.536	1.162E-53	4	403	417	1	398	410	163M3I219M1D15M
469	2221	0.510	1.541E-52	1	395	417	2	397	410	149M1D246M
231	2220	0.492	4.122E-53	1	395	417	0	394	398	39M1D168M1I187M
33	2218	0.530	1.903E-52	2	399	417	3	402	403	27M1D327M1D44M
128	2215	0.525	1.462E-52	0	397	417	0	399	400	29M1D326M1D43M
300	2213	0.527	7.364E-53	1	395	417	0	395	399	39M1D356M
359	2213	0.518	1.806E-52	1	400	417	0	400	401	148M1D252M
268	2212	0.517	5.366E-53	1	397	417	0	397	398	39M1D358M
50	2212	0.502	7.763E-53	1	395	417	0	394	401	39M1D171M1I184M
163	2209	0.522	5.963E-53	1	395	417	0	395	398	39M1D356M
354	2209	0.521	3.400E-52	2	398	417	3	401	404	27M1D327M1D43M
201	2206	0.489	2.754E-52	3	395	417	1	394	401	146M1D247M
35	2205	0.511	2.006E-52	0	395	417	0	398	400	3M1D26M1D326M1D41M
264	2203	0.502	1.248E-52	1	395	417	0	394	399	39M1D171M1I184M
34	2202	0.512	4.427E-52	4	395	417	5	398	404	25M1D326M1D41M
46	2201	0.525	2.703E-53	1	397	417	0	399	400	39M1D351M2D7M
344	2200	0.503	6.075E-52	0	395	417	2	398	405	149M1D247M
7	2199	0.522	1.065E-52	1	395	417	0	395	398	39M1D356M
330	2199	0.486	3.779E-52	0	395	417	2	398	405	149M1D247M
9	2198	0.517	9.587E-53	1	397	417	0	397	398	39M1D358M
378	2197	0.516	3.226E-52	0	395	417	0	398	400	3M1D26M1D326M1D41M
44	2197	0.517	4.667E-52	0	399	417	1	402	403	29M1D327M1D44M
487	2196	0.513	1.903E-52	0	395	417	0	396	399	40M1D356M
276	2194	0.517	1.316E-52	1	395	417	0	395	398	39M1D356M
120	2191	0.518	4.667E-52	0	400	417	1	403	404	29M1D327M1D45M
275	2190	0.517	1.541E-52	1	395	417	0	395	398	39M1D356M
54	2187	0.527	2.115E-52	1	395	417	0	395	400	39M1D356M
218	2183	0.517	2.350E-52	1	395	417	0	395	398	39M1D356M
271	2183	0.517	2.350E-52	1	395	417	0	395	398	39M1D356M
26	2183	0.530	8.183E-53	1	397	417	0	399	400	39M1D351M2D7M
464	2183	0.479	1.085E-51	1	395	417	2	397	404	148M1D247M
139	2183	0.510	5.467E-52	1	395	417	2	397	410	149M1D246M
19	2174	0.517	3.779E-52	1	395	417	0	395	398	39M1D356M
314	2174	0.530	1.184E-52	1	397	417	0	399	400	39M1D351M2D7M
144	2174	0.479	1.655E-51	3	395	417	7	400	402	147M1D246M
74	2170	0.459	1.030E-51	1	395	417	0	395	397	148M1D247M
140	2167	0.510	1.144E-51	1	395	417	2	397	410	148M1D247M
8	2163	0.487	1.340E-51	1	395	417	0	395	402	148M1D247M
79	2162	0.517	7.909E-52	1	395	417	0	395	398	39M1D356M
10	2162	0.532	7.909E-52	1	395	417	0	395	399	39M1D356M
99	2157	0.459	2.044E-51	1	395	417	0	395	397	148M1D247M
149	2156	0.462	1.840E-51	1	395	417	0	395	397	148M1D247M
227	2155	0.462	2.155E-51	1	395	417	0	395	397	148M1D247M
78	2155	0.458	1.272E-51	1	400	417	0	400	401	148M1D252M
100	2150	0.462	2.524E-51	1	395	417	0	395	397	148M1D247M
207	2146	0.458	2.044E-51	1	400	417	0	400	401	148M1D252M
258	2144	0.483	2.957E-51	0	395	417	0	396	398	149M1D247M
49	2144	0.500	6.878E-51	3	395	417	1	394	401	146M1D247M
443	2144	0.498	6.525E-51	0	395	417	0	398	402	2M1D27M1D327M1D40M
267	2143	0.471	4.278E-51	0	397	417	3	401	402	150M1D248M
152	2141	0.462	4.755E-51	1	395	417	0	395	397	148M1D247M
224	2139	0.459	5.570E-51	1	395	417	0	395	397	148M1D247M
143	2138	0.479	1.049E-50	3	395	417	7	400	402	147M1D246M
147	2136	0.483	4.059E-51	2	395	417	7	401	405	147M1D247M
285	2132	0.471	1.106E-50	2	397	417	5	401	402	148M1D248M
262	2123	0.478	2.572E-50	4	395	417	1	393	399	146M1D246M
92	2119	0.486	1.745E-51	1	403	417	3	411	413	149M1D241M5D13M
284	2118	0.468	1.686E-50	0	397	417	3	401	402	150M1D248M
319	2118	0.469	3.348E-50	1	395	417	0	395	404	149M1D246M
497	2118	0.496	1.295E-50	3	395	417	8	402	406	38M1D108M1D247M
40	2110	0.491	3.348E-50	1	395	417	2	398	405	148M1D52M1D195M
324	2105	0.459	6.878E-51	1	400	417	6	410	411	148M1D22M3D199M1D31M
113	2103	0.498	9.440E-51	3	396	417	1	393	396	163M1I200M1I5M1D24M
460	2099	0.471	1.874E-50	0	397	417	3	401	402	150M1D248M
320	2099	0.468	9.123E-50	2	395	417	4	398	410	148M1D246M
478	2097	0.500	2.858E-50	0	395	417	0	395	397	171M1I128M1D67M1I5M1D23M
353	2094	0.470	8.654E-50	3	393	417	5	397	400	147M1D20M1D224M
67	2093	0.494	5.982E-50	3	395	417	1	394	401	146M1D247M
496	2093	0.465	7.008E-50	0	395	417	0	396	402	150M1D246M
5	2090	0.459	5.982E-50	0	396	417	0	397	401	149M1D248M
484	2089	0.472	6.648E-50	1	395	417	0	395	400	148M1D247M
385	2089	0.461	2.314E-50	1	400	417	3	407	408	148M1D22M3D199M1D31M
341	2079	0.472	1.811E-49	2	394	417	4	399	401	145M3D248M
82	2079	0.471	3.721E-50	0	396	417	0	400	405	4M2D25M1D120M1D248M
323	2076	0.465	4.213E-49	2	393	417	4	395	397	147M1D20M1I224M
87	2076	0.457	4.359E-50	1	399	417	3	406	407	148M1D19M3D202M1D30M
425	2072	0.473	7.008E-50	0	397	417	0	397	398	149M1D242M1I6M
269	2072	0.469	2.013E-49	4	400	417	1	398	399	146M1D251M
109	2072	0.460	1.320E-49	3	397	417	5	401	402	26M1D120M1D249M
125	2071	0.458	2.013E-49	3	395	417	4	400	406	147M1D19M2D201M1D26M
94	2067	0.458	1.909E-49	3	395	417	7	403	405	147M1D19M2D202M1D25M
481	2065	0.486	1.467E-49	4	400	417	1	394	395	146M1D205M1D33M5I8M
486	2065	0.457	2.762E-49	2	395	417	4	403	407	56M2D92M1D19M2D200M1D27M
200	2064	0.473	2.122E-49	2	395	417	4	398	400	148M1D246M
388	2064	0.445	1.188E-49	2	399	417	3	404	405	148M1D18M2D202M1D30M
95	2059	0.447	1.811E-49	2	399	417	3	404	405	148M1D19M2D201M1D30M
104	2056	0.455	3.596E-49	3	395	417	5	401	407	147M1D19M2D201M1D26M
311	2055	0.456	2.912E-49	1	397	417	0	398	399	26M1D122M1D249M
191	2054	0.447	2.237E-49	2	399	417	3	404	405	148M1D20M2D200M1D30M
232	2054	0.476	9.617E-50	1	395	417	0	398	408	146M3D54M1D195M
196	2050	0.462	3.236E-49	0	398	417	0	400	401	3M2D146M1D20M1I229M
277	2050	0.447	2.486E-49	2	399	417	3	404	405	148M1D20M2D200M1D30M
322	2049	0.483	1.811E-49	0	397	417	0	402	403	3M1D147M1D20M2D201M1D27M
490	2049	0.447	3.070E-49	2	399	417	3	404	405	148M1D20M2D200M1D30M
55	2048	0.447	2.620E-49	2	399	417	3	404	405	148M1D20M2D200M1D30M
25	2047	0.452	3.791E-49	0	397	417	0	401	403	2M1D148M1D20M1D201M1D27M
220	2047	0.455	8.817E-49	0	395	417	0	396	407	150M1D246M
29	2045	0.459	7.140E-49	3	393	417	4	394	396	146M1D18M1I226M
265	2045	0.456	7.934E-49	3	393	417	4	394	396	146M1D18M1I226M
310	2045	0.455	1.089E-48	3	395	417	4	400	406	147M1D19M2D201M1D26M
178	2042	0.453	3.070E-49	0	395	417	0	400	406	3M3D147M1D207M1D39M
304	2041	0.443	3.996E-49	3	399	417	7	407	408	147M1D19M2D201M1D30M
15	2040	0.451	7.527E-49	0	393	417	3	401	403	149M1D18M2D3M1D201M1D23M
226	2039	0.442	3.791E-49	2	399	417	3	404	405	148M1D18M2D202M1D30M
202	2039	0.457	1.345E-48	2	395	417	4	403	407	56M2D92M1D19M2D200M1D27M
498	2038	0.461	3.070E-49	4	397	417	1	390	391	168M1I34M3I188M
260	2038	0.438	5.781E-49	2	398	417	3	403	405	148M1D19M2D201M1D29M
358	2035	0.475	5.203E-49	0	399	417	2	403	404	149M1D207M1D44M
215	2035	0.450	1.418E-48	2	397	417	6	405	406	148M1D19M2D202M1D27M
329	2034	0.458	5.781E-49	1	396	417	3	402	407	148M1D17M3D204M1D21M1I5M
168	2033	0.471	3.411E-49	0	395	417	0	398	407	3M1D146M1D52M1D195M
318	2032	0.438	8.817E-49	2	398	417	3	403	405	148M1D20M2D200M1D29M
352	2031	0.441	9.798E-49	3	397	417	5	403	404	55M2D92M1D19M1D229M
86	2031	0.438	7.140E-49	2	398	417	3	403	405	148M1D21M2D199M1D29M
326	2031	0.455	6.095E-49	0	399	417	0	405	406	3M1D147M1D21M3D199M1D30M
433	2030	0.460	4.682E-49	0	397	417	0	403	404	3M2D54M2D93M1D19M1D229M
150	2029	0.436	1.089E-48	2	398	417	3	403	405	148M1D20M2D200M1D29M
418	2028	0.440	8.364E-49	3	399	417	5	406	407	146M1D22M2D185M1D14M1D30M
61	2025	0.451	7.140E-49	2	396	417	3	400	405	148M1D18M2D202M1D21M1I5M
214	2025	0.468	1.575E-48	1	395	417	0	396	406	149M1D51M1D195M
340	2025	0.469	1.345E-48	2	395	417	6	403	407	148M1D22M2D199M1D25M
211	2025	0.458	1.210E-48	3	395	417	4	402	408	55M2D92M1D19M2D201M1D26M
370	2024	0.440	7.527E-49	2	399	417	3	404	405	148M1D16M2D204M1D30M
145	2024	0.435	1.494E-48	0	397	417	2	405	406	58M2D92M1D19M2D200M1D29M
45	2024	0.458	1.345E-48	3	395	417	4	402	408	55M2D92M1D19M2D201M1D26M
355	2023	0.448	1.210E-48	0	395	417	0	400	402	3M1D147M1D19M2D201M1D26M
416	2023	0.475	7.934E-49	0	398	417	2	402	403	27M1D65M1I56M1D246M1D4M
345	2023	0.447	2.051E-48	3	397	417	6	403	404	147M1D19M2D229M
59	2022	0.463	1.945E-48	3	395	417	4	402	408	55M2D92M1D19M2D201M1D26M
248	2021	0.471	2.013E-49	0	397	417	0	396	397	43M1D42M1I281M1I30M
391	2021	0.443	1.033E-48	3	399	417	4	404	405	147M1D21M2D199M1D30M
233	2021	0.488	4.682E-49	1	395	417	0	398	408	145M2D4M1D51M1D195M
382	2020	0.442	1.210E-48	2	399	417	3	404	405	148M1D20M2D200M1D30M
66	2019	0.458	1.945E-48	3	392	417	5	399	402	146M1D18M3D205M1D21M
321	2019	0.459	1.661E-48	2	395	417	6	403	407	148M1D19M2D202M1D25M
266	2018	0.463	1.210E-48	2	396	417	4	400	403	147M1D207M1D41M
60	2018	0.483	5.484E-49	0	402	417	0	404	405	150M1D51M1D202M
407	2018	0.448	1.210E-48	0	395	417	0	403	408	2M2D55M2D93M1D19M2D203M1D24M
471	2017	0.483	7.140E-49	3	396	417	1	393	394	27M1D13M1D11M1I30M1I50M1D98M1I132M1I29M
349	2017	0.433	3.297E-48	2	395	417	5	403	407	148M1D20M2D186M1D15M1D25M
450	2015	0.440	1.418E-48	2	399	417	3	404	405	148M1D21M2D199M1D30M
366	2015	0.458	3.664E-48	3	395	417	4	402	408	55M2D92M1D19M2D201M1D26M
106	2014	0.446	1.661E-48	3	395	417	5	403	409	54M2D93M1D19M2D202M1D25M
357	2012	0.458	1.845E-48	2	396	417	4	400	403	147M1D207M1D41M
429	2011	0.419	2.967E-48	3	395	417	1	387	393	36M1I45M1I81M2I43M1I154M1I28M
166	2011	0.448	8.817E-49	0	397	417	0	405	406	3M4D147M1D19M2D202M1D27M
31	2009	0.454	1.148E-48	0	396	417	0	402	403	3M1D147M1D21M3D199M1D27M
212	2009	0.455	4.525E-48	3	395	417	5	399	405	147M1D206M1D40M
137	2009	0.448	1.945E-48	0	397	417	0	405	406	3M4D147M1D19M2D202M1D27M
315	2009	0.463	4.525E-48	3	395	417	4	402	407	55M2D92M1D19M2D201M1D26M
412	2008	0.470	7.274E-48	2	401	417	4	404	405	25M1D65M1I57M1D252M
413	2008	0.470	4.770E-48	0	401	417	2	404	405	27M1D65M1I57M1D252M
213	2007	0.483	1.210E-48	0	400	417	0	402	403	150M1D51M1D200M
96	2007	0.424	3.791E-49	0	405	417	0	409	410	3M1D146M1D22M3D199M1D26M2I8M
291	2006	0.437	1.661E-48	0	395	417	0	401	404	3M1D147M1D18M2D188M1D14M1D26M
346	2006	0.440	1.945E-48	0	399	417	0	403	404	3M1D147M1D20M1D200M1D30M
480	2006	0.462	3.664E-48	2	395	417	6	403	405	148M1D19M2D202M1D25M
333	2005	0.470	6.773E-49	0	397	417	0	394	395	30M1D12M1D12M1I30M1I50M2I229M1I30M
193	2005	0.405	2.967E-48	1	395	417	2	398	401	40M1D109M1D246M
141	2005	0.431	3.476E-48	2	398	417	3	403	405	148M1D21M2D199M1D29M
4	2004	0.447	2.967E-48	3	399	417	5	406	407	147M1D20M2D201M1D20M1D9M
169	2004	0.471	1.418E-48	0	395	417	0	398	407	3M1D146M1D52M1D195M
130	2004	0.445	4.770E-48	0	395	417	4	403	409	150M1D20M2D201M1D25M
255	2003	0.405	3.128E-48	1	395	417	2	398	401	40M1D109M1D246M
348	2003	0.433	6.209E-48	3	396	417	5	403	404	54M2D93M1D19M2D228M
302	2003	0.452	8.364E-49	0	399	417	0	406	407	3M1D147M1D21M3D186M1D13M1D30M
293	2002	0.441	2.051E-48	3	399	417	5	404	408	147M1D19M2D202M1D20M1I8M
462	2001	0.450	4.525E-48	2	397	417	6	405	406	148M1D19M2D202M1D27M
473	2001	0.457	7.274E-48	2	395	417	5	402	406	148M1D19M2D201M1D26M
14	2000	0.449	2.670E-48	0	395	417	3	400	406	149M1D208M1D39M
83	1999	0.427	1.845E-48	0	397	417	0	404	405	3M1D54M2D92M1D20M2D201M1D28M
331	1999	0.465	9.983E-48	3	395	417	4	400	407	147M1D19M2D201M1D26M
199	1999	0.452	2.670E-48	0	395	417	3	404	414	58M2D91M1D20M2D202M1D25M
316	1998	0.450	4.072E-48	2	395	417	4	403	405	55M2D92M1D20M2D201M1D26M
71	1998	0.449	6.546E-48	0	395	417	3	400	406	149M1D207M1D40M
417	1997	0.479	1.494E-48	1	395	417	0	391	395	42M1D43M1I84M1I39M1I157M1I26M
449	1996	0.432	3.664E-48	0	395	417	0	401	404	3M1D147M1D21M2D185M1D14M1D26M
309	1996	0.423	1.494E-48	3	402	417	6	409	410	40M1D107M1D241M2D12M
397	1995	0.454	1.300E-47	3	390	417	1	392	394	147M1D19M2D199M1D23M
32	1994	0.455	1.276E-48	4	399	417	1	395	396	22M1I107M1D30M1I235M
85	1992	0.450	1.444E-47	2	397	417	6	405	406	148M1D19M2D202M1D27M
270	1991	0.476	6.425E-49	0	397	417	0	396	397	43M1D43M1I280M1I30M
98	1990	0.447	1.169E-47	2	397	417	6	405	406	148M1D22M2D199M1D27M
386	1988	0.461	2.402E-48	4	397	417	1	390	391	162M1I40M3I188M
89	1988	0.470	3.862E-48	0	395	417	0	401	405	3M2D55M2D92M1D18M1D228M
444	1986	0.460	1.052E-47	3	395	417	4	400	404	55M2D92M1D21M1D225M
27	1986	0.449	9.983E-48	2	395	417	6	403	407	148M1D19M2D202M1D25M
75	1985	0.472	1.233E-47	0	399	417	2	404	405	27M1D65M1I57M1D245M2D5M
121	1985	0.440	6.546E-48	2	395	417	5	401	406	26M1D14M1D107M1D247M
350	1984	0.450	1.982E-47	2	397	417	6	405	406	148M1D19M2D202M1D27M
159	1984	0.451	5.300E-48	0	395	417	0	403	410	2M1D53M1I2M3D92M1D21M3D199M1D26M
179	1983	0.433	3.862E-48	0	397	417	3	402	403	3M1D40M1D107M1D242M1I5M
70	1982	0.428	5.028E-48	0	399	417	2	404	408	150M1D19M2D202M1D24M1I4M
396	1982	0.428	9.983E-48	3	399	417	5	405	408	147M1D19M2D202M1D29M
402	1982	0.446	1.052E-47	3	395	417	4	402	409	55M2D92M1D19M2D201M1D26M
123	1981	0.445	5.028E-48	0	395	417	0	403	408	3M2D54M2D93M1D19M2D202M1D25M
292	1981	0.444	2.580E-47	3	395	417	6	401	409	147M1D19M2D227M
286	1980	0.418	9.983E-48	1	397	417	0	398	399	40M1D108M1D249M
335	1980	0.456	5.890E-48	0	395	417	0	402	404	3M1D55M2D91M1D20M2D201M1D26M
182	1980	0.436	9.470E-48	0	395	417	2	402	406	58M2D92M1D19M2D227M
194	1979	0.406	1.370E-47	2	395	417	3	398	401	39M1D109M1D246M
367	1979	0.431	1.169E-47	0	395	417	1	401	405	150M1D20M2D186M1D14M1D26M
133	1979	0.450	2.448E-47	2	397	417	6	405	406	148M1D19M2D202M1D27M
392	1979	0.450	2.448E-47	2	397	417	6	405	406	148M1D19M2D202M1D27M
222	1978	0.429	7.668E-48	2	400	417	3	405	406	148M1D21M2D199M1D31M
16	1978	0.451	1.444E-47	3	395	417	5	403	408	54M2D93M1D19M2D201M1D26M
237	1976	0.451	8.084E-48	0	395	417	0	400	406	3M3D147M1D207M1D39M
317	1976	0.464	5.300E-48	0	395	417	0	402	406	3M1D147M1D21M3D185M1D14M1D26M
107	1975	0.437	3.476E-48	0	395	417	0	401	405	3M3D23M1D17M1D106M1D247M
131	1974	0.467	5.028E-48	1	395	417	0	399	407	145M3D4M1D51M1D195M
381	1974	0.450	5.890E-48	0	395	417	3	406	416	28M1D15M1D107M1D84M5D162M
88	1973	0.451	1.052E-47	0	395	417	0	398	407	3M1D146M1D52M1D195M
400	1972	0.446	2.670E-48	0	399	417	2	405	406	58M2D92M1D16M1D191M1D34M1I8M
63	1971	0.439	3.128E-48	4	397	417	1	390	391	165M1I35M5I1M2D187M
53	1971	0.459	5.028E-48	0	395	417	0	403	410	3M1D52M1I2M3D92M1D18M3D202M1D26M
342	1970	0.440	9.983E-48	2	395	417	3	402	404	50M2D97M1D20M2D201M1D26M
379	1970	0.453	8.522E-48	0	396	417	0	405	414	3M1D55M2D91M1D22M3D185M1D14M1D27M
395	1969	0.443	3.541E-47	3	390	417	1	392	394	147M1D19M2D199M1D23M
103	1969	0.442	2.203E-47	3	397	417	5	404	406	55M2D92M1D20M1D185M1D43M
485	1969	0.438	1.233E-47	0	395	417	0	403	407	3M4D147M1D19M2D201M1D26M
108	1967	0.417	2.089E-47	0	395	417	3	400	404	43M1D107M1D246M
221	1966	0.427	1.300E-47	2	399	417	3	407	408	56M2D92M1D21M2D185M1D14M1D30M
301	1965	0.458	1.233E-47	0	395	417	0	398	403	3M1D147M1D50M1D196M
394	1964	0.436	1.109E-47	0	397	417	3	402	403	3M1D40M1D107M1D242M1I5M
290	1963	0.451	1.233E-47	0	394	417	0	400	402	3M1D147M1D21M2D184M1D15M1D25M
373	1961	0.450	1.370E-47	0	395	417	0	403	409	3M2D54M2D92M1D20M2D200M1D27M
483	1960	0.432	1.444E-47	3	395	417	1	386	397	36M1I45M1I81M2I44M1I153M1I21M1I6M
374	1958	0.460	2.448E-47	3	390	417	1	391	393	146M1D23M2D219M
495	1958	0.441	7.668E-48	0	399	417	2	405	406	57M2D93M1D16M1D189M1D36M1I8M
129	1958	0.418	3.541E-47	3	399	417	5	405	408	147M1D19M2D202M1D29M
261	1957	0.412	3.359E-47	0	395	417	3	400	404	43M1D107M1D246M
476	1957	0.448	2.867E-47	0	397	417	0	405	406	3M4D147M1D19M2D202M1D27M
343	1956	0.468	2.089E-47	3	397	417	1	391	392	40M1D42M1I50M1I30M2I198M1D2M2I27M
494	1955	0.425	1.982E-47	0	398	417	2	403	404	3M1D40M1D106M1D250M
474	1955	0.456	2.089E-47	0	395	417	2	400	405	3M1D147M1D51M1D195M
210	1955	0.450	1.605E-47	3	399	417	5	405	406	55M2D92M1D21M1D184M1D36M1I8M
372	1955	0.470	5.890E-48	0	395	417	0	404	409	3M1D52M1I2M3D92M1D18M3D189M1D13M1D26M
170	1954	0.428	1.233E-47	0	397	417	0	403	404	3M3D25M1D14M1D107M1D249M
118	1954	0.442	7.274E-48	0	399	417	0	405	406	3M2D54M2D93M1D16M1D189M1D36M1I8M
409	1953	0.406	3.359E-47	0	399	417	0	402	403	3M1D40M1D106M1D251M
181	1952	0.435	3.023E-47	0	397	417	4	402	403	41M1D109M1D242M1I5M
68	1952	0.425	2.580E-47	0	398	417	2	403	404	3M1D40M1D106M1D250M
430	1952	0.428	2.720E-47	0	395	417	0	398	404	3M1D39M1D107M1D247M
306	1950	0.460	8.084E-48	1	393	417	0	388	394	28M1D13M1D12M1I30M1I49M2I75M1I154M1I26M
336	1949	0.445	5.400E-47	3	390	417	1	391	393	147M1D19M2D222M
377	1949	0.443	1.109E-47	1	395	417	0	391	395	29M1D13M1D11M1I30M1I47M2I232M1I28M
364	1946	0.403	4.610E-47	0	395	417	0	398	400	3M1D40M1D106M1D247M
470	1945	0.441	2.322E-47	1	397	417	0	393	394	28M1D14M1D11M1I30M1I47M2I232M1I30M
30	1945	0.444	1.169E-47	0	399	417	0	405	406	3M2D54M2D93M1D16M1D189M1D36M1I8M
325	1944	0.449	8.522E-48	0	397	417	0	408	409	3M2D55M2D92M1D19M2D202M1D20M3D7M
102	1943	0.434	1.982E-47	0	399	417	0	405	406	3M2D55M2D91M1D22M1D184M1D36M1I8M
122	1942	0.411	6.001E-47	2	397	417	6	404	405	27M1D13M1D108M1D248M
105	1941	0.443	1.444E-47	0	398	417	0	404	406	3M2D55M2D92M1D20M1D187M1D34M1I7M
435	1940	0.433	4.373E-47	2	397	417	4	402	403	25M1D14M1D108M1D249M
229	1940	0.425	4.859E-47	0	398	417	2	403	404	3M1D40M1D106M1D250M
492	1939	0.416	1.017E-46	0	395	417	2	400	402	28M1D15M1D106M1D247M
146	1939	0.415	7.813E-47	1	397	417	3	402	403	27M1D14M1D108M1D248M
151	1939	0.412	8.236E-47	1	397	417	6	405	406	27M1D14M1D108M1D248M
115	1939	0.454	1.522E-47	2	395	417	5	409	413	56M2D92M1D16M3D5M5D225M
234	1938	0.440	4.148E-47	0	398	417	2	403	404	28M1D14M1D107M1D250M
294	1937	0.433	1.635E-46	3	395	417	6	404	411	55M2D92M1D19M2D201M1D26M
465	1934	0.418	1.635E-46	1	395	417	2	398	401	40M1D109M1D246M
90	1934	0.430	1.370E-47	3	399	417	6	414	441	55M2D92M1D20M1D222M8D8M
434	1933	0.417	8.682E-47	0	397	417	3	402	403	43M1D107M1D248M
167	1933	0.443	5.123E-47	0	399	417	0	407	408	3M1D55M2D92M1D21M3D199M1D30M
438	1932	0.427	5.028E-48	0	398	417	0	407	410	26M1I122M5D81M4D8M1D161M
112	1930	0.450	3.186E-47	0	400	417	0	406	407	3M2D54M2D93M1D21M1D184M1D36M1I9M
308	1930	0.443	7.030E-47	0	399	417	0	407	408	3M1D55M2D92M1D21M3D199M1D30M
2	1929	0.405	1.724E-46	1	395	417	2	398	405	42M1D107M1D246M
12	1929	0.430	6.669E-47	3	399	417	6	406	407	55M2D92M1D16M1D190M1D35M1I8M
437	1927	0.424	5.400E-47	0	399	417	0	407	408	3M1D55M2D92M1D16M2D190M1D14M1D30M
305	1926	0.406	2.129E-46	1	396	417	6	404	405	27M1D15M1D107M1D247M
3	1922	0.415	1.471E-46	1	397	417	3	401	402	28M1D14M1D107M1D242M1I5M
453	1922	0.417	1.635E-46	0	397	417	3	402	403	43M1D107M1D248M
97	1918	0.420	2.494E-46	2	395	417	5	400	408	27M1D14M1D107M1D242M1I3M
21	1917	0.417	1.635E-46	1	397	417	3	401	402	28M1D14M1D107M1D242M1I5M
257	1917	0.408	2.921E-46	1	395	417	3	398	408	41M1D108M1D242M1I3M
119	1916	0.420	1.471E-46	1	395	417	2	403	405	2M4D26M1D13M1D108M1D246M
192	1916	0.405	3.608E-46	2	395	417	7	403	407	27M1D14M1D107M1D246M
132	1912	0.418	3.080E-46	2	395	417	5	400	408	27M1D14M1D107M1D242M1I3M
23	1911	0.393	3.080E-46	0	397	417	0	401	402	3M1D25M1D15M1D107M1D248M
482	1910	0.443	1.635E-46	4	395	417	1	388	390	162M1I40M3I186M
468	1904	0.441	3.080E-46	1	397	417	0	393	394	28M1D14M1D11M1I30M1I47M2I232M1I30M
423	1903	0.436	4.859E-47	0	396	417	0	405	409	26M1I123M5D80M4D2M2D5M1I159M
296	1902	0.417	5.800E-46	3	397	417	5	401	402	26M1D14M1D107M1D242M1I5M
249	1901	0.429	1.635E-46	1	395	417	0	392	396	29M1D13M1D11M1I30M1I47M2I151M1D81M1I28M
39	1901	0.419	5.800E-46	1	395	417	3	399	407	28M1D14M1D107M1D242M1I3M
295	1899	0.415	5.502E-46	1	397	417	3	401	402	28M1D14M1D107M1D242M1I5M
458	1897	0.415	5.502E-46	1	397	417	3	401	402	28M1D14M1D107M1D242M1I5M
488	1896	0.443	2.629E-46	3	399	417	1	390	391	36M1I46M1I77M2I45M1I155M1I21M1I10M
198	1896	0.420	8.391E-46	2	395	417	5	400	408	27M1D14M1D107M1D242M1I3M
499	1896	0.448	2.129E-46	1	395	417	0	403	409	25M1I120M6D2M1I80M4D8M1D158M
289	1895	0.420	8.391E-46	1	397	417	6	404	405	27M1D15M1D107M1D242M1I5M
52	1894	0.407	1.635E-46	1	397	417	2	406	407	42M1D107M1D241M6D7M
238	1893	0.476	2.629E-46	0	395	417	1	392	397	43M1D42M1I48M1I32M2I198M1I28M
62	1893	0.417	7.163E-46	1	397	417	3	401	402	28M1D14M1D107M1D242M1I5M
22	1891	0.407	1.152E-45	1	395	417	5	402	404	28M1D14M1D107M1D246M
153	1885	0.445	1.324E-46	1	400	417	0	408	409	25M1I120M6D2M1I80M4D8M1D163M
18	1883	0.439	3.246E-46	0	399	417	0	408	409	3M1D52M1I2M3D92M1D18M3D188M1D15M1D29M
445	1882	0.432	7.411E-47	0	395	417	2	406	411	26M1I117M3I3M8D80M4D8M1D158M
491	1878	0.413	6.445E-46	0	395	417	2	402	404	27M1D5M1D11M1D106M1D224M1D23M
408	1878	0.446	7.960E-46	0	399	417	0	408	409	3M1D52M1I2M3D92M1D21M3D186M1D14M1D29M
298	1878	0.410	5.123E-47	2	400	417	3	410	411	24M1I119M5D84M4D8M1D163M
415	1874	0.449	1.324E-46	2	395	417	3	405	412	24M1I117M3I3M8D80M4D8M1D158M
251	1873	0.448	9.152E-47	0	395	417	0	405	412	3M1D23M1I117M3I3M8D80M4D8M1D158M
76	1870	0.445	3.246E-46	1	400	417	0	408	409	25M1I120M6D2M1I80M4D8M1D163M
239	1867	0.484	1.130E-46	4	395	417	1	388	390	26M1D12M3I10M3D16M1I13M1I50M2I229M1I28M
47	1865	0.407	3.138E-45	1	397	417	3	401	402	28M1D13M1D108M1D242M1I5M
246	1862	0.446	1.635E-46	0	395	417	0	405	411	3M1D23M1I117M3I3M8D80M4D8M1D158M
440	1860	0.414	1.499E-45	3	399	417	1	403	404	23M1I14M1D107M4D2M1D47M1I3M2D199M
384	1858	0.400	2.410E-45	1	389	417	2	393	395	148M1D21M2D220M
250	1856	0.439	1.551E-46	0	395	417	0	405	412	3M1D23M1I117M3I3M8D78M2D7M3D161M
405	1852	0.435	1.817E-46	0	395	417	0	406	412	5M2D21M1I117M3I3M8D80M4D8M1D158M
244	1850	0.417	9.648E-47	0	404	417	0	417	419	26M1I121M5D62M1D20M4D8M1D118M3D49M
287	1848	0.386	5.909E-45	1	389	417	2	391	393	149M1D17M1I199M1D23M
421	1848	0.384	4.539E-45	0	399	417	0	400	401	150M1D250M
209	1845	0.434	1.422E-45	1	399	417	0	407	408	25M1I120M6D2M1I80M4D8M1D162M
245	1835	0.446	4.951E-46	0	395	417	0	405	412	3M1D23M1I117M3I3M8D80M4D8M1D158M
116	1804	0.416	2.678E-45	3	408	417	1	419	420	23M1I121M5D82M4D8M1D157M3D5M1D9M
243	1797	0.417	1.374E-44	0	395	417	1	405	409	26M1I119M6D3M1I80M3D72M1D56M1D38M
252	1690	0.382	2.502E-43	0	401	417	0	419	420	26M1I119M5D84M6D5M3D67M1D56M1D34M3D10M
410	1669	0.430	5.818E-43	2	395	417	4	395	405	28M1D9M1I6M2D10M1I12M1I15M1I47M2I75M2I157M3D27M
312	1636	0.419	5.623E-42	3	395	417	1	391	396	27M1D9M1I6M2D10M1I12M1I16M1I46M2I75M1I159M2D26M
365	1611	0.401	4.554E-42	2	397	417	3	399	400	28M1D9M1I6M2D10M1I12M1I16M1I46M2I72M3I159M3D17M4D12M
489	1597	0.409	1.532E-41	0	395	417	0	391	396	29M1D10M1I6M2D10M1I12M1I16M1I40M4I6M2D70M3I158M2D28M
64	1139	0.271	8.368E-32	1	398	417	9	435	443	26M1I12M2D31M1I8M3D6M1D58M1D2M4D50M2I5M2D5M2D27M1D95M1D16M1D23M2D20M7D6M6D4M
28	1137	0.278	1.089E-31	3	403	417	11	433	444	24M1I12M2D31M1I8M3D6M1D58M1D2M4D47M2I8M2D5M2D27M1D95M1D16M1D24M1D19M7D15M
307	1137	0.264	3.864E-31	3	394	417	11	418	444	24M1I12M2D31M1I8M3D6M1D58M1D2M4D50M2I5M2D5M2D27M1D95M1D16M1D23M2D26M
43	1135	0.278	1.089E-31	3	403	417	11	433	444	24M1I12M2D31M1I8M3D6M1D58M1D2M4D47M2I8M2D5M2D27M1D95M1D16M1D15M1D28M7D15M
328	1133	0.259	1.495E-31	3	395	417	11	426	443	24M1I12M2D31M1I8M3D6M1D58M1D2M4D50M2I5M2D5M2D27M1D95M1D16M1D23M2D20M7D7M
253	1133	0.272	1.946E-31	3	403	417	12	436	444	24M1I11M2D32M1I8M3D6M1D58M1D2M4D50M2I5M2D7M2D25M1D95M1D16M1D23M2D21M7D7M1D7M
41	1132	0.277	9.299E-32	3	404	417	11	442	444	24M1I12M2D31M1I8M3D6M1D58M1D2M4D47M2I8M2D5M2D27M1D95M1D16M1D24M1D19M7D7M4D5M4D4M
183	1131	0.258	2.280E-31	3	404	417	11	435	444	24M1I12M2D31M1I8M3D6M1D58M1D2M4D50M2I5M2D5M2D27M1D95M1D16M1D23M2D20M7D16M
368	1131	0.277	7.530E-32	3	404	417	11	442	444	24M1I12M2D31M1I8M3D6M1D58M1D2M4D47M2I8M2D5M2D27M1D95M1D16M1D15M1D28M7D7M4D5M4D4M
80	1126	0.272	2.816E-31	3	403	417	12	436	444	24M1I11M2D32M1I8M3D6M1D58M1D2M4D50M2I5M2D7M2D25M1D95M1D16M1D23M2D21M7D7M1D7M
419	1126	0.278	2.404E-31	3	403	417	11	433	444	24M1I12M2D31M1I8M3D6M1D58M1D2M4D47M2I8M2D5M2D27M1D95M1D16M1D23M1D20M7D15M
42	1125	0.278	2.052E-31	3	403	417	11	433	444	24M1I12M2D31M1I8M3D6M1D58M1D2M4D47M2I8M2D5M2D27M1D95M1D16M1D15M1D28M7D15M
165	1125	0.278	1.345E-31	1	403	417	9	434	444	26M1I12M2D31M1I8M3D6M1D58M1D2M4D47M2I8M2D5M2D30M1D92M1D16M1D15M1D28M7D6M1I1M2D7M
174	1120	0.257	3.129E-31	3	400	417	11	434	444	24M1I12M2D31M1I8M3D6M1D58M1D2M4D50M2I5M2D5M2D27M1D95M1D16M1D23M2D21M7D6M3D5M
247	1118	0.262	1.693E-30	3	394	417	11	417	441	24M1I12M2D31M1I11M3D3M1D58M1D3M4D49M2I5M2D6M2D29M1D91M1D17M1D24M1D25M
347	1115	0.273	3.666E-31	3	402	417	11	434	444	24M1I12M2D31M1I8M3D6M1D58M1D2M4D47M2I8M2D5M2D27M1D95M1D16M1D15M1D28M7D7M2D7M
37	1114	0.277	3.129E-31	3	404	417	11	442	444	24M1I12M2D31M1I8M3D6M1D58M1D2M4D47M2I8M2D5M2D27M1D95M1D16M1D24M1D19M7D7M4D5M4D4M
288	1110	0.257	6.549E-31	3	395	417	11	426	444	24M1I12M2D31M1I8M3D6M1D58M1D2M4D50M2I5M2D5M2D27M1D95M1D16M1D23M2D20M7D7M
390	1104	0.272	1.300E-30	3	403	417	12	436	444	24M1I11M2D32M1I8M3D6M1D58M1D2M4D50M2I5M2D7M2D25M1D95M1D16M1D23M2D21M7D7M1D7M
58	1103	0.250	1.523E-30	3	404	417	11	434	442	24M1I12M2D31M1I11M3D3M1D58M1D2M4D50M2I5M2D6M2D29M1D91M1D17M1D25M1D19M7D15M
81	1101	0.272	1.784E-30	3	403	417	12	436	444	24M1I12M2D31M1I8M3D6M1D58M1D2M4D50M2I5M2D7M2D25M1D95M1D16M1D23M2D21M7D7M1D7M
431	1092	0.257	1.983E-30	3	400	417	11	434	444	24M1I12M2D31M1I8M3D6M1D58M1D2M4D50M2I5M2D5M2D27M1D95M1D16M1D23M2D21M7D6M3D5M
 