#Task    Step    numberOfAcceptedPeleSteps    currentEnergy    BindingEnergy    sasaLig    distance_A43SG_L1S1    
1    0    0    -6409.89    -21.9145    0.51142    8.44882    
1    1    1    -6430.41    -15.889    0.667014    7.72474    
1    2    2    -6433.21    -12.5165    0.701776    9.18161    
1    5    3    -6434.05    -9.19678    0.704215    8.93612    
1    7    4    -6444.2    -18.6982    0.641273    8.36671    
1    9    5    -6438.95    -8.88364    0.639424    8.51465    
1    10    6    -6441.27    -8.1401    0.640234    7.70913    
1    11    7    -6443.6    -11.0294    0.636238    7.91498    
1    15    8    -6443.98    -11.447    0.62561    7.87642    
1    20    9    -6442.41    -10.7993    0.64035    7.67795    
1    28    10    -6441.88    -11.2185    0.637975    8.37385    
1    29    11    -6443.76    -11.4415    0.59526    8.25369    
1    30    12    -6442.86    -12.5436    0.57531    8.28403    
1    31    13    -6438.87    -15.9732    0.591278    8.12248    
1    33    14    -6436.13    -14.8814    0.604801    8.21435    
1    38    15    -6426.13    -3.68539    0.581786    7.50207    
1    39    16    -6423.87    1.721    0.608568    8.84384    
1    40    17    -6428.25    0.985112    0.633013    8.37822    
1    41    18    -6426.43    -1.04066    0.605453    10.3223    
1    42    19    -6429.64    -2.21582    0.633693    9.70871    
1    47    20    -6432.22    -5.50045    0.587713    8.74201    
1    48    21    -6432.23    -5.47051    0.555086    8.40684    
1    49    22    -6430.5    -2.94772    0.536469    8.51104    
1    55    23    -6433.29    -5.21583    0.518081    8.41112    
1    58    24    -6431.2    -3.04389    0.510715    8.61067    
1    59    25    -6432.62    -6.00936    0.5619    8.25038    
1    61    26    -6432.66    -5.21436    0.577426    8.03836    
1    62    27    -6430.87    -2.2734    0.582571    8.68855    
1    63    28    -6431.52    -3.06927    0.558618    8.73668    
1    64    29    -6432.82    -2.08958    0.630248    7.02416    
1    65    30    -6433.88    -6.29863    0.620871    7.27642    
1    66    31    -6439.62    -11.3838    0.585728    7.34761    
1    67    32    -6438.29    -12.5745    0.579528    8.39952    
1    68    33    -6435.94    -8.33103    0.605059    9.29162    
1    69    34    -6438.94    -15.913    0.546714    9.19456    
1    71    35    -6438.99    -17.4901    0.529316    9.53056    
1    73    36    -6435.96    -17.2313    0.541869    8.41017    
1    76    37    -6434.3    -15.9171    0.540441    8.60622    
1    78    38    -6434.59    -14.4643    0.580238    8.71539    
1    81    39    -6435.48    -16.715    0.585039    7.29355    
1    84    40    -6433.3    -14.0147    0.609147    6.83292    
1    86    41    -6433.67    -11.7214    0.599598    7.43347    
1    87    42    -6431.35    -4.85813    0.614516    6.39104    
1    89    43    -6435.2    -11.7419    0.57453    6.68394    
1    91    44    -6437.04    -12.4061    0.553516    7.08947    
1    93    45    -6429.17    -9.16287    0.549152    11.2597    
1    95    46    -6433.87    -10.681    0.590879    10.7813    
1    97    47    -6432.46    -11.6002    0.568654    10.6348    
1    99    48    -6433.82    -10.6083    0.556884    10.9994    
