#Task    Step    numberOfAcceptedPeleSteps    currentEnergy    BindingEnergy    sasaLig    distance_A43SG_L1S1    
1    0    0    -6421.23    -23.1904    0.629126    9.06663    
1    1    1    -6441.51    -26.6692    0.611901    9.09773    
1    2    2    -6438.55    -24.6159    0.589137    8.70006    
1    6    3    -6446.79    -30.2142    0.603779    9.10523    
1    7    4    -6448.06    -28.6927    0.62992    9.60122    
1    12    5    -6448.95    -27.0568    0.643912    9.61523    
1    13    6    -6444.01    -31.8215    0.582086    9.30388    
1    20    7    -6443.16    -30.5085    0.543427    9.00956    
1    21    8    -6440.75    -30.7838    0.573556    9.27231    
1    22    9    -6441.93    -29.5725    0.588436    8.72606    
1    30    10    -6442.45    -29.53    0.571767    8.52211    
1    33    11    -6445.12    -31.2805    0.527848    8.38434    
1    39    12    -6445.09    -32.6983    0.513233    8.34041    
1    47    13    -6439.18    -36.0024    0.505511    8.44189    
1    53    14    -6437.23    -37.4611    0.487227    8.3925    
1    55    15    -6437.3    -36.1499    0.482736    8.73661    
1    58    16    -6433.45    -28.9609    0.538611    8.46386    
1    62    17    -6437.65    -35.0679    0.506536    8.45218    
1    63    18    -6439.9    -35.0631    0.500778    8.28102    
1    79    19    -6436.64    -33.3417    0.489119    8.22491    
1    83    20    -6433.68    -31.4836    0.47817    8.3148    
1    91    21    -6437.02    -27.7864    0.493852    8.19479    
1    92    22    -6441.64    -30.3475    0.451763    7.84696    
1    93    23    -6444.41    -37.1163    0.425948    8.08929    
