#Task    Step    numberOfAcceptedPeleSteps    currentEnergy    BindingEnergy    sasaLig    distance_A43SG_L1S1    
1    0    0    -6422.41    -28.0791    0.563411    8.4772    
1    1    1    -6431.87    -1.94089    0.622832    9.55027    
1    2    2    -6429.53    2.15197    0.538648    9.34249    
1    3    3    -6437.08    -13.7651    0.524386    8.81125    
1    6    4    -6439.93    -11.8477    0.552546    9.2868    
1    11    5    -6439.83    -11.092    0.549319    8.652    
1    18    6    -6439.98    -12.8811    0.526573    7.43258    
1    19    7    -6436.82    -7.94909    0.701727    9.25917    
1    21    8    -6445.82    -19.0684    0.663776    10.1096    
1    22    9    -6440.94    -20.5446    0.634727    10.424    
1    23    10    -6446.66    -22.1361    0.636115    10.4712    
1    26    11    -6447.08    -25.6281    0.592824    10.7807    
1    27    12    -6445.64    -25.6494    0.659261    11.2427    
1    30    13    -6447.71    -27.0556    0.689026    11.6802    
1    32    14    -6448.83    -28.7329    0.651021    11.0826    
1    34    15    -6448.08    -30.1253    0.667347    11.87    
1    35    16    -6451.12    -33.3265    0.668077    11.3772    
1    40    17    -6447.33    -28.9834    0.635386    10.3664    
1    42    18    -6448.38    -31.4717    0.616781    10.6401    
1    44    19    -6443.03    -30.7514    0.621402    10.298    
1    46    20    -6445.85    -25.7231    0.633322    9.96284    
1    50    21    -6453.08    -33.7833    0.587481    9.47805    
1    52    22    -6450.97    -31.8487    0.560499    9.51561    
1    55    23    -6455.51    -37.3166    0.526214    9.31346    
1    63    24    -6454.25    -36.3647    0.525899    9.13042    
1    65    25    -6455.12    -36.7784    0.529328    9.2309    
1    73    26    -6457.88    -33.1667    0.534193    8.03927    
1    74    27    -6452.54    -27.8127    0.533111    7.76738    
1    90    28    -6452.88    -31.0668    0.579005    7.79673    
1    100    29    -6455.47    -37.9215    0.53379    6.79491    
