#Task    Step    numberOfAcceptedPeleSteps    currentEnergy    BindingEnergy    sasaLig    distance_A43SG_L1S1    
1    0    0    -6418.14    -45.9583    0.476364    8.87792    
1    1    1    -6414.42    -16.1191    0.507922    5.18862    
1    3    2    -6411.68    -11.6804    0.486384    5.6649    
1    5    3    -6427.65    -25.8292    0.485501    4.25881    
1    8    4    -6422.52    -23.3294    0.510856    5.52618    
1    10    5    -6429.91    -26.8968    0.520818    4.68452    
1    11    6    -6428.33    -26.7728    0.529823    4.1691    
1    12    7    -6428.06    -26.5534    0.535785    4.9196    
1    18    8    -6429.22    -25.5472    0.543623    6.00417    
1    19    9    -6427.78    -26.8129    0.539572    6.70439    
1    27    10    -6429.93    -24.3166    0.530993    6.44037    
1    28    11    -6425.85    -20.1548    0.55067    5.95236    
1    29    12    -6429.73    -26.1458    0.539442    6.27034    
1    31    13    -6427.36    -21.0941    0.539178    6.2583    
1    33    14    -6428.6    -21.46    0.535579    6.76601    
1    35    15    -6430.32    -23.747    0.53223    6.31488    
1    37    16    -6433.81    -25.8487    0.5327    6.18481    
1    39    17    -6430.29    -27.2185    0.544088    6.12151    
1    55    18    -6433.39    -28.7662    0.570998    7.86726    
1    69    19    -6431.16    -27.6087    0.540533    6.63434    
1    71    20    -6431.69    -30.9235    0.540529    6.502    
1    80    21    -6429.53    -27.141    0.559728    7.25782    
1    82    22    -6430.34    -28.5334    0.566997    8.14121    
1    83    23    -6429.42    -25.5475    0.541717    7.03476    
1    91    24    -6431.48    -32.4068    0.548817    7.80581    
