#Task    Step    numberOfAcceptedPeleSteps    currentEnergy    BindingEnergy    sasaLig    distance_A43SG_L1S1    
1    0    0    -6422.16    -44.0211    0.495328    7.30316    
1    2    1    -6447.6    -47.9853    0.494703    7.26938    
1    19    2    -6445.8    -44.8399    0.506172    8.02849    
1    49    3    -6446.58    -41.4698    0.523728    8.17166    
1    62    4    -6444.34    -35.8255    0.538594    8.64904    
1    63    5    -6444.66    -40.3776    0.511297    7.26603    
1    66    6    -6437.88    -36.2805    0.530732    7.11928    
1    68    7    -6441.88    -35.9216    0.537985    7.86649    
1    71    8    -6438.09    -34.5306    0.540667    9.00999    
1    73    9    -6437.8    -28.5347    0.509764    8.22829    
1    85    10    -6440.89    -31.2193    0.531386    7.39517    
1    92    11    -6438.65    -31.1424    0.550237    8.51774    
1    93    12    -6442.8    -40.5414    0.519148    7.50323    
1    97    13    -6442.97    -42.042    0.510043    7.38299    
