#Task    Step    numberOfAcceptedPeleSteps    currentEnergy    BindingEnergy    sasaLig    distance_A43SG_L1S1    
1    0    0    -6416.5    -17.6329    0.608047    7.64757    
1    1    1    -6430.44    -16.3788    0.578147    4.6425    
1    3    2    -6431.42    -17.9521    0.579708    4.57663    
1    16    3    -6428.2    -14.6234    0.629367    5.04376    
1    17    4    -6429.96    -15.9791    0.600404    4.5982    
1    18    5    -6428.99    -16.1397    0.608923    4.30323    
1    19    6    -6435.3    -18.5122    0.566987    3.99016    
1    26    7    -6436.18    -20.2607    0.570223    4.00087    
1    28    8    -6434.52    -18.0655    0.554304    4.3209    
1    29    9    -6434.06    -19.8172    0.563133    4.10528    
1    31    10    -6436.75    -20.2156    0.589954    5.16238    
1    33    11    -6437.02    -22.0338    0.574381    4.65822    
1    36    12    -6432.81    -18.5645    0.586531    4.84763    
1    37    13    -6436.64    -22.4229    0.570627    4.41081    
1    38    14    -6430.53    -16.1186    0.597641    3.98048    
1    40    15    -6434.63    -20.0976    0.57603    4.49884    
1    43    16    -6435.81    -15.3308    0.616433    5.07797    
1    45    17    -6438.1    -15.6063    0.608412    4.96684    
1    47    18    -6437.12    -17.7125    0.615797    4.80685    
1    53    19    -6440.92    -16.9817    0.598285    5.1728    
1    55    20    -6440.08    -18.0337    0.578506    5.85254    
1    59    21    -6442.32    -18.1122    0.577349    6.47408    
1    87    22    -6436.58    -10.8875    0.604814    4.81148    
1    89    23    -6432.27    -9.42106    0.608404    4.54677    
1    91    24    -6430.7    -7.27153    0.640006    4.27811    
1    92    25    -6431.58    -8.94405    0.603136    4.75128    
1    94    26    -6431.74    -13.0621    0.651618    7.90989    
1    100    27    -6425.28    1.43754    0.7154    7.18372    
