#Task    Step    numberOfAcceptedPeleSteps    currentEnergy    BindingEnergy    sasaLig    distance_A43SG_L1S1    
1    0    0    -6407.26    -31.9109    0.5144    11.0115    
1    1    1    -6425.6    -8.92242    0.609152    9.27597    
1    2    2    -6425.76    -11.6559    0.593807    8.74917    
1    4    3    -6431.33    -14.365    0.585758    8.32085    
1    9    4    -6430.54    -10.0481    0.646865    7.96623    
1    10    5    -6430.7    -8.92044    0.650296    7.81156    
1    11    6    -6430.94    -10.7151    0.674788    7.51701    
1    12    7    -6429.91    -8.43088    0.64586    7.61956    
1    13    8    -6429.56    -9.38651    0.666609    7.26651    
1    14    9    -6431.36    -10.3641    0.653299    7.3251    
1    15    10    -6430.33    -15.2819    0.567247    7.46659    
1    17    11    -6434.13    -20.6521    0.544865    7.52855    
1    20    12    -6429.51    -15.1208    0.55926    7.69281    
1    21    13    -6435.71    -19.2011    0.581429    7.89511    
1    23    14    -6433.98    -17.8188    0.601686    8.47107    
1    24    15    -6435.89    -19.1703    0.560888    7.86699    
1    25    16    -6436.77    -20.4214    0.552189    7.88311    
1    28    17    -6436.51    -19.1744    0.551408    7.87743    
1    30    18    -6437.81    -17.4877    0.561162    7.61158    
1    31    19    -6434.47    -17.1662    0.5648    8.1232    
1    32    20    -6431.81    -15.7461    0.586367    8.62391    
1    33    21    -6431.49    -27.4212    0.504434    7.51508    
1    37    22    -6430.73    -29.544    0.515115    7.40893    
1    38    23    -6428.25    -26.25    0.52501    7.40043    
1    39    24    -6428.16    -23.7171    0.491803    7.79565    
1    43    25    -6428.24    -21.2429    0.497947    8.16399    
1    45    26    -6428.39    -27.6398    0.475711    7.7557    
1    49    27    -6429.54    -27.9476    0.459046    7.79831    
1    53    28    -6430.37    -28.8764    0.46561    7.8485    
1    55    29    -6428.88    -27.4584    0.48553    7.99096    
1    57    30    -6426.44    -26.8675    0.47998    7.90682    
1    59    31    -6425.78    -26.732    0.480611    7.69715    
1    67    32    -6428.61    -28.5522    0.470615    7.78513    
1    71    33    -6428.88    -27.0963    0.491543    7.96851    
1    72    34    -6429.68    -27.7153    0.485496    7.95859    
1    74    35    -6427.43    -25.9771    0.504592    8.01098    
1    77    36    -6431.74    -27.4246    0.508864    8.11505    
1    81    37    -6430.46    -25.0276    0.54205    9.54934    
1    87    38    -6429.46    -23.1959    0.536953    9.544    
1    91    39    -6429.53    -24.8522    0.537887    9.64739    
1    93    40    -6434.76    -27.6639    0.496296    8.57629    
1    94    41    -6435.39    -25.3185    0.517012    8.81935    
