#Task    Step    numberOfAcceptedPeleSteps    currentEnergy    BindingEnergy    sasaLig    distance_A43SG_L1S1    
1    0    0    -6431.69    -43.3701    0.506496    9.2302    
1    3    1    -6448.41    -42.1547    0.503124    9.10988    
1    4    2    -6447.61    -34.986    0.589976    9.37677    
1    6    3    -6441.89    -33.7291    0.539332    9.29243    
1    8    4    -6447.99    -41.9184    0.513168    9.26666    
1    15    5    -6447.3    -45.3716    0.496082    9.05742    
1    17    6    -6447.77    -48.6654    0.483413    8.85951    
1    40    7    -6443.37    -42.7823    0.489447    8.88403    
1    46    8    -6446.83    -40.8855    0.50433    9.04005    
1    47    9    -6448.63    -41.2178    0.504994    9.26576    
1    48    10    -6445.76    -44.7098    0.487596    8.91063    
1    52    11    -6441.75    -39.3555    0.49584    9.09727    
1    58    12    -6446.29    -42.0832    0.516037    8.90918    
1    65    13    -6447.35    -46.4409    0.477727    8.84112    
1    67    14    -6447.23    -43.6196    0.480439    8.94156    
1    69    15    -6447.99    -45.6769    0.484485    8.80315    
1    79    16    -6451.79    -42.0706    0.513975    8.88926    
1    92    17    -6451.46    -42.4627    0.521625    9.14989    
1    100    18    -6439.71    -39.0001    0.497429    9.0758    
