#Task    Step    numberOfAcceptedPeleSteps    currentEnergy    BindingEnergy    sasaLig    distance_A43SG_L1S1    
1    0    0    -6418.93    -20.8568    0.636652    10.1257    
1    1    1    -6434.42    -22.6016    0.647742    12.383    
1    3    2    -6436.09    -15.5611    0.675085    11.5154    
1    4    3    -6439.45    -17.0928    0.681034    10.4938    
1    5    4    -6441.02    -18.9802    0.633117    9.87541    
1    7    5    -6443.07    -22.1002    0.597048    8.08643    
1    8    6    -6446.49    -26.0768    0.567548    7.44676    
1    15    7    -6447.58    -26.6454    0.592663    8.01207    
1    17    8    -6445.1    -24.5359    0.625164    9.37186    
1    18    9    -6444.31    -22.9873    0.644159    9.50564    
1    25    10    -6441.26    -24.5858    0.619954    8.77768    
1    27    11    -6445.13    -28.6388    0.574484    7.48916    
1    29    12    -6439.31    -26.1122    0.54822    7.01355    
1    33    13    -6440.66    -27.7509    0.585892    7.54798    
1    34    14    -6441.45    -25.3881    0.573709    7.34914    
1    35    15    -6438.47    -23.9617    0.545743    6.45731    
1    49    16    -6441.57    -27.4903    0.497703    6.16172    
1    53    17    -6443.35    -30.8027    0.505337    5.74527    
1    63    18    -6441.03    -26.3605    0.513633    6.14057    
1    64    19    -6442.22    -26.9318    0.541712    6.55449    
1    69    20    -6441.58    -29.1932    0.511928    5.89611    
1    81    21    -6434.9    -19.8835    0.568214    10.4649    
1    90    22    -6440.15    -21.107    0.567933    10.2661    
1    93    23    -6434.79    -16.1231    0.521903    10.0272    
1    95    24    -6437.16    -19.0422    0.519666    9.66125    
1    99    25    -6433.53    -14.4181    0.524589    9.89032    
