#Task    Step    numberOfAcceptedPeleSteps    currentEnergy    BindingEnergy    sasaLig    distance_A43SG_L1S1    
1    0    0    -6427.36    -46.0671    0.507029    7.79626    
1    2    1    -6431.77    -19.3781    0.558824    8.26518    
1    5    2    -6444.16    -25.7538    0.541327    8.31685    
1    33    3    -6444.11    -25.6456    0.53757    8.28781    
1    35    4    -6442.6    -24.8122    0.548047    8.27495    
1    42    5    -6442.19    -23.1653    0.549654    8.82709    
1    48    6    -6437.2    -17.9019    0.582918    7.85491    
1    51    7    -6443.67    -25.12    0.535863    8.00645    
1    61    8    -6442.85    -24.2246    0.546098    8.63996    
1    65    9    -6440.37    -24.9983    0.549407    8.62327    
1    66    10    -6439.88    -21.1081    0.564004    8.40789    
1    70    11    -6436.2    -20.423    0.57239    8.53671    
1    73    12    -6431.87    -23.9133    0.549541    8.99789    
1    77    13    -6430.96    -23.5573    0.557496    8.70527    
1    84    14    -6436.27    -23.3541    0.569173    9.11176    
1    88    15    -6431.72    -18.0011    0.590218    9.6415    
1    91    16    -6434.58    -23.4492    0.582927    9.16016    
1    93    17    -6434.66    -19.7711    0.593782    9.77513    
1    98    18    -6433.62    -19.703    0.610373    10.1264    
1    100    19    -6429.72    -17.4367    0.596411    10.0718    
