#Task    Step    numberOfAcceptedPeleSteps    currentEnergy    BindingEnergy    sasaLig    distance_A43SG_L1S1    
1    0    0    -6420.48    -32.3241    0.479427    5.26105    
1    1    1    -6420.5    -4.72567    0.656833    5.90742    
1    2    2    -6417.74    -1.79658    0.672772    9.63575    
1    3    3    -6422.04    -10.7836    0.661737    7.91121    
1    6    4    -6420.96    -7.29534    0.71052    7.37016    
1    7    5    -6424.75    -10.0648    0.667907    8.42217    
1    9    6    -6430.34    -17.0171    0.643763    8.121    
1    13    7    -6428.94    -17.6466    0.622343    8.70137    
1    14    8    -6427.55    -17.5927    0.583626    9.17457    
1    18    9    -6427.38    -16.7114    0.607746    9.04857    
1    19    10    -6426.93    -7.29229    0.695902    7.91514    
1    21    11    -6441.64    -27.6692    0.550592    7.92824    
1    25    12    -6442.23    -28.7839    0.542402    8.04203    
1    26    13    -6442.34    -27.5234    0.555585    8.10569    
1    27    14    -6439.78    -26.8063    0.580388    7.89724    
1    29    15    -6442.36    -31.1074    0.545634    8.03355    
1    31    16    -6437.45    -32.6691    0.569427    8.73862    
1    38    17    -6438.24    -29.4628    0.583547    8.72547    
1    41    18    -6443.4    -40.779    0.540772    10.1157    
1    45    19    -6435.63    -36.8892    0.531554    10.4047    
1    47    20    -6434.41    -30.9637    0.548429    9.96551    
1    48    21    -6434.94    -35.2897    0.525628    10.1326    
1    54    22    -6441.73    -33.8718    0.55059    10.7607    
1    57    23    -6443.66    -40.2994    0.528501    10.6012    
1    61    24    -6430.26    -16.4133    0.532265    9.59615    
1    64    25    -6430.53    -9.87519    0.560574    8.91387    
1    65    26    -6428.89    -7.72626    0.603246    7.95789    
1    66    27    -6426.48    -4.31817    0.604201    6.39526    
1    67    28    -6433.31    -18.7311    0.568318    8.38971    
1    70    29    -6432.04    -16.8871    0.601821    8.15886    
1    71    30    -6431.86    -21.0549    0.621005    7.41711    
1    75    31    -6433.9    -19.4385    0.615241    7.95286    
1    78    32    -6436.56    -18.9777    0.607262    6.78552    
1    80    33    -6431.2    -12.9591    0.587672    7.27889    
1    81    34    -6435.26    -20.8951    0.578693    7.49847    
1    86    35    -6434.74    -20.0424    0.577198    7.66213    
1    88    36    -6434.67    -20.6506    0.571954    7.25547    
1    93    37    -6438.42    -21.8778    0.568224    7.35636    
1    97    38    -6437.28    -23.7685    0.557893    7.81315    
1    98    39    -6433.51    -20.6511    0.563427    8.14399    
1    99    40    -6437.96    -22.5504    0.564589    8.90263    
