#Task    Step    numberOfAcceptedPeleSteps    currentEnergy    BindingEnergy    sasaLig    distance_A43SG_L1S1    
1    0    0    -6415.69    -12.9393    0.654414    13.1103    
1    1    1    -6426.3    -11.6928    0.646524    13.6657    
1    4    2    -6423.4    -9.3475    0.631604    13.339    
1    9    3    -6423.15    -8.34831    0.515202    11.2515    
1    10    4    -6423.63    -9.11448    0.51995    11.5689    
1    11    5    -6423.94    -11.6657    0.714704    11.2675    
1    12    6    -6426.89    -12.3822    0.723237    12.2051    
1    15    7    -6432.46    -16.7235    0.672287    11.9844    
1    25    8    -6428.12    -7.30233    0.664547    11.5823    
1    26    9    -6425.96    -5.20967    0.689418    11.2683    
1    27    10    -6428.13    -6.41524    0.700148    11.7355    
1    28    11    -6424.02    -2.08293    0.705556    12.8564    
1    29    12    -6429.43    -9.09454    0.662623    11.5545    
1    31    13    -6430.76    -9.90632    0.657088    11.6742    
1    34    14    -6429.58    -8.9159    0.655452    11.2018    
1    36    15    -6431.12    -10.5808    0.639612    11.1631    
1    42    16    -6431.67    -11.0108    0.597223    10.9815    
1    47    17    -6430.96    -15.878    0.525483    10.1258    
1    49    18    -6426.7    -16.8268    0.524518    10.1467    
1    51    19    -6428.16    -13.1221    0.537459    10.8157    
1    61    20    -6426.29    -17.5613    0.60139    10.9041    
1    63    21    -6429.59    -14.8924    0.587019    11.3769    
1    84    22    -6435.02    -18.3985    0.595236    11.1648    
1    90    23    -6433.31    -16.2498    0.609489    10.7052    
1    95    24    -6433.57    -15.6192    0.646082    10.8904    
1    97    25    -6431.45    -16.8069    0.594388    11.4822    
1    98    26    -6432.8    -14.6999    0.60917    11.7357    
