#Task    Step    numberOfAcceptedPeleSteps    currentEnergy    BindingEnergy    sasaLig    distance_A43SG_L1S1    
1    0    0    -6410.31    -36.5544    0.500617    9.58189    
1    1    1    -6419.67    -21.6525    0.486487    7.75293    
1    2    2    -6425.74    -27.443    0.473531    8.10988    
1    9    3    -6424.78    -24.6389    0.486799    8.02877    
1    19    4    -6430.48    -30.0575    0.577122    7.66902    
1    27    5    -6426.59    -29.8101    0.533311    8.58487    
1    28    6    -6419.63    -20.271    0.605311    7.91888    
1    30    7    -6426.48    -29.8624    0.545313    8.0889    
1    33    8    -6434.15    -39.8238    0.500888    8.35367    
1    40    9    -6434.74    -39.7811    0.507794    8.53439    
1    42    10    -6429.44    -34.422    0.541572    8.73144    
1    43    11    -6435.69    -36.1898    0.510565    8.94451    
1    47    12    -6427.27    -27.7478    0.527478    8.52202    
1    51    13    -6433.97    -40.0644    0.498542    8.77022    
1    53    14    -6436.26    -40.8652    0.480085    8.80999    
1    61    15    -6438.42    -41.9001    0.479386    8.93725    
1    62    16    -6437.61    -35.1032    0.4901    8.79997    
1    65    17    -6442.18    -41.1128    0.475659    8.804    
1    66    18    -6438.2    -39.1277    0.481892    8.70613    
1    69    19    -6436.94    -31.5368    0.548986    8.77102    
1    70    20    -6437.22    -30.9036    0.550052    8.81105    
1    71    21    -6435.47    -30.4898    0.553085    8.47648    
1    73    22    -6438.41    -33.4802    0.534195    8.94452    
1    75    23    -6437.73    -32.4564    0.52927    9.19817    
1    81    24    -6438.24    -33.0185    0.523644    8.93435    
1    88    25    -6435.58    -33.7972    0.532136    8.21832    
1    91    26    -6437.3    -28.7804    0.542502    8.32041    
1    93    27    -6436.8    -34.5969    0.528284    8.37042    
1    97    28    -6435.43    -33.7964    0.531823    8.52586    
1    98    29    -6437    -34.0165    0.524549    8.20957    
