#Task    Step    numberOfAcceptedPeleSteps    currentEnergy    BindingEnergy    sasaLig    distance_A43SG_L1S1    
1    0    0    -6404.19    -15.2485    0.554666    9.51021    
1    1    1    -6420.14    -7.8678    0.681285    7.66703    
1    2    2    -6423.11    -6.4873    0.739996    8.03496    
1    3    3    -6429.3    -6.27405    0.730244    9.95395    
1    5    4    -6426.24    -0.424996    0.691135    4.28929    
1    12    5    -6422.99    3.83234    0.736313    4.20798    
1    13    6    -6423.42    0.375222    0.629141    5.35522    
1    14    7    -6422.65    1.43159    0.7017    6.24157    
1    15    8    -6426.61    -2.85738    0.564128    8.7928    
1    17    9    -6430.01    -13.1854    0.510349    8.87247    
1    22    10    -6430.7    -10.7385    0.513663    8.9161    
1    23    11    -6431.6    -14.0463    0.543435    8.23438    
1    24    12    -6432.64    -14.5106    0.541113    8.3678    
1    25    13    -6434.92    -17.2112    0.505843    8.24085    
1    31    14    -6437.41    -20.8133    0.521609    7.83195    
1    33    15    -6436.44    -19.0463    0.489446    7.4949    
1    35    16    -6436.04    -20.1787    0.507965    8.37138    
1    36    17    -6436.28    -24.0725    0.530985    8.07687    
1    38    18    -6435.54    -21.1536    0.501277    7.34923    
1    39    19    -6437.86    -22.4044    0.502217    8.24269    
1    45    20    -6436.7    -20.1257    0.522185    7.89106    
1    51    21    -6436    -19.2105    0.522475    8.08603    
1    53    22    -6435.16    -25.956    0.50961    8.09957    
1    54    23    -6435.9    -15.2393    0.552037    8.55055    
1    55    24    -6441.69    -26.81    0.529591    8.24651    
1    57    25    -6440.45    -25.1388    0.527673    8.21205    
1    58    26    -6443.18    -26.6843    0.539623    8.0938    
1    63    27    -6446.33    -29.4637    0.536031    7.6971    
1    64    28    -6441.43    -24.0248    0.550257    7.60662    
1    67    29    -6449.15    -27.8463    0.541944    7.68408    
1    69    30    -6445.85    -28.8379    0.523209    7.62701    
1    71    31    -6443.64    -27.5019    0.571573    8.14165    
1    74    32    -6446.01    -29.3531    0.552797    7.58161    
1    77    33    -6444.21    -27.0126    0.579867    7.51723    
1    81    34    -6442.33    -26.4596    0.579389    7.76212    
1    85    35    -6444.06    -30.9345    0.532219    7.41288    
1    86    36    -6433.98    -21.9338    0.544177    7.25296    
1    87    37    -6440.21    -31.2821    0.551252    7.49142    
1    89    38    -6439.24    -27.8721    0.577227    7.39359    
1    91    39    -6444.94    -31.8057    0.555705    8.76358    
1    100    40    -6444.63    -28.7695    0.569082    8.78841    
