#Task    Step    numberOfAcceptedPeleSteps    currentEnergy    BindingEnergy    sasaLig    distance_A43SG_L1S1    
1    0    0    -6429.23    -43.8525    0.512773    7.8016    
1    1    1    -6449.95    -46.1935    0.487906    7.17044    
1    5    2    -6451.14    -45.5737    0.483868    7.13022    
1    16    3    -6450.93    -45.6375    0.491992    7.29601    
1    17    4    -6452.1    -44.1371    0.510817    7.63433    
1    21    5    -6450.59    -43.1099    0.508933    7.61314    
1    29    6    -6449.82    -42.5165    0.486307    7.48024    
1    35    7    -6449.42    -41.3262    0.506827    7.92345    
1    41    8    -6445.15    -35.1156    0.462392    7.47082    
1    43    9    -6442.7    -34.9379    0.443517    7.97469    
1    45    10    -6445.69    -39.8926    0.447016    7.52757    
1    49    11    -6449.87    -38.1271    0.434911    7.75934    
1    52    12    -6444.34    -31.3516    0.456253    7.52942    
1    53    13    -6448.9    -36.5823    0.448846    7.48864    
1    64    14    -6447.17    -34.4778    0.48048    7.19634    
1    65    15    -6448.66    -37.3511    0.456515    7.66979    
1    67    16    -6448.48    -35.6349    0.460811    7.45084    
1    71    17    -6446.32    -36.1877    0.456295    7.73047    
1    78    18    -6445.81    -34.8737    0.455358    7.87911    
1    80    19    -6446.11    -36.4257    0.458635    7.92445    
1    82    20    -6445.34    -32.9014    0.463297    7.25653    
1    89    21    -6444.12    -32.448    0.52676    7.92822    
1    90    22    -6444.27    -27.6899    0.5581    8.05939    
1    95    23    -6446.75    -32.6951    0.549401    7.95912    
1    97    24    -6439.47    -27.7672    0.535096    7.64768    
