#Task    Step    numberOfAcceptedPeleSteps    currentEnergy    BindingEnergy    sasaLig    distance_A43SG_L1S1    
1    0    0    -6419.38    -28.8844    0.614226    8.55773    
1    1    1    -6425.03    -17.7656    0.571802    8.10894    
1    4    2    -6424.49    -16.7112    0.566925    8.07526    
1    6    3    -6427.31    -4.78079    0.682769    7.88458    
1    10    4    -6426.63    -3.35064    0.687135    8.70184    
1    14    5    -6429.48    -7.43547    0.699101    8.28598    
1    15    6    -6429.56    -9.08903    0.688532    7.47443    
1    20    7    -6426.37    -5.70681    0.700236    7.97819    
1    21    8    -6425.26    -9.39652    0.654424    8.52141    
1    22    9    -6423.86    -4.88817    0.755222    6.51823    
1    23    10    -6434.61    -19.1738    0.710975    7.26823    
1    24    11    -6441.72    -22.6263    0.705487    7.3019    
1    27    12    -6447.91    -27.0462    0.666169    6.17532    
1    32    13    -6445.24    -24.7611    0.669361    5.99511    
1    33    14    -6445.31    -27.5663    0.65582    6.27854    
1    34    15    -6444.61    -27.1061    0.648145    6.14975    
1    35    16    -6442.58    -26.8167    0.638923    6.1217    
1    36    17    -6446.45    -26.185    0.64806    6.05971    
1    47    18    -6444.08    -26.7829    0.658759    6.83548    
1    50    19    -6439.76    -24.1268    0.663122    7.16802    
1    51    20    -6442.89    -25.9119    0.645554    6.63057    
1    54    21    -6445.98    -25.9758    0.650509    7.0152    
1    56    22    -6442.41    -23.1879    0.684391    7.42133    
1    57    23    -6445.01    -26.6172    0.668026    7.22135    
1    58    24    -6443.83    -27.1203    0.655579    6.71966    
1    59    25    -6444.71    -27.298    0.666111    7.26777    
1    66    26    -6446.75    -26.4106    0.678606    7.23489    
1    72    27    -6444.84    -23.5222    0.690516    7.38378    
1    74    28    -6448.34    -27.2524    0.668827    7.02091    
1    76    29    -6444.15    -24.6056    0.702811    7.21991    
1    79    30    -6445.54    -25.7139    0.680326    7.02885    
1    80    31    -6445.89    -27.0269    0.683301    7.08656    
1    94    32    -6443.71    -23.905    0.681728    6.83559    
1    95    33    -6445.78    -27.7289    0.689847    7.17378    
1    98    34    -6444.72    -27.6032    0.69569    7.40618    
1    99    35    -6445.46    -27.2336    0.692264    7.31754    
1    100    36    -6445.77    -28.7424    0.706812    7.82699    
