#Task    Step    numberOfAcceptedPeleSteps    currentEnergy    BindingEnergy    sasaLig    distance_A43SG_L1S1    
1    0    0    -6422.73    -33.8809    0.595459    8.12368    
1    2    1    -6441.68    -31.8021    0.563885    7.89283    
1    5    2    -6444.73    -33.6573    0.57199    7.96157    
1    8    3    -6439.92    -29.9922    0.602826    8.46161    
1    10    4    -6442.67    -28.0336    0.592757    7.93548    
1    12    5    -6444.02    -31.6335    0.580123    8.03627    
1    13    6    -6444.76    -32.4335    0.582171    8.60666    
1    20    7    -6441.73    -28.3011    0.599038    8.34964    
1    21    8    -6442.84    -26.1021    0.597975    10.2148    
1    22    9    -6442.93    -24.7341    0.659469    10.8609    
1    25    10    -6446.35    -25.7612    0.609668    10.422    
1    29    11    -6444.81    -26.491    0.593005    10.424    
1    34    12    -6445.51    -28.1385    0.615942    10.8868    
1    35    13    -6434.2    -22.4859    0.638942    11.344    
1    40    14    -6447.27    -30.7792    0.646875    11.0853    
1    43    15    -6449.92    -32.6172    0.624948    10.8042    
1    49    16    -6449.5    -30.1956    0.656621    10.8519    
1    62    17    -6448.45    -26.0586    0.707062    10.9595    
1    65    18    -6445.49    -26.7785    0.646205    10.5074    
1    68    19    -6444.55    -24.5478    0.652343    10.554    
1    73    20    -6450.02    -29.3847    0.663165    10.6127    
1    78    21    -6451.12    -28.1736    0.667421    10.4872    
1    82    22    -6455.31    -28.7325    0.656356    10.4085    
1    84    23    -6453.92    -29.3723    0.65247    10.2082    
1    92    24    -6452.42    -28.5987    0.693729    10.3286    
1    93    25    -6454.32    -31.2169    0.660942    10.3375    
