#Task    Step    numberOfAcceptedPeleSteps    currentEnergy    BindingEnergy    sasaLig    distance_A43SG_L1S1    
1    0    0    -6407.93    -10.9819    0.614422    7.55265    
1    1    1    -6444.64    -22.5835    0.47131    7.91589    
1    3    2    -6441.29    -21.3621    0.461516    7.27413    
1    4    3    -6440.79    -21.3338    0.486657    7.13688    
1    8    4    -6438.47    -19.3173    0.496221    7.87299    
1    9    5    -6438.11    -20.9312    0.492558    8.27474    
1    12    6    -6439.89    -20.8965    0.461138    7.49994    
1    13    7    -6443.99    -21.4974    0.463928    7.39838    
1    14    8    -6441.06    -18.2134    0.494693    7.37376    
1    16    9    -6440.36    -15.9304    0.51338    7.04572    
1    17    10    -6437.31    -12.9927    0.487054    7.59654    
1    18    11    -6439.42    -16.066    0.453231    7.55304    
1    22    12    -6441.66    -19.1232    0.479385    7.66702    
1    24    13    -6439    -14.5958    0.488075    8.04917    
1    34    14    -6437.32    -14.2977    0.531541    8.03862    
1    37    15    -6437.09    -13.6971    0.537144    7.20267    
1    38    16    -6436.26    -12.4253    0.509459    7.34246    
1    41    17    -6441.8    -17.2077    0.530026    7.26528    
1    42    18    -6440.34    -15.9495    0.525487    7.1787    
1    45    19    -6434.45    -10.5073    0.545568    7.61659    
1    46    20    -6434.02    -9.37059    0.583547    7.58792    
1    48    21    -6439.01    -11.7205    0.54223    7.21631    
1    51    22    -6437.33    -12.9279    0.51734    7.05294    
1    55    23    -6435.7    -16.5466    0.510276    7.18844    
1    60    24    -6436.04    -14.0529    0.54057    7.24951    
1    61    25    -6440.57    -14.7006    0.563428    15.0548    
1    66    26    -6438.25    -12.0818    0.552773    12.7454    
1    67    27    -6439.81    -15.7386    0.529166    13.5572    
1    69    28    -6443.88    -18.7341    0.533314    13.7093    
1    71    29    -6445.97    -18.8285    0.53018    13.9061    
1    82    30    -6444.72    -17.817    0.539816    14.0444    
1    86    31    -6438.71    -15.3616    0.53096    14.6    
1    88    32    -6442.51    -17.5763    0.544787    14.3629    
1    94    33    -6442.37    -18.947    0.534989    13.6555    
1    96    34    -6443.86    -20.1878    0.524986    13.6353    
1    98    35    -6444.47    -20.7428    0.525749    13.5557    
1    100    36    -6445.69    -20.9497    0.515537    13.9759    
