#Task    Step    numberOfAcceptedPeleSteps    currentEnergy    BindingEnergy    sasaLig    distance_A43SG_L1S1    
1    0    0    -6415.59    -25.9644    0.660446    7.91862    
1    1    1    -6442.45    -30.4519    0.59869    7.58991    
1    22    2    -6444.64    -28.3783    0.620262    7.80473    
1    24    3    -6441.97    -30.0524    0.630286    7.87633    
1    30    4    -6442.28    -29.0325    0.634047    7.98537    
1    32    5    -6444.24    -30.8679    0.63352    8.02904    
1    47    6    -6443.79    -31.5453    0.621781    7.8322    
1    49    7    -6443.9    -30.9136    0.605762    7.56893    
1    51    8    -6443.27    -28.874    0.601822    7.6684    
1    56    9    -6440.73    -26.3479    0.612352    8.24697    
1    59    10    -6437.12    -23.7442    0.612172    8.37604    
1    65    11    -6443.23    -29.1412    0.621778    8.36803    
1    69    12    -6442.09    -28.9592    0.601239    8.11599    
1    73    13    -6438.33    -29.314    0.596667    8.13072    
1    81    14    -6445.24    -27.9903    0.625563    7.86041    
1    84    15    -6445.32    -26.8442    0.630765    8.05385    
1    93    16    -6444.78    -28.3871    0.627555    8.37734    
