#Task    Step    numberOfAcceptedPeleSteps    currentEnergy    BindingEnergy    sasaLig    distance_A43SG_L1S1    
1    0    0    -6416.24    -31.2079    0.551314    7.74939    
1    1    1    -6439.54    -29.4352    0.498322    7.80238    
1    14    2    -6441.11    -30.0092    0.499127    7.73432    
1    16    3    -6438.37    -27.4542    0.491138    7.61585    
1    17    4    -6440.95    -28.3981    0.4938    7.71325    
1    19    5    -6443.8    -27.3034    0.500206    7.60936    
1    22    6    -6443.45    -25.8707    0.516656    7.75171    
1    23    7    -6441.58    -27.5879    0.499081    7.84811    
1    25    8    -6441.7    -25.3339    0.494968    7.83977    
1    29    9    -6438.22    -25.8881    0.502763    7.62757    
1    33    10    -6440.08    -26.0572    0.499426    7.6694    
1    35    11    -6436.95    -23.371    0.522475    7.93831    
1    38    12    -6442.46    -26.9608    0.566896    7.44499    
1    42    13    -6442.73    -26.3543    0.571397    7.2985    
1    45    14    -6443.69    -26.6981    0.564885    7.46849    
1    47    15    -6444.53    -28.5265    0.570582    7.54219    
1    58    16    -6438.1    -22.3917    0.541655    7.74364    
1    65    17    -6441.95    -26.5614    0.498539    7.65645    
1    67    18    -6440.7    -26.5755    0.50774    7.53064    
1    68    19    -6439    -22.5933    0.544385    7.9894    
1    69    20    -6437.17    -23.5627    0.525529    7.79518    
1    71    21    -6440.89    -24.0192    0.50133    7.62075    
1    72    22    -6440.81    -23.9744    0.543292    7.76324    
1    75    23    -6446.6    -28.1384    0.550619    7.40098    
1    78    24    -6446.17    -26.5258    0.539952    7.51326    
1    80    25    -6445.52    -26.016    0.540481    7.19829    
1    89    26    -6449.12    -28.3942    0.581011    7.23624    
1    93    27    -6447.77    -29.4962    0.595813    7.21377    
1    95    28    -6445.17    -26.5555    0.619049    7.51242    
1    100    29    -6446.66    -28.5255    0.56139    7.15885    
