#Task    Step    numberOfAcceptedPeleSteps    currentEnergy    BindingEnergy    sasaLig    distance_A43SG_L1S1    
1    0    0    -6426.8    -37.0905    0.452838    8.61455    
1    1    1    -6436.18    -18.4181    0.580766    8.5281    
1    2    2    -6434.5    -17.1046    0.607685    8.86644    
1    3    3    -6438.48    -20.2059    0.578834    9.27163    
1    7    4    -6443.74    -32.5866    0.544473    8.42046    
1    19    5    -6447.53    -34.8816    0.445732    9.12392    
1    21    6    -6445.63    -39.2849    0.455474    9.247    
1    53    7    -6449.7    -39.0272    0.45635    9.02315    
1    55    8    -6447.53    -33.9274    0.461496    9.30321    
1    57    9    -6448.14    -41.2021    0.451891    9.53812    
1    69    10    -6448.51    -44.1343    0.442851    9.63724    
1    75    11    -6447.25    -42.3941    0.440744    9.77614    
1    81    12    -6447.79    -43.1111    0.442463    9.76992    
1    85    13    -6448.13    -43.4751    0.436165    9.76638    
1    89    14    -6451.24    -44.0032    0.442492    9.79095    
1    97    15    -6450.6    -44.4141    0.445348    9.7058    
