#Task    Step    numberOfAcceptedPeleSteps    currentEnergy    BindingEnergy    sasaLig    distance_A43SG_L1S1    
1    0    0    -6417.97    -31.9185    0.628187    10.8121    
1    1    1    -6430.9    -29.2561    0.551114    10.8261    
1    2    2    -6440.86    -29.5562    0.532789    10.6105    
1    4    3    -6444.52    -32.1869    0.44556    9.98551    
1    5    4    -6440.74    -31.135    0.415625    9.74199    
1    21    5    -6442.02    -33.3866    0.422038    10.0196    
1    22    6    -6441.63    -29.3898    0.460873    9.45921    
1    26    7    -6441.89    -29.4085    0.46263    9.36877    
1    28    8    -6442.97    -30.3083    0.528835    9.80313    
1    36    9    -6443.01    -33.7508    0.463916    10.2787    
1    38    10    -6439.64    -29.2451    0.479073    10.3076    
1    41    11    -6442.93    -31.75    0.472461    9.98717    
1    42    12    -6442.29    -31.4064    0.427346    9.95616    
1    46    13    -6441.72    -32.7448    0.459738    10.1    
1    49    14    -6440.79    -29.7602    0.424985    9.39583    
1    65    15    -6441.54    -29.8232    0.470586    8.44216    
1    70    16    -6439.15    -29.3156    0.46089    7.87811    
1    71    17    -6440.24    -28.9335    0.470062    8.41573    
1    77    18    -6441.76    -29.947    0.472953    8.211    
1    81    19    -6441.02    -31.9834    0.458888    7.88496    
1    91    20    -6441.71    -30.5305    0.46828    8.00941    
1    92    21    -6444.89    -32.3131    0.455785    8.00049    
1    93    22    -6440.69    -32.4393    0.461074    8.05433    
