11	5581	1.00	0.000E+00	0	587	588	0	587	588	588M
51	5324	0.988	0.000E+00	0	587	588	0	587	588	588M
15	2829	0.408	3.945E-73	0	581	588	0	572	574	49M3I26M1I13M1D20M2I49M1I119M3D6M1D208M1I17M2I28M5I15M1D17M
23	1974	0.391	1.412E-59	0	584	588	1	574	578	43M1I58M3D6M6I7M1I5M1I8M1D16M1I99M1I20M12I3M9D11M2D16M5D6M1I3M1D13M5I80M2I22M2D1M1I4M1I3M7I5M5D2M1I9M2D104M
14	1460	0.260	1.456E-47	5	582	588	3	602	604	14M1I8M1D13M5I4M2I13M2D11M2D31M4I9M4I4M1I23M2I4M14D10M4D88M1D2M5D17M4I9M1D2M1I17M3D2M1D6M1D18M8D42M1D12M7D43M2I7M2D59M1I16M2I21M1I4M3D6M6D10M10I13M
13	1374	0.230	9.207E-46	1	583	588	14	549	553	9M4I1M3D15M1D9M7I6M1D4M1D9M3D30M19I8M4I24M6D7M15I90M1I11M5I87M2D2M1I35M4I5M2D19M1I36M9D31M1I11M4I30M7I14M2I15M
42	952	0.212	2.482E-36	23	582	588	20	594	596	20M4I2M4I9M1I9M1I21M20I7M3D11M2I20M3I4M1I8M5D35M4D53M6I4M1I5M6D4M7D5M6D5M2I69M12D27M1I8M4D14M2I16M2D38M18D7M2D4M3I3M1I15M1I11M1I5M1I29M1D37M
22	900	0.189	4.990E-35	0	583	588	14	583	596	9M5I29M3I4M2I7M1D19M5D1M3I28M15I8M1I20M2I4M7I4M2D30M1D4M7D45M3D1M2I15M1I5M3D10M1D11M2D50M5I8M1I4M3D21M2I5M2D20M2I17M1I42M1I9M1D15M4D6M1I11M2I19M1D2M4D6M2I20M4D17M
48	669	0.157	1.002E-28	14	586	588	25	620	621	5M1I5M2I14M4I4M2I13M4I32M3D12M2I2M3I7M1D3M9D9M1D13M17I5M2I9M1D21M2D45M1I5M5D11M4I8M13I36M7D6M15D26M5D26M2I25M3I4M1D4M5D14M4D23M2I13M3D4M1I22M3D3M1I3M1D32M3D3M6I8M8D7M12D2M5D3M1I15M
16	669	0.169	4.877E-28	14	587	588	28	617	622	7M1I19M4I4M2I11M1I3M2I20M1D8M6D4M4D2M17I11M1D4M2D2M9D13M1I5M16I2M2I9M1D21M2D46M12I4M2D17M1I5M2I39M4D3M10D26M5D23M1I28M2I3M1I6M5D14M4D29M2I7M4D4M2I19M3D4M2D1M1I3M1D15M2D16M3D4M5I10M7D3M6D4M6D1M4D14M3I3M
26	664	0.158	4.618E-28	14	584	588	25	620	622	5M1I6M2I13M4I10M2I7M4I28M6D2M3I11M2I2M3I10M11D9M1D11M1I7M18I9M1D21M2D50M8I19M4I5M1I37M8D5M15D23M1I7M8D2M2I18M2I20M1D3M4I4M1D3M6D4M1I14M4D25M2I8M2D25M2D11M1D29M3D3M6I4M1D5M7D3M6D2M6D3M1D3M3D14M
0	663	0.159	9.913E-28	7	587	588	11	615	620	7M6D1M1D3M1D3M1D5M2I12M1I10M5I5M2I4M1I20M1D10M10D4M17I11M1D4M2D2M9D13M1I5M5I2M13I9M1D21M2D46M12I4M2D16M2I5M1I40M11D3M3D23M1I7M8D2M2I14M1I28M2I3M1I6M5D14M4D23M2I18M2D20M3D6M1D6M1D16M2D12M3D4M5I9M7D3M6D4M9D5M1D11M3I3M
35	659	0.165	1.233E-27	4	586	588	26	619	623	5M7I5M1D4M2I14M6I13M3I25M1D8M6D4M4D2M17I11M1D3M9D4M2D12M1I5M16I2M2I9M1D21M2D47M11I6M1D13M3I42M1D3M10D4M3D22M5D9M2D2M2I17M2I7M2D11M1I5M2I3M1I6M5D14M4D29M2I12M2D26M4D3M1D15M2D16M3D4M5I10M7D2M6D5M6D3M4D10M1I6M
4	655	0.151	3.672E-27	7	587	588	8	612	617	7M6D2M2D5M1D5M2I12M1I10M5I5M2I4M1I20M1D10M10D4M17I11M12D19M1I5M5I2M13I9M1D21M2D49M9I8M3I18M1I38M11D3M3D26M5D23M1I28M4I4M1D4M5D14M4D29M2I12M2D20M3D1M1D8M1D19M2D12M3D4M5I9M7D3M6D5M7D4M3D11M3I3M
18	655	0.156	1.711E-27	14	586	588	28	619	622	7M1D4M2I12M2I2M4I15M1I9M2I14M1D8M6D4M4D2M17I17M12D13M1I3M4I3M1I1M13I9M1D21M2D47M2D2M11I5M1I11M3I46M11D3M3D23M1I10M6D18M2I7M1D9M4I12M1D4M5D14M4D29M2I7M4D4M2I21M5D3M1I3M1D14M2D17M3D4M5I9M7D3M6D5M6D3M4D17M
17	652	0.157	1.534E-27	14	587	588	29	618	623	7M1D4M2I14M6I17M3I21M1D8M6D3M5I4M5I3M3I11M1D4M10D6M1D9M1I5M16I2M2I9M1D21M2D46M13I4M3D16M1I5M2I36M1D2M3D4M10D26M5D23M1I28M4I4M1D4M5D14M4D29M2I12M2D20M3D4M2D1M1I3M1D15M2D16M3D4M5I10M7D2M6D3M6D3M4D14M3I3M
5	651	0.160	2.128E-27	5	587	588	21	612	617	4M6I11M2I12M1I2M3I3M2I10M2I4M1I20M1D10M10D4M17I11M1D4M2D2M9D13M1I4M4I7M14I5M1D21M2D49M9I8M3I18M1I38M11D3M3D26M5D23M1I28M4I4M1D4M5D14M4D29M2I12M2D20M3D1M1D8M1D19M2D12M3D4M5I9M7D3M6D5M6D1M4D14M3I3M
40	644	0.160	2.506E-27	7	587	588	8	612	617	7M6D1M3D11M2I12M1I2M3I3M2I10M2I4M1I20M1D10M10D4M17I11M1D4M2D2M9D13M1I4M4I7M14I5M1D21M2D46M12I4M3D4M3I18M1I38M11D3M3D26M5D23M1I14M1D7M5I10M1D4M5D14M4D29M2I12M2D20M3D1M1D8M1D19M2D12M3D4M5I9M7D3M6D5M6D1M4D14M3I3M
1	643	0.159	1.452E-27	14	587	588	21	612	617	2M2D5M1D5M2I12M1I11M5I4M2I4M1I20M1D10M10D4M17I11M1D4M3D2M8D13M1I4M4I7M14I5M1D21M2D46M12I4M3D4M3I18M1I38M11D3M3D26M5D26M2I7M2D10M5I10M1D4M5D23M4D20M2I12M2D20M3D1M1D8M1D19M2D12M3D4M5I9M7D3M6D5M6D1M4D14M3I3M
9	641	0.158	2.373E-27	5	587	588	21	612	617	4M6I11M2I12M1I2M3I3M2I10M2I4M1I20M1D10M10D4M17I11M1D4M2D2M9D13M1I4M4I7M14I5M1D21M2D49M9I8M3I18M1I38M11D3M3D26M5D23M1I14M1D7M5I10M1D4M5D23M4D20M2I12M2D20M3D1M1D8M1D19M2D12M3D4M5I9M7D3M6D5M6D1M4D14M3I3M
38	639	0.158	3.292E-27	5	587	588	20	614	616	4M6I11M2I12M1I2M3I3M2I10M2I4M1I20M1D10M10D4M17I11M1D4M2D2M9D13M1I4M4I7M14I5M1D21M2D47M12I3M2D23M3I38M11D3M3D26M5D26M2I7M2D10M5I10M1D4M5D23M4D20M2I12M2D20M3D1M1D8M1D19M2D12M3D4M5I9M7D3M6D4M9D5M1D17M
27	639	0.155	7.882E-27	14	587	588	23	619	622	6M1I4M2I13M1I9M5I9M4I23M1D6M9D5M13I1M3I4M3I10M15D10M15I1M2I4M4I3M2D9M1D21M2D47M10I20M3I46M12D4M10D30M7D2M2I14M1I3M1I10M2D8M1I5M4I4M1D4M5D14M4D29M2I12M2D23M5D2M1I6M1D14M1D15M3D3M5I9M6D11M17D18M
34	637	0.162	2.128E-27	7	587	588	6	610	616	7M6D1M3D11M2I12M1I11M5I4M2I4M1I20M1D10M10D4M17I11M1D4M2D2M9D13M1I3M4I8M14I5M1D21M2D47M1D5M2I13M1I7M11I40M11D3M3D26M5D23M1I14M1D7M5I10M1D4M5D23M4D14M2I18M2D20M3D1M1D8M1D19M2D12M3D4M5I9M7D3M6D4M9D5M1D11M3I3M
8	637	0.160	2.506E-27	5	587	588	21	612	617	4M6I11M2I12M1I2M3I3M2I10M2I4M1I20M1D10M10D4M17I11M1D4M2D2M9D13M1I4M4I7M14I5M1D21M2D46M12I4M3D4M3I18M1I38M11D3M3D23M1I7M8D2M2I14M1I14M1D7M5I10M1D4M5D23M4D20M2I12M2D20M3D1M1D8M1D19M2D12M3D4M5I9M7D3M6D5M6D1M4D14M3I3M
24	637	0.149	2.506E-27	14	587	588	23	623	625	11M2I14M6I15M6I1M4D28M11D5M13I1M3I17M11D13M2I4M16I2M2I9M1D21M2D47M2D24M15I38M7D5M17D31M7D2M2I17M2I13M1D11M4I4M6D18M4D23M2I13M2D25M3D4M2D1M1I7M1D11M2D17M3D3M5I10M7D3M6D3M9D22M
44	633	0.151	1.220E-26	14	587	588	23	619	622	6M1I4M2I13M1I9M5I9M4I23M1D6M9D5M13I1M3I4M3I10M15D10M15I1M2I4M4I3M2D9M1D21M2D47M10I20M3I46M12D4M10D30M7D2M2I14M1I13M1D9M1I5M4I4M6D18M4D29M2I12M2D24M5D1M1I6M1D14M1D15M3D3M5I9M6D11M17D18M
7	631	0.159	4.567E-27	5	587	588	21	612	617	4M6I11M2I12M1I2M3I3M2I10M2I4M1I20M1D10M10D4M17I11M1D4M2D2M9D13M1I4M4I7M14I5M1D21M2D46M12I4M3D4M3I18M1I38M11D3M3D26M5D23M1I14M1D7M5I10M1D4M5D23M4D20M2I12M2D20M3D1M1D8M1D19M2D12M3D4M5I9M7D3M6D5M6D1M4D14M3I3M
2	630	0.153	1.155E-26	7	587	588	6	610	615	7M6D2M2D5M1D5M2I12M1I5M5I11M1I14M2I9M1D10M10D4M17I11M1D4M2D2M9D13M1I5M5I2M13I9M1D21M2D46M12I4M3D4M3I18M1I38M11D3M3D26M5D23M1I28M4I4M1D4M5D14M4D23M2I18M2D20M3D1M1D8M1D19M2D12M3D4M5I9M7D3M6D5M6D1M4D14M3I3M
37	626	0.162	1.093E-26	7	587	588	8	612	617	7M6D1M1D25M1I2M3I3M2I10M2I4M1I20M1D10M10D4M17I11M1D4M2D2M9D13M1I3M4I3M1I1M13I9M1D21M2D47M1D5M2I13M1I7M11I40M11D3M3D23M1I7M8D2M2I14M1I14M1D7M5I10M1D4M5D23M4D14M2I18M2D20M3D1M1D8M1D19M2D12M3D4M5I9M7D3M6D5M6D1M4D14M3I3M
6	626	0.162	7.463E-27	7	587	588	8	612	618	7M6D1M3D11M2I12M1I5M5I10M2I4M1I20M1D10M10D4M17I11M1D4M2D2M9D13M1I3M4I8M14I5M1D21M2D47M1D5M2I13M1I7M11I40M11D3M3D26M5D23M1I14M1D7M5I10M1D4M5D23M4D14M2I18M2D20M3D1M1D8M1D19M2D12M3D4M5I9M7D3M6D4M9D5M1D11M3I3M
39	625	0.160	5.681E-27	7	587	588	8	612	617	7M6D2M2D5M1D5M2I12M1I2M3I3M2I11M1I14M2I9M1D10M10D4M17I11M1D4M2D2M9D13M1I4M4I5M13I29M2D47M1D5M2I13M1I7M11I37M1D2M10D4M3D26M5D23M1I28M4I4M1D4M5D23M4D14M2I18M2D20M3D1M1D8M1D19M2D12M3D4M5I9M7D3M6D5M6D1M4D14M3I3M
45	624	0.150	2.347E-26	14	587	588	23	619	622	6M1I4M2I13M1I9M5I9M4I20M8I5M1D5M4I4M8D2M3I4M3I10M15D10M15I1M2I4M4I3M2D9M1D24M2D44M10I20M3I46M3D3M19D31M7D2M2I14M1I13M1D9M1I5M4I4M6D18M4D29M2I12M2D24M5D1M1I6M1D14M1D15M3D3M5I9M6D11M17D18M
3	623	0.158	8.791E-27	5	587	588	20	611	616	4M6I11M2I12M1I2M3I3M2I10M2I4M1I20M1D10M10D4M17I11M1D4M2D2M9D13M1I4M4I7M14I5M1D21M2D46M12I4M3D4M3I18M1I38M11D3M3D26M5D23M1I28M4I4M1D4M5D23M4D20M2I12M2D20M3D1M1D8M1D19M2D12M3D4M5I9M7D3M6D4M9D5M1D11M3I3M
43	621	0.153	4.277E-26	4	587	588	22	627	628	6M6I9M2I13M1I8M5I10M4I20M8I5M1D4M8D6M4I1M3I4M3I6M5D2M9D4M1D11M1I5M5I2M13I9M1D21M2D47M10I20M3I46M3D3M19D27M5D25M2I10M2D8M1I5M4I4M1D4M5D14M4D29M2I7M4D29M5D1M1I8M1D12M1D15M3D3M5I9M7D4M6D4M8D5M2D11M2D5M
29	612	0.160	7.381E-26	14	586	588	23	620	621	7M1I3M2I13M1I3M5I17M3I23M2D5M9D5M13I1M3I3M4I4M6D4M2D2M8D13M1I5M5I2M13I9M1D24M2D46M2I1M7I6M1D10M4I8M1I36M7D5M17D23M1I3M6D26M2I12M1D11M4I4M1D4M5D14M4D29M2I12M2D24M5D1M1I3M1D14M1D18M3D3M6I4M1D5M7D6M15D5M1D11M2I3M
25	611	0.152	1.517E-26	14	586	588	26	623	624	5M1I5M2I14M6I9M2I8M3I21M1D6M6D2M4I8M9I11M2D4M2D2M8D13M1I3M3I6M13I9M1D21M2D47M2D3M1D3M8D8M4I2M20I39M7D3M17D23M1I7M8D2M2I18M2I9M2D7M2I6M3I4M1D3M6D4M1I14M4D25M2I12M2D21M5D4M1I18M2D17M3D3M6I8M8D4M6D4M7D4M3D11M1I4M
46	602	0.166	1.517E-26	14	583	588	24	602	609	5M1I5M2I13M1I2M3I3M2I6M1D7M3I21M1D8M6D4M4D2M17I10M10D20M1I5M16I2M2I9M1D21M2D49M9I7M1D14M6I41M8D3M4D23M1I7M8D2M2I17M2I25M3I4M1D3M6D4M1I12M4D20M2I14M5D4M2I25M2D7M1D12M2D16M3D3M3I6M2D6M3D7M1I7M8D6M6D3M
41	587	0.149	6.989E-26	23	585	588	8	591	592	18M6I19M3I21M1D6M10D6M17I17M11D10M3I2M15I4M6I8M1D21M2D47M16D4M5I8M24I38M7D3M17D26M5D23M1I28M4I4M1D2M7D2M2I12M4D30M2I6M3D6M4D22M4D10M1D10M1D18M3D4M3I5M1I5M7D3M6D4M3D12M1I6M
31	548	0.158	5.804E-24	14	583	588	3	557	559	12M2I11M1D1M4I3M7I7M3I3M1I20M1I6M8D8M16I14M2D13M7I3M17I27M2D50M3I11M6I3M3I4M6I4M3I6M3D32M1D4M3D12M2I7M7D7M2I30M4D9M8D6M6D4M4D8M7D9M2I32M25D4M7D8M3I23M1D2M4I8M3I13M4I8M6I5M1D1M1D3M2D7M1I7M2I7M
20	542	0.161	1.728E-23	25	587	588	2	579	580	16M7I2M4I10M4I10M1I16M14D1M4I12M12I1M2D2M3D3M3I15M24I28M2D50M3I4M6I10M10I7M3I8M3D29M1D5M3D8M3D6M1D7M7D11M2I18M7D11M12D10M3D6M2D8M3D12M1D7M1D20M7D7M23D1M9D7M4D4M2I21M3D2M1I6M1I13M4I15M6I8M1I1M1I26M
12	535	0.151	2.704E-24	27	581	588	9	584	587	14M7I2M4I12M1D29M8D8M1D9M11I9M1I9M4I3M8I4M12I27M2D50M3I2M12I3M6I23M3D36M4D3M3D13M1D5M7D11M2I29M2D7M10D5M11D4M1D9M2I9M7D27M7D7M32D13M2D26M2D5M1I13M4I15M6I6M1D9M3I1M2D12M
21	527	0.161	5.147E-23	25	587	588	2	579	580	16M7I2M4I10M4I10M1I16M14D1M4I12M10I5M3D3M3I15M24I28M2D50M3I4M6I10M10I7M3I8M3D29M1D5M3D8M3D6M1D7M7D11M2I10M1I11M8D7M12D10M3D6M2D8M3D12M1D7M1D20M7D7M23D1M9D7M4D4M2I21M3D2M1I6M1I11M4I17M6I8M1I1M1I26M
28	526	0.138	1.928E-23	27	580	588	7	582	586	15M7I1M4I12M4I5D5M1D20M8D8M1D6M11I12M1I14M8I3M16I30M2D46M3I4M6I10M12I17M3D31M3D2M1D8M3D6M1D7M7D11M2I29M2D6M5D1M5D6M12D11M3D12M2D27M7D7M32D8M4D4M2I17M1I5M5D3M3I15M4I17M4D9M9I2M1I13M
52	523	0.146	2.126E-22	14	580	588	16	587	590	2M1D9M2I14M7I2M4I10M4I3M2I8M1D7M2I4M7D3M1D5M17I14M6D14M8I3M16I26M2D50M3I11M5I4M11I5M1I41M1D3M3D23M1I7M1D24M8D7M5I3M19D4M1I5M4D8M3D13M4D10M2I18M30D4M9D12M2D15M1I10M3D5M1I2M2I27M4I4M5D14M6I9M
19	520	0.155	5.147E-23	11	584	588	0	559	561	14M2I12M1D1M6I3M5I10M4I20M1I6M1D5M4I3M3I6M3I6M5D21M7I2M17I28M2D50M3I11M6I3M3I4M6I4M3I6M3D32M1D4M3D12M2I7M7D7M2I30M4D5M15D8M6D3M3I9M2D1M5D7M2I32M7D3M13D12M9D23M1D2M2I5M1I3M2I4M2I8M2I10M8I3M2D7M2D7M1I6M1I3M2I3M
30	514	0.148	1.907E-22	27	580	588	8	583	587	15M7I1M4I13M2D28M4D5M10I8M3I4M6D2M1D5M1I14M12I2M12I27M2D51M1D3M10I9M12I17M3D31M3D2M1D5M3D9M1D7M7D11M2I23M3D8M14D4M2D4M3D3M2D12M7D5M3I18M1D17M37D2M2D8M4D4M2I14M1I10M3D5M1I13M4I15M6I6M1D14M1I9M
49	477	0.132	7.062E-22	27	587	588	5	573	575	15M6I3M3I10M4I5M1I3M3D11M12D4M5I13M10I12M1I14M8I3M16I33M2D43M3I9M6I5M3I10M9I7M3D33M4D5M3D9M1D8M7D10M2I25M9I8M11D3M21D8M3D5M4D4M2I30M7D5M32D13M2D17M3I25M4I15M6I8M9I11M3D9M
50	464	0.145	5.996E-22	3	535	588	5	582	594	11M7D7M2I7M3D5M1D8M5I16M4I12M3D9M32D4M4I3M11D15M19D7M2D6M8I6M4I6M10I1M4I5M2I29M18D2M1D1M2I5M4D34M1I7M4I7M5I4M4I11M4D9M3D19M1I45M1D4M1D8M1I4M5D11M2I5M15I5M2D5M2D4M3I28M2D3M4D13M1D2M2D7M3I16M2D2M2I5M1D4M2I9M2D9M
32	235	0.111	5.796E-14	35	586	588	1	586	613	13M4I14M6I3M9D16M7I8M9I6M8I12M5I8M2I7M13I26M5D4M5D6M6I3M1D31M4D4M14I10M5D5M1I43M11D6M7D12M1D5M21D6M3D5M4I5M4I6M15I7M4I10M1D10M6D10M6D2M1D2M2D10M3D15M3D9M7I20M1D3M1I4M11D5M7D19M5D3M17D8M6D14M2D1M5I9M6D12M
47	230	0.099	1.103E-12	28	587	588	37	605	606	6M5D16M15D2M2D8M2I9M2I4M21I11M5I8M4D5M5D5M16D2M2D4M2D12M1I8M10I6M1D12M5D16M5I8M3D7M3I19M8I10M4D10M4I8M9I25M1I10M2D2M8D2M1D24M1D8M2D8M6D3M6D2M2D7M6I12M2I2M5I46M5I7M6I13M11I14M5D2M1I9M2D12M14D16M1D9M2D24M
10	141	0.085	3.010E-09	14	575	588	25	548	551	7M1D6M10D6M2I2M3D3M1D3M10D6M13D1M9I7M4I3M4I5M8D14M4I2M4D5M8I4M3D8M3I5M6D1M5I10M3I8M6I35M6I14M3I34M9I4M6I13M3D27M1I7M4D6M8D3M1I7M1D11M4I8M1D6M3D2M18D10M9I6M14I3M5D5M2D5M8I2M2D9M3I4M11I6M3I4M10I6M4I30M1D9M10D2M1D4M12I12M4I6M
33	103	0.077	1.044E-07	5	586	588	21	564	565	4M1D39M12D9M1D15M15I3M17I7M5D6M10I5M20I6M16I1M3I15M6I9M1I2M1I12M2D17M5I7M8D7M5I7M1I22M5D4M8I8M5D8M4D5M2D24M1D2M2I2M3I6M6D18M1D6M20I6M12D6M3I16M1I11M7D14M2I9M2I3M16D5M7I5M2D3M1I8M3D31M2I10M13D7M7D21M
36	86	0.098	1.090E-06	1	535	588	26	503	534	9M1I8M2I7M3D19M9D11M3I6M2D7M2D3M6I3M7I3M4I3M12I8M2D3M5I3M7I5M5D10M1D2M5D12M4I4M1I10M1D2M1D11M6I6M3I26M4D4M4I6M3I2M16I4M18I19M2D7M8D30M16I3M6I24M1D7M2I8M3D5M6D6M16D16M2D8M2D6M8I27M6I1M3D4M1D9M4D18M
 