#Task    Step    numberOfAcceptedPeleSteps    currentEnergy    BindingEnergy    sasaLig    distance_A35SG_L1S1    
1    0    0    -6976.9    -0.547171    0.31389    5.59765    
1    1    1    -7134.59    -10.0129    0.315419    5.55757    
1    3    2    -7141.39    -8.86047    0.327004    5.53601    
1    6    3    -7146.68    -10.0652    0.31255    5.66593    
1    7    4    -7166.09    -12.5857    0.316002    5.61834    
1    8    5    -7167.04    -12.3385    0.315536    5.59158    
1    9    6    -7165.84    -12.1349    0.300294    5.57221    
1    10    7    -7167.38    -11.6026    0.303732    5.58155    
1    11    8    -7172.02    -13.4083    0.302519    5.58634    
1    12    9    -7161.16    -7.36118    0.294969    5.64944    
1    15    10    -7162.99    -9.90501    0.292469    5.40768    
1    16    11    -7162.83    -8.13238    0.29768    5.24411    
1    17    12    -7174.88    -11.1    0.291121    5.33816    
1    18    13    -7169.57    -11.7125    0.279155    5.39138    
1    19    14    -7170.77    -12.2246    0.28182    5.34573    
1    20    15    -7172.8    -11.2843    0.282323    5.32465    
1    21    16    -7173.52    -12.1401    0.280398    5.31155    
1    24    17    -7174.04    -11.7395    0.282074    5.30658    
1    26    18    -7173.15    -12.009    0.279601    5.27355    
1    29    19    -7172.4    -10.0554    0.271734    5.28064    
1    35    20    -7173.49    -11.5905    0.279391    5.27905    
1    42    21    -7169.11    -10.5686    0.27679    5.27173    
1    43    22    -7173.22    -10.8256    0.283559    5.26094    
1    44    23    -7173.66    -11.361    0.279102    5.24737    
1    47    24    -7173.71    -11.171    0.29836    5.23476    
1    50    25    -7173.53    -9.86434    0.299142    5.24191    
1    51    26    -7174.24    -10.11    0.302005    5.2831    
1    52    27    -7173.8    -8.68844    0.30335    5.2349    
1    53    28    -7180.86    -12.1961    0.318248    5.29826    
1    54    29    -7180.4    -12.9158    0.291733    5.32254    
1    55    30    -7175.88    -9.49514    0.31303    5.31926    
1    57    31    -7179.67    -13.4416    0.294171    5.3932    
1    60    32    -7181.4    -13.5283    0.290818    5.30624    
1    61    33    -7179.79    -13.3986    0.29727    5.39784    
1    63    34    -7183.05    -13.8718    0.297114    5.43681    
1    64    35    -7180.06    -13.4152    0.293902    5.16465    
1    67    36    -7180.98    -13.3531    0.296018    5.409    
1    69    37    -7178.95    -13.2442    0.288904    5.38468    
1    70    38    -7177.64    -12.8345    0.288047    5.38141    
1    73    39    -7178.98    -16.8167    0.287591    5.35734    
1    75    40    -7175.2    -15.2019    0.28483    5.37004    
1    77    41    -7180.14    -16.9236    0.288138    5.33247    
1    78    42    -7180.42    -15.7819    0.28835    5.34119    
1    79    43    -7177.25    -11.0749    0.31517    5.35222    
1    80    44    -7175.6    -10.2135    0.309649    5.33173    
1    81    45    -7173.82    -15.2256    0.291091    5.3163    
1    82    46    -7173.53    -16.7887    0.286996    5.29765    
1    83    47    -7174.43    -16.4005    0.294673    5.34114    
1    84    48    -7172.85    -12.6871    0.338509    5.26549    
1    85    49    -7177.56    -12.4289    0.332546    5.26331    
1    87    50    -7178.35    -13.3512    0.335185    5.26148    
1    88    51    -7177.73    -12.7586    0.337412    5.28375    
1    91    52    -7177.5    -11.8833    0.334349    5.26912    
1    93    53    -7174.56    -12.3318    0.33197    5.27112    
1    95    54    -7175.23    -12.1522    0.332106    5.28258    
1    97    55    -7176.66    -12.0294    0.33053    5.25906    
1    99    56    -7176.94    -11.9843    0.331734    5.29134    
1    100    57    -7176.5    -10.7076    0.327406    5.26828    
