#Task    Step    numberOfAcceptedPeleSteps    currentEnergy    BindingEnergy    sasaLig    distance_A35SG_L1S1    
1    0    0    -6976.9    -0.547171    0.31389    5.59765    
1    1    1    -7135.79    -11.8541    0.307592    5.56165    
1    2    2    -7141.41    -10.6791    0.298968    5.56369    
1    3    3    -7147.51    -11.0446    0.304872    5.57083    
1    5    4    -7155.86    -11.6634    0.306765    5.67694    
1    7    5    -7159.13    -11.2791    0.31128    5.68581    
1    8    6    -7162.98    -10.2738    0.309814    5.68132    
1    11    7    -7170.59    -11.3058    0.311832    5.68255    
1    18    8    -7169.1    -10.3046    0.310178    5.65324    
1    19    9    -7171.13    -12.679    0.316459    5.65523    
1    22    10    -7168.92    -11.5381    0.314044    5.646    
1    23    11    -7170.14    -11.2428    0.316555    5.63729    
1    25    12    -7168.22    -10.4972    0.312452    5.69048    
1    27    13    -7172    -11.3371    0.312403    5.64778    
1    31    14    -7171.42    -11.7805    0.314847    5.61467    
1    32    15    -7174.83    -11.5761    0.315286    5.59676    
1    33    16    -7176.8    -11.5654    0.316098    5.56417    
1    35    17    -7178.04    -11.6218    0.313857    5.54089    
1    36    18    -7176.9    -10.3039    0.312999    5.53721    
1    38    19    -7174.49    -8.34451    0.31197    5.53177    
1    42    20    -7175.16    -10.8344    0.314258    5.45642    
1    45    21    -7173.23    -11.0908    0.313482    5.44892    
1    46    22    -7174.01    -10.8818    0.31244    5.43681    
1    47    23    -7175.87    -10.6691    0.31292    5.48055    
1    49    24    -7174.34    -11.086    0.321643    5.50304    
1    50    25    -7176.69    -11.5881    0.31791    5.49761    
1    51    26    -7176.97    -11.5893    0.31715    5.51726    
1    53    27    -7178.65    -11.61    0.319893    5.50454    
1    57    28    -7177.26    -12.0585    0.324318    5.50371    
1    59    29    -7175.88    -13.6935    0.324825    5.53038    
1    61    30    -7173.03    -13.059    0.311619    5.56771    
1    62    31    -7172.97    -12.9973    0.310723    5.56003    
1    63    32    -7169.38    -12.7276    0.320293    5.5052    
1    65    33    -7174.7    -11.3908    0.320244    5.53891    
1    66    34    -7173.12    -9.25866    0.315757    5.62614    
1    67    35    -7181.13    -11.5936    0.32014    5.64474    
1    71    36    -7179.29    -11.4422    0.321461    5.65784    
1    72    37    -7171.67    -9.97932    0.335314    5.64976    
1    73    38    -7180.53    -12.1821    0.319903    5.69524    
1    75    39    -7177.24    -12.312    0.320426    5.66404    
1    76    40    -7178.48    -11.6444    0.317691    5.66847    
1    77    41    -7178.44    -11.0335    0.315046    5.6903    
1    79    42    -7180.77    -11.719    0.317638    5.72531    
1    82    43    -7176.69    -11.6526    0.315104    5.70146    
1    83    44    -7171.87    -16.0821    0.31527    5.66533    
1    84    45    -7176.67    -16.288    0.312997    5.67374    
1    87    46    -7176.08    -14.659    0.317255    5.67671    
1    88    47    -7177.19    -14.8044    0.318532    5.68411    
1    89    48    -7174.67    -14.9415    0.315173    5.65525    
1    90    49    -7175.86    -14.825    0.316658    5.63093    
1    91    50    -7173.73    -11.194    0.327125    5.6471    
1    92    51    -7174.67    -14.1827    0.318935    5.65196    
1    93    52    -7175.51    -14.6085    0.315031    5.61509    
1    95    53    -7175.41    -14.4668    0.316447    5.62504    
1    96    54    -7175.13    -13.54    0.317794    5.64273    
1    97    55    -7170.94    -13.3469    0.31113    5.6812    
1    98    56    -7172.94    -14.1047    0.309729    5.63983    
1    99    57    -7174    -13.635    0.312893    5.68172    
