#Task    Step    numberOfAcceptedPeleSteps    currentEnergy    BindingEnergy    sasaLig    distance_A35SG_L1S1    
1    0    0    -6976.9    -0.547171    0.31389    5.59765    
1    1    1    -7144.63    -12.2869    0.30055    5.35916    
1    2    2    -7149.87    -12.3706    0.293376    6.27801    
1    4    3    -7157.39    -10.2652    0.313117    6.28017    
1    5    4    -7164.22    -10.8666    0.303318    6.2137    
1    7    5    -7173.2    -14.6763    0.292378    6.15565    
1    8    6    -7177.85    -14.6485    0.29345    6.17432    
1    17    7    -7176.83    -14.0541    0.299232    6.14651    
1    20    8    -7167.83    -14.3701    0.303455    6.0816    
1    21    9    -7168.33    -14.0037    0.308823    6.0959    
1    23    10    -7177.51    -11.8693    0.333714    6.06026    
1    24    11    -7181.48    -12.185    0.335137    6.05547    
1    25    12    -7179.37    -13.3767    0.335138    6.08687    
1    26    13    -7182.6    -12.7341    0.335915    6.06967    
1    30    14    -7182.42    -12.9315    0.332826    6.05327    
1    32    15    -7182.63    -12.8623    0.330288    6.04459    
1    35    16    -7182.42    -11.8351    0.331855    6.02622    
1    36    17    -7184.16    -12.4386    0.329957    6.01333    
1    40    18    -7181.69    -12.1416    0.329668    6.03811    
1    41    19    -7179.88    -12.5056    0.328009    6.0339    
1    42    20    -7181.36    -12.5689    0.328332    6.0187    
1    43    21    -7180.1    -12.2007    0.330298    6.0354    
1    44    22    -7176.27    -10.3777    0.345631    6.02926    
1    45    23    -7176.21    -12.6967    0.328489    5.98175    
1    46    24    -7177.86    -12.2192    0.322678    5.90624    
1    47    25    -7178.45    -12.8468    0.32067    5.9469    
1    49    26    -7180.5    -13.0561    0.297116    5.95361    
1    50    27    -7181.68    -13.2807    0.297543    5.96375    
1    51    28    -7181.02    -13.711    0.304265    5.97982    
1    52    29    -7177.78    -14.3748    0.309833    6.05727    
1    53    30    -7179.92    -12.1152    0.298387    6.0291    
1    55    31    -7179.13    -12.6725    0.302561    6.03567    
1    57    32    -7180.82    -13.8209    0.304022    6.02894    
1    59    33    -7173.58    -13.6484    0.316637    6.18788    
1    61    34    -7173.83    -13.3253    0.312185    6.11471    
1    65    35    -7175.67    -11.6771    0.303317    6.0951    
1    67    36    -7178.45    -12.5989    0.306789    6.094    
1    68    37    -7180.49    -13.061    0.306237    6.09137    
1    69    38    -7175.87    -11.0729    0.301595    6.07535    
1    70    39    -7171    -11.6652    0.298939    6.05894    
1    71    40    -7178.35    -11.6362    0.30815    6.17087    
1    75    41    -7173.83    -12.4959    0.303532    6.09398    
1    77    42    -7179.2    -11.9924    0.298866    6.06995    
1    89    43    -7172.88    -10.0555    0.303093    6.05095    
1    90    44    -7173.15    -13.8737    0.300419    6.0705    
1    92    45    -7175.02    -14.1636    0.302247    6.06675    
1    93    46    -7175.44    -16.364    0.302363    6.15796    
1    94    47    -7177.15    -15.0585    0.325436    6.26405    
1    95    48    -7180.05    -14.7075    0.319888    6.28528    
1    96    49    -7182.59    -13.9368    0.321615    6.30838    
1    97    50    -7183.46    -14.558    0.318297    6.24345    
1    99    51    -7183.42    -14.3992    0.319122    6.22654    
1    100    52    -7186.79    -14.7909    0.317658    6.21753    
