#Task    Step    numberOfAcceptedPeleSteps    currentEnergy    BindingEnergy    sasaLig    distance_A35SG_L1S1    
1    0    0    -6976.9    -0.547171    0.31389    5.59765    
1    1    1    -7141.05    -11.151    0.314618    5.51386    
1    2    2    -7158.12    -11.7428    0.311869    5.6022    
1    3    3    -7157.79    -8.67903    0.31588    5.59106    
1    5    4    -7160.68    -10.4741    0.312211    5.59277    
1    6    5    -7165.74    -8.6325    0.349422    5.53738    
1    7    6    -7165.55    -12.8131    0.346619    5.55378    
1    9    7    -7167.98    -11.8127    0.347764    5.62023    
1    10    8    -7170.22    -11.6515    0.349485    5.66184    
1    11    9    -7172.8    -11.8759    0.348675    5.60354    
1    12    10    -7174.49    -11.8138    0.348772    5.60099    
1    13    11    -7171.87    -11.1161    0.352901    5.65613    
1    15    12    -7179.65    -9.57328    0.351768    5.61296    
1    16    13    -7182.62    -10.2899    0.352063    5.67194    
1    17    14    -7180.77    -9.4595    0.350046    5.70214    
1    18    15    -7181.7    -10.0762    0.344385    5.68653    
1    19    16    -7184.3    -9.93886    0.349245    5.68401    
1    20    17    -7183.51    -9.81231    0.350221    5.68747    
1    26    18    -7184.16    -9.78633    0.350118    5.70228    
1    29    19    -7184.01    -9.55303    0.346428    5.71404    
1    30    20    -7183.78    -9.75175    0.346373    5.71957    
1    36    21    -7184.82    -9.73888    0.349863    5.69669    
1    37    22    -7183.66    -9.7372    0.349594    5.67997    
1    38    23    -7180.42    -9.00769    0.349586    5.68532    
1    39    24    -7185.08    -9.27977    0.35013    5.67024    
1    40    25    -7185.04    -9.23338    0.349379    5.67152    
1    42    26    -7185.09    -9.28793    0.347273    5.66004    
1    48    27    -7184.21    -11.0251    0.346633    5.403    
1    50    28    -7183.75    -10.5311    0.346724    5.21461    
1    51    29    -7185.84    -10.9083    0.346819    5.21867    
1    56    30    -7185.83    -11.0416    0.346515    5.25313    
1    58    31    -7185.92    -10.4868    0.347113    5.25451    
1    61    32    -7182.91    -10.4012    0.34126    5.23625    
1    62    33    -7176.33    -8.00322    0.3573    5.08109    
1    63    34    -7182.11    -11.0538    0.34422    5.19804    
1    65    35    -7182.87    -10.648    0.342612    5.19176    
1    66    36    -7183.93    -10.4357    0.34468    5.24978    
1    67    37    -7184.44    -11.0947    0.34465    5.22746    
1    68    38    -7184.14    -11.0956    0.346177    5.21506    
1    70    39    -7183.72    -10.5636    0.345902    5.20865    
1    71    40    -7179.24    -9.4559    0.340708    5.22902    
1    72    41    -7179.6    -9.54856    0.341186    5.29322    
1    75    42    -7180.14    -9.28896    0.346257    5.12542    
1    76    43    -7180.13    -10.4033    0.344602    5.11742    
1    77    44    -7178.49    -9.26025    0.347277    5.22167    
1    78    45    -7182.89    -10.2071    0.345105    5.22654    
1    79    46    -7180.61    -8.6193    0.344355    5.23562    
1    82    47    -7174.87    -9.60864    0.363697    5.24401    
1    83    48    -7182    -7.33496    0.346    5.25286    
1    84    49    -7181.09    -7.33379    0.343406    5.24728    
1    85    50    -7177.91    -7.77947    0.338878    5.31998    
1    86    51    -7180.19    -7.54051    0.340275    5.28041    
1    88    52    -7180.32    -7.01409    0.339031    5.28574    
1    90    53    -7178.89    -6.40389    0.339826    5.26422    
1    91    54    -7179.7    -7.35831    0.341691    5.24498    
1    93    55    -7179.72    -7.54683    0.340519    5.27833    
1    94    56    -7178.46    -5.95744    0.33679    5.27286    
1    95    57    -7176.77    -7.02739    0.337271    5.29427    
1    97    58    -7176.07    -6.99633    0.3385    5.21153    
1    98    59    -7179.17    -6.56383    0.337934    5.25064    
1    99    60    -7177.31    -6.49539    0.338993    5.23891    
