#Task    Step    numberOfAcceptedPeleSteps    currentEnergy    BindingEnergy    sasaLig    distance_A35SG_L1S1    
1    0    0    -6976.9    -0.547171    0.31389    5.59765    
1    1    1    -7130.87    -11.0922    0.315907    5.4596    
1    3    2    -7136.02    -10.4672    0.315805    5.78653    
1    5    3    -7155.23    -9.58515    0.317796    5.76197    
1    7    4    -7154.39    -10.8587    0.317466    5.80899    
1    8    5    -7155.55    -10.6607    0.308796    5.79572    
1    11    6    -7162.22    -8.96501    0.344518    5.79695    
1    12    7    -7163.05    -7.97482    0.346429    5.80685    
1    13    8    -7164.56    -8.22536    0.352219    5.81378    
1    15    9    -7166.17    -9.0257    0.353335    5.79643    
1    16    10    -7159.32    -8.73481    0.350875    5.80011    
1    17    11    -7167.66    -8.94202    0.354894    5.81109    
1    18    12    -7172.44    -9.03945    0.355789    5.78349    
1    19    13    -7175.28    -8.90553    0.355082    5.74303    
1    23    14    -7177.53    -9.38024    0.355031    5.78986    
1    28    15    -7177.57    -8.444    0.353548    5.76804    
1    29    16    -7179.35    -9.4575    0.357585    5.73789    
1    30    17    -7179.2    -8.66255    0.356476    5.77928    
1    31    18    -7179.65    -12.0234    0.351571    5.66202    
1    32    19    -7178.39    -12.2205    0.351539    5.68392    
1    33    20    -7182.37    -8.81158    0.351838    5.72722    
1    34    21    -7183.02    -8.67349    0.352578    5.70925    
1    35    22    -7182.04    -8.49545    0.350149    5.71893    
1    36    23    -7182.15    -8.68727    0.348894    5.70678    
1    37    24    -7179.56    -8.54701    0.345511    5.71964    
1    39    25    -7180.26    -9.35141    0.346301    5.70829    
1    42    26    -7183.25    -9.04423    0.346953    5.69917    
1    43    27    -7183.26    -9.09515    0.349174    5.70045    
1    44    28    -7182.42    -8.39496    0.348192    5.69114    
1    46    29    -7181.77    -8.97218    0.344208    5.51893    
1    47    30    -7180.1    -8.75538    0.34453    5.66805    
1    48    31    -7182.51    -8.9558    0.348332    5.69647    
1    51    32    -7181.97    -8.6615    0.349338    5.66683    
1    52    33    -7181.13    -8.0328    0.348933    5.68421    
1    54    34    -7176.96    -7.16643    0.347513    5.64028    
1    57    35    -7176.09    -7.63343    0.350915    5.66587    
1    64    36    -7175.32    -7.60673    0.347822    5.66326    
1    66    37    -7176.98    -7.70183    0.349324    5.68087    
1    67    38    -7172.68    -7.53302    0.350152    5.67395    
1    68    39    -7173.06    -8.24556    0.350644    5.70616    
1    69    40    -7170.68    -7.38332    0.349921    5.61362    
1    70    41    -7168.91    -7.37195    0.347622    5.52243    
1    71    42    -7175.03    -8.73706    0.345106    5.66401    
1    83    43    -7174.11    -7.39809    0.344316    5.62552    
1    85    44    -7173.03    -9.75106    0.343964    5.36318    
1    87    45    -7177.65    -10.1724    0.344317    5.32942    
1    89    46    -7174.87    -9.37184    0.343317    5.29877    
1    94    47    -7174.86    -8.05361    0.34121    5.28542    
1    95    48    -7172.1    -8.89159    0.324659    5.2756    
1    96    49    -7171.79    -8.34943    0.3313    5.45242    
1    98    50    -7172.63    -9.78196    0.331876    5.47486    
