#Task    Step    numberOfAcceptedPeleSteps    currentEnergy    BindingEnergy    sasaLig    distance_A35SG_L1S1    
1    0    0    -6976.9    -0.547171    0.31389    5.59765    
1    1    1    -7121.14    -13.0915    0.310573    5.4553    
1    2    2    -7122.08    -9.93545    0.290477    5.5462    
1    3    3    -7149.53    -6.53834    0.305439    5.75474    
1    4    4    -7150.88    -7.20085    0.309372    5.7549    
1    6    5    -7155.5    -7.52774    0.307544    5.77213    
1    8    6    -7155.35    -7.56599    0.307824    5.75867    
1    11    7    -7161.92    -12.8907    0.312199    5.87502    
1    12    8    -7163.67    -12.0585    0.311467    5.79119    
1    13    9    -7165.88    -13.7833    0.292858    5.78394    
1    14    10    -7166.09    -13.2387    0.28884    5.83088    
1    15    11    -7169.09    -14.3984    0.288085    5.89259    
1    17    12    -7171.98    -16.9468    0.294622    6.55337    
1    18    13    -7173.07    -16.6014    0.293243    6.50782    
1    21    14    -7173.14    -17.6501    0.299326    6.42376    
1    23    15    -7173.23    -12.1417    0.300327    6.38857    
1    24    16    -7175.09    -12.5349    0.29892    6.36868    
1    27    17    -7175.54    -13.5682    0.292936    6.33554    
1    38    18    -7177.3    -13.8838    0.293125    6.33319    
1    40    19    -7174.97    -13.4797    0.289232    6.33947    
1    41    20    -7174.82    -16.7091    0.295634    6.31472    
1    42    21    -7174.15    -19.0817    0.296636    6.35847    
1    43    22    -7167.34    -18.8223    0.287172    6.39251    
1    44    23    -7169.48    -18.4267    0.273245    6.34628    
1    45    24    -7175.6    -18.66    0.287417    6.3683    
1    47    25    -7176.3    -17.6601    0.286783    6.26021    
1    48    26    -7176.97    -17.6011    0.291151    6.24971    
1    49    27    -7177.49    -18.0784    0.293156    6.19211    
1    50    28    -7180.73    -18.4102    0.28591    6.18542    
1    51    29    -7179.81    -13.4295    0.294763    6.19729    
1    52    30    -7178.1    -11.412    0.288    6.12792    
1    54    31    -7180.19    -11.8243    0.290112    6.10569    
1    55    32    -7178.87    -15.3498    0.306815    6.12316    
1    56    33    -7178.49    -16.8129    0.296532    6.12534    
1    58    34    -7176.27    -16.3482    0.291381    6.02716    
1    60    35    -7178.95    -16.2324    0.289617    6.08648    
1    63    36    -7183.06    -16.6729    0.286701    6.09369    
1    71    37    -7180.87    -16.2583    0.288488    6.11624    
1    76    38    -7182    -16.5886    0.289081    6.08232    
1    77    39    -7177.63    -15.4978    0.289255    6.11098    
1    80    40    -7180.61    -16.0026    0.292369    6.08672    
1    81    41    -7179.48    -15.9651    0.291184    6.10057    
1    82    42    -7181.13    -16.9182    0.295225    6.11327    
1    85    43    -7183.55    -16.7587    0.295765    6.1106    
1    88    44    -7185.03    -16.3897    0.294714    6.0975    
1    92    45    -7185.29    -16.6605    0.295531    6.11898    
1    93    46    -7181.17    -16.1038    0.300385    6.1258    
1    96    47    -7186.11    -16.9531    0.298774    6.13016    
1    98    48    -7183.67    -15.5588    0.295594    6.13109    
1    99    49    -7184.98    -16.9508    0.294738    6.12267    
