#Task    Step    numberOfAcceptedPeleSteps    currentEnergy    BindingEnergy    sasaLig    distance_A35SG_L1S1    
1    0    0    -6976.9    -0.547171    0.31389    5.59765    
1    1    1    -7126.1    -12.3814    0.303631    5.4807    
1    2    2    -7136.65    -12.1579    0.304274    5.47257    
1    3    3    -7168.54    -7.78597    0.370472    5.47034    
1    5    4    -7170.08    -11.0752    0.357603    5.39634    
1    6    5    -7166.67    -6.43895    0.35397    5.38595    
1    7    6    -7174.81    -9.64629    0.351611    5.41106    
1    8    7    -7180.08    -9.85564    0.349791    5.39352    
1    10    8    -7180.66    -9.23543    0.350836    5.3903    
1    11    9    -7184.54    -10.1293    0.347258    5.3471    
1    12    10    -7181.39    -7.2887    0.347198    5.21903    
1    15    11    -7181.55    -7.19508    0.346351    5.23641    
1    17    12    -7176.91    -7.28775    0.345251    5.21117    
1    19    13    -7175.83    -4.78396    0.339368    5.22078    
1    20    14    -7177.66    -5.4002    0.337381    5.21829    
1    21    15    -7181.08    -10.6092    0.34297    5.21261    
1    22    16    -7181.07    -8.54804    0.342223    5.18692    
1    23    17    -7184.19    -10.0445    0.346348    5.20572    
1    24    18    -7180.34    -10.8062    0.350135    5.18098    
1    26    19    -7186.09    -10.7456    0.347861    5.22854    
1    27    20    -7188.72    -10.5077    0.348288    5.23244    
1    28    21    -7187.65    -10.8456    0.344179    5.30259    
1    30    22    -7189.64    -10.9677    0.345214    5.2399    
1    31    23    -7189.48    -11.1524    0.349607    5.24123    
1    32    24    -7189.41    -10.3608    0.347028    5.2261    
1    35    25    -7190.1    -11.2873    0.349221    5.24675    
1    36    26    -7189.34    -9.56165    0.343152    5.14588    
1    37    27    -7186.63    -9.68438    0.344385    5.22882    
1    38    28    -7190    -10.4193    0.345614    5.22513    
1    39    29    -7190.19    -10.0794    0.345908    5.20952    
1    40    30    -7191.56    -10.6828    0.346206    5.1911    
1    42    31    -7193.05    -11.1918    0.345788    5.16675    
1    44    32    -7193.82    -10.5234    0.345184    5.15976    
1    48    33    -7194.51    -11.0324    0.34568    5.14844    
1    50    34    -7194.77    -11.1683    0.345986    5.14063    
1    52    35    -7195.79    -11.1981    0.345954    5.14705    
1    53    36    -7195.77    -11.5885    0.348996    5.21187    
1    54    37    -7196.77    -11.6336    0.347795    5.17316    
1    63    38    -7195.73    -11.6486    0.347437    5.20065    
1    64    39    -7192.55    -11.7577    0.346608    5.15861    
1    66    40    -7194.49    -11.4421    0.347185    5.26087    
1    68    41    -7194.43    -11.4365    0.346397    5.21195    
1    69    42    -7194.73    -10.8725    0.344559    5.18297    
1    70    43    -7195.23    -10.6856    0.344848    5.19498    
1    71    44    -7194.49    -10.9131    0.346394    5.19441    
1    72    45    -7196.51    -11.0144    0.344881    5.17898    
1    74    46    -7194.67    -9.0618    0.345075    5.18986    
1    76    47    -7195.43    -10.3445    0.342452    5.16497    
1    80    48    -7195.01    -10.8102    0.34556    5.16316    
1    81    49    -7195.17    -10.7746    0.342591    5.15931    
1    82    50    -7195.83    -11.0997    0.345232    5.15071    
1    83    51    -7195    -11.0372    0.346395    5.18314    
1    86    52    -7195.5    -10.5605    0.344608    5.15525    
1    88    53    -7195.98    -10.9491    0.343989    5.13016    
1    91    54    -7196.89    -11.3227    0.345613    5.15956    
1    94    55    -7197.16    -11.1444    0.345031    5.14907    
1    96    56    -7195.82    -9.48284    0.34235    5.14149    
1    97    57    -7195.26    -9.6509    0.344455    5.15166    
1    98    58    -7197.23    -10.7053    0.343867    5.17401    
1    99    59    -7197.25    -10.2254    0.343743    5.17919    
