#Task    Step    numberOfAcceptedPeleSteps    currentEnergy    BindingEnergy    sasaLig    distance_A35SG_L1S1    
1    0    0    -6976.9    -0.547171    0.31389    5.59765    
1    1    1    -7118.97    -9.36231    0.292683    5.55654    
1    3    2    -7128.81    0.360263    0.305636    5.53821    
1    4    3    -7132.25    0.610435    0.302864    5.46525    
1    5    4    -7150.9    -5.21158    0.312339    5.42359    
1    8    5    -7153.64    -5.66608    0.303365    5.46444    
1    9    6    -7166.85    -10.9308    0.295679    5.40577    
1    15    7    -7166.76    -6.28345    0.317058    5.35405    
1    17    8    -7164.48    -5.8932    0.3169    5.39199    
1    18    9    -7164.87    -7.06485    0.316285    5.48113    
1    19    10    -7172.45    -10.4103    0.317718    5.43841    
1    22    11    -7173    -11.0561    0.316368    5.44818    
1    23    12    -7177.24    -11.0141    0.314477    5.39295    
1    25    13    -7180.38    -10.3515    0.321553    5.43012    
1    27    14    -7180.14    -10.2253    0.318984    5.42124    
1    30    15    -7181.13    -10.3592    0.31841    5.40673    
1    31    16    -7181.5    -15.5537    0.290026    5.38512    
1    32    17    -7182.23    -15.6678    0.286741    5.30346    
1    36    18    -7178.83    -14.7942    0.285436    5.26861    
1    38    19    -7181.14    -15.7808    0.287206    5.3013    
1    42    20    -7180.78    -15.6992    0.286142    5.31253    
1    44    21    -7179.63    -14.4882    0.282282    5.2809    
1    45    22    -7178.57    -14.0392    0.280821    5.30945    
1    46    23    -7182.11    -15.3916    0.287017    5.31594    
1    47    24    -7182.2    -15.0454    0.287687    5.30351    
1    49    25    -7179.72    -14.8696    0.285361    5.38487    
1    51    26    -7181.64    -15.2884    0.290587    5.34133    
1    60    27    -7180.01    -13.7222    0.289622    5.3213    
1    62    28    -7180.66    -14.1979    0.285786    5.33848    
1    63    29    -7178.42    -8.8744    0.292018    5.64848    
1    66    30    -7177.8    -9.58148    0.289084    5.7074    
1    68    31    -7173.61    -9.91038    0.28514    5.59244    
1    69    32    -7173.82    -9.00314    0.284413    5.71988    
1    70    33    -7173.49    -8.51805    0.283793    5.73176    
1    71    34    -7177.15    -9.46141    0.287151    5.71208    
1    79    35    -7177.03    -6.85636    0.318902    5.76351    
1    81    36    -7180.6    -7.7781    0.311266    5.84339    
1    83    37    -7181.35    -8.03785    0.312804    5.83167    
1    86    38    -7181.99    -8.19143    0.31208    5.86859    
1    87    39    -7180.91    -8.22484    0.311994    5.86182    
1    88    40    -7184.48    -7.75338    0.312708    5.844    
1    91    41    -7184.69    -8.90765    0.315325    5.85356    
1    94    42    -7181.21    -8.82194    0.311663    5.96638    
1    95    43    -7183.96    -8.29166    0.314361    5.88246    
