#Task    Step    numberOfAcceptedPeleSteps    currentEnergy    BindingEnergy    sasaLig    distance_A35SG_L1S1    
1    0    0    -6976.9    -0.547171    0.31389    5.59765    
1    1    1    -7136.6    -13.004    0.319558    5.57198    
1    3    2    -7156.51    -15.2201    0.323673    5.60976    
1    5    3    -7160.56    -13.6233    0.317968    5.64846    
1    6    4    -7159.86    -12.95    0.317546    5.75074    
1    9    5    -7158.2    -10.8232    0.321371    5.81126    
1    12    6    -7162.32    -10.7039    0.318124    5.85168    
1    17    7    -7164.08    -13.8177    0.310303    5.70452    
1    19    8    -7171.36    -14.4017    0.306355    5.48756    
1    22    9    -7174.92    -13.8027    0.309025    5.47641    
1    31    10    -7173.78    -14.5585    0.311073    5.43604    
1    33    11    -7173.07    -13.9075    0.309262    5.45305    
1    34    12    -7178.05    -14.613    0.305981    5.41497    
1    35    13    -7184.01    -15.1667    0.304519    5.41392    
1    38    14    -7186.95    -14.6013    0.304042    5.44114    
1    39    15    -7186.3    -14.9323    0.306597    5.41196    
1    47    16    -7187.59    -15.2709    0.308352    5.42712    
1    50    17    -7185.98    -13.9523    0.304457    5.41705    
1    53    18    -7187.43    -15.8698    0.306399    5.4083    
1    56    19    -7188.1    -15.3615    0.302971    5.40565    
1    58    20    -7185.33    -14.5749    0.299896    5.40911    
1    59    21    -7188.41    -15.5256    0.299584    5.38502    
1    61    22    -7185.08    -16.1884    0.285792    5.5512    
1    64    23    -7187.33    -15.1151    0.283206    5.52169    
1    68    24    -7188.28    -17.3464    0.279726    5.4435    
1    70    25    -7189.67    -15.8171    0.281693    5.43108    
1    75    26    -7191.58    -13.0128    0.306058    5.29472    
1    78    27    -7190.24    -11.484    0.297848    5.25559    
1    79    28    -7190.08    -12.9917    0.299428    5.23187    
1    81    29    -7187.17    -13.8268    0.300892    5.26158    
1    83    30    -7188.81    -12.5548    0.29777    5.26402    
1    88    31    -7185.2    -11.7275    0.297991    5.24634    
1    91    32    -7184.99    -9.97802    0.305175    5.23912    
1    92    33    -7180.16    -10.3232    0.2994    5.28109    
1    95    34    -7179.24    -9.33657    0.316655    5.26807    
1    96    35    -7180.85    -7.8526    0.321129    5.33453    
1    97    36    -7180.21    -9.80766    0.314165    5.34205    
1    98    37    -7178.62    -13.1106    0.299171    5.40087    
1    99    38    -7181.37    -12.5947    0.304961    5.40359    
1    100    39    -7183.14    -13.7556    0.30848    5.41896    
