#Task    Step    numberOfAcceptedPeleSteps    currentEnergy    BindingEnergy    sasaLig    distance_A35SG_L1S1    
1    0    0    -6976.9    -0.547171    0.31389    5.59765    
1    1    1    -7136.86    -10.9188    0.312424    5.53338    
1    2    2    -7148.57    -7.93666    0.293826    5.7412    
1    3    3    -7160.08    -9.42329    0.316026    5.81163    
1    4    4    -7163.86    -10.8909    0.313508    5.81364    
1    5    5    -7168.74    -9.08653    0.319235    5.85385    
1    7    6    -7167.81    -8.54501    0.334737    5.96745    
1    8    7    -7174.86    -7.96297    0.327232    5.93292    
1    9    8    -7174.67    -10.2506    0.3353    6.04475    
1    10    9    -7176.54    -9.50316    0.34434    6.06882    
1    13    10    -7175.26    -9.12052    0.343455    6.05592    
1    14    11    -7176.03    -8.06633    0.344232    6.04541    
1    19    12    -7177.71    -9.41994    0.346347    6.04661    
1    21    13    -7178.07    -9.08164    0.354216    6.05756    
1    27    14    -7178.61    -9.67226    0.355839    6.0478    
1    31    15    -7181.53    -8.81019    0.359113    6.05968    
1    33    16    -7179.44    -9.77871    0.347956    6.05644    
1    35    17    -7183.73    -9.06694    0.35388    6.07696    
1    45    18    -7182.52    -7.51954    0.355559    6.06301    
1    46    19    -7183.42    -8.43186    0.353701    6.08304    
1    47    20    -7185.04    -10.1108    0.353069    6.07692    
1    51    21    -7177.88    -10.4716    0.346595    6.10522    
1    52    22    -7176.92    -9.71013    0.346211    6.09124    
1    53    23    -7179.12    -8.49493    0.35289    6.09078    
1    54    24    -7179.83    -9.16903    0.352849    6.08795    
1    55    25    -7181.24    -9.07507    0.358206    6.08475    
1    56    26    -7182.67    -8.80822    0.352984    6.08303    
1    58    27    -7183.4    -8.22476    0.353544    6.06855    
1    63    28    -7176.71    -8.25322    0.355897    6.05671    
1    64    29    -7174.78    -8.98629    0.352084    5.68062    
1    66    30    -7174.1    -8.75714    0.350198    5.79944    
1    70    31    -7173.64    -8.67202    0.349948    5.87074    
1    73    32    -7170.68    -9.62826    0.357846    5.99003    
1    75    33    -7174.59    -7.75594    0.367749    6.02273    
1    76    34    -7174.07    -7.75537    0.359787    6.07716    
1    78    35    -7172.87    -6.8594    0.357766    6.08906    
1    79    36    -7174.47    -9.7463    0.352543    6.07147    
1    80    37    -7173.14    -9.20232    0.352126    6.0992    
1    83    38    -7170.24    -11.5679    0.343922    6.14964    
1    85    39    -7168.79    -12.5167    0.349253    6.13401    
1    87    40    -7172.3    -13.1446    0.355012    6.12088    
1    88    41    -7164.19    -12.6577    0.350019    6.12341    
1    89    42    -7177.12    -13.405    0.349193    6.10187    
1    90    43    -7176.02    -14.4307    0.345822    6.13302    
1    91    44    -7181.28    -13.9675    0.345987    6.15075    
1    99    45    -7183.48    -13.2692    0.347012    6.09105    
