#Task    Step    numberOfAcceptedPeleSteps    currentEnergy    BindingEnergy    sasaLig    distance_A35SG_L1S1    
1    0    0    -6976.9    -0.547171    0.31389    5.59765    
1    1    1    -7134.3    -11.674    0.311121    5.61853    
1    3    2    -7147.1    -8.92494    0.311436    5.61013    
1    4    3    -7152.18    -9.68328    0.310537    5.56504    
1    5    4    -7169.33    -13.9176    0.31141    5.57984    
1    6    5    -7175.06    -14.8184    0.307163    5.40364    
1    8    6    -7176.97    -14.5545    0.308233    5.4115    
1    9    7    -7178.17    -14.1044    0.307965    5.40742    
1    10    8    -7177.35    -13.7858    0.311581    5.37824    
1    11    9    -7182.62    -14.5765    0.30849    5.36769    
1    13    10    -7181.2    -14.6604    0.310605    5.37534    
1    14    11    -7184.46    -14.7986    0.311333    5.36408    
1    21    12    -7178.16    -13.0954    0.339501    5.265    
1    23    13    -7178.33    -11.6172    0.356469    5.26063    
1    24    14    -7179.72    -12.342    0.358649    5.28968    
1    27    15    -7184.01    -13.8848    0.345917    5.30629    
1    28    16    -7182.54    -11.9964    0.339295    5.21125    
1    30    17    -7183.43    -12.2753    0.338326    5.21964    
1    31    18    -7184.02    -11.7465    0.342065    5.28033    
1    33    19    -7185    -13.2875    0.344225    5.31022    
1    34    20    -7184.74    -13.1293    0.346513    5.36397    
1    35    21    -7184.49    -13.1105    0.345148    5.32953    
1    36    22    -7184.49    -12.3423    0.34554    5.33851    
1    37    23    -7185.39    -14.462    0.346427    5.28622    
1    38    24    -7185.45    -13.9003    0.348277    5.35256    
1    40    25    -7186.23    -13.5388    0.349279    5.35491    
1    42    26    -7185.58    -13.0661    0.348837    5.3402    
1    44    27    -7186.44    -13.317    0.346986    5.32865    
1    47    28    -7185.71    -13.314    0.34463    5.37421    
1    48    29    -7185.77    -12.852    0.344966    5.31769    
1    49    30    -7175.42    -12.2661    0.351372    5.42062    
1    50    31    -7173.55    -9.09904    0.360449    5.28577    
1    51    32    -7178.09    -11.7444    0.352635    5.34384    
1    53    33    -7174.16    -12.5747    0.318955    6.32272    
1    54    34    -7174.54    -13.3789    0.314724    6.24056    
1    55    35    -7178.1    -11.4775    0.324237    6.23802    
1    58    36    -7178.76    -11.7077    0.318787    6.21153    
1    63    37    -7178.87    -12.727    0.315372    6.22806    
1    64    38    -7178.83    -12.4636    0.314232    6.19915    
1    69    39    -7179.21    -13.6195    0.318609    6.19744    
1    70    40    -7177.54    -13.5869    0.318669    6.21865    
1    71    41    -7177.24    -11.4295    0.323435    6.2021    
1    73    42    -7178.16    -12.8828    0.321422    6.21911    
1    75    43    -7179.97    -13.0235    0.324003    6.21591    
1    76    44    -7179.43    -13.3138    0.318202    6.21954    
1    79    45    -7180.63    -13.1941    0.31691    6.22982    
1    80    46    -7180.93    -12.9644    0.315154    6.2096    
1    81    47    -7180.7    -14.0214    0.319508    6.23075    
1    82    48    -7185.31    -13.9936    0.323027    6.23289    
1    83    49    -7184.84    -13.9535    0.321297    6.22138    
1    88    50    -7180.93    -12.8867    0.318865    6.188    
1    89    51    -7180.33    -13.1511    0.324262    6.20619    
1    91    52    -7184.48    -13.9762    0.324621    6.23884    
