#Task    Step    numberOfAcceptedPeleSteps    currentEnergy    BindingEnergy    sasaLig    distance_A35SG_L1S1    
1    0    0    -6976.9    -0.547171    0.31389    5.59765    
1    1    1    -7127.58    -10.5424    0.308019    5.43041    
1    2    2    -7145.08    -13.3066    0.293545    5.5005    
1    3    3    -7163.4    -14.3796    0.305319    5.52843    
1    5    4    -7164.68    -14.3023    0.301889    5.50524    
1    6    5    -7167.26    -14.107    0.30116    5.48812    
1    7    6    -7173.56    -17.6449    0.298544    5.48443    
1    9    7    -7175.47    -16.6928    0.302245    5.48181    
1    13    8    -7176.13    -17.4215    0.303727    5.44518    
1    15    9    -7179.24    -18.0572    0.303737    5.41454    
1    16    10    -7180.03    -17.507    0.302035    5.4082    
1    18    11    -7182.08    -17.1821    0.302922    5.3904    
1    21    12    -7182.44    -16.6818    0.296592    5.34594    
1    24    13    -7182.38    -17.3167    0.296067    5.36919    
1    26    14    -7187.26    -17.7012    0.298514    5.33561    
1    30    15    -7182.17    -15.3003    0.293869    5.29518    
1    31    16    -7183.98    -14.5612    0.297756    5.28629    
1    34    17    -7184.74    -14.1183    0.295978    5.29951    
1    35    18    -7185.12    -14.4621    0.299722    5.28244    
1    36    19    -7186.81    -15.2283    0.300943    5.24827    
1    37    20    -7185.11    -18.8847    0.309443    5.19592    
1    38    21    -7188.4    -18.7872    0.305787    5.17657    
1    41    22    -7184.36    -17.5159    0.301598    5.18171    
1    47    23    -7186.28    -13.06    0.339338    5.1662    
1    48    24    -7186.18    -12.8535    0.338632    5.13456    
1    49    25    -7180.95    -16.952    0.304079    5.13859    
1    50    26    -7189    -16.6788    0.304436    5.14272    
1    51    27    -7191.76    -17.7307    0.301866    5.19225    
1    58    28    -7192.63    -17.8537    0.301161    5.20916    
1    62    29    -7195.68    -15.055    0.295528    5.26366    
1    63    30    -7197.36    -15.1346    0.297037    5.28389    
1    65    31    -7197.01    -12.9759    0.293773    5.28127    
1    66    32    -7197.95    -13.3975    0.290583    5.25296    
1    67    33    -7196.45    -14.7969    0.286522    5.28027    
1    68    34    -7195.92    -13.6264    0.285223    5.30395    
1    69    35    -7199.19    -15.6285    0.28979    6.22777    
1    72    36    -7203.02    -16.2679    0.29479    6.19277    
1    76    37    -7205.32    -17.1245    0.291622    6.17278    
1    77    38    -7203.48    -16.1824    0.292021    6.17736    
1    79    39    -7205.33    -17.3271    0.298124    6.21207    
1    81    40    -7202.88    -17.4424    0.291279    6.1854    
1    82    41    -7199.17    -16.0731    0.291083    6.18431    
1    83    42    -7199.35    -15.5604    0.292275    6.17264    
1    84    43    -7199.92    -15.5951    0.292208    6.17654    
1    85    44    -7194.42    -15.3535    0.286256    6.1553    
1    86    45    -7192.42    -16.9696    0.295608    6.16889    
1    87    46    -7196.54    -14.7187    0.290303    6.1448    
1    90    47    -7196.96    -16.2347    0.2921    6.15815    
1    92    48    -7194.91    -14.9231    0.288038    6.1437    
1    93    49    -7194.38    -15.5771    0.285155    6.16254    
1    94    50    -7195.14    -14.9617    0.285661    6.15114    
1    99    51    -7191.05    -15.3035    0.284295    6.15906    
1    100    52    -7192.42    -15.6311    0.290712    6.17395    
