#Task    Step    numberOfAcceptedPeleSteps    currentEnergy    BindingEnergy    sasaLig    distance_A35SG_L1S1    
1    0    0    -6976.9    -0.547171    0.31389    5.59765    
1    1    1    -7106.08    -12.3093    0.32031    5.4669    
1    2    2    -7145.49    -12.4417    0.299378    5.4174    
1    3    3    -7167.19    -13.4204    0.310176    5.74314    
1    4    4    -7170.67    -14.1963    0.288516    5.73461    
1    5    5    -7168.98    -12.7723    0.302568    5.45233    
1    6    6    -7167.85    -10.313    0.303206    5.39164    
1    8    7    -7167.78    -13.3818    0.301907    5.37512    
1    12    8    -7173.27    -12.3578    0.299578    5.12553    
1    13    9    -7174.27    -11.4496    0.326691    5.04505    
1    14    10    -7171.97    -9.16357    0.338415    4.99765    
1    15    11    -7168.91    -9.61368    0.322003    4.90864    
1    16    12    -7173.78    -10.112    0.31538    4.91687    
1    17    13    -7178.68    -12.3247    0.320928    4.93894    
1    21    14    -7178.55    -11.459    0.318933    4.92527    
1    22    15    -7170.07    -11.5963    0.321152    4.86954    
1    25    16    -7174.77    -9.08113    0.322132    4.91187    
1    26    17    -7169.39    -10.7914    0.322592    4.93155    
1    27    18    -7172.39    -11.5355    0.308859    4.89871    
1    29    19    -7177.05    -12.7271    0.322347    4.93454    
1    33    20    -7177.81    -12.871    0.32113    4.91802    
1    37    21    -7175.9    -11.5052    0.318835    4.97901    
1    38    22    -7180.97    -13.572    0.316552    5.04651    
1    40    23    -7179.85    -12.5837    0.316862    5.12101    
1    42    24    -7181.32    -13.0924    0.317502    5.06711    
1    44    25    -7176.73    -13.1778    0.317905    5.07483    
1    45    26    -7176.63    -13.9138    0.319325    5.09481    
1    46    27    -7177.18    -13.125    0.322843    5.07672    
1    47    28    -7174.95    -12.0643    0.322151    5.18291    
1    49    29    -7174.25    -14.2078    0.328062    5.14443    
1    51    30    -7178.13    -14.1841    0.322728    5.11829    
1    52    31    -7177.61    -14.0259    0.330914    5.10858    
1    53    32    -7179.83    -15.9769    0.324484    5.14628    
1    54    33    -7182.11    -15.3344    0.325441    5.12986    
1    55    34    -7184.82    -14.9626    0.323485    5.16743    
1    58    35    -7186.92    -14.6744    0.325463    5.19021    
1    61    36    -7185.07    -14.7692    0.328681    5.20076    
1    62    37    -7186.03    -14.3269    0.325241    5.17271    
1    64    38    -7183.86    -13.3054    0.3199    5.17443    
1    68    39    -7184.46    -16.1388    0.308051    5.23631    
1    69    40    -7188.87    -12.7543    0.356489    5.21293    
1    70    41    -7189.34    -13.2651    0.353684    5.22319    
1    71    42    -7188.52    -12.776    0.352165    5.22044    
1    72    43    -7184.63    -13.5334    0.346955    5.17361    
1    73    44    -7184.79    -11.67    0.355184    5.21994    
1    74    45    -7185.59    -11.6163    0.354249    5.21959    
1    75    46    -7185.49    -10.8543    0.353455    5.27801    
1    78    47    -7186.8    -10.5881    0.347079    5.23844    
1    79    48    -7186.79    -11.1958    0.353229    5.25304    
1    80    49    -7187.06    -10.3029    0.352787    5.27555    
1    82    50    -7187.03    -10.6426    0.350954    5.27221    
1    86    51    -7186.99    -10.9123    0.351206    5.26685    
1    88    52    -7187.26    -10.862    0.350425    5.25617    
1    91    53    -7187.83    -10.7421    0.349916    5.26235    
1    92    54    -7186.24    -11.2666    0.344632    5.24814    
1    93    55    -7183.33    -12.0971    0.313127    5.30864    
1    94    56    -7182.33    -12.5743    0.314346    5.2812    
1    96    57    -7182.05    -11.1671    0.314464    5.27066    
1    97    58    -7190.12    -13.345    0.320304    5.18447    
1    98    59    -7184.37    -14.2056    0.317126    5.14214    
1    99    60    -7187.66    -12.9631    0.31843    5.17357    
1    100    61    -7178.56    -11.2442    0.328982    5.28999    
