#Task    Step    numberOfAcceptedPeleSteps    currentEnergy    BindingEnergy    sasaLig    distance_A35SG_L1S1    
1    0    0    -6976.9    -0.547171    0.31389    5.59765    
1    1    1    -7143.25    -12.1764    0.311993    5.46913    
1    2    2    -7147.4    -10.6893    0.311677    5.49034    
1    3    3    -7149.68    -8.88321    0.318419    5.83941    
1    4    4    -7156.99    -8.66943    0.317801    5.83218    
1    7    5    -7156.92    -13.6851    0.304702    5.81068    
1    8    6    -7155.59    -13.2438    0.308427    5.76852    
1    9    7    -7160.55    -14.2411    0.321299    5.66751    
1    11    8    -7161.83    -12.156    0.330862    5.70347    
1    12    9    -7164.66    -12.0906    0.329918    5.74889    
1    14    10    -7163.73    -9.76184    0.365197    5.77591    
1    16    11    -7166.83    -9.60522    0.366716    5.81135    
1    17    12    -7165.71    -11.0381    0.351224    5.76771    
1    19    13    -7169.21    -10.35    0.354641    5.74723    
1    20    14    -7169.96    -9.83244    0.353926    5.77067    
1    21    15    -7173.06    -12.5958    0.35053    5.77606    
1    22    16    -7171.6    -12.3718    0.356281    5.81    
1    23    17    -7173.15    -11.7262    0.353782    5.81841    
1    26    18    -7173.81    -11.922    0.352664    5.79833    
1    27    19    -7173.81    -11.8366    0.35493    5.76896    
1    29    20    -7171.63    -11.3942    0.345199    5.75282    
1    31    21    -7171.02    -11.3182    0.347131    5.76947    
1    32    22    -7172.96    -11.768    0.347183    5.72403    
1    33    23    -7163.86    -10.6371    0.350832    5.81139    
1    34    24    -7165.76    -10.8749    0.353835    5.80197    
1    35    25    -7171.17    -11.5374    0.356065    5.78776    
1    36    26    -7171.21    -11.7036    0.355074    5.78867    
1    37    27    -7169.8    -12.2349    0.358593    5.76741    
1    39    28    -7170.12    -13.2549    0.352362    5.79937    
1    41    29    -7165.74    -13.158    0.362327    6.58987    
1    42    30    -7167.33    -13.5977    0.356625    6.28309    
1    43    31    -7172.82    -13.4637    0.357794    6.33738    
1    46    32    -7173.34    -14.0247    0.355287    6.30979    
1    49    33    -7172.48    -14.272    0.349821    6.31626    
1    50    34    -7171.15    -14.3385    0.353451    6.32406    
1    51    35    -7173.39    -13.9908    0.352086    6.32465    
1    55    36    -7171.21    -14.1562    0.352615    6.27981    
1    57    37    -7171.99    -14.3449    0.350006    6.31818    
1    59    38    -7169.48    -11.98    0.349409    6.34086    
1    62    39    -7174.52    -14.1655    0.352587    6.33659    
1    63    40    -7174.41    -13.8308    0.35264    6.33299    
1    64    41    -7169.04    -11.1136    0.346133    6.29914    
1    65    42    -7176.04    -13.6341    0.361684    6.32814    
1    66    43    -7175.1    -13.6014    0.357477    6.31305    
1    67    44    -7176.99    -13.2317    0.358062    6.31617    
1    72    45    -7178.14    -13.6265    0.359071    6.31637    
1    74    46    -7175.2    -12.9352    0.356405    6.28499    
1    75    47    -7176.74    -13.9784    0.350868    6.30025    
1    79    48    -7175.89    -13.8051    0.352141    6.2881    
1    81    49    -7173.47    -13.8509    0.368011    6.37155    
1    84    50    -7175.02    -14.3887    0.367473    6.41195    
1    85    51    -7173.89    -13.4342    0.372457    6.44325    
1    86    52    -7177.56    -14.6137    0.370927    6.47815    
1    88    53    -7178.65    -14.5463    0.371165    6.46699    
1    89    54    -7174.64    -14.704    0.377946    6.46264    
1    92    55    -7176.2    -14.9276    0.373593    6.47779    
1    94    56    -7176.43    -14.6204    0.373355    6.46333    
1    97    57    -7176.57    -15.4753    0.372437    6.45541    
1    99    58    -7172.64    -14.2276    0.375002    6.51884    
