#Task    Step    numberOfAcceptedPeleSteps    currentEnergy    BindingEnergy    sasaLig    distance_A35SG_L1S1    
1    0    0    -6976.9    -0.547171    0.31389    5.59765    
1    1    1    -7138.82    -10.2808    0.314243    5.56351    
1    2    2    -7160.22    -9.82199    0.308195    5.57778    
1    3    3    -7167.21    -11.3576    0.306423    5.59135    
1    4    4    -7168.12    -11.1101    0.304819    5.43817    
1    7    5    -7171.87    -9.1703    0.312911    5.60143    
1    11    6    -7171.36    -10.8608    0.313237    5.60877    
1    13    7    -7170.14    -11.183    0.307389    5.6439    
1    14    8    -7173.68    -11.268    0.306667    5.61999    
1    15    9    -7176.36    -9.45848    0.313309    5.65462    
1    26    10    -7176.47    -10.193    0.309017    5.62908    
1    27    11    -7176.29    -9.08728    0.312821    5.61409    
1    30    12    -7177.51    -10.8618    0.311825    5.60354    
1    31    13    -7174.82    -11.7347    0.304858    5.53647    
1    32    14    -7173.93    -10.0107    0.318679    5.56404    
1    33    15    -7175.24    -12.562    0.320893    5.55319    
1    34    16    -7177.34    -11.3594    0.320806    5.58003    
1    40    17    -7175.04    -10.258    0.319293    5.55001    
1    41    18    -7173.52    -12.7653    0.323595    5.46907    
1    42    19    -7174.03    -13.0892    0.323363    5.5349    
1    44    20    -7178.12    -12.0394    0.32835    5.58626    
1    45    21    -7177.94    -13.1205    0.334575    5.56474    
1    48    22    -7178.79    -12.9713    0.330316    5.54289    
1    50    23    -7179.52    -13.0186    0.329494    5.54494    
1    54    24    -7180.62    -12.5867    0.328691    5.52492    
1    58    25    -7180.29    -12.6987    0.33211    5.5122    
1    63    26    -7179.7    -12.3066    0.329347    5.54349    
1    65    27    -7177.66    -13.1119    0.332927    5.54321    
1    66    28    -7172.67    -12.4085    0.324948    5.48694    
1    67    29    -7179.89    -15.6445    0.326759    5.48687    
1    70    30    -7180.07    -15.357    0.326399    5.48031    
1    72    31    -7180.22    -15.4925    0.324925    5.43633    
1    73    32    -7181.13    -15.9214    0.328344    5.4215    
1    75    33    -7181.35    -15.2063    0.329286    5.43296    
1    78    34    -7181.54    -15.4324    0.329968    5.43279    
1    79    35    -7180.65    -15.5156    0.328413    5.45152    
1    81    36    -7178.67    -13.5093    0.334018    5.48197    
1    87    37    -7179.18    -14.096    0.331174    5.52058    
1    89    38    -7176.91    -14.5574    0.346129    5.53938    
1    90    39    -7178.34    -14.2951    0.331583    5.56624    
1    93    40    -7175.79    -13.9133    0.34031    5.5944    
1    95    41    -7177.34    -14.1608    0.340521    5.61829    
1    99    42    -7175.1    -13.19    0.338084    5.64972    
1    100    43    -7175.01    -13.4391    0.331545    5.50511    
