#Task    Step    numberOfAcceptedPeleSteps    currentEnergy    BindingEnergy    sasaLig    distance_A35SG_L1S1    
1    0    0    -6976.9    -0.547171    0.31389    5.59765    
1    1    1    -7116.59    -11.1337    0.317772    5.38987    
1    2    2    -7128.34    -8.82819    0.3144    5.38356    
1    3    3    -7147.82    -14.6039    0.291158    5.57357    
1    5    4    -7148.42    -13.0861    0.304697    5.34127    
1    6    5    -7157.4    -12.9077    0.363808    6.58221    
1    9    6    -7166.34    -12.57    0.350142    6.35544    
1    10    7    -7166.68    -9.23657    0.348628    6.32643    
1    11    8    -7174.26    -12.2425    0.352786    6.26445    
1    12    9    -7174.39    -16.4459    0.300335    6.21525    
1    14    10    -7170.32    -14.1813    0.309842    6.19958    
1    16    11    -7171.67    -16.2485    0.299756    6.10297    
1    17    12    -7169.97    -14.7498    0.308168    6.10804    
1    19    13    -7169.29    -13.3259    0.31433    6.1187    
1    20    14    -7172.25    -13.8602    0.333622    6.09841    
1    21    15    -7172.84    -15.2383    0.309293    6.0819    
1    22    16    -7179.27    -16.4774    0.306599    6.0442    
1    23    17    -7179.43    -16.8938    0.307855    6.05796    
1    24    18    -7180.89    -16.0177    0.30608    6.06328    
1    26    19    -7182.84    -16.2578    0.304081    6.09087    
1    27    20    -7182.67    -16.0042    0.301695    6.10456    
1    30    21    -7184.17    -16.6748    0.300977    6.09691    
1    39    22    -7183.53    -15.9088    0.298327    6.10765    
1    40    23    -7183.35    -15.8182    0.297947    6.1095    
1    41    24    -7177.57    -16.28    0.307112    6.10664    
1    47    25    -7182.03    -15.8426    0.301319    6.10006    
1    49    26    -7179.86    -13.7498    0.295892    6.09532    
1    50    27    -7181.11    -13.9339    0.297017    6.10818    
1    54    28    -7184.12    -15.3199    0.297247    6.14981    
1    57    29    -7184.83    -14.696    0.294311    6.15668    
1    58    30    -7186.75    -13.6589    0.335504    6.16222    
1    59    31    -7187.36    -12.7344    0.337769    6.17402    
1    60    32    -7187.62    -12.8239    0.337719    6.14175    
1    64    33    -7187.57    -12.3322    0.33763    6.15757    
1    66    34    -7187.18    -12.8383    0.335908    6.16455    
1    67    35    -7187.91    -13.3213    0.335079    6.1247    
1    70    36    -7188.23    -12.6816    0.333425    6.11029    
1    71    37    -7189.5    -14.4011    0.335856    6.12784    
1    72    38    -7188.22    -13.3922    0.334153    6.13787    
1    75    39    -7188.83    -13.5626    0.333651    6.1266    
1    82    40    -7188.44    -13.0493    0.33265    6.09344    
1    83    41    -7188.37    -14.0527    0.334033    6.10138    
1    88    42    -7187.73    -13.8273    0.334288    6.0977    
1    90    43    -7188.61    -13.6362    0.331482    6.03232    
1    91    44    -7188.09    -12.9598    0.332684    6.10389    
1    92    45    -7188.98    -13.066    0.33087    6.09329    
1    94    46    -7190.11    -13.8435    0.333472    6.09766    
1    99    47    -7190.69    -13.8933    0.334169    6.09267    
