#Task    Step    numberOfAcceptedPeleSteps    currentEnergy    BindingEnergy    sasaLig    distance_A35SG_L1S1    
1    0    0    -6976.9    -0.547171    0.31389    5.59765    
1    1    1    -7139.79    -10.8811    0.307325    5.42938    
1    2    2    -7143.88    -11.3748    0.298767    5.5252    
1    3    3    -7154.49    -9.67092    0.312294    5.78474    
1    4    4    -7164.4    -9.47593    0.317606    5.77415    
1    5    5    -7165.43    -10.2066    0.309129    5.77439    
1    7    6    -7165.17    -13.9602    0.308886    5.78424    
1    8    7    -7164.83    -13.4408    0.308382    5.82789    
1    10    8    -7163.49    -11.3423    0.329101    5.91921    
1    11    9    -7172.09    -7.68991    0.330389    5.76172    
1    13    10    -7182.12    -9.47544    0.322437    5.83189    
1    14    11    -7184.46    -11.4954    0.324662    5.82395    
1    15    12    -7184.21    -10.201    0.321567    5.88737    
1    16    13    -7180.79    -9.00431    0.317697    5.73386    
1    17    14    -7185.71    -9.78983    0.321946    5.77358    
1    19    15    -7185.87    -9.17658    0.321829    5.80746    
1    21    16    -7179.23    -8.39347    0.317196    5.76098    
1    23    17    -7184.94    -9.87223    0.316754    5.79114    
1    24    18    -7182.68    -9.59502    0.314219    5.84306    
1    27    19    -7187.1    -9.59697    0.311394    5.79066    
1    34    20    -7187.37    -9.74676    0.31274    5.83583    
1    38    21    -7176.83    -8.49348    0.306716    5.76441    
1    39    22    -7176.55    -13.619    0.296534    5.80841    
1    40    23    -7182.78    -12.9771    0.300924    5.88168    
1    41    24    -7185.41    -13.1712    0.320095    5.8511    
1    42    25    -7189.53    -12.7167    0.316742    5.83332    
1    47    26    -7190.58    -12.9075    0.319034    5.87115    
1    48    27    -7188.63    -13.7803    0.312344    5.76192    
1    52    28    -7189.01    -14.2314    0.315459    5.76971    
1    56    29    -7193.77    -11.6743    0.342686    5.73483    
1    58    30    -7194.23    -11.6439    0.336845    5.71684    
1    61    31    -7194.24    -13.5407    0.329685    5.74623    
1    63    32    -7195.97    -14.6742    0.33241    5.71413    
1    64    33    -7197.28    -13.1302    0.333214    5.73156    
1    67    34    -7198.2    -14.4899    0.335497    5.75001    
1    68    35    -7194.59    -12.5973    0.337049    5.71488    
1    69    36    -7194.91    -12.4626    0.335441    5.70262    
1    71    37    -7193.43    -9.16507    0.339465    5.7355    
1    72    38    -7195.2    -8.63178    0.335757    5.7383    
1    73    39    -7198.22    -13.7985    0.334835    5.6831    
1    77    40    -7197.4    -13.9321    0.335114    5.66477    
1    78    41    -7196.09    -13.0397    0.352905    5.66445    
1    82    42    -7196.08    -11.7989    0.348977    5.68246    
1    84    43    -7197.02    -12.3896    0.350254    5.67722    
1    86    44    -7191.56    -10.8157    0.366059    5.69023    
1    90    45    -7190.67    -10.3727    0.364664    5.6714    
1    92    46    -7191.4    -10.1777    0.365647    5.69155    
1    97    47    -7192.78    -13.3984    0.349014    5.65752    
1    98    48    -7192.24    -12.0315    0.343871    5.65092    
1    99    49    -7191.05    -12.6772    0.340654    5.63794    
1    100    50    -7191.61    -12.3257    0.340644    5.63606    
