#Task    Step    numberOfAcceptedPeleSteps    currentEnergy    BindingEnergy    sasaLig    distance_A35SG_L1S1    
1    0    0    -6976.9    -0.547171    0.31389    5.59765    
1    1    1    -7138.18    -11.979    0.317375    5.52955    
1    2    2    -7151.14    -12.4284    0.312777    5.40558    
1    3    3    -7152.49    -15.0141    0.305611    5.61951    
1    4    4    -7159.54    -13.4393    0.309621    5.57982    
1    5    5    -7172.6    -15.9836    0.312678    5.5226    
1    6    6    -7170.73    -15.9011    0.310925    5.52839    
1    8    7    -7169.79    -15.5568    0.31139    5.50921    
1    9    8    -7170.46    -15.2692    0.318493    5.75602    
1    11    9    -7176.06    -15.5725    0.326596    5.81064    
1    12    10    -7177.02    -14.803    0.323202    5.78471    
1    13    11    -7174.47    -13.6612    0.348413    5.7955    
1    14    12    -7175.5    -12.4897    0.349653    5.83318    
1    15    13    -7174.76    -13.3402    0.337042    5.84854    
1    17    14    -7179.56    -15.7827    0.328513    5.82065    
1    19    15    -7182.09    -13.598    0.3441    5.82341    
1    20    16    -7180.12    -12.9492    0.338891    5.85896    
1    21    17    -7179.84    -13.1814    0.348859    5.82177    
1    23    18    -7183.31    -12.8557    0.350684    5.82358    
1    28    19    -7185.26    -13.1894    0.348871    5.82874    
1    47    20    -7183.86    -13.4929    0.350336    5.83584    
1    48    21    -7183.71    -12.9642    0.345964    5.82636    
1    49    22    -7183.86    -13.4368    0.343041    5.82755    
1    51    23    -7183.54    -13.2948    0.34103    5.84083    
1    52    24    -7183.87    -13.3684    0.341985    5.83267    
1    54    25    -7183.77    -13.6771    0.341861    5.84016    
1    55    26    -7182.76    -13.4122    0.344364    5.83068    
1    56    27    -7181.27    -13.1625    0.342205    5.82922    
1    58    28    -7183.32    -13.535    0.339971    5.71577    
1    59    29    -7183.52    -13.2508    0.342552    5.79984    
1    62    30    -7182.75    -13.6765    0.339937    5.82633    
1    63    31    -7182.21    -13.3678    0.340755    5.81936    
1    66    32    -7182.27    -13.4978    0.33753    5.72468    
1    75    33    -7181.72    -13.5414    0.338039    5.74699    
1    85    34    -7182.06    -12.9307    0.336863    5.86471    
1    88    35    -7181.8    -12.9871    0.338515    5.86848    
1    93    36    -7178.54    -13.2972    0.331117    5.91009    
1    94    37    -7177.72    -13.0301    0.332683    5.89682    
1    96    38    -7177.06    -13.1546    0.331811    5.80952    
1    97    39    -7179.09    -12.5667    0.328151    5.89394    
1    98    40    -7176.5    -11.5688    0.323975    5.91779    
1    99    41    -7176.51    -12.0734    0.325408    5.88543    
