#Task    Step    numberOfAcceptedPeleSteps    currentEnergy    BindingEnergy    sasaLig    distance_A35SG_L1S1    
1    0    0    -6976.9    -0.547171    0.31389    5.59765    
1    1    1    -7134.5    -14.1141    0.316481    5.50753    
1    2    2    -7141.39    -11.0644    0.304361    5.45734    
1    3    3    -7155.53    -12.8852    0.312359    5.50617    
1    4    4    -7159.88    -6.33601    0.305076    5.36104    
1    5    5    -7170.07    -9.27279    0.312619    5.41624    
1    6    6    -7171.17    -8.98349    0.310127    5.39724    
1    7    7    -7170.51    -10.0953    0.330021    5.3601    
1    11    8    -7177.59    -14.1398    0.306741    5.31537    
1    12    9    -7180.63    -15.4353    0.306109    5.20353    
1    13    10    -7182.49    -14.2395    0.310809    5.17183    
1    14    11    -7182.68    -13.3238    0.310408    5.15827    
1    15    12    -7186.56    -15.7206    0.312899    5.1792    
1    16    13    -7189.48    -14.5261    0.311404    5.17731    
1    18    14    -7188.73    -14.5719    0.310347    5.19155    
1    19    15    -7189.01    -14.2774    0.309711    5.18498    
1    23    16    -7191.99    -16.1169    0.312392    5.13149    
1    28    17    -7190.6    -15.1776    0.308768    5.12557    
1    29    18    -7187.97    -14.7757    0.30678    5.2089    
1    33    19    -7190.09    -15.2499    0.308533    5.20943    
1    34    20    -7189.99    -12.866    0.307267    5.18832    
1    35    21    -7190.8    -13.9184    0.309788    5.17487    
1    36    22    -7189.08    -13.3562    0.305748    5.18483    
1    37    23    -7189.21    -12.7329    0.31682    5.18971    
1    40    24    -7191.06    -13.1285    0.314002    5.17816    
1    43    25    -7189.56    -8.66909    0.312644    5.19322    
1    45    26    -7184.07    -9.83238    0.309428    5.23118    
1    49    27    -7187.48    -9.50712    0.309349    5.19078    
1    51    28    -7186.32    -10.3306    0.311499    5.25821    
1    52    29    -7189.54    -10.6777    0.312872    5.23799    
1    57    30    -7190.58    -10.4737    0.310036    5.232    
1    58    31    -7192.51    -10.7163    0.311813    5.24345    
1    60    32    -7193.42    -10.1557    0.311553    5.22055    
1    64    33    -7192.01    -10.4487    0.311159    5.23037    
1    66    34    -7192.97    -10.837    0.311261    5.22531    
1    68    35    -7193    -10.3947    0.312643    5.22896    
1    71    36    -7192.99    -10.1763    0.312793    5.24713    
1    72    37    -7190.02    -9.7201    0.328181    5.20236    
1    74    38    -7192.95    -9.6184    0.329804    5.19041    
1    75    39    -7189.09    -10.0848    0.313197    5.19246    
1    76    40    -7188.59    -9.9568    0.313872    5.19055    
1    79    41    -7193.36    -14.5726    0.310757    5.18817    
1    80    42    -7193.23    -14.2868    0.30929    5.16813    
1    82    43    -7193.08    -14.2494    0.310994    5.31575    
1    85    44    -7191.14    -13.7041    0.312017    5.21795    
1    87    45    -7190.86    -13.1184    0.305026    5.34723    
1    89    46    -7187.87    -11.8414    0.297585    5.15827    
1    90    47    -7189.62    -11.9442    0.298636    5.09614    
1    92    48    -7192.11    -12.4024    0.299097    5.16788    
1    95    49    -7189.54    -12.0684    0.298212    5.21838    
1    96    50    -7190.81    -12.3774    0.298141    5.1866    
1    98    51    -7182.87    -13.129    0.286919    5.25395    
1    99    52    -7187.43    -14.7009    0.285737    5.14924    
1    100    53    -7189.29    -14.0255    0.290083    5.07449    
