#Task    Step    numberOfAcceptedPeleSteps    currentEnergy    BindingEnergy    sasaLig    distance_A35SG_L1S1    
1    0    0    -6976.9    -0.547171    0.31389    5.59765    
1    1    1    -7129.57    -11.3785    0.322311    5.5333    
1    2    2    -7149.05    -12.5522    0.313237    5.53512    
1    3    3    -7163.54    -12.784    0.321016    5.53788    
1    5    4    -7167.68    -11.9757    0.344167    5.52441    
1    9    5    -7169.91    -15.1064    0.328941    5.66485    
1    12    6    -7170.19    -13.8005    0.323586    5.7055    
1    13    7    -7167.53    -14.5402    0.328361    5.51129    
1    15    8    -7171.36    -13.7947    0.327491    5.66807    
1    16    9    -7175.05    -13.7847    0.326869    5.65066    
1    17    10    -7177.45    -12.3031    0.314682    5.39166    
1    20    11    -7178.28    -12.5261    0.314904    5.37947    
1    22    12    -7179.47    -12.0203    0.312662    5.37204    
1    23    13    -7179.41    -12.7279    0.311837    5.36731    
1    28    14    -7179.67    -11.4674    0.300182    5.06778    
1    29    15    -7181    -11.9386    0.298833    5.17825    
1    31    16    -7181.25    -11.6269    0.300574    5.17778    
1    33    17    -7181.22    -9.92552    0.320454    5.61395    
1    34    18    -7181.49    -10.6299    0.321732    5.63367    
1    36    19    -7182.11    -10.1372    0.318998    5.63193    
1    37    20    -7181.06    -10.3143    0.320214    5.65484    
1    38    21    -7179.9    -8.09599    0.315625    5.62767    
1    39    22    -7185.08    -10.7603    0.32179    5.65035    
1    43    23    -7184.95    -10.9469    0.325298    5.6422    
1    44    24    -7177.19    -9.2932    0.339283    5.6664    
1    48    25    -7171.51    -8.55485    0.322772    5.65642    
1    49    26    -7174.97    -12.7265    0.32099    5.73949    
1    51    27    -7182.73    -12.5445    0.319064    5.74705    
1    54    28    -7185.94    -12.0599    0.322194    5.65808    
1    56    29    -7185.13    -11.1818    0.320813    5.6527    
1    59    30    -7185.67    -12.1883    0.321978    5.65748    
1    61    31    -7178.39    -11.9959    0.319608    5.71424    
1    67    32    -7178.95    -8.83676    0.331663    5.71139    
1    68    33    -7178.93    -8.39146    0.327488    5.69859    
1    70    34    -7180.46    -7.9167    0.32039    5.68596    
1    71    35    -7180.03    -8.47425    0.31738    5.72488    
1    74    36    -7179.96    -8.36227    0.314655    5.71566    
1    80    37    -7179.94    -8.41896    0.315684    5.72427    
1    83    38    -7182.96    -12.1023    0.31927    5.72044    
1    84    39    -7181.64    -11.6168    0.320058    5.69932    
1    85    40    -7181.7    -12.0183    0.323893    5.65658    
1    86    41    -7182.43    -12.265    0.327005    5.79125    
1    91    42    -7182.84    -12.2704    0.331567    5.79324    
1    94    43    -7178.95    -10.1514    0.328811    5.72479    
1    96    44    -7181.69    -10.2416    0.334702    5.5766    
1    99    45    -7181.47    -9.13776    0.338257    5.65467    
