#Task    Step    numberOfAcceptedPeleSteps    currentEnergy    BindingEnergy    sasaLig    distance_A35SG_L1S1    
1    0    0    -6976.9    -0.547171    0.31389    5.59765    
1    1    1    -7145.96    -12.4312    0.315903    5.51678    
1    2    2    -7158.67    -10.7804    0.309411    5.59193    
1    3    3    -7159.16    -10.5352    0.312218    5.63029    
1    4    4    -7165.36    -10.7226    0.311387    5.63863    
1    8    5    -7166.11    -11.4768    0.306292    5.56    
1    10    6    -7165.2    -11.7852    0.310997    5.5527    
1    11    7    -7168    -8.60461    0.344912    5.52763    
1    12    8    -7170.68    -9.55262    0.343602    5.51836    
1    13    9    -7171.61    -11.8594    0.357278    5.48988    
1    15    10    -7168.69    -8.37099    0.349927    5.58689    
1    16    11    -7168.77    -7.49774    0.347982    5.50552    
1    18    12    -7172.81    -9.80445    0.352616    5.47577    
1    19    13    -7175.6    -11.121    0.35575    5.71949    
1    20    14    -7174.41    -10.4951    0.3542    5.76634    
1    22    15    -7174.36    -9.8579    0.353983    5.76182    
1    24    16    -7174.86    -10.0071    0.351825    5.79082    
1    25    17    -7171.45    -9.00027    0.366133    5.78077    
1    26    18    -7163.98    -8.12751    0.363991    5.79921    
1    27    19    -7174.07    -8.32962    0.381861    5.76061    
1    32    20    -7174.51    -9.52688    0.379434    5.83042    
1    34    21    -7170.42    -10.3752    0.36157    5.6886    
1    35    22    -7177.6    -10.3146    0.366867    5.72542    
1    36    23    -7175.81    -9.10656    0.3796    5.72225    
1    38    24    -7175.78    -9.03363    0.3809    5.85444    
1    40    25    -7179.84    -9.3065    0.382304    5.83124    
1    48    26    -7176.65    -10.3664    0.384903    5.77791    
1    49    27    -7178.66    -9.95378    0.369561    5.78668    
1    54    28    -7173.55    -10.7222    0.37385    5.82696    
1    56    29    -7173.25    -9.96183    0.374277    5.79972    
1    57    30    -7173.6    -9.06436    0.374883    5.84335    
1    58    31    -7172.38    -8.44019    0.380084    5.50271    
1    60    32    -7177.15    -8.30664    0.380131    5.55886    
1    63    33    -7176.16    -9.67368    0.373348    5.67721    
1    64    34    -7178.96    -9.45981    0.373256    5.70567    
1    66    35    -7174.02    -8.48169    0.374489    5.30304    
1    67    36    -7179.01    -11.1181    0.369471    5.60655    
1    68    37    -7181.47    -10.4423    0.36635    5.74488    
1    71    38    -7181.24    -9.82981    0.370697    5.72088    
1    72    39    -7181.96    -10.3552    0.368088    5.76064    
1    74    40    -7182.2    -10.2721    0.368478    5.77276    
1    75    41    -7180.86    -9.91768    0.366168    5.77402    
1    76    42    -7180.46    -10.489    0.368278    5.79087    
1    79    43    -7180.22    -10.3378    0.368724    5.77734    
1    80    44    -7176.77    -8.36825    0.361262    5.78696    
1    81    45    -7179.71    -9.33167    0.362334    5.75676    
1    82    46    -7180.05    -9.7225    0.365515    5.76949    
1    83    47    -7181.1    -9.47627    0.369513    5.76795    
1    85    48    -7177.37    -9.6872    0.364744    5.78938    
1    86    49    -7181.19    -9.93687    0.364246    5.78511    
1    87    50    -7181.3    -10.3396    0.365606    5.79927    
1    88    51    -7181.76    -10.4107    0.362883    5.79201    
1    91    52    -7179.91    -8.8248    0.365441    5.76329    
1    93    53    -7178.91    -9.29008    0.360428    5.78331    
1    94    54    -7177.29    -9.89801    0.363066    5.79381    
1    95    55    -7179.8    -8.75035    0.378913    5.7876    
1    97    56    -7180.42    -9.97407    0.374806    5.78226    
1    99    57    -7180.47    -10.3022    0.372093    5.80446    
1    100    58    -7182.77    -10.2289    0.374458    5.78327    
