#Task    Step    numberOfAcceptedPeleSteps    currentEnergy    BindingEnergy    sasaLig    distance_A35SG_L1S1    
1    0    0    -6976.9    -0.547171    0.31389    5.59765    
1    1    1    -7115.35    -10.4446    0.317834    6.56192    
1    2    2    -7131.62    -11.8273    0.349224    6.42451    
1    3    3    -7146.72    -12.4046    0.315234    6.21803    
1    4    4    -7149.18    -7.36475    0.307229    6.12131    
1    5    5    -7150.9    -12.0465    0.315135    6.15402    
1    6    6    -7154.81    -11.9098    0.318728    6.15959    
1    7    7    -7170.29    -13.8672    0.317042    6.11538    
1    10    8    -7168.94    -13.046    0.316435    6.09537    
1    11    9    -7174.1    -15.7903    0.318025    6.20148    
1    12    10    -7177.52    -15.4779    0.312698    6.18854    
1    22    11    -7175.51    -13.1981    0.329462    6.09134    
1    23    12    -7176.54    -12.9963    0.322339    6.1138    
1    26    13    -7175.85    -12.0042    0.316522    6.10591    
1    28    14    -7175.1    -11.4966    0.307897    6.09637    
1    29    15    -7174.05    -13.9985    0.308037    6.10841    
1    30    16    -7174.21    -13.3366    0.308719    6.08981    
1    31    17    -7178.32    -15.5473    0.308812    6.12069    
1    34    18    -7177.03    -15.3627    0.307051    6.13176    
1    35    19    -7179.42    -15.8825    0.30824    6.11721    
1    38    20    -7178.97    -15.2199    0.306392    6.13013    
1    39    21    -7179.78    -15.2678    0.308141    6.14486    
1    44    22    -7178.31    -14.5108    0.30696    6.12547    
1    46    23    -7177.26    -14.4776    0.309066    6.15585    
1    47    24    -7176.59    -13.6216    0.307752    6.15081    
1    48    25    -7177.55    -13.2645    0.307356    6.17472    
1    50    26    -7179.31    -14.1314    0.307466    6.10073    
1    53    27    -7178.07    -14.0819    0.342239    6.1672    
1    54    28    -7179.5    -14.8257    0.339009    6.16218    
1    57    29    -7179.56    -14.1947    0.34371    6.22312    
1    59    30    -7179.63    -14.2361    0.340932    6.2631    
1    60    31    -7179.89    -14.0024    0.340405    6.24052    
1    65    32    -7181.16    -14.7414    0.341072    6.2551    
1    66    33    -7183.68    -14.476    0.342044    6.24827    
1    67    34    -7183.33    -14.194    0.341968    6.22827    
1    69    35    -7184.76    -14.69    0.343257    6.25268    
1    72    36    -7183.88    -14.0274    0.342606    6.24336    
1    74    37    -7183.03    -13.6702    0.342794    6.24426    
1    75    38    -7185.42    -14.1649    0.342042    6.21242    
1    78    39    -7184.33    -14.0447    0.3394    6.21632    
1    80    40    -7184.77    -13.7887    0.342847    6.23289    
1    81    41    -7182.91    -15.5998    0.349984    6.22191    
1    83    42    -7184.14    -14.5387    0.345939    6.27168    
1    84    43    -7185.48    -14.8126    0.342928    6.24416    
1    86    44    -7185.99    -14.6108    0.34341    6.24624    
1    87    45    -7186.73    -14.9749    0.344451    6.24073    
1    89    46    -7183.41    -14.9078    0.345669    6.22882    
1    90    47    -7183.41    -15.2818    0.34445    6.22388    
1    91    48    -7184.61    -15.1006    0.344859    6.21907    
1    95    49    -7184.88    -15.3259    0.344403    6.23017    
1    99    50    -7184.64    -14.9855    0.342887    6.23314    
