#Task    Step    numberOfAcceptedPeleSteps    currentEnergy    BindingEnergy    sasaLig    distance_A35SG_L1S1    
1    0    0    -6976.9    -0.547171    0.31389    5.59765    
1    1    1    -7125.25    -8.09174    0.318892    5.52698    
1    2    2    -7156.09    -11.0217    0.306237    5.51989    
1    3    3    -7161.43    -11.353    0.31067    5.52697    
1    5    4    -7159.26    -10.0439    0.3069    5.48055    
1    7    5    -7159.53    -8.30629    0.306315    5.49424    
1    8    6    -7161.98    -10.8306    0.301712    5.38726    
1    9    7    -7162.8    -9.28561    0.301979    5.38063    
1    11    8    -7159.54    -8.52564    0.300145    5.33129    
1    13    9    -7159.22    -6.93652    0.297736    5.26236    
1    14    10    -7162.56    -9.95105    0.29716    5.13775    
1    16    11    -7165.59    -9.95334    0.300748    5.12052    
1    17    12    -7170.73    -9.68954    0.301235    5.09799    
1    18    13    -7168.43    -5.80261    0.315239    5.09827    
1    19    14    -7171.75    -13.5855    0.291675    5.08619    
1    20    15    -7174.78    -9.69487    0.305332    5.09762    
1    21    16    -7177.25    -10.3478    0.302937    5.09161    
1    22    17    -7177.55    -9.89578    0.298749    5.07369    
1    23    18    -7176.09    -11.0698    0.30192    5.06093    
1    27    19    -7174.28    -14.3249    0.295844    5.08187    
1    30    20    -7174.54    -14.9179    0.292005    5.07256    
1    32    21    -7175.62    -15.677    0.290812    5.0904    
1    33    22    -7179.37    -16.06    0.307449    5.08998    
1    35    23    -7175.96    -13.1713    0.311405    5.08045    
1    36    24    -7177.31    -12.3724    0.312687    5.12128    
1    38    25    -7177.88    -12.3194    0.311973    5.17265    
1    40    26    -7176.63    -11.7498    0.31054    5.18655    
1    41    27    -7165.4    -13.9557    0.318963    5.14085    
1    42    28    -7176.73    -13.1065    0.316715    5.18385    
1    43    29    -7177.43    -12.2224    0.315536    5.21738    
1    46    30    -7179.19    -12.9027    0.314018    5.20212    
1    48    31    -7177.05    -11.3098    0.31228    5.20321    
1    49    32    -7176.52    -11.8568    0.314461    5.24055    
1    50    33    -7178.03    -12.5711    0.312696    5.25833    
1    51    34    -7178.82    -12.8669    0.318088    5.23281    
1    54    35    -7179.1    -12.3778    0.31566    5.22145    
1    55    36    -7180.62    -12.7548    0.317197    5.22726    
1    58    37    -7181.9    -13.762    0.316272    5.2191    
1    60    38    -7181.67    -13.7175    0.314957    5.21752    
1    63    39    -7181.59    -14.6556    0.322814    5.20591    
1    65    40    -7179.43    -14.2092    0.321672    5.21912    
1    66    41    -7179.12    -13.4765    0.293625    5.23016    
1    68    42    -7180.78    -12.607    0.291802    5.25937    
1    70    43    -7178.96    -13.3033    0.286737    5.29758    
1    71    44    -7175.61    -9.00445    0.313822    5.32917    
1    73    45    -7176.29    -12.8135    0.302445    5.37307    
1    75    46    -7175.53    -10.3564    0.308108    5.28464    
1    78    47    -7175.14    -11.8031    0.316275    5.41206    
1    79    48    -7178.63    -6.15898    0.315443    5.43444    
1    82    49    -7180.72    -6.76673    0.312275    5.36855    
1    88    50    -7179.44    -6.87734    0.310287    5.34875    
1    91    51    -7179.8    -11.5939    0.316498    5.21391    
1    92    52    -7179.46    -11.5139    0.314115    5.19005    
1    93    53    -7180.09    -10.2224    0.312283    5.20744    
1    94    54    -7182.06    -10.7095    0.308866    5.23064    
1    95    55    -7178.57    -10.3546    0.309185    5.21866    
1    96    56    -7180.46    -11.1217    0.310968    5.21084    
1    98    57    -7176.51    -13.3702    0.291043    5.25157    
1    99    58    -7180.81    -13.4549    0.299048    5.32963    
