#Task    Step    numberOfAcceptedPeleSteps    currentEnergy    BindingEnergy    sasaLig    distance_A35SG_L1S1    
1    0    0    -6976.9    -0.547171    0.31389    5.59765    
1    1    1    -7122.18    -7.32029    0.32099    6.50643    
1    2    2    -7153.97    -11.6905    0.319626    6.41016    
1    3    3    -7159.67    -12.4926    0.321588    6.34217    
1    5    4    -7158.45    -12.8305    0.32473    6.32124    
1    6    5    -7158.4    -11.3711    0.323116    6.33355    
1    8    6    -7161.67    -12.2833    0.322983    6.32363    
1    9    7    -7163.44    -12.5761    0.325845    6.34201    
1    12    8    -7164.73    -12.6569    0.325389    6.32717    
1    13    9    -7162.48    -16.1102    0.3106    6.33743    
1    14    10    -7167.97    -17.3651    0.307464    6.31311    
1    15    11    -7169.82    -17.8616    0.306687    6.36156    
1    17    12    -7168.22    -16.8641    0.30352    6.37359    
1    18    13    -7172.04    -17.6954    0.306528    6.39754    
1    19    14    -7175.92    -15.791    0.303696    6.33079    
1    20    15    -7171.06    -13.5027    0.296262    6.28126    
1    21    16    -7165.65    -14.2584    0.298308    6.33766    
1    22    17    -7170.89    -13.0141    0.293754    6.30252    
1    23    18    -7168.28    -12.7262    0.315387    6.39808    
1    24    19    -7171.62    -10.2041    0.31289    6.35255    
1    25    20    -7172.76    -13.8611    0.305737    6.32194    
1    27    21    -7180.55    -15.8569    0.304761    6.32062    
1    28    22    -7182.87    -15.8407    0.300761    6.28862    
1    29    23    -7182.8    -15.8107    0.299012    6.3051    
1    31    24    -7182.96    -15.1723    0.294033    6.29817    
1    32    25    -7184.95    -15.5169    0.292063    6.27075    
1    36    26    -7188.4    -15.5327    0.291933    6.24899    
1    38    27    -7188.18    -14.915    0.293149    6.22813    
1    39    28    -7188.67    -15.2508    0.295157    6.25929    
1    40    29    -7188.05    -14.6996    0.294176    6.24822    
1    44    30    -7188.49    -15.2112    0.294292    6.25768    
1    46    31    -7189.52    -15.7905    0.293937    6.25357    
1    47    32    -7188.43    -13.6444    0.298406    6.25968    
1    48    33    -7187.07    -12.9033    0.288499    6.20387    
1    54    34    -7187.2    -15.6206    0.295946    6.26465    
1    56    35    -7187.4    -14.7932    0.291401    6.23395    
1    57    36    -7183.38    -15.3314    0.290831    6.25023    
1    58    37    -7184.49    -15.3185    0.28893    6.232    
1    60    38    -7184.72    -15.2612    0.289235    6.22566    
1    62    39    -7180.01    -14.1998    0.292372    6.24204    
1    63    40    -7176.21    -5.81339    0.290738    6.30175    
1    65    41    -7180.75    -13.0441    0.291569    6.28484    
1    66    42    -7184.63    -13.4137    0.293729    6.27444    
1    68    43    -7184.94    -14.6254    0.293736    6.27205    
1    72    44    -7187.78    -14.5324    0.294314    6.24692    
1    73    45    -7185.59    -14.1987    0.290466    6.23897    
1    75    46    -7182.55    -14.7019    0.288462    6.2437    
1    76    47    -7187.5    -15.1529    0.287507    6.15159    
1    77    48    -7182.75    -13.9418    0.29107    6.21599    
1    78    49    -7189.31    -13.5434    0.28906    6.19454    
1    79    50    -7189.92    -13.5711    0.292287    6.23921    
1    81    51    -7188.27    -14.3643    0.290509    6.20425    
1    82    52    -7188.59    -13.3564    0.289962    6.19099    
1    93    53    -7183.93    -14.4768    0.289489    6.22033    
1    96    54    -7187.26    -14.3042    0.28923    6.19013    
1    98    55    -7187.62    -14.054    0.288551    6.16237    
