#Task    Step    numberOfAcceptedPeleSteps    currentEnergy    BindingEnergy    sasaLig    distance_A35SG_L1S1    
1    0    0    -6976.9    -0.547171    0.31389    5.59765    
1    1    1    -7132.15    -10.9479    0.314183    5.51004    
1    2    2    -7145.54    -11.01    0.311988    5.4807    
1    4    3    -7158.04    -12.1149    0.313525    5.54874    
1    7    4    -7162.48    -10.6739    0.319174    5.57058    
1    8    5    -7161.5    -10.6318    0.317137    5.45538    
1    9    6    -7165.64    -12.5328    0.316427    5.49063    
1    10    7    -7166.63    -11.1855    0.314686    5.50644    
1    11    8    -7164.45    -11.0843    0.328338    5.49934    
1    12    9    -7164.44    -10.0588    0.313779    5.4951    
1    13    10    -7172.18    -11.4087    0.32297    5.50268    
1    16    11    -7171.48    -8.97732    0.321991    5.47107    
1    19    12    -7170.04    -9.78811    0.314372    5.41551    
1    21    13    -7168.76    -8.17934    0.315282    5.38375    
1    23    14    -7174.9    -9.20448    0.312186    5.35043    
1    27    15    -7175.46    -10.2366    0.310405    5.36518    
1    32    16    -7175.15    -9.95985    0.311181    5.36409    
1    35    17    -7174.22    -10.0504    0.319624    5.35845    
1    38    18    -7162.69    -8.55532    0.335344    5.36845    
1    39    19    -7164.97    -8.51386    0.303353    5.57492    
1    41    20    -7173.18    -10.2476    0.311705    5.60501    
1    47    21    -7176.4    -11.1702    0.311944    5.55642    
1    53    22    -7177.31    -11.5082    0.319803    5.58887    
1    56    23    -7175.2    -11.3336    0.315187    5.57592    
1    57    24    -7175.79    -10.9946    0.326099    5.59586    
1    59    25    -7176.44    -11.6343    0.32021    5.51909    
1    60    26    -7177.69    -10.9558    0.319294    5.55712    
1    61    27    -7176.33    -11.0596    0.324097    5.59082    
1    62    28    -7175.68    -9.03861    0.342736    5.62601    
1    63    29    -7181.33    -11.0046    0.327171    5.6281    
1    67    30    -7180.91    -9.95577    0.332459    5.60095    
1    70    31    -7175.82    -8.42649    0.323402    5.60201    
1    71    32    -7181.63    -10.4121    0.32628    5.58812    
1    74    33    -7183.38    -10.5552    0.324416    5.61916    
1    75    34    -7183.13    -10.1099    0.330305    5.5849    
1    78    35    -7182.9    -9.98682    0.328764    5.58532    
1    79    36    -7179.62    -10.6692    0.327186    5.58832    
1    82    37    -7179.52    -9.74498    0.324818    5.59428    
1    85    38    -7176.55    -9.86449    0.323138    5.62795    
1    87    39    -7175.98    -8.8957    0.325192    5.63464    
1    90    40    -7178.92    -10.551    0.32345    5.62649    
1    99    41    -7179    -9.50437    0.326118    5.63203    
