#Task    Step    numberOfAcceptedPeleSteps    currentEnergy    BindingEnergy    sasaLig    distance_A35SG_L1S1    
1    0    0    -6976.9    -0.547171    0.31389    5.59765    
1    1    1    -7117.29    -8.56206    0.310521    6.76134    
1    2    2    -7158.45    -12.4547    0.303697    6.67008    
1    3    3    -7169.62    -13.6602    0.311474    6.70318    
1    4    4    -7175.81    -14.0255    0.308057    6.71279    
1    6    5    -7173.62    -11.5076    0.339064    6.69452    
1    7    6    -7177.05    -14.1615    0.312976    6.7172    
1    8    7    -7177.94    -12.2048    0.31504    6.80526    
1    11    8    -7177.23    -14.0007    0.324383    6.7605    
1    12    9    -7176.57    -15.8763    0.310327    5.88586    
1    13    10    -7173.42    -15.6091    0.301733    5.81819    
1    15    11    -7177.21    -15.1631    0.301725    5.82301    
1    17    12    -7172.6    -14.9905    0.295466    5.81122    
1    18    13    -7179.35    -16.6199    0.294836    5.82095    
1    21    14    -7176.51    -16.789    0.293728    5.82656    
1    28    15    -7179.4    -16.8274    0.292111    5.80306    
1    30    16    -7179.52    -17.2397    0.303381    5.73968    
1    38    17    -7179.87    -16.3749    0.304105    5.75778    
1    43    18    -7176.94    -15.8255    0.290394    5.76164    
1    45    19    -7181.75    -17.2874    0.293317    5.78386    
1    46    20    -7181.95    -17.3104    0.293101    5.72236    
1    47    21    -7181.77    -16.7699    0.292175    5.75784    
1    48    22    -7175.55    -17.4548    0.29686    5.70026    
1    49    23    -7180.79    -15.6826    0.291352    5.81497    
1    50    24    -7181.28    -16.0395    0.289804    5.82847    
1    53    25    -7181.95    -16.0821    0.288361    5.82892    
1    57    26    -7181.74    -13.7627    0.283438    5.85298    
1    58    27    -7185.05    -15.5027    0.288488    5.84307    
1    59    28    -7185.85    -16.1076    0.2897    5.84676    
1    61    29    -7181.16    -15.3898    0.288264    5.83856    
1    63    30    -7180.65    -14.8521    0.294189    5.88294    
1    64    31    -7180.32    -14.7267    0.291607    5.88335    
1    65    32    -7180.83    -12.2094    0.339214    5.80459    
1    67    33    -7186.48    -11.7126    0.344782    5.84001    
1    68    34    -7187.52    -10.6285    0.343166    5.836    
1    69    35    -7186.69    -11.9868    0.348182    5.75095    
1    70    36    -7185.91    -9.59714    0.342806    5.7757    
1    72    37    -7191.34    -11.9721    0.341712    5.74379    
1    73    38    -7189.49    -12.6308    0.346329    5.72961    
1    75    39    -7188.51    -11.4078    0.341098    5.70681    
1    76    40    -7193.94    -11.7176    0.343041    5.72616    
1    77    41    -7191.95    -12.2093    0.3493    5.708    
1    78    42    -7194.66    -12.5907    0.349181    5.7079    
1    80    43    -7193.35    -12.3183    0.348332    5.68332    
1    81    44    -7193.96    -12.4656    0.344341    5.70343    
1    82    45    -7188.04    -12.5237    0.346678    5.6968    
1    83    46    -7187.29    -11.4405    0.346641    5.70388    
1    85    47    -7188.17    -12.3038    0.348519    5.6893    
1    90    48    -7188.46    -11.8022    0.344852    5.65608    
1    91    49    -7188.44    -11.4839    0.346234    5.67682    
1    92    50    -7188.28    -10.4237    0.342477    5.67043    
1    95    51    -7187.93    -11.366    0.34412    5.68222    
1    96    52    -7187.83    -11.3233    0.340511    5.6778    
1    97    53    -7189.49    -12.0075    0.340089    5.70117    
1    99    54    -7189.82    -12.3681    0.341113    5.70438    
