#Task    Step    numberOfAcceptedPeleSteps    currentEnergy    BindingEnergy    sasaLig    distance_A35SG_L1S1    
1    0    0    -6976.9    -0.547171    0.31389    5.59765    
1    1    1    -7142.57    -12.3385    0.314093    5.557    
1    2    2    -7151.83    -11.8518    0.302377    5.49359    
1    3    3    -7159.52    -14.8467    0.313284    5.54902    
1    4    4    -7164.36    -14.585    0.310602    5.43193    
1    6    5    -7164.12    -13.3327    0.308813    5.46964    
1    7    6    -7169.53    -14.9241    0.31128    5.42337    
1    9    7    -7171.75    -15.1551    0.312915    5.44289    
1    12    8    -7171.87    -15.5613    0.310862    5.43226    
1    15    9    -7174.38    -14.313    0.311516    5.42632    
1    16    10    -7166.34    -13.6195    0.330079    5.2721    
1    17    11    -7174.67    -17.0092    0.325897    5.17754    
1    20    12    -7174.53    -16.2059    0.321457    5.16885    
1    21    13    -7175.99    -16.4425    0.325191    5.20273    
1    23    14    -7178.78    -17.4354    0.32245    5.19632    
1    27    15    -7174.49    -16.3885    0.315883    5.26856    
1    28    16    -7169.01    -15.0519    0.334569    6.16272    
1    29    17    -7175.79    -15.8686    0.326536    6.1249    
1    30    18    -7175.85    -15.5912    0.323487    6.1381    
1    32    19    -7176.14    -15.5637    0.323838    6.12544    
1    33    20    -7177.96    -15.9793    0.324468    6.09763    
1    34    21    -7182    -16.0847    0.324547    6.08572    
1    38    22    -7181.73    -15.7524    0.322744    6.07536    
1    39    23    -7185.58    -15.988    0.322333    6.07491    
1    40    24    -7185.15    -15.2515    0.320343    6.07697    
1    41    25    -7185.18    -15.0857    0.317631    6.1042    
1    42    26    -7183.93    -14.5052    0.317503    6.09789    
1    45    27    -7178.61    -17.5004    0.297632    6.0943    
1    46    28    -7175.16    -18.6745    0.294355    6.13715    
1    47    29    -7182.91    -14.9115    0.311824    6.11901    
1    51    30    -7177.92    -15.7146    0.299663    6.08146    
1    53    31    -7175.17    -18.0247    0.302495    6.07019    
1    54    32    -7181.66    -17.5904    0.30234    6.1049    
1    56    33    -7179.36    -15.9429    0.296294    6.10812    
1    58    34    -7177.15    -17.6321    0.299657    6.16145    
1    65    35    -7182.8    -17.2683    0.30545    5.23393    
1    68    36    -7182.43    -17.9478    0.297147    5.28468    
1    70    37    -7186.04    -17.1254    0.298313    5.34053    
1    75    38    -7187.1    -17.1872    0.297264    5.32327    
1    76    39    -7187.89    -17.4886    0.296064    5.35848    
1    78    40    -7187.42    -16.7215    0.296385    5.3534    
1    83    41    -7187.74    -16.9981    0.297059    5.36163    
1    87    42    -7187.27    -17.5538    0.300432    5.35672    
1    94    43    -7186.79    -16.6367    0.297147    5.35114    
1    97    44    -7185.59    -17.2171    0.292611    5.32668    
1    98    45    -7188.1    -17.7937    0.292793    5.3436    
1    99    46    -7185.31    -17.1405    0.287543    5.3379    
1    100    47    -7186.94    -16.8001    0.290674    5.34082    
